1648646618.935205916,0,0.001000
1648646618.959900951,0,0.001000
1648646618.982693622,0,0.001000
1648646619.005360968,0,0.001000
1648646619.026690822,0,0.001000
1648646619.047648619,0,0.001000
1648646619.069283057,0,0.001000
1648646619.091375943,0,0.001000
1648646619.112249652,0,0.001000
1648646619.134101450,0,0.001000
1648646619.157101931,0,0.001000
1648646619.178687553,0,0.001000
1648646619.201406243,0,0.001000
1648646619.222836375,0,0.001000
1648646619.245539191,0,0.001000
1648646619.267538449,0,0.001000
1648646619.288954641,0,0.001000
1648646619.311500364,0,0.001000
1648646619.334946325,0,0.001000
1648646619.356068812,0,0.001000
1648646619.378808294,0,0.001000
1648646619.401459126,0,0.001000
1648646619.423822563,0,0.000000
1648646619.445826438,0,0.000000
1648646619.466823478,0,0.000000
1648646619.489708590,0,0.000000
1648646619.513627855,0,0.003000
1648646619.535183217,0,0.000000
1648646619.558370139,0,0.000000
1648646619.579444288,0,0.000000
1648646619.602688528,0,0.000000
1648646619.623698315,0,0.000000
1648646619.646113562,0,0.000000
1648646619.669188537,0,0.000000
1648646619.689984958,0,0.000000
1648646619.712064593,0,0.000000
1648646619.735036144,0,0.000000
1648646619.758868543,0,0.000000
1648646619.782721071,0,0.001000
1648646619.804977401,0,0.000000
1648646619.827490505,0,0.000000
1648646619.850140031,0,0.000000
1648646619.872710284,0,0.001000
1648646619.894261317,0,0.000000
1648646619.915601351,0,0.000000
1648646619.937247969,0,0.000000
1648646619.959964181,0,0.000000
1648646619.984331700,0,0.002000
1648646620.006321623,2,0.000000
1648646620.029938374,0,0.000000
1648646620.052666226,0,0.000000
1648646620.075106319,0,0.006000
1648646620.097647399,0,0.000000
1648646620.120175160,0,0.000000
1648646620.143585224,0,0.000000
1648646620.165927362,0,0.000000
1648646620.187603036,0,0.000000
1648646620.210162383,0,0.003000
1648646620.230869687,0,0.000000
1648646620.254238251,0,0.000000
1648646620.276884973,0,0.000000
1648646620.299240067,0,0.000000
1648646620.323256620,0,0.000000
1648646620.345369929,0,0.000000
1648646620.368535548,0,0.000000
1648646620.390882386,0,0.000000
1648646620.413558700,0,0.000000
1648646620.434264390,0,0.000000
1648646620.458374614,0,0.000000
1648646620.480345007,0,0.000000
1648646620.502687202,0,0.000000
1648646620.525385805,0,0.000000
1648646620.546825343,0,0.000000
1648646620.568942492,0,0.000000
1648646620.591422821,1,0.000000
1648646620.614474111,0,0.003000
1648646620.637645842,1,0.006000
1648646620.658693414,1,0.000000
1648646620.681464924,0,0.000000
1648646620.703737427,0,0.000000
1648646620.726327415,0,0.000000
1648646620.749606261,0,0.000000
1648646620.772362725,0,0.000000
1648646620.795002763,0,0.000000
1648646620.818010829,0,0.002000
1648646620.839004834,0,0.000000
1648646620.859364382,0,0.000000
1648646620.882349823,0,0.000000
1648646620.905174460,0,0.000000
1648646620.927012404,0,0.000000
1648646620.950204789,0,0.000000
1648646620.972251188,0,0.000000
1648646620.995266176,0,0.000000
1648646621.017981169,0,0.000000
1648646621.040759981,0,0.000000
1648646621.063350306,0,0.000000
1648646621.087069230,0,0.000000
1648646621.108110297,0,0.000000
1648646621.131197359,0,0.000000
1648646621.153640162,0,0.005000
1648646621.176492459,0,0.000000
1648646621.199995417,0,0.000000
1648646621.222414001,1,0.000000
1648646621.243083778,0,0.001000
1648646621.266294108,0,0.000000
1648646621.290872663,0,0.000000
1648646621.313499464,0,0.015000
1648646621.336354848,0,0.000000
1648646621.360791424,0,0.000000
1648646621.381088622,0,0.000000
1648646621.402666718,0,0.000000
1648646621.425724727,0,0.000000
1648646621.448636199,0,0.000000
1648646621.469892845,0,0.000000
1648646621.491335225,0,0.000000
1648646621.514769393,0,0.000000
1648646621.535240006,0,0.000000
1648646621.557189211,0,0.000000
1648646621.579937615,0,0.000000
1648646621.602406781,0,0.000000
1648646621.625814295,0,0.000000
1648646621.647009135,0,0.000000
1648646621.670192678,0,0.000000
1648646621.692458432,0,0.000000
1648646621.715059182,0,0.001000
1648646621.736131133,0,0.000000
1648646621.757642013,0,0.000000
1648646621.779855157,0,0.000000
1648646621.801762326,0,0.000000
1648646621.825551249,0,0.000000
1648646621.848093127,1,0.000000
1648646621.870161482,0,0.000000
1648646621.893197801,0,0.000000
1648646621.917026884,0,0.000000
1648646621.938372197,0,0.000000
1648646621.961169920,1,0.000000
1648646621.984771754,0,0.001000
1648646622.007112912,0,0.006000
1648646622.028447148,0,0.000000
1648646622.051243820,0,0.000000
1648646622.074009035,0,0.001000
1648646622.098176070,0,0.000000
1648646622.120540808,0,0.000000
1648646622.142397756,0,0.000000
1648646622.164876540,0,0.003000
1648646622.187932623,0,0.000000
1648646622.211353595,0,0.000000
1648646622.233324159,0,0.000000
1648646622.254848278,0,0.000000
1648646622.276808880,0,0.000000
1648646622.297436168,0,0.000000
1648646622.320287327,0,0.000000
1648646622.341575940,0,0.000000
1648646622.363058097,0,0.000000
1648646622.384452277,0,0.000000
1648646622.408436047,0,0.000000
1648646622.432042953,0,0.000000
1648646622.455306661,0,0.000000
1648646622.478941707,0,0.015000
1648646622.500640110,0,0.000000
1648646622.523472874,0,0.006000
1648646622.546432955,0,0.003000
1648646622.568509686,0,0.000000
1648646622.591140918,0,0.000000
1648646622.614849716,0,0.000000
1648646622.635713134,0,0.001000
1648646622.657764841,0,0.000000
1648646622.680812538,0,0.000000
1648646622.704166566,0,0.000000
1648646622.727322280,0,0.004000
1648646622.750535335,2,0.000000
1648646622.773732658,0,0.002000
1648646622.795989209,0,0.000000
1648646622.819107441,0,0.000000
1648646622.842048889,0,0.000000
1648646622.863213294,0,0.000000
1648646622.885650202,0,0.003000
1648646622.908098497,0,0.000000
1648646622.931283549,0,0.000000
1648646622.954977864,0,0.001000
1648646622.978159278,0,0.000000
1648646623.000633926,0,0.000000
1648646623.022501502,0,0.000000
1648646623.045268414,0,0.000000
1648646623.066354178,0,0.000000
1648646623.088555992,0,0.001000
1648646623.111426266,0,0.006000
1648646623.134681087,1,0.000000
1648646623.158350233,0,0.000000
1648646623.181194932,0,0.000000
1648646623.204718329,0,0.000000
1648646623.226488393,1,0.000000
1648646623.248824455,0,0.000000
1648646623.270963645,0,0.000000
1648646623.294265024,0,0.000000
1648646623.317950291,0,0.000000
1648646623.339897294,0,0.000000
1648646623.363431970,0,0.001000
1648646623.385484870,0,0.000000
1648646623.407139896,0,0.000000
1648646623.429984133,0,0.000000
1648646623.453684385,0,0.000000
1648646623.476793056,0,0.000000
1648646623.500156399,0,0.000000
1648646623.522337437,0,0.000000
1648646623.544153835,0,0.000000
1648646623.567264260,0,0.000000
1648646623.590623394,0,0.000000
1648646623.615771798,0,0.000000
1648646623.637119240,1,0.006000
1648646623.657563200,0,0.000000
1648646623.681533508,0,0.003000
1648646623.705087409,0,0.000000
1648646623.726927243,0,0.000000
1648646623.749824015,0,0.000000
1648646623.773110050,0,0.001000
1648646623.795469993,1,0.010000
1648646623.818529486,0,0.000000
1648646623.841862081,0,0.000000
1648646623.864791643,0,0.008000
1648646623.886683000,0,0.000000
1648646623.909296335,0,0.000000
1648646623.932150071,0,0.000000
1648646623.953153465,0,0.000000
1648646623.976045616,0,0.000000
1648646623.999958573,0,0.000000
1648646624.023219375,0,0.000000
1648646624.047442234,0,0.000000
1648646624.068562621,0,0.000000
1648646624.090806196,0,0.000000
1648646624.112102755,0,0.000000
1648646624.134980300,0,0.000000
1648646624.157070110,0,0.000000
1648646624.178698584,0,0.000000
1648646624.201563949,0,0.000000
1648646624.223342997,0,0.000000
1648646624.246092765,0,0.000000
1648646624.269314855,0,0.000000
1648646624.292352973,0,0.000000
1648646624.315543856,0,0.000000
1648646624.339192615,0,0.008000
1648646624.361363855,0,0.000000
1648646624.381723659,0,0.000000
1648646624.404925134,0,0.000000
1648646624.427629393,0,0.000000
1648646624.449901975,0,0.000000
1648646624.471921053,0,0.000000
1648646624.493338423,0,0.000000
1648646624.514845078,0,0.000000
1648646624.538103286,0,0.000000
1648646624.560233263,0,0.000000
1648646624.583945212,0,0.001000
1648646624.606948526,0,0.000000
1648646624.631199067,0,0.000000
1648646624.653896405,0,0.000000
1648646624.676457591,0,0.000000
1648646624.699256931,0,0.000000
1648646624.722147063,0,0.000000
1648646624.743424356,0,0.000000
1648646624.764894439,0,0.000000
1648646624.787763463,0,0.000000
1648646624.811699717,0,0.000000
1648646624.835305048,0,0.000000
1648646624.858653289,0,0.000000
1648646624.881607502,0,0.000000
1648646624.905387074,0,0.000000
1648646624.928934170,0,0.000000
1648646624.951505596,0,0.004000
1648646624.975127903,0,0.000000
1648646624.997255257,0,0.000000
1648646625.018144770,0,0.000000
1648646625.040811591,0,0.000000
1648646625.062582380,0,0.000000
1648646625.085190551,0,0.000000
1648646625.108419652,0,0.000000
1648646625.129876052,0,0.000000
1648646625.149665316,0,0.000000
1648646625.172274489,0,0.000000
1648646625.193558985,0,0.000000
1648646625.216603538,0,0.000000
1648646625.239169050,0,0.006000
1648646625.261823217,0,0.000000
1648646625.284140512,0,0.008000
1648646625.306720661,0,0.005000
1648646625.328977813,0,0.003000
1648646625.350372649,0,0.000000
1648646625.373939425,0,0.000000
1648646625.395713403,0,0.007000
1648646625.418851012,0,0.001000
1648646625.442082154,0,0.000000
1648646625.464310481,0,0.000000
1648646625.488112857,0,0.000000
1648646625.510682960,0,0.000000
1648646625.533439549,0,0.000000
1648646625.556303878,0,0.000000
1648646625.579608661,0,0.000000
1648646625.602902164,0,0.000000
1648646625.624391512,0,0.000000
1648646625.645553391,0,0.000000
1648646625.668458844,0,0.000000
1648646625.691505644,0,0.000000
1648646625.711167622,0,0.000000
1648646625.733397875,0,0.000000
1648646625.755432093,0,0.000000
1648646625.778379222,0,0.000000
1648646625.800191981,0,0.001000
1648646625.824965553,0,0.000000
1648646625.846586893,0,0.000000
1648646625.869425198,0,0.000000
1648646625.893032940,0,0.000000
1648646625.914735756,0,0.000000
1648646625.937389210,0,0.000000
1648646625.960441449,0,0.000000
1648646625.982361671,0,0.000000
1648646626.005476415,0,0.000000
1648646626.027986787,0,0.000000
1648646626.050648555,0,0.000000
1648646626.074721536,0,0.000000
1648646626.096584771,0,0.000000
1648646626.119867456,0,0.000000
1648646626.143500071,0,0.000000
1648646626.166367086,0,0.000000
1648646626.188264131,0,0.001000
1648646626.209265551,0,0.000000
1648646626.233985291,0,0.000000
1648646626.255423295,0,0.000000
1648646626.278495661,0,0.000000
1648646626.299119976,1,0.000000
1648646626.321635544,1,0.000000
1648646626.343070534,0,0.000000
1648646626.367061552,0,0.000000
1648646626.390383008,0,0.000000
1648646626.413040437,0,0.000000
1648646626.436097355,0,0.000000
1648646626.459294539,0,0.000000
1648646626.481705524,0,0.000000
1648646626.504917929,0,0.000000
1648646626.526124827,0,0.000000
1648646626.549226099,0,0.000000
1648646626.570275878,0,0.000000
1648646626.593445958,1,0.000000
1648646626.615414371,0,0.000000
1648646626.639326422,0,0.007000
1648646626.661888389,0,0.000000
1648646626.682367960,0,0.000000
1648646626.704505379,0,0.000000
1648646626.726461439,0,0.007000
1648646626.749294100,0,0.002000
1648646626.771822990,0,0.000000
1648646626.795092135,0,0.000000
1648646626.817495110,0,0.000000
1648646626.839912213,0,0.009000
1648646626.862374658,1,0.000000
1648646626.884197797,0,0.000000
1648646626.908322124,0,0.000000
1648646626.930932286,0,0.001000
1648646626.953975700,1,0.014000
1648646626.977230918,0,0.000000
1648646626.998749796,0,0.000000
1648646627.021302465,0,0.000000
1648646627.043454374,0,0.000000
1648646627.063342844,0,0.000000
1648646627.083852541,0,0.000000
1648646627.104767693,0,0.000000
1648646627.128604947,0,0.000000
1648646627.150346004,0,0.000000
1648646627.172780625,0,0.000000
1648646627.192450083,0,0.001000
1648646627.215122055,0,0.000000
1648646627.238143936,0,0.000000
1648646627.260122000,0,0.000000
1648646627.282899181,0,0.000000
1648646627.304890887,0,0.000000
1648646627.328499274,0,0.000000
1648646627.350794421,0,0.000000
1648646627.373367169,0,0.001000
1648646627.396396537,0,0.000000
1648646627.417613630,0,0.000000
1648646627.440870197,0,0.000000
1648646627.464661722,0,0.000000
1648646627.485048395,0,0.000000
1648646627.507178381,0,0.000000
1648646627.528295781,0,0.000000
1648646627.551118521,0,0.000000
1648646627.572430035,0,0.000000
1648646627.594839204,1,0.001000
1648646627.618124201,0,0.000000
1648646627.640161072,0,0.000000
1648646627.660912481,0,0.000000
1648646627.684445466,0,0.000000
1648646627.707428238,0,0.004000
1648646627.731595709,0,0.001000
1648646627.754223433,0,0.000000
1648646627.777134341,0,0.000000
1648646627.799060560,0,0.000000
1648646627.822452922,0,0.000000
1648646627.844024990,0,0.000000
1648646627.866499252,0,0.000000
1648646627.888466069,0,0.000000
1648646627.911391498,0,0.000000
1648646627.932730851,0,0.000000
1648646627.955531509,1,0.000000
1648646627.978053339,0,0.000000
1648646628.001309609,0,0.000000
1648646628.024692026,0,0.000000
1648646628.047429410,0,0.000000
1648646628.071159143,0,0.000000
1648646628.093115841,0,0.000000
1648646628.116187464,0,0.000000
1648646628.139086870,0,0.003000
1648646628.162507486,0,0.002000
1648646628.182117200,0,0.000000
1648646628.204948761,0,0.000000
1648646628.227824295,0,0.000000
1648646628.250741355,0,0.000000
1648646628.273177148,0,0.000000
1648646628.295330597,0,0.000000
1648646628.316938752,0,0.000000
1648646628.340227124,0,0.000000
1648646628.361740596,0,0.001000
1648646628.384371493,0,0.000000
1648646628.407597871,0,0.000000
1648646628.429089839,0,0.000000
1648646628.451601270,0,0.006000
1648646628.474693513,0,0.000000
1648646628.498172032,0,0.000000
1648646628.520314989,0,0.000000
1648646628.542790912,0,0.000000
1648646628.566231841,0,0.000000
1648646628.588765703,0,0.000000
1648646628.608438388,0,0.000000
1648646628.631090599,0,0.000000
1648646628.654262695,0,0.000000
1648646628.676482142,0,0.000000
1648646628.699496071,0,0.000000
1648646628.721576044,0,0.000000
1648646628.745266597,1,0.012000
1648646628.768865190,0,0.000000
1648646628.791807910,0,0.000000
1648646628.815058994,2,0.000000
1648646628.838104684,0,0.000000
1648646628.860570086,0,0.000000
1648646628.883898951,0,0.000000
1648646628.907202266,0,0.000000
1648646628.928157845,0,0.000000
1648646628.949315839,0,0.000000
1648646628.969971354,0,0.000000
1648646628.993075633,0,0.000000
1648646629.016458788,0,0.000000
1648646629.040500320,0,0.000000
1648646629.063333036,0,0.007000
1648646629.086851153,0,0.000000
1648646629.110258302,0,0.000000
1648646629.133721440,0,0.000000
1648646629.156893912,0,0.000000
1648646629.180524866,0,0.000000
1648646629.203245734,0,0.000000
1648646629.225807252,0,0.000000
1648646629.248932316,0,0.000000
1648646629.270738957,0,0.001000
1648646629.292197105,0,0.000000
1648646629.315139568,0,0.000000
1648646629.336563113,0,0.001000
1648646629.359776582,0,0.000000
1648646629.382330772,0,0.000000
1648646629.403811908,0,0.000000
1648646629.427050279,0,0.000000
1648646629.448627723,0,0.005000
1648646629.472370739,0,0.000000
1648646629.495048229,0,0.000000
1648646629.517481673,0,0.000000
1648646629.538283902,0,0.003000
1648646629.561017471,0,0.000000
1648646629.583689821,0,0.000000
1648646629.606895268,0,0.000000
1648646629.630067294,0,0.000000
1648646629.653508072,0,0.000000
1648646629.674613976,0,0.001000
1648646629.697328815,0,0.000000
1648646629.719927487,0,0.000000
1648646629.743273399,1,0.000000
1648646629.766214129,0,0.000000
1648646629.789410589,0,0.000000
1648646629.812679500,0,0.000000
1648646629.834644404,0,0.011000
1648646629.856113059,0,0.000000
1648646629.877977534,0,0.000000
1648646629.899958211,0,0.003000
1648646629.921773993,0,0.000000
1648646629.943890538,1,0.000000
1648646629.966135325,0,0.000000
1648646629.986403579,0,0.000000
1648646630.008994985,0,0.001000
1648646630.031628567,0,0.003000
1648646630.053201923,0,0.000000
1648646630.076429670,0,0.000000
1648646630.098435725,1,0.011000
1648646630.121252578,0,0.000000
1648646630.144477181,0,0.000000
1648646630.168401364,0,0.007000
1648646630.189532084,0,0.000000
1648646630.211791180,0,0.000000
1648646630.234066304,0,0.000000
1648646630.257523632,0,0.000000
1648646630.280869767,0,0.000000
1648646630.304291540,0,0.003000
1648646630.327433780,0,0.000000
1648646630.348074853,0,0.000000
1648646630.370366082,0,0.000000
1648646630.390702469,0,0.000000
1648646630.413789294,0,0.001000
1648646630.436830970,0,0.000000
1648646630.458955731,0,0.003000
1648646630.482717221,0,0.000000
1648646630.504958494,0,0.000000
1648646630.528054103,0,0.000000
1648646630.549793873,0,0.003000
1648646630.571636628,0,0.000000
1648646630.593872719,0,0.000000
1648646630.617538361,0,0.000000
1648646630.641464266,1,0.000000
1648646630.663683372,0,0.010000
1648646630.686010050,0,0.000000
1648646630.708763376,0,0.000000
1648646630.731391325,1,0.000000
1648646630.754585383,0,0.000000
1648646630.777584734,0,0.000000
1648646630.800452620,0,0.006000
1648646630.822933861,0,0.000000
1648646630.846146464,0,0.000000
1648646630.868903456,0,0.000000
1648646630.891797716,0,0.000000
1648646630.912888687,0,0.000000
1648646630.934148227,1,0.000000
1648646630.957202529,1,0.000000
1648646630.979614032,0,0.000000
1648646631.002081632,0,0.000000
1648646631.024883655,1,0.000000
1648646631.048321797,0,0.000000
1648646631.071087560,0,0.001000
1648646631.091857391,0,0.000000
1648646631.114745333,0,0.000000
1648646631.138113857,0,0.000000
1648646631.160060350,0,0.000000
1648646631.183558402,0,0.000000
1648646631.205236578,0,0.000000
1648646631.227862120,0,0.000000
1648646631.250974298,0,0.000000
1648646631.273935630,0,0.001000
1648646631.297376802,0,0.000000
1648646631.318588222,0,0.000000
1648646631.342016860,0,0.000000
1648646631.365731602,0,0.000000
1648646631.388192611,0,0.000000
1648646631.409522351,0,0.014000
1648646631.433035488,0,0.000000
1648646631.455789234,0,0.000000
1648646631.477447813,0,0.000000
1648646631.497326832,0,0.000000
1648646631.519710205,0,0.000000
1648646631.540427351,0,0.000000
1648646631.563614923,0,0.000000
1648646631.586901379,0,0.000000
1648646631.609104277,0,0.000000
1648646631.633002320,0,0.000000
1648646631.655992756,1,0.000000
1648646631.679345055,0,0.000000
1648646631.702577824,0,0.000000
1648646631.724326641,0,0.000000
1648646631.748010938,0,0.000000
1648646631.772067066,0,0.000000
1648646631.794316055,0,0.000000
1648646631.816252056,0,0.000000
1648646631.840159673,0,0.000000
1648646631.862244581,0,0.000000
1648646631.885157665,0,0.000000
1648646631.907014837,0,0.000000
1648646631.929063296,0,0.000000
1648646631.949695048,1,0.000000
1648646631.973127020,0,0.000000
1648646631.996470131,0,0.000000
1648646632.019429043,0,0.000000
1648646632.042542877,0,0.000000
1648646632.065960735,0,0.000000
1648646632.088408330,0,0.000000
1648646632.112028114,0,0.000000
1648646632.134304269,0,0.000000
1648646632.157841706,0,0.003000
1648646632.180635496,0,0.006000
1648646632.203846099,0,0.000000
1648646632.226810628,0,0.000000
1648646632.249673468,0,0.000000
1648646632.273118088,0,0.000000
1648646632.295407097,0,0.000000
1648646632.318450865,1,0.000000
1648646632.340838016,0,0.006000
1648646632.363907418,0,0.000000
1648646632.386402581,0,0.000000
1648646632.409153293,0,0.000000
1648646632.432155786,0,0.007000
1648646632.454942354,0,0.000000
1648646632.475639002,0,0.000000
1648646632.498235017,0,0.000000
1648646632.521227819,0,0.000000
1648646632.544213912,0,0.000000
1648646632.566663168,0,0.000000
1648646632.589862212,0,0.000000
1648646632.613634582,0,0.000000
1648646632.636960706,0,0.000000
1648646632.660672242,0,0.000000
1648646632.684210258,0,0.004000
1648646632.707025008,0,0.000000
1648646632.728958452,0,0.000000
1648646632.753236863,0,0.015000
1648646632.776006684,0,0.007000
1648646632.799006094,0,0.000000
1648646632.820073375,0,0.000000
1648646632.842711282,0,0.000000
1648646632.864815142,0,0.003000
1648646632.887568744,0,0.000000
1648646632.910297984,0,0.000000
1648646632.933194230,0,0.000000
1648646632.954425350,0,0.000000
1648646632.975729039,0,0.000000
1648646632.997743083,0,0.000000
1648646633.021120257,0,0.000000
1648646633.044227509,0,0.000000
1648646633.066420698,0,0.000000
1648646633.087464160,0,0.000000
1648646633.110255997,0,0.001000
1648646633.133372640,0,0.000000
1648646633.153966141,0,0.000000
1648646633.176951047,0,0.000000
1648646633.201067385,0,0.000000
1648646633.223441801,0,0.000000
1648646633.245678766,0,0.000000
1648646633.267783844,0,0.000000
1648646633.291063515,0,0.001000
1648646633.314543227,0,0.000000
1648646633.336069794,0,0.000000
1648646633.358349389,0,0.000000
1648646633.381616898,0,0.000000
1648646633.403041194,0,0.001000
1648646633.425409653,0,0.000000
1648646633.448020418,0,0.000000
1648646633.469919155,0,0.000000
1648646633.492589821,0,0.000000
1648646633.515690061,0,0.000000
1648646633.539021021,0,0.012000
1648646633.560947160,0,0.000000
1648646633.583657867,0,0.000000
1648646633.606139453,0,0.000000
1648646633.627221749,0,0.000000
1648646633.649145755,0,0.000000
1648646633.671782974,0,0.000000
1648646633.692320964,0,0.000000
1648646633.713704218,0,0.000000
1648646633.733646157,0,0.000000
1648646633.754815658,0,0.000000
1648646633.778037004,0,0.001000
1648646633.800063027,0,0.000000
1648646633.823200801,0,0.000000
1648646633.846108473,0,0.000000
1648646633.869310299,0,0.000000
1648646633.891237586,0,0.000000
1648646633.913897512,0,0.000000
1648646633.937043972,0,0.000000
1648646633.959270349,0,0.000000
1648646633.982393464,0,0.000000
1648646634.003328100,0,0.000000
1648646634.026208984,0,0.000000
1648646634.049564720,0,0.000000
1648646634.071714734,0,0.000000
1648646634.092611109,0,0.000000
1648646634.115259335,0,0.000000
1648646634.137606993,0,0.000000
1648646634.160435726,0,0.000000
1648646634.181458589,0,0.000000
1648646634.203958121,1,0.000000
1648646634.227262466,0,0.000000
1648646634.249498111,0,0.000000
1648646634.273077894,0,0.001000
1648646634.296319967,0,0.000000
1648646634.319364971,0,0.000000
1648646634.340774289,0,0.000000
1648646634.363490698,0,0.000000
1648646634.386280396,0,0.000000
1648646634.409141146,0,0.000000
1648646634.430680146,0,0.002000
1648646634.452205332,0,0.012000
1648646634.475125099,0,0.000000
1648646634.497415056,0,0.000000
1648646634.520399855,0,0.017000
1648646634.543667075,0,0.000000
1648646634.564998622,1,0.001000
1648646634.588763549,0,0.007000
1648646634.611255733,0,0.000000
1648646634.633546617,0,0.000000
1648646634.656006857,0,0.000000
1648646634.677493959,0,0.000000
1648646634.700984526,0,0.000000
1648646634.721053884,0,0.002000
1648646634.743180702,0,0.003000
1648646634.766573877,1,0.000000
1648646634.790255328,0,0.000000
1648646634.813225216,0,0.000000
1648646634.836558325,0,0.000000
1648646634.860029463,0,0.000000
1648646634.883010796,0,0.000000
1648646634.906413402,0,0.002000
1648646634.930032773,0,0.000000
1648646634.950112163,0,0.000000
1648646634.970202779,0,0.000000
1648646634.990460606,0,0.000000
1648646635.011414751,0,0.000000
1648646635.033499582,0,0.000000
1648646635.056864385,1,0.000000
1648646635.078676207,0,0.000000
1648646635.102286719,0,0.000000
1648646635.125772345,0,0.000000
1648646635.148497444,0,0.002000
1648646635.171012120,0,0.000000
1648646635.194836324,0,0.000000
1648646635.216780791,0,0.000000
1648646635.239870035,2,0.000000
1648646635.263033907,0,0.000000
1648646635.285719566,0,0.000000
1648646635.308945304,0,0.000000
1648646635.331372586,0,0.001000
1648646635.353116244,0,0.000000
1648646635.374004025,0,0.002000
1648646635.395554835,0,0.000000
1648646635.418426959,0,0.000000
1648646635.442072324,0,0.000000
1648646635.464191782,0,0.000000
1648646635.486700337,0,0.000000
1648646635.510593291,0,0.000000
1648646635.532600285,0,0.000000
1648646635.554592490,1,0.000000
1648646635.576412365,0,0.000000
1648646635.598430067,0,0.000000
1648646635.621434971,0,0.000000
1648646635.643639628,0,0.000000
1648646635.666255099,0,0.000000
1648646635.689006995,0,0.000000
1648646635.710284001,0,0.000000
1648646635.731438645,0,0.000000
1648646635.752645593,0,0.000000
1648646635.775089474,0,0.000000
1648646635.798332941,0,0.000000
1648646635.820233933,0,0.000000
1648646635.842118330,0,0.000000
1648646635.864598420,0,0.003000
1648646635.887558376,0,0.000000
1648646635.910367630,0,0.000000
1648646635.932042272,0,0.000000
1648646635.954409511,1,0.000000
1648646635.976902345,0,0.000000
1648646635.999652066,0,0.000000
1648646636.021001736,0,0.000000
1648646636.044822519,0,0.000000
1648646636.068155712,0,0.000000
1648646636.091454027,0,0.000000
1648646636.114182104,0,0.000000
1648646636.137075582,0,0.000000
1648646636.160081713,0,0.000000
1648646636.182322353,0,0.000000
1648646636.203942809,0,0.000000
1648646636.225343141,0,0.000000
1648646636.247042815,0,0.000000
1648646636.268721238,0,0.000000
1648646636.290918870,0,0.000000
1648646636.314027280,0,0.000000
1648646636.337850256,0,0.001000
1648646636.358916679,0,0.000000
1648646636.381094475,0,0.000000
1648646636.403866530,0,0.000000
1648646636.426553908,0,0.000000
1648646636.448841190,0,0.000000
1648646636.471246600,0,0.000000
1648646636.493398022,0,0.000000
1648646636.516479705,0,0.000000
1648646636.539463429,0,0.000000
1648646636.562793902,0,0.000000
1648646636.586275325,0,0.000000
1648646636.608412595,0,0.000000
1648646636.631117483,1,0.000000
1648646636.652982857,0,0.005000
1648646636.674253529,0,0.000000
1648646636.696737487,0,0.008000
1648646636.719253264,0,0.000000
1648646636.741884397,1,0.000000
1648646636.764318923,1,0.009000
1648646636.786428698,0,0.000000
1648646636.808793245,0,0.003000
1648646636.832687877,0,0.011000
1648646636.855413199,0,0.000000
1648646636.876887613,0,0.000000
1648646636.898676180,0,0.000000
1648646636.920570101,0,0.000000
1648646636.943643874,0,0.000000
1648646636.966227475,0,0.000000
1648646636.989054975,0,0.000000
1648646637.011336885,0,0.000000
1648646637.034313180,0,0.000000
1648646637.055343038,0,0.000000
1648646637.078402244,0,0.000000
1648646637.101681160,0,0.000000
1648646637.124041749,0,0.000000
1648646637.145579457,0,0.000000
1648646637.167874873,0,0.000000
1648646637.190792592,0,0.000000
1648646637.212902815,0,0.000000
1648646637.235174148,0,0.000000
1648646637.258503290,0,0.000000
1648646637.281585266,1,0.000000
1648646637.304740678,0,0.000000
1648646637.327881804,0,0.007000
1648646637.350363250,0,0.000000
1648646637.372502137,0,0.000000
1648646637.395100712,0,0.000000
1648646637.416236916,0,0.000000
1648646637.438889902,0,0.000000
1648646637.462537155,0,0.000000
1648646637.484340514,0,0.000000
1648646637.507684814,0,0.000000
1648646637.531150835,0,0.000000
1648646637.552797435,0,0.000000
1648646637.574595092,0,0.000000
1648646637.597936357,0,0.000000
1648646637.619745890,0,0.000000
1648646637.640738317,0,0.000000
1648646637.662408113,0,0.000000
1648646637.682757574,0,0.000000
1648646637.704324027,0,0.000000
1648646637.726003468,0,0.000000
1648646637.749064591,0,0.000000
1648646637.772008040,0,0.000000
1648646637.794282282,0,0.000000
1648646637.816281235,0,0.000000
1648646637.838188360,0,0.000000
1648646637.860414437,0,0.000000
1648646637.883078438,0,0.000000
1648646637.905838041,0,0.000000
1648646637.929951790,0,0.000000
1648646637.953457474,0,0.000000
1648646637.977420994,0,0.000000
1648646637.999284696,0,0.000000
1648646638.020339637,0,0.000000
1648646638.043036956,0,0.000000
1648646638.066024692,0,0.002000
1648646638.088737677,0,0.000000
1648646638.111170398,0,0.000000
1648646638.133913802,0,0.005000
1648646638.157500948,0,0.000000
1648646638.179914652,0,0.000000
1648646638.201294306,0,0.000000
1648646638.223509118,0,0.000000
1648646638.246410925,0,0.000000
1648646638.268930006,0,0.000000
1648646638.291198073,0,0.000000
1648646638.312119665,0,0.000000
1648646638.334026323,0,0.000000
1648646638.356831854,0,0.000000
1648646638.380219450,0,0.000000
1648646638.403483426,0,0.000000
1648646638.425594644,0,0.002000
1648646638.445660271,0,0.003000
1648646638.468535713,0,0.000000
1648646638.491024916,0,0.000000
1648646638.513354416,0,0.000000
1648646638.535259797,0,0.000000
1648646638.557483477,0,0.000000
1648646638.578012743,0,0.000000
1648646638.602166812,0,0.000000
1648646638.623889430,1,0.012000
1648646638.646747203,0,0.000000
1648646638.669611448,0,0.000000
1648646638.692746519,0,0.000000
1648646638.715898403,0,0.000000
1648646638.737066527,0,0.000000
1648646638.760426413,1,0.014000
1648646638.783228223,0,0.000000
1648646638.805749287,0,0.000000
1648646638.828818879,0,0.000000
1648646638.850811091,0,0.001000
1648646638.873612208,0,0.000000
1648646638.896233307,0,0.000000
1648646638.919715981,0,0.000000
1648646638.943962494,0,0.000000
1648646638.966741239,0,0.000000
1648646638.989901374,0,0.000000
1648646639.013572001,0,0.000000
1648646639.034759203,0,0.000000
1648646639.058373674,0,0.000000
1648646639.080968851,0,0.000000
1648646639.103568556,0,0.000000
1648646639.124820492,0,0.000000
1648646639.147120484,0,0.000000
1648646639.170222786,0,0.000000
1648646639.193418592,0,0.000000
1648646639.215659463,0,0.000000
1648646639.237981330,0,0.000000
1648646639.260375769,0,0.000000
1648646639.283243007,0,0.000000
1648646639.304781478,0,0.000000
1648646639.328398533,0,0.000000
1648646639.350084782,0,0.000000
1648646639.370377719,0,0.000000
1648646639.393286132,0,0.000000
1648646639.414821088,0,0.000000
1648646639.434981508,0,0.000000
1648646639.456833644,0,0.000000
1648646639.478380349,0,0.000000
1648646639.501814532,0,0.000000
1648646639.523101558,0,0.000000
1648646639.546611482,0,0.000000
1648646639.568669379,0,0.000000
1648646639.591722977,0,0.000000
1648646639.612842656,0,0.000000
1648646639.636255459,0,0.000000
1648646639.659912460,0,0.000000
1648646639.683164695,0,0.000000
1648646639.706479300,0,0.000000
1648646639.730092574,0,0.001000
1648646639.753019392,0,0.000000
1648646639.773778632,0,0.000000
1648646639.795572761,0,0.000000
1648646639.819428278,0,0.000000
1648646639.842041953,0,0.000000
1648646639.865569867,0,0.001000
1648646639.887816740,0,0.000000
1648646639.910179631,0,0.002000
1648646639.931540066,0,0.000000
1648646639.955136042,0,0.000000
1648646639.977014207,0,0.001000
1648646639.998486734,0,0.000000
1648646640.019408159,0,0.000000
1648646640.041776871,0,0.000000
1648646640.065025557,0,0.000000
1648646640.086506334,0,0.000000
1648646640.109378849,0,0.000000
1648646640.132185069,0,0.000000
1648646640.154003155,0,0.000000
1648646640.177377979,0,0.000000
1648646640.200251041,0,0.000000
1648646640.223408150,0,0.000000
1648646640.246270761,0,0.000000
1648646640.269020252,0,0.000000
1648646640.291040648,0,0.000000
1648646640.313116174,0,0.000000
1648646640.335772113,0,0.000000
1648646640.357997043,0,0.000000
1648646640.381171668,0,0.000000
1648646640.404021012,0,0.000000
1648646640.426952182,0,0.000000
1648646640.447552521,0,0.000000
1648646640.470882971,0,0.001000
1648646640.493216798,0,0.000000
1648646640.515578170,0,0.000000
1648646640.538150656,0,0.000000
1648646640.560741398,0,0.000000
1648646640.583264754,0,0.000000
1648646640.604197720,0,0.000000
1648646640.626998967,0,0.000000
1648646640.649472807,0,0.000000
1648646640.671676817,0,0.000000
1648646640.695052192,0,0.000000
1648646640.716413840,0,0.000000
1648646640.739322156,0,0.000000
1648646640.761089999,0,0.000000
1648646640.784156242,0,0.000000
1648646640.806501247,0,0.000000
1648646640.828809375,0,0.000000
1648646640.852338110,0,0.000000
1648646640.874509789,0,0.002000
1648646640.898478142,0,0.000000
1648646640.921817398,0,0.000000
1648646640.944732829,0,0.000000
1648646640.967475107,0,0.000000
1648646640.988524666,0,0.000000
1648646641.010919418,2,0.000000
1648646641.032093875,0,0.000000
1648646641.054243191,0,0.000000
1648646641.076876576,0,0.000000
1648646641.098708466,0,0.000000
1648646641.120767315,0,0.000000
1648646641.144203175,0,0.000000
1648646641.168285029,0,0.000000
1648646641.191740262,0,0.000000
1648646641.213917610,0,0.000000
1648646641.235936010,0,0.000000
1648646641.258062165,0,0.000000
1648646641.280814457,0,0.000000
1648646641.303944470,0,0.000000
1648646641.326422700,0,0.000000
1648646641.348358813,0,0.000000
1648646641.370879623,0,0.000000
1648646641.394626510,0,0.000000
1648646641.416474217,0,0.000000
1648646641.438368335,0,0.000000
1648646641.460455927,0,0.000000
1648646641.483550573,0,0.000000
1648646641.506653503,0,0.001000
1648646641.530117262,0,0.000000
1648646641.552610449,0,0.000000
1648646641.574416574,0,0.000000
1648646641.595243017,0,0.000000
1648646641.617731904,0,0.000000
1648646641.640722544,0,0.000000
1648646641.663681423,0,0.000000
1648646641.685950909,0,0.000000
1648646641.708898632,0,0.000000
1648646641.729999059,0,0.000000
1648646641.751398312,0,0.000000
1648646641.773705131,0,0.000000
1648646641.796287414,0,0.000000
1648646641.819604815,0,0.000000
1648646641.842292552,0,0.000000
1648646641.864397057,0,0.000000
1648646641.887697725,0,0.000000
1648646641.910924024,0,0.001000
1648646641.933830732,0,0.000000
1648646641.956805318,0,0.000000
1648646641.980175729,0,0.000000
1648646642.001825651,0,0.000000
1648646642.024942735,0,0.000000
1648646642.045900532,0,0.001000
1648646642.069054078,0,0.000000
1648646642.092708069,0,0.000000
1648646642.115543260,0,0.008000
1648646642.139196341,0,0.000000
1648646642.162542806,0,0.000000
1648646642.186330730,0,0.000000
1648646642.209662325,1,0.000000
1648646642.232771142,0,0.003000
1648646642.255850899,1,0.012000
1648646642.278812871,0,0.000000
1648646642.301506704,0,0.000000
1648646642.322841078,0,0.000000
1648646642.343828075,0,0.000000
1648646642.364586993,0,0.001000
1648646642.386668206,0,0.000000
1648646642.407556375,0,0.000000
1648646642.429390753,0,0.000000
1648646642.451934246,0,0.000000
1648646642.474302278,0,0.000000
1648646642.496347512,0,0.000000
1648646642.518445327,0,0.000000
1648646642.541043125,0,0.000000
1648646642.564387848,0,0.000000
1648646642.586976458,0,0.000000
1648646642.610683249,0,0.000000
1648646642.632124039,1,0.002000
1648646642.654451660,0,0.000000
1648646642.676660896,0,0.001000
1648646642.699936068,0,0.001000
1648646642.721848651,0,0.000000
1648646642.743235276,0,0.000000
1648646642.765326931,0,0.000000
1648646642.788128265,0,0.000000
1648646642.810413256,0,0.000000
1648646642.834301508,0,0.000000
1648646642.855930860,0,0.000000
1648646642.881138120,0,0.000000
1648646642.903310401,0,0.000000
1648646642.924247265,0,0.000000
1648646642.948498443,0,0.000000
1648646642.970323495,0,0.000000
1648646642.993460101,0,0.000000
1648646643.016324087,0,0.001000
1648646643.040259753,0,0.000000
1648646643.062774453,0,0.000000
1648646643.082519496,0,0.001000
1648646643.105385526,0,0.000000
1648646643.128286908,0,0.000000
1648646643.149608752,0,0.000000
1648646643.171351525,0,0.003000
1648646643.194698927,0,0.000000
1648646643.216394260,0,0.000000
1648646643.240150410,0,0.000000
1648646643.263015887,0,0.000000
1648646643.285701749,0,0.000000
1648646643.307352940,0,0.000000
1648646643.330243783,0,0.000000
1648646643.351377129,0,0.000000
1648646643.374027527,0,0.000000
1648646643.396051096,0,0.000000
1648646643.418597569,0,0.000000
1648646643.442290085,0,0.000000
1648646643.464170281,0,0.000000
1648646643.486848782,0,0.000000
1648646643.510059915,0,0.000000
1648646643.533415742,0,0.000000
1648646643.557682990,0,0.001000
1648646643.579854592,0,0.000000
1648646643.602887203,0,0.000000
1648646643.625577209,0,0.000000
1648646643.645920036,0,0.000000
1648646643.667633850,0,0.000000
1648646643.690404542,0,0.000000
1648646643.713365924,0,0.000000
1648646643.735549457,0,0.000000
1648646643.759559841,0,0.001000
1648646643.781855871,0,0.000000
1648646643.804624085,0,0.000000
1648646643.825510301,0,0.000000
1648646643.846908553,0,0.000000
1648646643.868682781,0,0.000000
1648646643.891616989,0,0.000000
1648646643.912333436,0,0.000000
1648646643.934155542,0,0.000000
1648646643.957937760,0,0.000000
1648646643.980750492,0,0.000000
1648646644.003339709,0,0.000000
1648646644.025834945,0,0.000000
1648646644.047751069,0,0.000000
1648646644.071592867,0,0.000000
1648646644.094029962,0,0.000000
1648646644.115297686,0,0.000000
1648646644.138946373,0,0.000000
1648646644.159556173,0,0.000000
1648646644.182283425,0,0.000000
1648646644.206859217,0,0.000000
1648646644.228535653,0,0.000000
1648646644.251396337,0,0.000000
1648646644.273696653,0,0.000000
1648646644.296555819,0,0.000000
1648646644.319067642,0,0.000000
1648646644.341168886,0,0.000000
1648646644.364303538,0,0.000000
1648646644.389409177,0,0.000000
1648646644.410457194,0,0.000000
1648646644.434668528,0,0.000000
1648646644.455501817,0,0.000000
1648646644.478022193,0,0.000000
1648646644.501898962,0,0.000000
1648646644.523817308,0,0.000000
1648646644.546816496,0,0.000000
1648646644.569292598,0,0.000000
1648646644.592380038,0,0.000000
1648646644.613632924,0,0.000000
1648646644.635768690,0,0.000000
1648646644.658051472,0,0.000000
1648646644.679919736,0,0.000000
1648646644.703880526,0,0.000000
1648646644.727060203,0,0.000000
1648646644.748009163,0,0.000000
1648646644.770041651,0,0.000000
1648646644.793487225,0,0.000000
1648646644.816418246,0,0.001000
1648646644.840645631,0,0.000000
1648646644.862805649,0,0.000000
1648646644.882505033,0,0.000000
1648646644.905031867,0,0.000000
1648646644.927652654,0,0.000000
1648646644.950950505,0,0.001000
1648646644.973369340,0,0.000000
1648646644.996077864,0,0.001000
1648646645.018709452,0,0.000000
1648646645.042618321,0,0.000000
1648646645.064918063,0,0.000000
1648646645.086029606,0,0.000000
1648646645.108154901,0,0.000000
1648646645.130709809,0,0.000000
1648646645.152849168,0,0.000000
1648646645.173693596,0,0.008000
1648646645.197343973,0,0.000000
1648646645.220062425,0,0.000000
1648646645.242763823,0,0.000000
1648646645.265297855,0,0.000000
1648646645.288474081,0,0.000000
1648646645.309019737,0,0.001000
1648646645.332117077,0,0.000000
1648646645.356228900,0,0.000000
1648646645.378542311,0,0.000000
1648646645.399204525,0,0.000000
1648646645.420739521,0,0.000000
1648646645.444593579,0,0.000000
1648646645.467583778,0,0.000000
1648646645.492452012,0,0.000000
1648646645.514440483,0,0.000000
1648646645.537197836,0,0.000000
1648646645.562669502,0,0.000000
1648646645.583955890,0,0.014000
1648646645.606971546,0,0.000000
1648646645.629307807,0,0.000000
1648646645.651927582,0,0.000000
1648646645.676214709,0,0.000000
1648646645.699396896,0,0.000000
1648646645.722790839,0,0.001000
1648646645.745535269,0,0.000000
1648646645.768403598,0,0.000000
1648646645.790843841,0,0.000000
1648646645.811904438,0,0.000000
1648646645.836007100,0,0.000000
1648646645.860835484,0,0.000000
1648646645.883539078,0,0.000000
1648646645.904678267,0,0.000000
1648646645.927748743,0,0.000000
1648646645.951299842,0,0.000000
1648646645.973822100,0,0.000000
1648646645.995483618,0,0.003000
1648646646.016623077,0,0.000000
1648646646.039846343,0,0.000000
1648646646.062347377,0,0.000000
1648646646.084005167,0,0.002000
1648646646.105211949,0,0.000000
1648646646.128843097,0,0.000000
1648646646.149122666,0,0.000000
1648646646.171638265,0,0.000000
1648646646.195867782,0,0.000000
1648646646.217963635,0,0.000000
1648646646.239484063,0,0.000000
1648646646.262252506,0,0.000000
1648646646.286166455,0,0.000000
1648646646.310016015,0,0.002000
1648646646.331079311,0,0.000000
1648646646.352915515,0,0.000000
1648646646.374430160,0,0.000000
1648646646.396301657,0,0.000000
1648646646.417964658,0,0.003000
1648646646.441277013,0,0.000000
1648646646.465141525,0,0.000000
1648646646.487954879,0,0.000000
1648646646.509386058,0,0.000000
1648646646.532052901,0,0.000000
1648646646.552991539,0,0.000000
1648646646.574431419,0,0.001000
1648646646.597325804,0,0.000000
1648646646.619653724,0,0.000000
1648646646.641020072,0,0.000000
1648646646.663880579,0,0.000000
1648646646.686884757,0,0.000000
1648646646.708826190,0,0.000000
1648646646.730979394,0,0.000000
1648646646.752374230,0,0.000000
1648646646.775296802,0,0.000000
1648646646.798823961,0,0.001000
1648646646.820388641,0,0.000000
1648646646.843461984,0,0.001000
1648646646.867020223,0,0.000000
1648646646.890810917,1,0.000000
1648646646.912588886,0,0.000000
1648646646.934429969,0,0.003000
1648646646.956961036,0,0.000000
1648646646.978957131,0,0.000000
1648646647.001906435,0,0.000000
1648646647.023748076,0,0.001000
1648646647.047693100,0,0.000000
1648646647.071442119,0,0.000000
1648646647.092901882,0,0.000000
1648646647.115692218,0,0.000000
1648646647.139119123,0,0.000000
1648646647.161385016,0,0.000000
1648646647.183485946,0,0.000000
1648646647.203574370,0,0.000000
1648646647.226802607,0,0.008000
1648646647.250279226,0,0.000000
1648646647.273053999,0,0.000000
1648646647.296874070,0,0.000000
1648646647.318743308,0,0.000000
1648646647.341435873,0,0.000000
1648646647.364306458,0,0.001000
1648646647.386731276,0,0.000000
1648646647.409561935,0,0.000000
1648646647.431858086,0,0.001000
1648646647.453573746,0,0.000000
1648646647.475509592,0,0.000000
1648646647.500150417,0,0.000000
1648646647.523936689,0,0.000000
1648646647.548051202,0,0.000000
1648646647.569774724,0,0.000000
1648646647.592858239,0,0.000000
1648646647.615318618,0,0.000000
1648646647.636621325,0,0.000000
1648646647.658971058,0,0.000000
1648646647.680933108,0,0.000000
1648646647.701385642,0,0.000000
1648646647.725054901,0,0.000000
1648646647.750048506,0,0.001000
1648646647.770686317,0,0.000000
1648646647.791436209,0,0.000000
1648646647.813795294,0,0.000000
1648646647.838891323,0,0.000000
1648646647.862170075,0,0.000000
1648646647.884456279,0,0.000000
1648646647.906462430,0,0.000000
1648646647.929868712,0,0.000000
1648646647.951618698,0,0.000000
1648646647.975349053,0,0.000000
1648646647.998884438,0,0.000000
1648646648.024483776,0,0.000000
1648646648.047844735,0,0.000000
1648646648.071308835,0,0.000000
1648646648.094065870,0,0.000000
1648646648.117373156,0,0.000000
1648646648.141114177,0,0.000000
1648646648.164013367,0,0.000000
1648646648.185598917,0,0.002000
1648646648.207447787,0,0.000000
1648646648.229935759,0,0.000000
1648646648.251274872,0,0.000000
1648646648.273875552,0,0.000000
1648646648.296757704,0,0.006000
1648646648.320324924,0,0.000000
1648646648.344000862,0,0.000000
1648646648.367372766,0,0.000000
1648646648.390806608,0,0.000000
1648646648.412725423,0,0.000000
1648646648.436479725,0,0.000000
1648646648.458227469,0,0.000000
1648646648.479580504,0,0.000000
1648646648.503185758,0,0.000000
1648646648.524036445,0,0.000000
1648646648.546955843,0,0.000000
1648646648.570105578,0,0.000000
1648646648.592814703,0,0.000000
1648646648.615313957,0,0.002000
1648646648.637077540,1,0.001000
1648646648.659795109,0,0.000000
1648646648.683164080,0,0.000000
1648646648.705955080,0,0.000000
1648646648.730390731,0,0.000000
1648646648.752447182,0,0.000000
1648646648.775480208,0,0.000000
1648646648.799077940,0,0.000000
1648646648.821000215,0,0.000000
1648646648.844002136,0,0.000000
1648646648.866435980,0,0.000000
1648646648.890419652,0,0.000000
1648646648.913990669,0,0.000000
1648646648.935743972,0,0.000000
1648646648.958549822,0,0.001000
1648646648.982225059,0,0.000000
1648646649.005373933,0,0.000000
1648646649.027281031,0,0.000000
1648646649.050341423,0,0.000000
1648646649.072760872,0,0.000000
1648646649.093886435,0,0.000000
1648646649.115970801,0,0.001000
1648646649.139676326,0,0.000000
1648646649.161855424,0,0.000000
1648646649.184189669,1,0.007000
1648646649.207431569,1,0.000000
1648646649.231835083,0,0.000000
1648646649.254891946,0,0.000000
1648646649.278402816,0,0.000000
1648646649.300451929,0,0.001000
1648646649.323471883,0,0.000000
1648646649.346035360,0,0.000000
1648646649.369113894,0,0.000000
1648646649.391045290,0,0.000000
1648646649.414302992,0,0.000000
1648646649.435764914,0,0.001000
1648646649.458358846,0,0.000000
1648646649.481287153,0,0.000000
1648646649.503823001,0,0.000000
1648646649.527586539,2,0.000000
1648646649.550995512,0,0.000000
1648646649.573950196,0,0.000000
1648646649.597276120,0,0.000000
1648646649.621073846,0,0.000000
1648646649.644215622,0,0.000000
1648646649.666217022,0,0.000000
1648646649.687909027,0,0.000000
1648646649.710147287,0,0.001000
1648646649.730984226,0,0.000000
1648646649.753668102,0,0.000000
1648646649.776877832,0,0.000000
1648646649.800563256,0,0.000000
1648646649.823318102,0,0.000000
1648646649.844370804,0,0.000000
1648646649.867353965,0,0.000000
1648646649.889503458,0,0.000000
1648646649.913615972,0,0.000000
1648646649.936118701,0,0.000000
1648646649.957609991,0,0.005000
1648646649.979432465,0,0.000000
1648646650.003396031,0,0.000000
1648646650.025532997,0,0.000000
1648646650.046581143,0,0.000000
1648646650.070918339,0,0.000000
1648646650.093923776,0,0.000000
1648646650.115279114,1,0.000000
1648646650.135910595,0,0.000000
1648646650.156117724,0,0.000000
1648646650.178619901,0,0.004000
1648646650.202102801,0,0.000000
1648646650.223477920,0,0.000000
1648646650.245198439,0,0.000000
1648646650.266830536,0,0.000000
1648646650.290331399,0,0.000000
1648646650.314378273,0,0.000000
1648646650.336670771,0,0.000000
1648646650.359956006,0,0.000000
1648646650.382923590,0,0.000000
1648646650.402203903,0,0.000000
1648646650.424868137,0,0.000000
1648646650.446761842,0,0.000000
1648646650.469372061,0,0.000000
1648646650.491720562,0,0.000000
1648646650.515043360,0,0.001000
1648646650.538654758,1,0.000000
1648646650.561718002,0,0.001000
1648646650.582657067,1,0.001000
1648646650.606890932,0,0.000000
1648646650.629437089,0,0.001000
1648646650.653395549,1,0.000000
1648646650.676503172,0,0.004000
1648646650.698999372,0,0.000000
1648646650.720315123,0,0.000000
1648646650.742429104,0,0.000000
1648646650.764857976,0,0.000000
1648646650.786555298,0,0.000000
1648646650.809454375,0,0.000000
1648646650.829703800,0,0.000000
1648646650.851508366,0,0.000000
1648646650.873528701,0,0.000000
1648646650.895027613,0,0.000000
1648646650.917729086,0,0.000000
1648646650.939038327,0,0.000000
1648646650.961150632,0,0.000000
1648646650.981499561,0,0.001000
1648646651.004096123,0,0.000000
1648646651.028034169,0,0.006000
1648646651.051462180,0,0.000000
1648646651.074144505,0,0.001000
1648646651.099178032,0,0.000000
1648646651.123388263,0,0.000000
1648646651.146563689,0,0.000000
1648646651.167888275,0,0.000000
1648646651.187505855,0,0.000000
1648646651.209689663,0,0.000000
1648646651.232916567,0,0.000000
1648646651.255609354,0,0.001000
1648646651.279071836,0,0.000000
1648646651.302213144,0,0.000000
1648646651.324978217,0,0.006000
1648646651.348032574,0,0.000000
1648646651.369840920,0,0.000000
1648646651.392613134,0,0.000000
1648646651.414680481,0,0.000000
1648646651.436528478,0,0.000000
1648646651.457429393,0,0.000000
1648646651.480632203,0,0.000000
1648646651.503354369,0,0.000000
1648646651.523950128,0,0.000000
1648646651.547196862,0,0.000000
1648646651.569199426,0,0.000000
1648646651.592315141,0,0.000000
1648646651.616387248,1,0.000000
1648646651.639782221,0,0.000000
1648646651.662838753,0,0.000000
1648646651.686496822,0,0.000000
1648646651.709068348,0,0.000000
1648646651.730070043,1,0.000000
1648646651.752759461,0,0.000000
1648646651.774419030,0,0.000000
1648646651.794808381,0,0.000000
1648646651.817912179,0,0.000000
1648646651.840392391,0,0.000000
1648646651.863967084,0,0.000000
1648646651.887154950,0,0.000000
1648646651.908377369,0,0.000000
1648646651.930711088,0,0.000000
1648646651.951941884,0,0.000000
1648646651.974454392,0,0.000000
1648646651.996782596,0,0.000000
1648646652.019206543,0,0.000000
1648646652.040916957,0,0.000000
1648646652.063166502,0,0.000000
1648646652.087151544,0,0.000000
1648646652.107980391,0,0.000000
1648646652.131086134,0,0.000000
1648646652.154106785,0,0.000000
1648646652.176098377,0,0.000000
1648646652.198329185,0,0.000000
1648646652.221322407,0,0.012000
1648646652.246020425,0,0.000000
1648646652.266273776,0,0.000000
1648646652.288590781,0,0.000000
1648646652.310296281,0,0.001000
1648646652.333232784,1,0.000000
1648646652.356645010,0,0.000000
1648646652.380982540,0,0.000000
1648646652.404259944,0,0.000000
1648646652.426401637,0,0.000000
1648646652.448964557,0,0.000000
1648646652.472204778,0,0.000000
1648646652.493830800,0,0.000000
1648646652.517486196,0,0.000000
1648646652.539377439,0,0.000000
1648646652.562430192,0,0.000000
1648646652.583695318,0,0.000000
1648646652.606305573,0,0.000000
1648646652.629395938,0,0.000000
1648646652.651480444,0,0.000000
1648646652.674841685,0,0.000000
1648646652.695600684,0,0.000000
1648646652.719191877,0,0.000000
1648646652.741600490,0,0.010000
1648646652.763840979,0,0.000000
1648646652.786864657,0,0.000000
1648646652.811096704,0,0.000000
1648646652.832166762,0,0.000000
1648646652.856927393,0,0.000000
1648646652.878365064,0,0.001000
1648646652.901007243,0,0.000000
1648646652.924339133,0,0.000000
1648646652.947485526,0,0.003000
1648646652.969086040,0,0.000000
1648646652.992812460,0,0.000000
1648646653.013902149,0,0.000000
1648646653.037018827,0,0.000000
1648646653.062429518,0,0.000000
1648646653.085544049,0,0.000000
1648646653.105831296,0,0.000000
1648646653.130554593,0,0.000000
1648646653.154203532,0,0.000000
1648646653.176303675,1,0.001000
1648646653.200551886,1,0.001000
1648646653.221745285,0,0.000000
1648646653.243959403,0,0.000000
1648646653.265455473,0,0.000000
1648646653.289497845,0,0.001000
1648646653.311474206,0,0.000000
1648646653.334917143,0,0.000000
1648646653.357849318,0,0.000000
1648646653.381435785,0,0.000000
1648646653.405026227,0,0.000000
1648646653.426753334,0,0.000000
1648646653.451221304,0,0.000000
1648646653.473443095,0,0.000000
1648646653.496446741,0,0.000000
1648646653.520012322,0,0.000000
1648646653.542900235,0,0.000000
1648646653.564806295,0,0.000000
1648646653.586492084,0,0.000000
1648646653.609428012,0,0.000000
1648646653.632899533,0,0.000000
1648646653.655337127,0,0.000000
1648646653.679150400,0,0.000000
1648646653.702224991,0,0.000000
1648646653.724434652,0,0.000000
1648646653.746128669,0,0.000000
1648646653.766383033,0,0.000000
1648646653.787732430,0,0.000000
1648646653.812005076,0,0.000000
1648646653.833379372,0,0.000000
1648646653.857263013,0,0.000000
1648646653.878384670,0,0.000000
1648646653.899913015,0,0.000000
1648646653.922827400,0,0.000000
1648646653.944165974,0,0.001000
1648646653.968336345,0,0.001000
1648646653.990594608,0,0.000000
1648646654.013032824,0,0.001000
1648646654.036364297,0,0.001000
1648646654.057564260,0,0.000000
1648646654.081613478,0,0.002000
1648646654.105060962,0,0.001000
1648646654.127436782,0,0.000000
1648646654.150869059,0,0.013000
1648646654.173029827,0,0.001000
1648646654.194769618,0,0.000000
1648646654.219177892,0,0.000000
1648646654.239987427,0,0.000000
1648646654.264342533,0,0.000000
1648646654.287492696,0,0.000000
1648646654.310503569,0,0.000000
1648646654.333333020,0,0.000000
1648646654.356907618,0,0.000000
1648646654.380637344,0,0.001000
1648646654.403270503,0,0.000000
1648646654.426128881,0,0.000000
1648646654.449018843,0,0.000000
1648646654.473701606,0,0.000000
1648646654.497179785,0,0.000000
1648646654.520480163,0,0.000000
1648646654.543112499,0,0.000000
1648646654.566875420,0,0.007000
1648646654.590225690,0,0.012000
1648646654.612179566,0,0.000000
1648646654.635721915,0,0.000000
1648646654.656491921,0,0.000000
1648646654.679715373,0,0.000000
1648646654.702705058,0,0.005000
1648646654.724902442,0,0.000000
1648646654.747697794,0,0.000000
1648646654.771431268,0,0.000000
1648646654.794553801,0,0.000000
1648646654.816268494,0,0.000000
1648646654.838702859,0,0.000000
1648646654.861421377,0,0.011000
1648646654.883199653,0,0.000000
1648646654.906665147,0,0.000000
1648646654.930182172,0,0.000000
1648646654.953872125,0,0.001000
1648646654.977275936,0,0.000000
1648646654.998061866,0,0.001000
1648646655.022029451,0,0.000000
1648646655.043719303,0,0.000000
1648646655.067668331,1,0.000000
1648646655.089408277,1,0.001000
1648646655.112058225,0,0.000000
1648646655.134105922,0,0.000000
1648646655.157099078,0,0.000000
1648646655.179109044,0,0.000000
1648646655.203325513,0,0.000000
1648646655.224917448,0,0.000000
1648646655.247788135,0,0.000000
1648646655.271579302,0,0.000000
1648646655.293138838,0,0.000000
1648646655.315091938,0,0.000000
1648646655.338245455,0,0.000000
1648646655.361241317,0,0.000000
1648646655.384507385,0,0.000000
1648646655.407126236,0,0.000000
1648646655.430327442,0,0.000000
1648646655.450491838,0,0.000000
1648646655.472084320,0,0.000000
1648646655.493079881,0,0.000000
1648646655.516356171,0,0.000000
1648646655.539779957,0,0.000000
1648646655.562185298,0,0.000000
1648646655.585343787,0,0.000000
1648646655.608862919,0,0.000000
1648646655.631838559,0,0.000000
1648646655.652960271,0,0.000000
1648646655.676221764,0,0.000000
1648646655.698234670,0,0.001000
1648646655.722250715,0,0.000000
1648646655.744873951,0,0.000000
1648646655.766961736,0,0.000000
1648646655.790250273,0,0.000000
1648646655.813667534,0,0.000000
1648646655.836855951,0,0.000000
1648646655.858285329,0,0.000000
1648646655.880144663,0,0.000000
1648646655.901667304,0,0.000000
1648646655.923060610,0,0.000000
1648646655.944011318,0,0.000000
1648646655.966131797,0,0.000000
1648646655.988420973,0,0.000000
1648646656.011451629,0,0.000000
1648646656.033090586,0,0.000000
1648646656.055758198,0,0.000000
1648646656.078831801,0,0.000000
1648646656.101881766,0,0.000000
1648646656.125281340,0,0.000000
1648646656.147434861,0,0.000000
1648646656.170425156,0,0.000000
1648646656.192571979,0,0.001000
1648646656.214586455,0,0.000000
1648646656.236059144,0,0.000000
1648646656.257915221,0,0.000000
1648646656.281372598,0,0.000000
1648646656.305339125,0,0.000000
1648646656.327292117,0,0.004000
1648646656.350168059,0,0.000000
1648646656.373003025,0,0.000000
1648646656.398293538,0,0.000000
1648646656.420127335,0,0.007000
1648646656.444350405,0,0.000000
1648646656.465313017,0,0.000000
1648646656.486582599,0,0.000000
1648646656.510193570,0,0.001000
1648646656.534082339,0,0.000000
1648646656.556308797,0,0.000000
1648646656.579321640,0,0.000000
1648646656.602461234,0,0.000000
1648646656.624441019,0,0.001000
1648646656.644813832,0,0.002000
1648646656.665742843,0,0.000000
1648646656.688690117,0,0.000000
1648646656.711028971,0,0.000000
1648646656.732184572,0,0.000000
1648646656.756073408,0,0.000000
1648646656.778901431,0,0.000000
1648646656.802439029,0,0.000000
1648646656.825165636,0,0.000000
1648646656.848029634,0,0.000000
1648646656.868875394,0,0.000000
1648646656.890485298,0,0.000000
1648646656.913237929,0,0.001000
1648646656.935663620,0,0.000000
1648646656.957231376,0,0.000000
1648646656.980123386,0,0.000000
1648646657.002861641,0,0.000000
1648646657.024132518,0,0.000000
1648646657.046868766,0,0.004000
1648646657.069244836,0,0.000000
1648646657.090909777,0,0.000000
1648646657.113345271,0,0.000000
1648646657.134208734,0,0.000000
1648646657.157458773,0,0.000000
1648646657.179621150,0,0.000000
1648646657.202439737,0,0.000000
1648646657.224136805,0,0.000000
1648646657.246015083,0,0.000000
1648646657.268772209,0,0.000000
1648646657.289916741,0,0.000000
1648646657.311686177,0,0.000000
1648646657.333989455,0,0.000000
1648646657.356442424,0,0.005000
1648646657.379810187,0,0.008000
1648646657.401745270,0,0.000000
1648646657.425279686,0,0.000000
1648646657.448459668,0,0.000000
1648646657.470864653,0,0.000000
1648646657.492044083,0,0.000000
1648646657.515959252,0,0.000000
1648646657.538420486,0,0.000000
1648646657.561207404,0,0.000000
1648646657.583569078,0,0.000000
1648646657.606655183,0,0.000000
1648646657.629238613,0,0.000000
1648646657.651846937,0,0.000000
1648646657.675760056,0,0.000000
1648646657.697991485,0,0.000000
1648646657.721074626,0,0.000000
1648646657.743897532,0,0.000000
1648646657.767875182,0,0.001000
1648646657.789725375,0,0.000000
1648646657.811705255,0,0.000000
1648646657.832592975,0,0.000000
1648646657.855335933,0,0.000000
1648646657.877012488,0,0.000000
1648646657.899038873,0,0.000000
1648646657.922137569,0,0.000000
1648646657.944824704,0,0.002000
1648646657.967124082,0,0.000000
1648646657.989295896,0,0.000000
1648646658.012023540,0,0.000000
1648646658.033229100,0,0.000000
1648646658.055231240,0,0.001000
1648646658.077755301,0,0.000000
1648646658.100257049,0,0.000000
1648646658.122297160,0,0.000000
1648646658.144800251,0,0.000000
1648646658.165081271,0,0.000000
1648646658.187005966,0,0.000000
1648646658.209246015,0,0.000000
1648646658.231372100,0,0.000000
1648646658.255232080,0,0.000000
1648646658.277762010,0,0.000000
1648646658.300396003,0,0.000000
1648646658.323901760,0,0.001000
1648646658.347304557,0,0.000000
1648646658.368067001,0,0.000000
1648646658.390588011,0,0.000000
1648646658.413420870,0,0.000000
1648646658.433832906,0,0.000000
1648646658.456021624,0,0.000000
1648646658.478700138,0,0.000000
1648646658.501541463,0,0.000000
1648646658.524586316,0,0.001000
1648646658.546638200,0,0.000000
1648646658.570308031,0,0.000000
1648646658.594091657,0,0.000000
1648646658.617439664,0,0.000000
1648646658.640126889,0,0.010000
1648646658.662315375,0,0.000000
1648646658.685252701,0,0.000000
1648646658.708405530,0,0.000000
1648646658.731479165,0,0.000000
1648646658.754379797,1,0.000000
1648646658.776862123,0,0.000000
1648646658.798627680,0,0.003000
1648646658.821694805,1,0.002000
1648646658.844689356,0,0.000000
1648646658.866224604,0,0.000000
1648646658.888277379,0,0.001000
1648646658.911413319,0,0.000000
1648646658.931802609,0,0.000000
1648646658.956001948,0,0.000000
1648646658.978077308,0,0.000000
1648646659.001868246,0,0.000000
1648646659.024572624,0,0.000000
1648646659.046770216,0,0.000000
1648646659.068602719,0,0.000000
1648646659.092137360,0,0.000000
1648646659.115302664,0,0.000000
1648646659.138234061,0,0.000000
1648646659.160038062,0,0.000000
1648646659.183850296,0,0.000000
1648646659.206939410,0,0.000000
1648646659.228967640,0,0.000000
1648646659.251614591,0,0.000000
1648646659.272800636,0,0.000000
1648646659.295351385,0,0.001000
1648646659.318164487,0,0.000000
1648646659.341192657,0,0.000000
1648646659.363964507,0,0.000000
1648646659.386449528,0,0.000000
1648646659.407347213,0,0.000000
1648646659.429415787,0,0.000000
1648646659.451410833,0,0.000000
1648646659.473260667,0,0.000000
1648646659.495903819,0,0.003000
1648646659.518285910,0,0.000000
1648646659.540332624,0,0.012000
1648646659.561889365,0,0.000000
1648646659.582394992,0,0.004000
1648646659.605216874,0,0.000000
1648646659.628808215,0,0.000000
1648646659.651557002,0,0.000000
1648646659.673393464,0,0.000000
1648646659.694392077,0,0.000000
1648646659.715269984,0,0.000000
1648646659.738326013,0,0.000000
1648646659.762125521,0,0.003000
1648646659.784445944,0,0.000000
1648646659.807939337,0,0.008000
1648646659.829839762,0,0.000000
1648646659.852860403,0,0.000000
1648646659.877553756,0,0.001000
1648646659.900755739,0,0.000000
1648646659.923993053,0,0.000000
1648646659.947449304,0,0.000000
1648646659.968270756,0,0.000000
1648646659.992299323,0,0.000000
1648646660.014097985,0,0.000000
1648646660.036914377,0,0.000000
1648646660.060159175,1,0.000000
1648646660.082804271,0,0.000000
1648646660.106069440,0,0.000000
1648646660.125585809,0,0.000000
1648646660.147608284,0,0.000000
1648646660.172325775,0,0.000000
1648646660.194212884,0,0.004000
1648646660.217562403,0,0.000000
1648646660.240346642,0,0.000000
1648646660.263535589,0,0.000000
1648646660.286896735,0,0.000000
1648646660.309686064,0,0.001000
1648646660.332819188,0,0.000000
1648646660.354705908,0,0.008000
1648646660.378435477,0,0.000000
1648646660.401653749,0,0.000000
1648646660.424612675,0,0.000000
1648646660.446715269,0,0.000000
1648646660.468051157,0,0.000000
1648646660.489795838,0,0.001000
1648646660.513471214,0,0.000000
1648646660.536535690,0,0.000000
1648646660.559572396,0,0.000000
1648646660.581406818,0,0.005000
1648646660.603528858,0,0.000000
1648646660.626326746,0,0.000000
1648646660.649070414,0,0.000000
1648646660.672064396,0,0.000000
1648646660.694878241,0,0.000000
1648646660.717281469,0,0.004000
1648646660.739378684,0,0.000000
1648646660.760552107,0,0.000000
1648646660.783141817,0,0.000000
1648646660.806813773,1,0.000000
1648646660.829739730,0,0.000000
1648646660.852150894,0,0.000000
1648646660.871938475,0,0.004000
1648646660.893431891,0,0.000000
1648646660.916051854,0,0.001000
1648646660.938590985,0,0.000000
1648646660.960995793,0,0.000000
1648646660.981467454,0,0.000000
1648646661.002877804,0,0.000000
1648646661.023988408,0,0.000000
1648646661.046186052,1,0.000000
1648646661.067379034,1,0.000000
1648646661.089632284,0,0.004000
1648646661.112273563,0,0.000000
1648646661.133715877,1,0.000000
1648646661.156800655,0,0.024000
1648646661.180862113,0,0.007000
1648646661.203460233,0,0.000000
1648646661.225948542,0,0.000000
1648646661.249179546,0,0.000000
1648646661.270807986,0,0.000000
1648646661.293592068,0,0.000000
1648646661.314835041,0,0.001000
1648646661.338456061,0,0.000000
1648646661.361475056,0,0.000000
1648646661.384032653,2,0.001000
1648646661.407322749,0,0.000000
1648646661.430357326,0,0.000000
1648646661.452866930,0,0.000000
1648646661.476040652,0,0.000000
1648646661.499264025,0,0.000000
1648646661.520875516,0,0.000000
1648646661.543533679,1,0.001000
1648646661.567005822,0,0.000000
1648646661.588893563,0,0.000000
1648646661.612190069,0,0.000000
1648646661.636458378,0,0.000000
1648646661.659499503,0,0.000000
1648646661.683305803,0,0.000000
1648646661.706570903,0,0.000000
1648646661.727796996,0,0.000000
1648646661.751544904,0,0.000000
1648646661.773170092,0,0.001000
1648646661.794785312,0,0.000000
1648646661.816950174,0,0.001000
1648646661.841416651,0,0.000000
1648646661.865225680,0,0.000000
1648646661.888876418,0,0.000000
1648646661.911848259,0,0.001000
1648646661.933670598,0,0.000000
1648646661.956425690,0,0.000000
1648646661.979233082,0,0.000000
1648646662.001301358,0,0.000000
1648646662.023011962,0,0.000000
1648646662.045289896,0,0.000000
1648646662.068235551,0,0.000000
1648646662.091136778,0,0.001000
1648646662.113792723,0,0.000000
1648646662.134240904,0,0.000000
1648646662.157006210,0,0.000000
1648646662.179956045,0,0.000000
1648646662.203171133,0,0.000000
1648646662.226323595,0,0.000000
1648646662.249113977,0,0.000000
1648646662.272398947,0,0.001000
1648646662.294404816,0,0.000000
1648646662.315502091,0,0.000000
1648646662.338589087,0,0.000000
1648646662.359120783,0,0.000000
1648646662.382450148,0,0.000000
1648646662.405009366,0,0.000000
1648646662.426830312,0,0.000000
1648646662.449814010,0,0.001000
1648646662.473212206,0,0.002000
1648646662.495191416,0,0.000000
1648646662.518322468,0,0.000000
1648646662.540885509,0,0.000000
1648646662.563338400,0,0.000000
1648646662.585144872,0,0.000000
1648646662.606952935,0,0.000000
1648646662.630950799,0,0.000000
1648646662.655501534,0,0.001000
1648646662.676888177,0,0.000000
1648646662.698928750,0,0.000000
1648646662.718312296,0,0.000000
1648646662.739994606,0,0.000000
1648646662.762178663,0,0.000000
1648646662.784424889,0,0.000000
1648646662.807805136,0,0.001000
1648646662.829918082,0,0.000000
1648646662.851183526,0,0.002000
1648646662.873907027,0,0.000000
1648646662.896121625,0,0.000000
1648646662.918029405,0,0.000000
1648646662.940887572,0,0.000000
1648646662.963104816,0,0.001000
1648646662.987013338,0,0.000000
1648646663.010286315,0,0.000000
1648646663.032311873,0,0.000000
1648646663.053496702,0,0.000000
1648646663.077560582,0,0.000000
1648646663.100306776,0,0.000000
1648646663.123106630,1,0.000000
1648646663.144611408,0,0.000000
1648646663.167175423,0,0.000000
1648646663.189901000,0,0.000000
1648646663.209923926,0,0.000000
1648646663.232096380,0,0.000000
1648646663.254376589,0,0.000000
1648646663.276560068,0,0.002000
1648646663.298750322,0,0.000000
1648646663.321474156,0,0.018000
1648646663.343619574,1,0.000000
1648646663.365195422,0,0.000000
1648646663.386546424,0,0.000000
1648646663.411220430,0,0.000000
1648646663.434484295,0,0.000000
1648646663.458371876,0,0.000000
1648646663.480547301,0,0.000000
1648646663.504022136,0,0.000000
1648646663.527180517,0,0.000000
1648646663.550368597,0,0.003000
1648646663.573716600,0,0.000000
1648646663.596065347,0,0.000000
1648646663.616773450,0,0.000000
1648646663.639731556,0,0.000000
1648646663.661700908,0,0.000000
1648646663.682674198,0,0.000000
1648646663.707018336,0,0.000000
1648646663.729249336,0,0.000000
1648646663.751536293,0,0.000000
1648646663.772331249,0,0.000000
1648646663.793158617,0,0.000000
1648646663.814652169,0,0.000000
1648646663.837879403,0,0.000000
1648646663.859835169,0,0.000000
1648646663.882164240,0,0.000000
1648646663.904250281,0,0.000000
1648646663.925545236,0,0.000000
1648646663.948122280,0,0.000000
1648646663.971144166,0,0.000000
1648646663.991094029,0,0.000000
1648646664.014207396,0,0.000000
1648646664.035898642,0,0.000000
1648646664.057028145,0,0.000000
1648646664.077795924,0,0.000000
1648646664.100012485,0,0.000000
1648646664.121098156,0,0.000000
1648646664.143460888,0,0.008000
1648646664.166789052,0,0.000000
1648646664.189466949,0,0.000000
1648646664.211081767,0,0.000000
1648646664.232238134,0,0.000000
1648646664.254989813,0,0.000000
1648646664.277656913,1,0.002000
1648646664.296783909,0,0.000000
1648646664.320109173,0,0.000000
1648646664.342027673,0,0.000000
1648646664.365131490,0,0.000000
1648646664.386260130,0,0.000000
1648646664.408135450,0,0.000000
1648646664.430229566,0,0.000000
1648646664.451705619,0,0.000000
1648646664.474876940,0,0.000000
1648646664.498033097,0,0.000000
1648646664.520211807,0,0.000000
1648646664.541424885,0,0.000000
1648646664.563198437,0,0.000000
1648646664.585069296,0,0.000000
1648646664.607802218,0,0.000000
1648646664.630870644,1,0.000000
1648646664.653840113,0,0.000000
1648646664.676277749,0,0.000000
1648646664.696559469,0,0.000000
1648646664.720370274,0,0.000000
1648646664.742675916,0,0.000000
1648646664.765546822,0,0.000000
1648646664.789725636,0,0.000000
1648646664.811761884,0,0.000000
1648646664.832479583,0,0.000000
1648646664.855150909,1,0.000000
1648646664.877885671,0,0.000000
1648646664.900909725,0,0.000000
1648646664.923206108,0,0.000000
1648646664.945783435,0,0.000000
1648646664.968809136,0,0.000000
1648646664.992615042,0,0.000000
1648646665.015265363,0,0.000000
1648646665.038201786,0,0.000000
1648646665.060665179,0,0.000000
1648646665.083141985,0,0.000000
1648646665.106979417,0,0.013000
1648646665.129173254,0,0.000000
1648646665.150189186,0,0.000000
1648646665.172973857,0,0.000000
1648646665.194984466,0,0.000000
1648646665.216637552,0,0.000000
1648646665.240063340,0,0.003000
1648646665.261171571,0,0.000000
1648646665.282361214,0,0.000000
1648646665.304994895,0,0.000000
1648646665.327989059,0,0.000000
1648646665.353127874,0,0.004000
1648646665.374231828,0,0.004000
1648646665.396716618,0,0.000000
1648646665.419359248,0,0.000000
1648646665.440223558,1,0.007000
1648646665.462982547,0,0.000000
1648646665.484122270,0,0.000000
1648646665.506878308,0,0.021000
1648646665.528349042,0,0.000000
1648646665.550886498,0,0.000000
1648646665.574264183,0,0.000000
1648646665.597299398,1,0.000000
1648646665.620252236,0,0.014000
1648646665.642933764,0,0.000000
1648646665.665470263,0,0.000000
1648646665.689415840,0,0.000000
1648646665.711533228,0,0.000000
1648646665.734386439,0,0.000000
1648646665.756568624,0,0.000000
1648646665.779654364,0,0.000000
1648646665.802393706,0,0.000000
1648646665.824029629,0,0.000000
1648646665.845417304,0,0.000000
1648646665.867866575,0,0.000000
1648646665.890803191,0,0.000000
1648646665.914430588,0,0.000000
1648646665.936928046,0,0.015000
1648646665.960354263,0,0.000000
1648646665.983303498,1,0.000000
1648646666.005930835,0,0.000000
1648646666.028564374,0,0.000000
1648646666.050143610,0,0.000000
1648646666.073287512,0,0.000000
1648646666.094715916,0,0.000000
1648646666.115795330,0,0.000000
1648646666.138511083,0,0.000000
1648646666.161710383,0,0.001000
1648646666.185487458,0,0.000000
1648646666.207705517,0,0.000000
1648646666.230914499,1,0.001000
1648646666.253124974,0,0.000000
1648646666.274091370,0,0.000000
1648646666.296074468,0,0.000000
1648646666.319437903,0,0.000000
1648646666.340005377,0,0.000000
1648646666.362362009,0,0.000000
1648646666.384386776,0,0.012000
1648646666.407250584,1,0.014000
1648646666.430066753,0,0.000000
1648646666.453304988,0,0.000000
1648646666.476498888,0,0.000000
1648646666.497951220,0,0.000000
1648646666.521189037,0,0.000000
1648646666.544432566,0,0.000000
1648646666.566542256,0,0.000000
1648646666.589371280,0,0.000000
1648646666.611649633,0,0.000000
1648646666.632579528,1,0.011000
1648646666.655711079,0,0.000000
1648646666.677536773,0,0.000000
1648646666.700241295,0,0.000000
1648646666.723351906,0,0.010000
1648646666.745333928,0,0.000000
1648646666.766957909,0,0.000000
1648646666.789425568,0,0.000000
1648646666.811890270,0,0.000000
1648646666.835125562,0,0.000000
1648646666.858089513,0,0.001000
1648646666.879564058,0,0.007000
1648646666.902343660,0,0.000000
1648646666.925431112,0,0.006000
1648646666.948704506,0,0.000000
1648646666.970233260,0,0.000000
1648646666.992927893,0,0.000000
1648646667.016167957,0,0.000000
1648646667.038031020,0,0.000000
1648646667.060329400,0,0.000000
1648646667.081069845,0,0.000000
1648646667.103486464,0,0.000000
1648646667.125037953,0,0.000000
1648646667.147524191,0,0.000000
1648646667.171326221,0,0.000000
1648646667.193584888,0,0.000000
1648646667.217384190,0,0.007000
1648646667.237902810,0,0.001000
1648646667.260999370,0,0.000000
1648646667.284283900,0,0.000000
1648646667.307474243,0,0.000000
1648646667.329290478,0,0.000000
1648646667.350671544,1,0.001000
1648646667.372405021,0,0.000000
1648646667.395197722,0,0.000000
1648646667.418162455,0,0.000000
1648646667.441294649,0,0.000000
1648646667.465401155,0,0.000000
1648646667.489022596,0,0.000000
1648646667.511361838,0,0.000000
1648646667.535141289,0,0.000000
1648646667.556582858,0,0.000000
1648646667.579698432,0,0.000000
1648646667.604813693,0,0.000000
1648646667.625397325,0,0.000000
1648646667.646959616,0,0.012000
1648646667.668607653,0,0.000000
1648646667.691221031,0,0.000000
1648646667.713237224,0,0.000000
1648646667.735780557,0,0.000000
1648646667.758826955,0,0.000000
1648646667.780912006,0,0.000000
1648646667.803451425,0,0.006000
1648646667.827145996,0,0.008000
1648646667.849173533,0,0.000000
1648646667.871252638,0,0.000000
1648646667.894484930,0,0.000000
1648646667.918262285,0,0.001000
1648646667.941488320,0,0.000000
1648646667.964812048,0,0.000000
1648646667.986869050,0,0.000000
1648646668.009242128,0,0.000000
1648646668.031794244,0,0.000000
1648646668.053137149,0,0.000000
1648646668.077113840,0,0.000000
1648646668.099484498,0,0.007000
1648646668.121058071,0,0.000000
1648646668.143063205,0,0.000000
1648646668.164470835,0,0.000000
1648646668.187509587,0,0.000000
1648646668.211921461,0,0.000000
1648646668.234760707,0,0.000000
1648646668.256436458,0,0.000000
1648646668.278928329,0,0.000000
1648646668.301272973,0,0.002000
1648646668.325054111,0,0.000000
1648646668.347783874,0,0.000000
1648646668.371341032,0,0.000000
1648646668.394051728,0,0.000000
1648646668.416570965,0,0.000000
1648646668.440105051,0,0.000000
1648646668.462888087,0,0.000000
1648646668.486805400,0,0.000000
1648646668.508420341,0,0.001000
1648646668.530098900,0,0.000000
1648646668.552209266,0,0.000000
1648646668.575721933,1,0.013000
1648646668.599105412,0,0.000000
1648646668.621600692,0,0.000000
1648646668.644240621,0,0.000000
1648646668.665791502,0,0.000000
1648646668.687072550,0,0.000000
1648646668.708214622,0,0.001000
1648646668.730164812,0,0.000000
1648646668.751034555,0,0.000000
1648646668.772814087,0,0.000000
1648646668.795120049,0,0.000000
1648646668.818456326,0,0.000000
1648646668.841241655,0,0.000000
1648646668.863954244,0,0.000000
1648646668.885460417,1,0.001000
1648646668.907169583,0,0.000000
1648646668.929398299,0,0.012000
1648646668.951197475,1,0.001000
1648646668.973070889,0,0.000000
1648646668.994433729,0,0.000000
1648646669.017352210,0,0.000000
1648646669.039962744,0,0.000000
1648646669.062982644,0,0.000000
1648646669.084458748,0,0.000000
1648646669.107477310,0,0.000000
1648646669.129255683,0,0.000000
1648646669.151265052,1,0.000000
1648646669.173086847,0,0.000000
1648646669.196190487,0,0.000000
1648646669.218822050,0,0.000000
1648646669.241376563,0,0.000000
1648646669.263789979,0,0.000000
1648646669.285198628,0,0.000000
1648646669.308532462,0,0.004000
1648646669.332314990,1,0.000000
1648646669.354289408,0,0.000000
1648646669.376730749,0,0.000000
1648646669.399492674,0,0.000000
1648646669.421875987,0,0.000000
1648646669.444125887,0,0.000000
1648646669.467694619,0,0.000000
1648646669.491002511,0,0.000000
1648646669.512784620,0,0.000000
1648646669.534708195,0,0.000000
1648646669.555901170,0,0.000000
1648646669.578832333,0,0.000000
1648646669.601341884,0,0.000000
1648646669.622980296,0,0.003000
1648646669.645477759,0,0.003000
1648646669.668464607,0,0.000000
1648646669.689733590,0,0.000000
1648646669.712531492,0,0.000000
1648646669.734093081,0,0.000000
1648646669.756902465,0,0.000000
1648646669.779947048,0,0.000000
1648646669.802691112,0,0.000000
1648646669.824554658,0,0.000000
1648646669.847606086,0,0.000000
1648646669.870466437,0,0.000000
1648646669.891641017,0,0.000000
1648646669.913905161,0,0.000000
1648646669.935499363,0,0.000000
1648646669.958701948,0,0.000000
1648646669.980788880,0,0.007000
1648646670.003291245,0,0.000000
1648646670.026034352,0,0.000000
1648646670.049658428,0,0.000000
1648646670.073490868,0,0.000000
1648646670.095318442,0,0.000000
1648646670.118105680,0,0.000000
1648646670.141749122,0,0.000000
1648646670.164113933,0,0.000000
1648646670.187475894,0,0.000000
1648646670.210415346,0,0.000000
1648646670.234128083,0,0.000000
1648646670.256424113,2,0.003000
1648646670.277327871,0,0.000000
1648646670.299025309,1,0.000000
1648646670.319555619,0,0.000000
1648646670.342975901,0,0.000000
1648646670.364729610,0,0.003000
1648646670.387111130,0,0.000000
1648646670.409152399,0,0.000000
1648646670.432308092,0,0.000000
1648646670.454431549,0,0.000000
1648646670.478031949,0,0.000000
1648646670.500155608,0,0.008000
1648646670.522340274,0,0.000000
1648646670.545488851,0,0.000000
1648646670.568554385,0,0.000000
1648646670.591477700,0,0.000000
1648646670.615239084,0,0.000000
1648646670.638880588,0,0.000000
1648646670.662091673,0,0.006000
1648646670.683893714,0,0.000000
1648646670.707370219,0,0.000000
1648646670.728951864,0,0.000000
1648646670.751719479,0,0.015000
1648646670.772680874,0,0.000000
1648646670.796367940,0,0.000000
1648646670.819100872,0,0.000000
1648646670.841865201,1,0.000000
1648646670.863423766,0,0.000000
1648646670.886104830,1,0.000000
1648646670.909333076,0,0.009000
1648646670.929927419,0,0.007000
1648646670.952441497,1,0.000000
1648646670.975721108,0,0.001000
1648646670.999033961,0,0.000000
1648646671.022559559,0,0.001000
1648646671.044978650,0,0.000000
1648646671.069197475,0,0.000000
1648646671.090930992,0,0.000000
1648646671.113485950,0,0.000000
1648646671.135138187,0,0.000000
1648646671.157504754,0,0.000000
1648646671.179470588,0,0.000000
1648646671.201653052,0,0.000000
1648646671.223956290,0,0.000000
1648646671.247661741,0,0.000000
1648646671.270923159,0,0.000000
1648646671.293197095,0,0.000000
1648646671.315310710,0,0.002000
1648646671.337792257,0,0.000000
1648646671.360467525,0,0.000000
1648646671.383163473,0,0.000000
1648646671.406409417,0,0.000000
1648646671.429148414,0,0.000000
1648646671.450998419,0,0.000000
1648646671.472870147,0,0.000000
1648646671.495171031,0,0.000000
1648646671.517679673,0,0.000000
1648646671.538785910,0,0.000000
1648646671.560533233,0,0.000000
1648646671.584120323,0,0.006000
1648646671.606911176,0,0.006000
1648646671.628282983,0,0.000000
1648646671.650410968,0,0.000000
1648646671.672763968,0,0.000000
1648646671.694436239,0,0.000000
1648646671.717809399,0,0.000000
1648646671.739090962,0,0.000000
1648646671.761839295,0,0.000000
1648646671.783405402,0,0.000000
1648646671.806324895,0,0.000000
1648646671.829201258,0,0.000000
1648646671.851407547,0,0.000000
1648646671.873308106,0,0.000000
1648646671.896463344,0,0.000000
1648646671.918813175,0,0.000000
1648646671.941724591,0,0.000000
1648646671.965108667,0,0.000000
1648646671.986147689,0,0.000000
1648646672.009155218,0,0.000000
1648646672.032626175,0,0.000000
1648646672.054315183,0,0.003000
1648646672.076176809,0,0.000000
1648646672.098141943,0,0.000000
1648646672.119540955,0,0.005000
1648646672.143245477,0,0.001000
1648646672.167423294,0,0.000000
1648646672.190396303,0,0.000000
1648646672.213066778,1,0.001000
1648646672.234842094,0,0.000000
1648646672.258434102,0,0.000000
1648646672.281440503,0,0.000000
1648646672.304116250,1,0.001000
1648646672.326755264,0,0.000000
1648646672.350316349,0,0.000000
1648646672.372757917,0,0.000000
1648646672.392949549,0,0.000000
1648646672.415502920,0,0.000000
1648646672.438955750,0,0.000000
1648646672.460936762,0,0.000000
1648646672.483465712,0,0.001000
1648646672.504628258,0,0.000000
1648646672.526976363,0,0.000000
1648646672.549197271,0,0.000000
1648646672.572660675,0,0.000000
1648646672.596275479,0,0.000000
1648646672.618189084,0,0.000000
1648646672.641097951,0,0.000000
1648646672.664783606,0,0.000000
1648646672.687765275,0,0.000000
1648646672.712076359,0,0.000000
1648646672.734744597,0,0.000000
1648646672.756177869,0,0.001000
1648646672.778772793,0,0.000000
1648646672.799807603,0,0.000000
1648646672.822375802,0,0.000000
1648646672.844141719,1,0.000000
1648646672.866720952,0,0.006000
1648646672.889025363,1,0.000000
1648646672.911880964,0,0.002000
1648646672.933771758,0,0.008000
1648646672.956214924,0,0.000000
1648646672.977292178,0,0.000000
1648646673.001484702,0,0.000000
1648646673.024487398,0,0.000000
1648646673.046144723,0,0.000000
1648646673.068389348,0,0.000000
1648646673.090028830,0,0.000000
1648646673.112564331,0,0.000000
1648646673.135704011,0,0.000000
1648646673.156584161,0,0.007000
1648646673.177265838,0,0.000000
1648646673.201158225,0,0.000000
1648646673.222322043,0,0.000000
1648646673.245182877,0,0.000000
1648646673.267740025,0,0.000000
1648646673.291015986,0,0.000000
1648646673.313303235,0,0.008000
1648646673.335213147,0,0.001000
1648646673.357014879,0,0.000000
1648646673.380834287,0,0.000000
1648646673.403027842,0,0.010000
1648646673.425866123,0,0.000000
1648646673.448844131,0,0.000000
1648646673.471114599,0,0.001000
1648646673.493344092,1,0.000000
1648646673.515443418,0,0.000000
1648646673.537302257,0,0.000000
1648646673.559719068,0,0.000000
1648646673.580731104,0,0.000000
1648646673.604231507,0,0.000000
1648646673.627482027,0,0.003000
1648646673.650590540,0,0.000000
1648646673.673298753,0,0.000000
1648646673.696458747,0,0.000000
1648646673.719916272,0,0.000000
1648646673.742226166,0,0.000000
1648646673.764584314,0,0.000000
1648646673.788050618,0,0.000000
1648646673.809846183,0,0.000000
1648646673.833108881,0,0.000000
1648646673.856503876,0,0.000000
1648646673.879216541,0,0.000000
1648646673.902666453,0,0.000000
1648646673.924149497,0,0.000000
1648646673.946210804,0,0.000000
1648646673.969845836,0,0.000000
1648646673.990673649,0,0.003000
1648646674.011772537,0,0.000000
1648646674.034799231,0,0.000000
1648646674.057502358,0,0.000000
1648646674.078381697,0,0.000000
1648646674.100236005,0,0.000000
1648646674.122432005,0,0.000000
1648646674.145472422,0,0.000000
1648646674.167870486,0,0.000000
1648646674.188990688,0,0.000000
1648646674.211909451,0,0.000000
1648646674.234568520,0,0.000000
1648646674.256789446,0,0.000000
1648646674.279342004,0,0.000000
1648646674.302504317,0,0.000000
1648646674.324728037,0,0.000000
1648646674.347094503,0,0.000000
1648646674.370647824,0,0.000000
1648646674.391658888,0,0.000000
1648646674.414997459,0,0.000000
1648646674.438295114,0,0.000000
1648646674.461031188,0,0.000000
1648646674.483982739,0,0.000000
1648646674.507110318,0,0.000000
1648646674.530037490,0,0.000000
1648646674.552084946,0,0.000000
1648646674.575009371,0,0.000000
1648646674.596933902,0,0.000000
1648646674.618940245,0,0.000000
1648646674.643254201,0,0.001000
1648646674.664078456,0,0.000000
1648646674.685578856,0,0.001000
1648646674.708726536,0,0.000000
1648646674.731786600,0,0.000000
1648646674.754164036,0,0.000000
1648646674.777728362,0,0.000000
1648646674.798904884,0,0.000000
1648646674.822559997,0,0.000000
1648646674.845650213,1,0.014000
1648646674.867406843,0,0.003000
1648646674.889863288,0,0.000000
1648646674.912736607,0,0.000000
1648646674.936398311,0,0.000000
1648646674.958567911,0,0.002000
1648646674.981275588,0,0.000000
1648646675.003481925,0,0.000000
1648646675.025389379,0,0.000000
1648646675.049181655,0,0.016000
1648646675.070966861,0,0.000000
1648646675.094292904,1,0.000000
1648646675.117119415,0,0.000000
1648646675.139283295,0,0.000000
1648646675.161672024,0,0.000000
1648646675.183630847,0,0.007000
1648646675.206277658,0,0.000000
1648646675.229001850,0,0.000000
1648646675.250840518,0,0.000000
1648646675.272722960,0,0.000000
1648646675.295527847,0,0.000000
1648646675.317263715,0,0.003000
1648646675.338073463,0,0.000000
1648646675.361464029,0,0.000000
1648646675.381465959,0,0.000000
1648646675.404383616,0,0.000000
1648646675.427521339,0,0.000000
1648646675.448347467,0,0.001000
1648646675.470666781,0,0.000000
1648646675.494309530,0,0.000000
1648646675.516565631,0,0.003000
1648646675.539165323,0,0.000000
1648646675.559111673,0,0.000000
1648646675.581059281,0,0.000000
1648646675.603669229,0,0.000000
1648646675.626237535,0,0.000000
1648646675.649841667,0,0.001000
1648646675.670598973,0,0.000000
1648646675.692959937,0,0.000000
1648646675.714277502,0,0.000000
1648646675.736367842,0,0.000000
1648646675.756997332,0,0.000000
1648646675.778665545,0,0.000000
1648646675.800298755,1,0.000000
1648646675.822308067,0,0.000000
1648646675.845151568,0,0.000000
1648646675.867465371,0,0.001000
1648646675.890235538,0,0.000000
1648646675.913392496,0,0.000000
1648646675.936374885,0,0.000000
1648646675.957463298,0,0.000000
1648646675.978927427,0,0.000000
1648646676.000961528,0,0.000000
1648646676.022319827,0,0.000000
1648646676.045340084,0,0.000000
1648646676.068566448,0,0.000000
1648646676.091378400,0,0.000000
1648646676.113986067,0,0.000000
1648646676.136330401,0,0.000000
1648646676.159131796,0,0.000000
1648646676.182337484,1,0.012000
1648646676.204663660,0,0.003000
1648646676.226551941,0,0.000000
1648646676.248721089,0,0.000000
1648646676.272469985,1,0.009000
1648646676.294613345,0,0.000000
1648646676.316122626,0,0.018000
1648646676.336222647,0,0.010000
1648646676.358583490,0,0.003000
1648646676.381117190,0,0.000000
1648646676.403207364,0,0.000000
1648646676.425714743,0,0.000000
1648646676.447870496,0,0.000000
1648646676.470006622,0,0.000000
1648646676.491859311,0,0.000000
1648646676.514149188,0,0.017000
1648646676.536962357,0,0.000000
1648646676.558715567,0,0.000000
1648646676.580855178,0,0.001000
1648646676.603905781,0,0.000000
1648646676.626461128,0,0.000000
1648646676.650657780,1,0.001000
1648646676.672103093,0,0.000000
1648646676.694878394,1,0.000000
1648646676.717731563,0,0.000000
1648646676.741187967,0,0.000000
1648646676.761524816,2,0.000000
1648646676.783525290,0,0.000000
1648646676.804685634,0,0.000000
1648646676.828015443,0,0.004000
1648646676.850959281,0,0.000000
1648646676.873977795,0,0.000000
1648646676.896434188,1,0.000000
1648646676.918807266,0,0.000000
1648646676.942373140,0,0.000000
1648646676.965159824,0,0.000000
1648646676.988160652,0,0.001000
1648646677.010118358,0,0.003000
1648646677.033435062,0,0.008000
1648646677.056091951,0,0.000000
1648646677.078867409,0,0.000000
1648646677.101466956,0,0.000000
1648646677.124870913,0,0.000000
1648646677.148965263,0,0.000000
1648646677.169820904,0,0.000000
1648646677.191811210,0,0.001000
1648646677.214293215,0,0.000000
1648646677.237552956,0,0.000000
1648646677.260721297,0,0.000000
1648646677.283492276,0,0.000000
1648646677.306455643,0,0.000000
1648646677.328176558,0,0.000000
1648646677.351553389,0,0.000000
1648646677.372246831,0,0.000000
1648646677.395118821,0,0.000000
1648646677.418844671,0,0.000000
1648646677.441585641,0,0.000000
1648646677.465008236,0,0.000000
1648646677.487676794,0,0.000000
1648646677.511477253,0,0.000000
1648646677.533286916,0,0.006000
1648646677.557341419,0,0.000000
1648646677.580612923,0,0.000000
1648646677.602534289,0,0.000000
1648646677.624658523,0,0.000000
1648646677.646949284,0,0.000000
1648646677.670111731,0,0.000000
1648646677.693871482,0,0.001000
1648646677.717144839,0,0.006000
1648646677.738673330,0,0.000000
1648646677.759069025,0,0.000000
1648646677.782552588,0,0.000000
1648646677.804786775,0,0.000000
1648646677.824968435,0,0.000000
1648646677.846253292,0,0.000000
1648646677.869091707,0,0.000000
1648646677.892760002,0,0.000000
1648646677.915036530,0,0.000000
1648646677.937041884,0,0.000000
1648646677.959775498,0,0.000000
1648646677.982158910,0,0.000000
1648646678.005780371,0,0.001000
1648646678.027359039,0,0.000000
1648646678.049791225,0,0.000000
1648646678.073152818,0,0.000000
1648646678.096487230,0,0.000000
1648646678.119736513,0,0.000000
1648646678.141567675,0,0.000000
1648646678.164047903,0,0.000000
1648646678.187033772,0,0.000000
1648646678.210105126,0,0.000000
1648646678.230220634,0,0.000000
1648646678.252987407,0,0.000000
1648646678.275996367,0,0.000000
1648646678.300067212,1,0.000000
1648646678.321608537,0,0.006000
1648646678.344976344,0,0.000000
1648646678.367127853,0,0.000000
1648646678.389347391,0,0.000000
1648646678.412446797,0,0.000000
1648646678.434286867,0,0.000000
1648646678.454725125,0,0.000000
1648646678.476861039,0,0.000000
1648646678.500202784,0,0.000000
1648646678.522540528,0,0.000000
1648646678.544026746,0,0.000000
1648646678.565892995,0,0.000000
1648646678.588753227,0,0.000000
1648646678.610303471,0,0.000000
1648646678.632786549,0,0.000000
1648646678.655741635,0,0.000000
1648646678.678174806,0,0.000000
1648646678.702413029,0,0.000000
1648646678.724571590,0,0.009000
1648646678.747649196,0,0.000000
1648646678.770470186,0,0.000000
1648646678.793882738,0,0.000000
1648646678.817439735,0,0.000000
1648646678.839015151,0,0.000000
1648646678.860849762,0,0.000000
1648646678.883303021,0,0.000000
1648646678.904802721,0,0.000000
1648646678.928464542,0,0.000000
1648646678.951563821,0,0.000000
1648646678.974801296,0,0.000000
1648646678.998173768,0,0.000000
1648646679.019497743,0,0.000000
1648646679.042446563,0,0.001000
1648646679.065954938,0,0.000000
1648646679.089335393,0,0.000000
1648646679.110014117,0,0.000000
1648646679.133096232,0,0.000000
1648646679.156236350,0,0.000000
1648646679.178706722,0,0.002000
1648646679.203040965,0,0.000000
1648646679.226119497,0,0.000000
1648646679.248351983,1,0.002000
1648646679.271688383,0,0.000000
1648646679.293103033,0,0.000000
1648646679.316617683,0,0.000000
1648646679.338906715,0,0.000000
1648646679.362279615,0,0.000000
1648646679.385938873,0,0.000000
1648646679.407475743,0,0.000000
1648646679.429470234,0,0.000000
1648646679.451843345,0,0.000000
1648646679.471971399,0,0.000000
1648646679.493719104,0,0.000000
1648646679.515724541,0,0.000000
1648646679.538446953,0,0.000000
1648646679.561866297,0,0.000000
1648646679.583916733,0,0.000000
1648646679.607038039,0,0.000000
1648646679.631279077,0,0.000000
1648646679.653055183,0,0.000000
1648646679.675255803,0,0.000000
1648646679.697850042,0,0.000000
1648646679.720183083,0,0.000000
1648646679.742744521,0,0.000000
1648646679.765797132,0,0.000000
1648646679.787630855,0,0.000000
1648646679.809374168,0,0.000000
1648646679.832087449,0,0.000000
