1648645709.847241279,0,0.001000
1648645709.871601615,0,0.001000
1648645709.893646169,0,0.001000
1648645709.914954773,0,0.001000
1648645709.937595015,0,0.001000
1648645709.958957885,0,0.001000
1648645709.979509906,0,0.001000
1648645710.001906824,0,0.001000
1648645710.022312608,0,0.001000
1648645710.044577575,0,0.001000
1648645710.064966343,0,0.001000
1648645710.086885557,0,0.001000
1648645710.109349548,0,0.001000
1648645710.131588541,0,0.001000
1648645710.154250609,0,0.001000
1648645710.175999344,0,0.001000
1648645710.198810828,0,0.001000
1648645710.220760657,0,0.001000
1648645710.243770070,0,0.001000
1648645710.266168811,0,0.001000
1648645710.289024372,0,0.001000
1648645710.310047781,0,0.001000
1648645710.332403351,0,0.000000
1648645710.353970536,1,0.000000
1648645710.377037387,1,0.042000
1648645710.398746104,3,0.038000
1648645710.421066853,0,0.000000
1648645710.444145168,0,0.001000
1648645710.466472469,2,0.065000
1648645710.488447850,0,0.000000
1648645710.508897065,0,0.000000
1648645710.530885979,0,0.010000
1648645710.551918480,0,0.000000
1648645710.573255036,0,0.000000
1648645710.597707101,0,0.020000
1648645710.620823907,0,0.017000
1648645710.644681797,2,0.049000
1648645710.666051719,0,0.000000
1648645710.689451031,0,0.017000
1648645710.711341831,0,0.000000
1648645710.733201689,0,0.000000
1648645710.756068039,3,0.054000
1648645710.777580927,2,0.030000
1648645710.799973984,0,0.000000
1648645710.822910813,0,0.000000
1648645710.843907064,1,0.049000
1648645710.867366434,0,0.001000
1648645710.889744497,0,0.012000
1648645710.911381313,2,0.023000
1648645710.933815428,0,0.000000
1648645710.955258264,2,0.102000
1648645710.978387412,0,0.000000
1648645711.001273241,0,0.000000
1648645711.023825094,0,0.001000
1648645711.045966440,0,0.000000
1648645711.068088026,0,0.000000
1648645711.091493336,0,0.000000
1648645711.112538641,0,0.000000
1648645711.135497580,1,0.000000
1648645711.158681871,0,0.000000
1648645711.181719291,0,0.000000
1648645711.203908071,2,0.042000
1648645711.226837940,0,0.000000
1648645711.250051326,2,0.073000
1648645711.269460069,1,0.017000
1648645711.291449547,0,0.000000
1648645711.314914093,0,0.007000
1648645711.335767031,0,0.037000
1648645711.358980236,0,0.000000
1648645711.379875329,1,0.012000
1648645711.402874988,0,0.000000
1648645711.425240113,0,0.000000
1648645711.447357594,0,0.000000
1648645711.470505773,3,0.070000
1648645711.491500654,1,0.055000
1648645711.513729474,1,0.017000
1648645711.537263445,1,0.000000
1648645711.560815703,0,0.000000
1648645711.584030854,2,0.077000
1648645711.607495617,0,0.000000
1648645711.629781879,0,0.000000
1648645711.653034167,0,0.000000
1648645711.675782619,0,0.000000
1648645711.698303410,0,0.000000
1648645711.719183583,0,0.000000
1648645711.741308330,0,0.000000
1648645711.763421456,0,0.000000
1648645711.785335387,0,0.000000
1648645711.808564525,0,0.000000
1648645711.831998054,0,0.000000
1648645711.855123707,0,0.018000
1648645711.876807565,0,0.000000
1648645711.898779325,0,0.000000
1648645711.921099669,0,0.000000
1648645711.944058837,0,0.000000
1648645711.966865911,0,0.000000
1648645711.988860707,0,0.000000
1648645712.011530033,0,0.000000
1648645712.034074857,0,0.000000
1648645712.057049150,0,0.000000
1648645712.077912549,0,0.000000
1648645712.101244987,0,0.000000
1648645712.123168519,0,0.000000
1648645712.144275169,0,0.000000
1648645712.166712502,2,0.024000
1648645712.190095131,0,0.000000
1648645712.212135913,2,0.044000
1648645712.233413857,0,0.000000
1648645712.257098020,0,0.000000
1648645712.279794524,0,0.000000
1648645712.302509424,0,0.000000
1648645712.323967532,0,0.000000
1648645712.346673861,0,0.035000
1648645712.368224661,0,0.000000
1648645712.390871568,0,0.000000
1648645712.414342584,0,0.000000
1648645712.436111916,0,0.000000
1648645712.459567548,4,0.045000
1648645712.480554792,2,0.037000
1648645712.502792384,0,0.000000
1648645712.525549840,0,0.000000
1648645712.547039851,0,0.020000
1648645712.569448536,1,0.033000
1648645712.590954927,0,0.000000
1648645712.615027267,3,0.023000
1648645712.638064443,2,0.027000
1648645712.660375745,3,0.023000
1648645712.684355769,0,0.000000
1648645712.705415097,0,0.000000
1648645712.728073154,0,0.000000
1648645712.749998526,0,0.000000
1648645712.772236751,3,0.059000
1648645712.794587648,0,0.000000
1648645712.816952068,0,0.000000
1648645712.838350563,0,0.000000
1648645712.859585540,0,0.000000
1648645712.882805096,0,0.000000
1648645712.905531967,0,0.000000
1648645712.928874803,0,0.010000
1648645712.951293000,0,0.000000
1648645712.972859504,0,0.000000
1648645712.996339188,3,0.066000
1648645713.018938182,0,0.000000
1648645713.041554199,1,0.029000
1648645713.063435331,0,0.000000
1648645713.085954130,0,0.000000
1648645713.110160251,0,0.000000
1648645713.133383349,0,0.000000
1648645713.156821693,0,0.000000
1648645713.180901164,2,0.046000
1648645713.204249611,0,0.000000
1648645713.227967034,0,0.000000
1648645713.250039348,0,0.018000
1648645713.271538176,0,0.000000
1648645713.293197041,2,0.015000
1648645713.315468494,0,0.000000
1648645713.337671562,0,0.012000
1648645713.360552882,0,0.000000
1648645713.383457955,0,0.000000
1648645713.406310539,0,0.000000
1648645713.427420395,0,0.000000
1648645713.451080100,3,0.059000
1648645713.473537345,0,0.015000
1648645713.495265549,0,0.000000
1648645713.518050003,0,0.000000
1648645713.541052737,0,0.000000
1648645713.564132381,1,0.030000
1648645713.586526563,0,0.000000
1648645713.609791432,0,0.000000
1648645713.632401291,0,0.000000
1648645713.654651172,0,0.000000
1648645713.676871618,0,0.000000
1648645713.699715749,0,0.000000
1648645713.722036421,4,0.095000
1648645713.744416456,0,0.000000
1648645713.767464138,0,0.000000
1648645713.790861886,0,0.000000
1648645713.814158522,1,0.000000
1648645713.836506059,0,0.000000
1648645713.859051409,0,0.000000
1648645713.881913873,0,0.000000
1648645713.904288301,0,0.000000
1648645713.926060676,1,0.018000
1648645713.949317019,0,0.000000
1648645713.971380751,0,0.000000
1648645713.992857471,0,0.000000
1648645714.015498560,0,0.000000
1648645714.037194531,0,0.000000
1648645714.058642378,0,0.000000
1648645714.081968579,0,0.000000
1648645714.104156687,2,0.025000
1648645714.126414276,0,0.000000
1648645714.149121746,0,0.000000
1648645714.170927947,0,0.007000
1648645714.194341737,0,0.000000
1648645714.215532892,0,0.000000
1648645714.237382735,0,0.000000
1648645714.259486987,0,0.000000
1648645714.281362283,0,0.000000
1648645714.304808520,1,0.018000
1648645714.326144839,2,0.065000
1648645714.348168461,1,0.000000
1648645714.370292423,3,0.035000
1648645714.393315723,0,0.000000
1648645714.415903808,0,0.000000
1648645714.437032094,0,0.000000
1648645714.460279733,4,0.069000
1648645714.482374906,1,0.015000
1648645714.505545474,3,0.028000
1648645714.528581602,0,0.000000
1648645714.551301414,0,0.027000
1648645714.573567496,1,0.029000
1648645714.595411000,0,0.001000
1648645714.617877574,1,0.028000
1648645714.642246974,0,0.000000
1648645714.665554273,1,0.029000
1648645714.685987316,0,0.000000
1648645714.707924900,1,0.000000
1648645714.729502014,0,0.000000
1648645714.752368962,1,0.054000
1648645714.774584060,1,0.045000
1648645714.798092157,1,0.052000
1648645714.819381089,0,0.000000
1648645714.841784873,2,0.036000
1648645714.865151451,0,0.000000
1648645714.885765187,0,0.000000
1648645714.909119659,0,0.000000
1648645714.931541983,0,0.000000
1648645714.954812479,3,0.048000
1648645714.977823698,0,0.018000
1648645715.000574503,2,0.027000
1648645715.025592545,0,0.000000
1648645715.048067108,0,0.000000
1648645715.071815434,0,0.000000
1648645715.092984538,0,0.000000
1648645715.114878528,0,0.000000
1648645715.136766682,0,0.000000
1648645715.159417720,1,0.012000
1648645715.182087731,0,0.000000
1648645715.204819797,0,0.000000
1648645715.230055890,0,0.000000
1648645715.253537532,0,0.000000
1648645715.276106345,0,0.000000
1648645715.299103341,0,0.000000
1648645715.321163582,0,0.000000
1648645715.342996431,0,0.000000
1648645715.365048136,0,0.000000
1648645715.387540929,0,0.000000
1648645715.410896805,0,0.000000
1648645715.434184941,0,0.000000
1648645715.455314114,0,0.000000
1648645715.478746476,0,0.000000
1648645715.502203857,1,0.047000
1648645715.522848817,0,0.000000
1648645715.544555832,1,0.038000
1648645715.566895978,0,0.000000
1648645715.589397017,1,0.038000
1648645715.613401527,0,0.000000
1648645715.636401794,0,0.000000
1648645715.658803591,3,0.055000
1648645715.680609879,0,0.000000
1648645715.703063113,0,0.005000
1648645715.726319169,0,0.000000
1648645715.748155365,2,0.052000
1648645715.770841840,1,0.036000
1648645715.792932501,0,0.000000
1648645715.813398481,0,0.000000
1648645715.835328826,0,0.000000
1648645715.858329810,0,0.000000
1648645715.882330312,0,0.000000
1648645715.904420395,1,0.056000
1648645715.927011775,1,0.028000
1648645715.950317554,0,0.000000
1648645715.973099986,0,0.000000
1648645715.994965710,0,0.000000
1648645716.017602578,0,0.000000
1648645716.039653962,0,0.000000
1648645716.062442886,0,0.000000
1648645716.085659051,0,0.000000
1648645716.107973206,0,0.000000
1648645716.131005580,0,0.000000
1648645716.153656005,0,0.000000
1648645716.176367532,4,0.079000
1648645716.198339431,0,0.000000
1648645716.221690598,2,0.049000
1648645716.244413024,0,0.000000
1648645716.267336657,0,0.000000
1648645716.290165427,0,0.000000
1648645716.312901565,0,0.000000
1648645716.335804054,1,0.038000
1648645716.358865675,0,0.000000
1648645716.382170491,1,0.000000
1648645716.405843974,1,0.001000
1648645716.429417384,1,0.059000
1648645716.451819984,0,0.000000
1648645716.474544924,0,0.000000
1648645716.497283351,0,0.000000
1648645716.519348546,0,0.000000
1648645716.542960006,0,0.000000
1648645716.564756082,0,0.000000
1648645716.587582281,0,0.000000
1648645716.610441890,0,0.000000
1648645716.631984694,0,0.000000
1648645716.654074940,0,0.000000
1648645716.678222320,1,0.018000
1648645716.702417050,0,0.000000
1648645716.724874858,0,0.000000
1648645716.747450556,0,0.000000
1648645716.768234945,0,0.000000
1648645716.791314956,0,0.000000
1648645716.813712915,3,0.057000
1648645716.835931772,0,0.000000
1648645716.859260736,0,0.000000
1648645716.881245729,0,0.000000
1648645716.903491985,0,0.000000
1648645716.926237370,1,0.036000
1648645716.948120431,3,0.026000
1648645716.970417766,1,0.026000
1648645716.992329551,0,0.000000
1648645717.014876965,0,0.000000
1648645717.038416104,0,0.000000
1648645717.062104006,0,0.000000
1648645717.083649057,0,0.000000
1648645717.106504191,0,0.000000
1648645717.129255189,0,0.000000
1648645717.151182812,0,0.000000
1648645717.174760230,2,0.001000
1648645717.197668903,0,0.000000
1648645717.220366956,0,0.011000
1648645717.243497839,0,0.001000
1648645717.266842585,3,0.060000
1648645717.288247398,0,0.000000
1648645717.310258352,0,0.000000
1648645717.332364262,3,0.051000
1648645717.355777987,1,0.022000
1648645717.378216081,0,0.011000
1648645717.399291111,0,0.000000
1648645717.421693111,0,0.000000
1648645717.442921998,0,0.000000
1648645717.465351898,0,0.000000
1648645717.488812376,0,0.000000
1648645717.510653236,0,0.015000
1648645717.533560148,0,0.000000
1648645717.556126358,0,0.000000
1648645717.577871684,2,0.054000
1648645717.600135576,0,0.000000
1648645717.622766625,0,0.000000
1648645717.644695635,0,0.000000
1648645717.667025517,0,0.000000
1648645717.689403029,0,0.000000
1648645717.711895986,0,0.000000
1648645717.734510735,0,0.020000
1648645717.756449646,0,0.000000
1648645717.779750739,0,0.000000
1648645717.802958892,0,0.000000
1648645717.826196700,5,0.066000
1648645717.849824620,0,0.000000
1648645717.871839745,0,0.002000
1648645717.894437598,0,0.021000
1648645717.917057367,0,0.000000
1648645717.939320293,0,0.002000
1648645717.961097135,0,0.000000
1648645717.984395957,0,0.000000
1648645718.006730157,0,0.000000
1648645718.028857308,0,0.000000
1648645718.051553192,0,0.000000
1648645718.073628462,2,0.009000
1648645718.096377627,0,0.000000
1648645718.118772215,0,0.000000
1648645718.141150096,1,0.056000
1648645718.164928582,0,0.006000
1648645718.187494491,0,0.000000
1648645718.209872937,3,0.059000
1648645718.232857582,0,0.000000
1648645718.255228810,0,0.000000
1648645718.278223717,0,0.000000
1648645718.301137076,0,0.000000
1648645718.325783993,0,0.000000
1648645718.348166862,0,0.000000
1648645718.370836191,1,0.017000
1648645718.393125570,0,0.008000
1648645718.416146665,1,0.009000
1648645718.438453167,0,0.000000
1648645718.460510969,0,0.000000
1648645718.483347931,0,0.000000
1648645718.506591169,0,0.000000
1648645718.529433343,0,0.000000
1648645718.552217077,0,0.000000
1648645718.573806312,0,0.000000
1648645718.596252861,0,0.000000
1648645718.620400702,0,0.000000
1648645718.644346103,0,0.000000
1648645718.666361269,3,0.019000
1648645718.689170342,3,0.042000
1648645718.709881297,0,0.000000
1648645718.731675263,0,0.000000
1648645718.754218919,1,0.044000
1648645718.778901946,0,0.000000
1648645718.801910378,3,0.076000
1648645718.824245876,0,0.000000
1648645718.847101117,0,0.000000
1648645718.869232760,0,0.000000
1648645718.891160102,0,0.000000
1648645718.914462716,2,0.046000
1648645718.936571844,0,0.000000
1648645718.959297817,2,0.018000
1648645718.982398418,0,0.000000
1648645719.003839503,1,0.029000
1648645719.027500958,0,0.000000
1648645719.050454109,0,0.016000
1648645719.072967727,0,0.000000
1648645719.095703348,0,0.000000
1648645719.117699484,2,0.011000
1648645719.140498325,0,0.000000
1648645719.163169441,1,0.000000
1648645719.185184062,1,0.000000
1648645719.209609034,0,0.000000
1648645719.233082205,0,0.000000
1648645719.254601836,0,0.000000
1648645719.277646100,0,0.000000
1648645719.299565088,0,0.000000
1648645719.322044591,0,0.010000
1648645719.345245329,0,0.009000
1648645719.367392925,0,0.000000
1648645719.390213687,0,0.000000
1648645719.412013096,0,0.000000
1648645719.434878988,0,0.000000
1648645719.458213759,0,0.000000
1648645719.480646062,0,0.000000
1648645719.503385717,4,0.070000
1648645719.527276338,0,0.000000
1648645719.548335886,0,0.000000
1648645719.572198344,0,0.000000
1648645719.593437092,0,0.000000
1648645719.617055238,0,0.000000
1648645719.639523248,1,0.000000
1648645719.660496816,0,0.000000
1648645719.682103668,1,0.050000
1648645719.704321413,0,0.000000
1648645719.728339039,0,0.000000
1648645719.750914518,0,0.000000
1648645719.771006657,0,0.000000
1648645719.793746002,3,0.030000
1648645719.815738419,0,0.023000
1648645719.839882033,2,0.040000
1648645719.864427529,0,0.000000
1648645719.888157705,1,0.025000
1648645719.911468840,2,0.007000
1648645719.934539838,0,0.000000
1648645719.957129421,0,0.000000
1648645719.979161564,0,0.000000
1648645720.002661366,1,0.000000
1648645720.025470116,0,0.000000
1648645720.047941107,1,0.031000
1648645720.070680452,0,0.000000
1648645720.094246320,1,0.029000
1648645720.117276301,0,0.000000
1648645720.139320511,0,0.000000
1648645720.162356809,0,0.002000
1648645720.185409520,0,0.000000
1648645720.208210671,0,0.000000
1648645720.231472653,0,0.000000
1648645720.255037306,2,0.011000
1648645720.278320677,0,0.000000
1648645720.301386053,0,0.000000
1648645720.322788833,3,0.016000
1648645720.345039831,0,0.000000
1648645720.367066096,2,0.025000
1648645720.389044360,0,0.000000
1648645720.411007228,0,0.013000
1648645720.432291733,0,0.000000
1648645720.454493587,0,0.000000
1648645720.477937114,0,0.000000
1648645720.498735137,1,0.000000
1648645720.522313329,2,0.012000
1648645720.545716053,0,0.000000
1648645720.568215487,1,0.023000
1648645720.590503565,0,0.000000
1648645720.614998802,0,0.000000
1648645720.638119291,0,0.000000
1648645720.660483045,0,0.015000
1648645720.682944041,0,0.000000
1648645720.705711226,0,0.000000
1648645720.728070039,0,0.000000
1648645720.750158420,0,0.000000
1648645720.771407794,0,0.000000
1648645720.792090192,0,0.000000
1648645720.815284359,0,0.000000
1648645720.837293642,2,0.039000
1648645720.859688826,0,0.000000
1648645720.882398106,0,0.000000
1648645720.905193566,0,0.000000
1648645720.927571599,0,0.000000
1648645720.950780516,1,0.002000
1648645720.973446195,0,0.000000
1648645720.996146528,0,0.000000
1648645721.019423481,0,0.000000
1648645721.041502174,0,0.000000
1648645721.063527581,0,0.001000
1648645721.084883257,0,0.000000
1648645721.108192490,0,0.000000
1648645721.130773453,0,0.000000
1648645721.153908107,2,0.044000
1648645721.177070256,0,0.000000
1648645721.197410982,0,0.000000
1648645721.220475657,0,0.000000
1648645721.242660858,0,0.000000
1648645721.263872180,0,0.000000
1648645721.287015433,1,0.041000
1648645721.309986045,0,0.000000
1648645721.331024783,0,0.000000
1648645721.352327562,0,0.000000
1648645721.375563798,0,0.000000
1648645721.397345480,1,0.026000
1648645721.420620874,1,0.018000
1648645721.442004789,0,0.000000
1648645721.464391445,0,0.000000
1648645721.486316662,0,0.000000
1648645721.509328540,2,0.038000
1648645721.531955304,2,0.038000
1648645721.554556229,0,0.001000
1648645721.576944307,0,0.000000
1648645721.598826377,0,0.000000
1648645721.622014531,1,0.026000
1648645721.646438393,0,0.000000
1648645721.669480178,0,0.016000
1648645721.692024842,1,0.012000
1648645721.713976030,1,0.044000
1648645721.734981421,0,0.006000
1648645721.757177558,0,0.000000
1648645721.779123836,0,0.000000
1648645721.801836150,3,0.078000
1648645721.824151236,0,0.000000
1648645721.846919545,0,0.000000
1648645721.868920533,0,0.000000
1648645721.891552332,0,0.000000
1648645721.914143038,0,0.000000
1648645721.936097909,0,0.000000
1648645721.959573714,0,0.000000
1648645721.982756397,0,0.000000
1648645722.003747903,0,0.000000
1648645722.026250887,0,0.000000
1648645722.048700148,1,0.017000
1648645722.070358228,0,0.000000
1648645722.092477733,0,0.000000
1648645722.115384567,0,0.000000
1648645722.138582952,0,0.000000
1648645722.161022487,0,0.000000
1648645722.182912379,0,0.000000
1648645722.205835565,0,0.000000
1648645722.228643564,4,0.070000
1648645722.249761340,0,0.000000
1648645722.270309806,1,0.013000
1648645722.292009668,0,0.000000
1648645722.314326530,0,0.000000
1648645722.337354081,1,0.004000
1648645722.359334548,0,0.000000
1648645722.381286631,1,0.011000
1648645722.403400218,0,0.000000
1648645722.426378175,0,0.000000
1648645722.448766447,2,0.000000
1648645722.469539867,0,0.001000
1648645722.492997036,2,0.052000
1648645722.515136007,0,0.000000
1648645722.538337820,0,0.000000
1648645722.560682891,3,0.024000
1648645722.583495789,0,0.000000
1648645722.606466904,2,0.037000
1648645722.629114244,0,0.000000
1648645722.652281724,0,0.000000
1648645722.674875625,0,0.000000
1648645722.697571781,0,0.000000
1648645722.719769639,0,0.000000
1648645722.742042742,0,0.000000
1648645722.764590867,2,0.019000
1648645722.787467209,0,0.000000
1648645722.809997626,0,0.000000
1648645722.832855560,0,0.000000
1648645722.855786399,0,0.000000
1648645722.878267680,0,0.000000
1648645722.900783102,0,0.000000
1648645722.922571319,0,0.013000
1648645722.946211189,2,0.031000
1648645722.967545202,0,0.000000
1648645722.987497647,0,0.000000
1648645723.009106591,0,0.000000
1648645723.031471161,0,0.002000
1648645723.054360094,0,0.000000
1648645723.076444777,1,0.001000
1648645723.098364137,0,0.000000
1648645723.121241657,0,0.000000
1648645723.144322538,1,0.005000
1648645723.166384680,0,0.000000
1648645723.189680787,0,0.000000
1648645723.211501526,0,0.000000
1648645723.234242355,0,0.000000
1648645723.257379549,1,0.000000
1648645723.279965386,0,0.000000
1648645723.302444952,0,0.000000
1648645723.324500685,0,0.000000
1648645723.347154684,0,0.000000
1648645723.369665989,0,0.000000
1648645723.393378171,0,0.000000
1648645723.417049191,2,0.042000
1648645723.438000123,0,0.000000
1648645723.461005542,0,0.000000
1648645723.483832115,0,0.000000
1648645723.506633760,0,0.000000
1648645723.529234133,0,0.000000
1648645723.551424120,0,0.000000
1648645723.574158505,2,0.062000
1648645723.596904965,0,0.000000
1648645723.620269928,0,0.000000
1648645723.642927330,0,0.000000
1648645723.665118241,1,0.049000
1648645723.687266536,0,0.000000
1648645723.711089887,0,0.000000
1648645723.734544721,1,0.023000
1648645723.757966037,0,0.000000
1648645723.778504880,0,0.000000
1648645723.801501562,0,0.000000
1648645723.824540644,0,0.000000
1648645723.845217430,0,0.000000
1648645723.867670092,0,0.000000
1648645723.890576509,2,0.043000
1648645723.913335804,2,0.007000
1648645723.934661233,2,0.006000
1648645723.957976990,0,0.008000
1648645723.980001107,0,0.000000
1648645724.001260096,0,0.000000
1648645724.024692521,0,0.000000
1648645724.046014656,0,0.000000
1648645724.068475581,0,0.000000
1648645724.090828967,0,0.000000
1648645724.113021759,0,0.000000
1648645724.135921221,2,0.049000
1648645724.157393499,0,0.000000
1648645724.180603149,0,0.000000
1648645724.203473241,0,0.000000
1648645724.226458003,4,0.086000
1648645724.249178626,0,0.001000
1648645724.270281194,0,0.000000
1648645724.289992539,0,0.000000
1648645724.312478400,2,0.033000
1648645724.333033520,0,0.000000
1648645724.355911723,2,0.035000
1648645724.378750447,0,0.000000
1648645724.400500903,0,0.000000
1648645724.424065569,0,0.000000
1648645724.446570610,0,0.001000
1648645724.468269127,0,0.000000
1648645724.491532253,0,0.000000
1648645724.514110836,0,0.000000
1648645724.537139984,0,0.000000
1648645724.560855459,0,0.000000
1648645724.583750476,1,0.001000
1648645724.605419197,0,0.021000
1648645724.627451953,0,0.000000
1648645724.649643634,1,0.011000
1648645724.672909221,0,0.000000
1648645724.693585388,3,0.053000
1648645724.717129000,0,0.000000
1648645724.739402300,2,0.018000
1648645724.760232210,0,0.013000
1648645724.782676761,1,0.013000
1648645724.805062897,0,0.000000
1648645724.827153034,1,0.000000
1648645724.850886299,4,0.054000
1648645724.873286329,0,0.000000
1648645724.895215048,0,0.000000
1648645724.918556323,0,0.000000
1648645724.941661326,3,0.056000
1648645724.964662640,1,0.025000
1648645724.987627175,0,0.000000
1648645725.009925472,0,0.008000
1648645725.032568507,0,0.000000
1648645725.054671762,0,0.001000
1648645725.076569957,0,0.000000
1648645725.099669667,0,0.000000
1648645725.123215824,0,0.001000
1648645725.146444895,0,0.000000
1648645725.168717605,0,0.000000
1648645725.190093773,0,0.000000
1648645725.212790775,1,0.061000
1648645725.234553070,0,0.010000
1648645725.255862799,0,0.000000
1648645725.280002598,0,0.000000
1648645725.302226804,0,0.000000
1648645725.324759173,0,0.000000
1648645725.346711519,0,0.003000
1648645725.370556049,0,0.000000
1648645725.392801717,0,0.000000
1648645725.415338505,0,0.000000
1648645725.438081284,2,0.050000
1648645725.461357166,0,0.000000
1648645725.484229710,0,0.000000
1648645725.505494936,0,0.000000
1648645725.527692442,2,0.022000
1648645725.549949665,2,0.038000
1648645725.572385700,0,0.011000
1648645725.595444037,0,0.038000
1648645725.617739851,0,0.007000
1648645725.640551654,0,0.000000
1648645725.662981048,0,0.000000
1648645725.685502510,0,0.000000
1648645725.706792149,0,0.016000
1648645725.730334102,0,0.000000
1648645725.752570711,0,0.000000
1648645725.775618587,0,0.001000
1648645725.798027283,0,0.000000
1648645725.820434436,0,0.000000
1648645725.843550087,0,0.000000
1648645725.867198931,0,0.000000
1648645725.889504016,2,0.053000
1648645725.912454680,0,0.000000
1648645725.934651549,0,0.000000
1648645725.956643989,1,0.030000
1648645725.978672732,0,0.000000
1648645726.001346761,0,0.000000
1648645726.022363002,0,0.000000
1648645726.045223510,1,0.014000
1648645726.068110586,0,0.000000
1648645726.090048393,0,0.000000
1648645726.112609898,2,0.026000
1648645726.135234007,0,0.000000
1648645726.158474272,0,0.001000
1648645726.180710556,0,0.016000
1648645726.203133294,0,0.000000
1648645726.226569216,0,0.000000
1648645726.248919170,0,0.000000
1648645726.270329011,0,0.000000
1648645726.293924560,0,0.000000
1648645726.314289033,0,0.000000
1648645726.336061868,0,0.000000
1648645726.356799046,0,0.000000
1648645726.379173649,1,0.018000
1648645726.402249547,1,0.000000
1648645726.424887631,0,0.008000
1648645726.446644033,0,0.021000
1648645726.468477309,0,0.008000
1648645726.490492229,0,0.000000
1648645726.512996875,2,0.001000
1648645726.536327097,0,0.002000
1648645726.559617349,0,0.000000
1648645726.581470235,1,0.000000
1648645726.602812117,0,0.000000
1648645726.624835501,0,0.002000
1648645726.647960447,0,0.000000
1648645726.672026517,1,0.016000
1648645726.694487412,0,0.000000
1648645726.716242702,0,0.000000
1648645726.737586808,1,0.036000
1648645726.761170050,0,0.000000
1648645726.784508318,0,0.000000
1648645726.806467695,0,0.000000
1648645726.828082799,0,0.000000
1648645726.851059251,0,0.000000
1648645726.873525002,0,0.000000
1648645726.894559162,0,0.000000
1648645726.916879924,0,0.000000
1648645726.940101434,0,0.000000
1648645726.962379844,0,0.000000
1648645726.985509174,4,0.094000
1648645727.008136240,0,0.000000
1648645727.030738869,0,0.000000
1648645727.053553028,0,0.000000
1648645727.076606483,2,0.000000
1648645727.099506299,2,0.000000
1648645727.122360115,0,0.000000
1648645727.143468711,0,0.000000
1648645727.166553643,0,0.000000
1648645727.189491890,0,0.000000
1648645727.211851525,0,0.000000
1648645727.234725582,0,0.000000
1648645727.255507294,0,0.000000
1648645727.277208723,1,0.021000
1648645727.300025408,0,0.001000
1648645727.321407001,0,0.000000
1648645727.343917527,4,0.025000
1648645727.366414492,0,0.000000
1648645727.388414644,1,0.000000
1648645727.411333308,0,0.000000
1648645727.433790253,3,0.047000
1648645727.456374474,0,0.000000
1648645727.478554815,0,0.000000
1648645727.501153085,0,0.000000
1648645727.524674908,0,0.029000
1648645727.548566473,0,0.000000
1648645727.571929764,1,0.018000
1648645727.594481963,4,0.041000
1648645727.615684055,0,0.000000
1648645727.638365789,0,0.000000
1648645727.661212493,1,0.016000
1648645727.683896532,3,0.059000
1648645727.704218401,2,0.049000
1648645727.727158551,0,0.001000
1648645727.749333043,0,0.000000
1648645727.771216229,0,0.000000
1648645727.792392914,0,0.000000
1648645727.815801358,2,0.001000
1648645727.838213701,1,0.053000
1648645727.860159105,0,0.005000
1648645727.882017610,0,0.000000
1648645727.905363778,1,0.006000
1648645727.928361731,0,0.000000
1648645727.951320009,0,0.000000
1648645727.973736576,0,0.006000
1648645727.995774499,0,0.000000
1648645728.017980924,0,0.000000
1648645728.040474496,1,0.000000
1648645728.063493985,0,0.000000
1648645728.085867582,0,0.000000
1648645728.106854768,0,0.000000
1648645728.129672496,0,0.000000
1648645728.152351971,0,0.000000
1648645728.173639713,0,0.000000
1648645728.195348251,0,0.000000
1648645728.217118102,0,0.004000
1648645728.239704361,0,0.000000
1648645728.261842470,0,0.000000
1648645728.284841061,0,0.001000
1648645728.307158396,0,0.000000
1648645728.330391525,3,0.058000
1648645728.353225427,0,0.001000
1648645728.374888295,0,0.000000
1648645728.395339258,0,0.000000
1648645728.417344065,0,0.000000
1648645728.440167912,0,0.000000
1648645728.462352869,2,0.064000
1648645728.484166532,0,0.000000
1648645728.508011716,2,0.021000
1648645728.530163851,0,0.000000
1648645728.552923665,0,0.000000
1648645728.575025841,0,0.000000
1648645728.598535726,0,0.000000
1648645728.621343878,0,0.000000
1648645728.645353074,0,0.000000
1648645728.667732339,0,0.000000
1648645728.687489174,1,0.005000
1648645728.708039150,3,0.048000
1648645728.731029873,2,0.042000
1648645728.752165951,0,0.000000
1648645728.774855654,0,0.000000
1648645728.798054563,0,0.020000
1648645728.819079683,0,0.000000
1648645728.841762110,2,0.045000
1648645728.863851694,1,0.000000
1648645728.885165621,0,0.000000
1648645728.907356809,0,0.000000
1648645728.930027289,0,0.000000
1648645728.953485946,2,0.031000
1648645728.975943948,0,0.000000
1648645728.997216573,1,0.029000
1648645729.017367920,0,0.000000
1648645729.039322164,0,0.000000
1648645729.060826289,0,0.000000
1648645729.083170582,0,0.000000
1648645729.105829847,1,0.006000
1648645729.128487910,1,0.054000
1648645729.150893351,0,0.000000
1648645729.173019960,0,0.000000
1648645729.194613583,0,0.010000
1648645729.216889623,0,0.000000
1648645729.239335996,0,0.000000
1648645729.261075993,0,0.000000
1648645729.283527645,0,0.000000
1648645729.306811349,0,0.000000
1648645729.329271722,0,0.000000
1648645729.350315672,1,0.029000
1648645729.372578143,1,0.029000
1648645729.395078431,0,0.000000
1648645729.418103237,0,0.021000
1648645729.441730690,0,0.000000
1648645729.464051823,0,0.000000
1648645729.487315401,0,0.000000
1648645729.508957700,0,0.000000
1648645729.531685729,0,0.000000
1648645729.554880569,0,0.000000
1648645729.578357213,0,0.000000
1648645729.601079024,0,0.000000
1648645729.624347744,0,0.000000
1648645729.646230781,1,0.029000
1648645729.668315148,0,0.000000
1648645729.689755158,3,0.062000
1648645729.711995613,2,0.004000
1648645729.734431491,2,0.015000
1648645729.755417239,1,0.000000
1648645729.777739206,0,0.000000
1648645729.800337756,0,0.000000
1648645729.823057077,0,0.000000
1648645729.845956684,0,0.001000
1648645729.868538188,0,0.000000
1648645729.891412564,1,0.018000
1648645729.914255119,0,0.000000
1648645729.935972533,0,0.000000
1648645729.959315684,0,0.000000
1648645729.979993850,0,0.000000
1648645730.002148825,1,0.032000
1648645730.025415093,2,0.053000
1648645730.048062584,0,0.000000
1648645730.070308926,0,0.000000
1648645730.093261750,1,0.040000
1648645730.115456919,0,0.000000
1648645730.138247544,0,0.000000
1648645730.159803250,0,0.000000
1648645730.181665857,0,0.000000
1648645730.202491922,0,0.000000
1648645730.225323195,0,0.000000
1648645730.248785111,0,0.015000
1648645730.271662690,0,0.000000
1648645730.294344011,0,0.000000
1648645730.316986800,2,0.024000
1648645730.339809555,2,0.074000
1648645730.361180922,0,0.000000
1648645730.383502655,0,0.000000
1648645730.405083967,0,0.000000
1648645730.427822071,0,0.000000
1648645730.449773021,0,0.000000
1648645730.472322170,0,0.000000
1648645730.494866848,0,0.000000
1648645730.517831836,0,0.000000
1648645730.541356366,2,0.041000
1648645730.563577709,0,0.000000
1648645730.586132732,1,0.019000
1648645730.609127961,1,0.000000
1648645730.632256002,0,0.017000
1648645730.654898765,0,0.001000
1648645730.676593543,1,0.031000
1648645730.698032827,0,0.000000
1648645730.719804578,0,0.000000
1648645730.741466491,0,0.000000
1648645730.763467499,1,0.024000
1648645730.786452878,3,0.032000
1648645730.809675902,0,0.000000
1648645730.832119694,0,0.000000
1648645730.854271947,0,0.000000
1648645730.877186013,2,0.012000
1648645730.898098726,0,0.000000
1648645730.920157186,0,0.000000
1648645730.941526750,0,0.000000
1648645730.964391561,0,0.000000
1648645730.986196658,0,0.000000
1648645731.008816687,0,0.000000
1648645731.030966975,0,0.000000
1648645731.052979741,0,0.000000
1648645731.074977935,0,0.000000
1648645731.097759209,1,0.028000
1648645731.120378033,3,0.061000
1648645731.142259645,0,0.009000
1648645731.163643837,0,0.000000
1648645731.184828321,0,0.011000
1648645731.207709288,0,0.000000
1648645731.229319657,0,0.000000
1648645731.252131614,2,0.014000
1648645731.274849167,1,0.011000
1648645731.296981652,0,0.001000
1648645731.320347142,0,0.000000
1648645731.343311111,0,0.000000
1648645731.366338552,0,0.000000
1648645731.389409124,0,0.001000
1648645731.411424756,0,0.000000
1648645731.434054033,0,0.000000
1648645731.456903076,0,0.000000
1648645731.479906849,0,0.000000
1648645731.501970507,0,0.000000
1648645731.525129581,0,0.000000
1648645731.548224975,0,0.012000
1648645731.571197239,0,0.000000
1648645731.593983499,0,0.001000
1648645731.615276915,3,0.029000
1648645731.638037819,0,0.000000
1648645731.661031209,0,0.000000
1648645731.683620747,0,0.009000
1648645731.705071376,0,0.000000
1648645731.728236358,0,0.000000
1648645731.750950003,3,0.033000
1648645731.773433451,0,0.000000
1648645731.796011114,0,0.000000
1648645731.819302708,1,0.029000
1648645731.842465247,0,0.000000
1648645731.865551972,3,0.055000
1648645731.886696252,0,0.000000
1648645731.909788683,1,0.000000
1648645731.933395142,0,0.000000
1648645731.956340741,0,0.000000
1648645731.978852712,0,0.000000
1648645732.001027395,0,0.000000
1648645732.023244874,1,0.025000
1648645732.045505109,4,0.069000
1648645732.069183822,0,0.000000
1648645732.091491175,0,0.000000
1648645732.114508812,2,0.036000
1648645732.137473334,0,0.002000
1648645732.160392806,0,0.000000
1648645732.182893625,0,0.000000
1648645732.204351986,0,0.000000
1648645732.226947009,0,0.000000
1648645732.249497234,0,0.000000
1648645732.271049665,0,0.000000
1648645732.293663059,0,0.000000
1648645732.316217738,1,0.071000
1648645732.339214000,0,0.000000
1648645732.362528771,0,0.000000
1648645732.386212593,0,0.007000
1648645732.409018947,2,0.022000
1648645732.432884287,0,0.000000
1648645732.455827761,3,0.054000
1648645732.478789605,0,0.001000
1648645732.500421760,0,0.013000
1648645732.523563673,0,0.000000
1648645732.545545127,0,0.000000
1648645732.568021796,0,0.000000
1648645732.588993653,1,0.027000
1648645732.610962901,0,0.000000
1648645732.632341826,0,0.000000
1648645732.655787650,3,0.043000
1648645732.679128691,0,0.000000
1648645732.701249032,1,0.010000
1648645732.723263325,0,0.000000
1648645732.744897090,0,0.000000
1648645732.766438704,0,0.000000
1648645732.789150585,0,0.000000
1648645732.810429473,0,0.001000
1648645732.833029058,0,0.006000
1648645732.855995792,2,0.043000
1648645732.877077629,0,0.000000
1648645732.898486023,0,0.000000
1648645732.921252289,3,0.059000
1648645732.944432963,1,0.016000
1648645732.966757567,0,0.000000
1648645732.988252177,0,0.000000
1648645733.009762072,0,0.000000
1648645733.032185705,1,0.011000
1648645733.053308709,0,0.000000
1648645733.075364033,0,0.026000
1648645733.097671180,0,0.032000
1648645733.119491661,0,0.000000
1648645733.141280732,0,0.000000
1648645733.163974033,0,0.000000
1648645733.187041305,0,0.001000
1648645733.209096038,0,0.000000
1648645733.231322972,0,0.000000
1648645733.254048491,1,0.011000
1648645733.277149242,2,0.066000
1648645733.299815775,0,0.000000
1648645733.322986288,0,0.000000
1648645733.345782178,0,0.000000
1648645733.368158105,0,0.000000
1648645733.391299827,0,0.000000
1648645733.414759197,0,0.000000
1648645733.436455220,0,0.000000
1648645733.458525062,0,0.000000
1648645733.481486887,1,0.037000
1648645733.503929192,0,0.000000
1648645733.526976507,0,0.025000
1648645733.548444339,2,0.000000
1648645733.571530522,2,0.000000
1648645733.594584449,3,0.032000
1648645733.616685721,0,0.000000
1648645733.639962938,0,0.000000
1648645733.663058399,0,0.000000
1648645733.684571685,0,0.000000
1648645733.707881195,0,0.023000
1648645733.731014254,3,0.056000
1648645733.754019203,0,0.000000
1648645733.776457550,0,0.000000
1648645733.798847330,0,0.014000
1648645733.820811745,0,0.000000
1648645733.844254289,0,0.000000
1648645733.866326060,0,0.000000
1648645733.886147309,0,0.000000
1648645733.908167446,0,0.000000
1648645733.930891618,1,0.000000
1648645733.952159059,1,0.018000
1648645733.974013743,0,0.000000
1648645733.995970496,1,0.034000
1648645734.017223177,0,0.000000
1648645734.039105561,0,0.000000
1648645734.061562059,0,0.000000
1648645734.082921337,0,0.000000
1648645734.106293602,2,0.041000
1648645734.128533564,0,0.000000
1648645734.151356019,0,0.000000
1648645734.172408426,0,0.001000
1648645734.195170924,0,0.000000
1648645734.216881766,0,0.000000
1648645734.239684209,0,0.000000
1648645734.261042048,0,0.000000
1648645734.284223297,0,0.032000
1648645734.307196957,0,0.000000
1648645734.329817553,0,0.000000
1648645734.351955375,0,0.000000
1648645734.374743600,0,0.000000
1648645734.397649090,0,0.000000
1648645734.420459671,1,0.025000
1648645734.442882313,0,0.000000
1648645734.464863070,0,0.000000
1648645734.487014634,1,0.000000
1648645734.509262271,0,0.005000
1648645734.531113280,2,0.019000
1648645734.554133112,0,0.000000
1648645734.575760134,2,0.017000
1648645734.596933662,0,0.000000
1648645734.620302903,0,0.000000
1648645734.642981623,1,0.017000
1648645734.666165643,0,0.020000
1648645734.689470525,0,0.000000
1648645734.711084675,0,0.000000
1648645734.733314004,0,0.001000
1648645734.756318325,0,0.000000
1648645734.777088546,0,0.000000
1648645734.799824317,2,0.036000
1648645734.822750019,0,0.000000
1648645734.845644129,0,0.000000
1648645734.867324973,0,0.000000
1648645734.889451949,0,0.000000
1648645734.912453334,2,0.051000
1648645734.935471423,1,0.047000
1648645734.957267858,0,0.000000
1648645734.980356417,0,0.000000
1648645735.002707902,0,0.015000
1648645735.026028023,0,0.000000
1648645735.048245191,0,0.000000
1648645735.070807569,0,0.000000
1648645735.093688019,0,0.000000
1648645735.115695984,0,0.000000
1648645735.138395020,1,0.029000
1648645735.160726422,0,0.000000
1648645735.184254335,0,0.000000
1648645735.206827416,0,0.000000
1648645735.229009213,0,0.000000
1648645735.251631624,0,0.000000
1648645735.273491822,0,0.000000
1648645735.294747296,2,0.015000
1648645735.317305109,0,0.000000
1648645735.340220227,0,0.014000
1648645735.362463174,0,0.000000
1648645735.384010850,1,0.014000
1648645735.408391626,0,0.000000
1648645735.431169446,3,0.051000
1648645735.454127835,0,0.000000
1648645735.475759628,0,0.000000
1648645735.497975254,0,0.000000
1648645735.519355948,0,0.000000
1648645735.542415921,0,0.000000
1648645735.565245502,0,0.012000
1648645735.587067234,0,0.000000
1648645735.609147038,0,0.000000
1648645735.632190716,0,0.000000
1648645735.655156182,0,0.000000
1648645735.677810367,0,0.001000
1648645735.698900609,2,0.066000
1648645735.719847852,0,0.000000
1648645735.741527579,0,0.000000
1648645735.764542763,0,0.000000
1648645735.787116564,0,0.000000
1648645735.808400552,0,0.000000
1648645735.830651347,1,0.005000
1648645735.853036627,0,0.000000
1648645735.874342508,0,0.000000
1648645735.895524849,1,0.038000
1648645735.917759277,0,0.000000
1648645735.940464495,0,0.000000
1648645735.962658719,3,0.043000
1648645735.985182707,0,0.000000
1648645736.006944382,0,0.000000
1648645736.029563764,0,0.000000
1648645736.052320335,1,0.005000
1648645736.074674134,0,0.000000
1648645736.096702070,1,0.006000
1648645736.119934608,0,0.000000
1648645736.143295256,0,0.000000
1648645736.166250336,0,0.000000
1648645736.187946642,1,0.028000
1648645736.211127100,0,0.024000
1648645736.233439729,0,0.000000
1648645736.255721885,0,0.000000
1648645736.277110583,0,0.000000
1648645736.299801765,2,0.049000
1648645736.322029429,0,0.000000
1648645736.344708033,0,0.016000
1648645736.367757043,0,0.000000
1648645736.391141545,0,0.000000
1648645736.414009721,0,0.000000
1648645736.437236622,0,0.000000
1648645736.460053975,1,0.000000
1648645736.482537051,0,0.000000
1648645736.503240113,0,0.000000
1648645736.525101568,0,0.000000
1648645736.547872010,0,0.000000
1648645736.569966809,2,0.000000
1648645736.591096662,0,0.000000
1648645736.614005485,0,0.000000
1648645736.634330798,0,0.000000
1648645736.657326176,0,0.000000
1648645736.680590332,0,0.000000
1648645736.703107527,0,0.000000
1648645736.725365297,0,0.000000
1648645736.747325163,0,0.000000
1648645736.769170627,0,0.000000
1648645736.793053065,0,0.000000
1648645736.815043003,0,0.000000
1648645736.838576046,4,0.074000
1648645736.861224274,0,0.000000
1648645736.883252144,1,0.032000
1648645736.905870221,0,0.000000
1648645736.928103352,0,0.000000
1648645736.950936433,0,0.000000
1648645736.973325562,0,0.000000
1648645736.994755451,0,0.000000
1648645737.017230275,0,0.000000
1648645737.039369386,0,0.000000
1648645737.061993930,0,0.000000
1648645737.084257312,0,0.001000
1648645737.107338530,0,0.000000
1648645737.129281768,0,0.000000
1648645737.152705819,0,0.000000
1648645737.174792916,1,0.000000
1648645737.196691491,0,0.000000
1648645737.218267036,1,0.058000
1648645737.239855974,0,0.000000
1648645737.262084472,0,0.000000
1648645737.283976378,0,0.000000
1648645737.306130087,0,0.000000
1648645737.326770645,1,0.000000
1648645737.348781744,0,0.000000
1648645737.371525927,0,0.000000
1648645737.393341639,0,0.000000
1648645737.416040420,1,0.038000
1648645737.439196161,0,0.035000
1648645737.461932947,0,0.000000
1648645737.484413095,3,0.017000
1648645737.504903802,1,0.038000
1648645737.526410048,0,0.000000
1648645737.548915585,2,0.035000
1648645737.570837434,0,0.000000
1648645737.592780515,0,0.000000
1648645737.615769132,0,0.000000
1648645737.638597363,4,0.040000
1648645737.661988401,2,0.041000
1648645737.684848036,0,0.000000
1648645737.707297088,0,0.000000
1648645737.729998810,0,0.007000
1648645737.752286433,1,0.016000
1648645737.775956873,0,0.000000
1648645737.797708527,0,0.000000
1648645737.819509339,2,0.042000
1648645737.842332231,0,0.000000
1648645737.864933538,0,0.000000
1648645737.888397811,0,0.000000
1648645737.911928921,0,0.000000
1648645737.935350513,0,0.000000
1648645737.958352936,2,0.047000
1648645737.980681324,0,0.000000
1648645738.002435781,0,0.000000
1648645738.024771868,2,0.054000
1648645738.048116047,0,0.000000
1648645738.070159929,3,0.044000
1648645738.092302062,0,0.000000
1648645738.114914871,0,0.000000
1648645738.137297472,0,0.039000
1648645738.160277457,0,0.000000
1648645738.182833161,0,0.000000
1648645738.206681936,2,0.019000
1648645738.229345406,0,0.000000
1648645738.251042966,1,0.012000
1648645738.273838193,0,0.000000
1648645738.297025963,2,0.079000
1648645738.319965758,0,0.000000
1648645738.342359029,0,0.000000
1648645738.365468937,1,0.046000
1648645738.388408890,0,0.000000
1648645738.411215699,0,0.000000
1648645738.434448018,0,0.000000
1648645738.457607624,0,0.030000
1648645738.480279373,1,0.023000
1648645738.501897338,0,0.000000
1648645738.522342474,0,0.000000
1648645738.545210834,1,0.002000
1648645738.567815539,1,0.003000
1648645738.590386320,3,0.066000
1648645738.613657900,0,0.001000
1648645738.637138705,0,0.000000
1648645738.659990658,0,0.000000
1648645738.682850297,0,0.000000
1648645738.706285766,5,0.049000
1648645738.727830551,0,0.000000
1648645738.750213723,5,0.089000
1648645738.772770929,0,0.000000
1648645738.793530657,0,0.000000
1648645738.816069018,0,0.000000
1648645738.838268474,0,0.000000
1648645738.861371861,0,0.000000
1648645738.882826151,0,0.000000
1648645738.905408246,0,0.008000
1648645738.928231232,1,0.000000
1648645738.949910261,0,0.000000
1648645738.973183062,0,0.000000
1648645738.995330429,1,0.000000
1648645739.017756111,0,0.001000
1648645739.040683786,0,0.000000
1648645739.061349608,0,0.000000
1648645739.083875832,3,0.072000
1648645739.106019870,1,0.013000
1648645739.128133046,2,0.034000
1648645739.149480782,0,0.000000
1648645739.171591189,0,0.000000
1648645739.193339195,0,0.000000
1648645739.215880524,0,0.001000
1648645739.238358167,0,0.028000
1648645739.261682653,0,0.000000
1648645739.282397652,0,0.000000
1648645739.304345265,0,0.000000
1648645739.327310474,1,0.000000
1648645739.348854343,0,0.000000
1648645739.370893654,3,0.082000
1648645739.393295363,0,0.000000
1648645739.415370561,0,0.000000
1648645739.437847573,4,0.039000
1648645739.459337071,0,0.000000
1648645739.481111091,0,0.000000
1648645739.504302705,1,0.037000
1648645739.526873659,0,0.000000
1648645739.549552570,2,0.014000
1648645739.571753898,0,0.000000
1648645739.594199755,0,0.000000
1648645739.615416441,0,0.005000
1648645739.637714807,0,0.000000
1648645739.659538565,0,0.000000
1648645739.682733233,0,0.000000
1648645739.706289092,0,0.000000
1648645739.728021066,0,0.000000
1648645739.749437795,0,0.000000
1648645739.771937727,0,0.000000
1648645739.792791268,0,0.000000
1648645739.814603283,0,0.000000
1648645739.837675681,0,0.000000
1648645739.860883893,0,0.000000
1648645739.883243538,0,0.000000
1648645739.905295653,1,0.006000
1648645739.925859082,0,0.000000
1648645739.947646127,0,0.000000
1648645739.970850559,0,0.000000
1648645739.992085645,0,0.006000
1648645740.014420258,0,0.000000
1648645740.036054355,2,0.028000
1648645740.059218930,0,0.009000
1648645740.082397135,0,0.000000
1648645740.104337174,0,0.001000
1648645740.126161127,0,0.000000
1648645740.146311351,1,0.008000
1648645740.168482891,1,0.011000
1648645740.190958451,0,0.000000
1648645740.214163597,0,0.000000
1648645740.236797682,1,0.039000
1648645740.259466013,0,0.000000
1648645740.281235783,0,0.000000
1648645740.304074511,0,0.000000
1648645740.326351686,0,0.000000
1648645740.348814391,0,0.000000
1648645740.371181598,0,0.000000
1648645740.393712369,2,0.016000
1648645740.416194964,0,0.000000
1648645740.438341065,0,0.000000
1648645740.461123978,2,0.038000
1648645740.484321342,0,0.000000
1648645740.506185137,0,0.000000
1648645740.529542644,0,0.000000
1648645740.552203080,0,0.000000
1648645740.575808317,2,0.037000
1648645740.598875318,0,0.000000
1648645740.620665214,0,0.000000
1648645740.643580675,0,0.000000
1648645740.665992053,0,0.000000
1648645740.687152753,0,0.000000
1648645740.710502735,0,0.008000
1648645740.732415678,2,0.066000
1648645740.755234602,0,0.000000
1648645740.778412326,0,0.000000
1648645740.801806620,0,0.000000
1648645740.823121056,0,0.000000
1648645740.846358887,0,0.000000
1648645740.870332068,0,0.000000
1648645740.890712673,0,0.000000
1648645740.913193395,0,0.012000
1648645740.935817382,0,0.029000
1648645740.958128003,0,0.000000
1648645740.981447864,3,0.032000
1648645741.002904602,0,0.000000
1648645741.026138539,0,0.000000
1648645741.050219752,2,0.024000
1648645741.071941075,0,0.028000
1648645741.092970978,0,0.000000
1648645741.115754716,0,0.000000
1648645741.137331471,0,0.000000
1648645741.159847846,0,0.000000
1648645741.182343623,1,0.018000
1648645741.205088484,0,0.000000
1648645741.228194871,4,0.014000
1648645741.250222267,0,0.000000
1648645741.272681983,0,0.000000
1648645741.295562756,0,0.000000
1648645741.316630038,0,0.000000
1648645741.339306211,0,0.017000
1648645741.361814820,2,0.084000
1648645741.385419560,0,0.000000
1648645741.408397260,0,0.038000
1648645741.430440608,0,0.005000
1648645741.452551522,0,0.020000
1648645741.474477904,0,0.000000
1648645741.497773245,2,0.037000
1648645741.519876958,0,0.000000
1648645741.543004666,0,0.000000
1648645741.564800995,2,0.067000
1648645741.587023997,0,0.000000
1648645741.608810585,0,0.000000
1648645741.631598372,0,0.002000
1648645741.654746323,0,0.000000
1648645741.675985141,0,0.000000
1648645741.697076069,0,0.000000
1648645741.719506567,0,0.000000
1648645741.743246324,0,0.006000
1648645741.766944053,0,0.000000
1648645741.789766561,1,0.000000
1648645741.812046635,0,0.000000
1648645741.834127906,0,0.000000
1648645741.855229665,0,0.000000
1648645741.877393225,3,0.056000
1648645741.898098176,0,0.000000
1648645741.919565421,1,0.024000
1648645741.942831392,0,0.000000
1648645741.964649260,1,0.005000
1648645741.985527186,0,0.000000
1648645742.007501774,0,0.000000
1648645742.030497462,2,0.039000
1648645742.053594829,0,0.000000
1648645742.075203976,0,0.000000
1648645742.097933275,0,0.000000
1648645742.121318733,0,0.000000
1648645742.142408329,0,0.000000
1648645742.162861783,0,0.000000
1648645742.185487783,0,0.000000
1648645742.206776649,0,0.000000
1648645742.230263291,1,0.031000
1648645742.253122236,0,0.000000
1648645742.274335674,0,0.000000
1648645742.297270501,1,0.043000
1648645742.320174286,0,0.000000
1648645742.342410465,0,0.000000
1648645742.365062938,0,0.000000
1648645742.387476790,0,0.000000
1648645742.410363707,0,0.000000
1648645742.433325429,0,0.000000
1648645742.456207247,0,0.017000
1648645742.478486281,1,0.008000
1648645742.501349907,2,0.055000
1648645742.523447222,0,0.000000
1648645742.546726618,0,0.000000
1648645742.569595919,0,0.014000
1648645742.592499485,0,0.000000
1648645742.614832959,1,0.000000
1648645742.635560627,0,0.000000
1648645742.658300115,0,0.000000
1648645742.681056587,3,0.071000
1648645742.705252451,2,0.070000
1648645742.725199018,0,0.000000
1648645742.747126441,0,0.000000
1648645742.768206935,0,0.000000
1648645742.790333113,0,0.000000
1648645742.812973742,0,0.000000
1648645742.835776211,0,0.000000
1648645742.858135946,0,0.000000
1648645742.880341310,0,0.005000
1648645742.902366791,0,0.000000
1648645742.926331127,3,0.045000
1648645742.948261186,0,0.000000
1648645742.970342097,0,0.000000
1648645742.993085288,0,0.000000
1648645743.015654975,0,0.000000
1648645743.038934214,0,0.000000
1648645743.061996186,0,0.000000
1648645743.085079019,0,0.000000
1648645743.106678876,0,0.000000
1648645743.128447067,2,0.021000
1648645743.150135069,2,0.001000
1648645743.173884154,0,0.000000
1648645743.195133398,0,0.000000
1648645743.218188411,0,0.000000
1648645743.241911596,0,0.000000
1648645743.264501653,0,0.000000
1648645743.287781240,0,0.000000
1648645743.308707406,2,0.048000
1648645743.331165242,4,0.016000
1648645743.353487856,0,0.000000
1648645743.375144316,0,0.000000
1648645743.397479498,0,0.000000
1648645743.419753126,0,0.000000
1648645743.440230311,0,0.000000
1648645743.463387908,0,0.000000
1648645743.486085168,0,0.000000
1648645743.509416360,0,0.000000
1648645743.531771293,3,0.025000
1648645743.554874920,2,0.036000
1648645743.577036867,2,0.041000
1648645743.598108474,2,0.040000
1648645743.618998145,0,0.000000
1648645743.640843052,0,0.000000
1648645743.662144667,0,0.000000
1648645743.685194008,0,0.000000
1648645743.708728082,0,0.000000
1648645743.732283293,0,0.000000
1648645743.753072234,0,0.000000
1648645743.775961763,0,0.000000
1648645743.799195950,0,0.000000
1648645743.820868787,0,0.000000
1648645743.842157915,0,0.006000
1648645743.863053752,0,0.000000
1648645743.884784375,0,0.000000
1648645743.906714411,0,0.000000
1648645743.929710943,1,0.041000
1648645743.950388398,0,0.000000
1648645743.973455954,0,0.000000
1648645743.996048470,0,0.009000
1648645744.019348581,0,0.000000
1648645744.042085022,0,0.000000
1648645744.065228500,0,0.000000
1648645744.086676651,0,0.000000
1648645744.108187899,1,0.011000
1648645744.130252919,0,0.000000
1648645744.152932624,1,0.027000
1648645744.176382506,1,0.030000
1648645744.197197669,0,0.000000
1648645744.219819689,3,0.030000
1648645744.242969158,0,0.007000
1648645744.265429207,0,0.000000
1648645744.286465107,0,0.000000
1648645744.309640772,2,0.036000
1648645744.332531748,0,0.000000
1648645744.354393848,0,0.000000
1648645744.375188219,1,0.022000
1648645744.396409988,0,0.000000
1648645744.418920138,0,0.000000
1648645744.441491467,0,0.000000
1648645744.462429423,0,0.000000
1648645744.485492593,0,0.000000
1648645744.507171673,1,0.026000
1648645744.529298827,0,0.000000
1648645744.552319940,1,0.029000
1648645744.576042380,0,0.000000
1648645744.598664121,0,0.000000
1648645744.621058630,1,0.001000
1648645744.642960286,0,0.000000
1648645744.665078837,0,0.000000
1648645744.686256709,2,0.044000
1648645744.708858643,0,0.000000
1648645744.730844837,0,0.022000
1648645744.752157786,0,0.000000
1648645744.773746576,0,0.000000
1648645744.795359726,0,0.000000
1648645744.816936065,0,0.001000
1648645744.838204510,3,0.011000
1648645744.859499374,3,0.052000
1648645744.881501271,0,0.000000
1648645744.904086208,0,0.000000
1648645744.928069838,0,0.000000
1648645744.949346350,4,0.072000
1648645744.972185143,1,0.019000
1648645744.993049705,0,0.000000
1648645745.014411089,0,0.008000
1648645745.036690237,4,0.051000
1648645745.059657011,0,0.000000
1648645745.081973255,2,0.030000
1648645745.103819051,2,0.024000
1648645745.125943745,0,0.000000
1648645745.147931839,0,0.000000
1648645745.170324751,0,0.000000
1648645745.193348970,1,0.079000
1648645745.215529943,1,0.000000
1648645745.235301062,0,0.000000
1648645745.258366842,0,0.024000
1648645745.280748124,0,0.000000
1648645745.303365885,0,0.000000
1648645745.326740984,0,0.000000
1648645745.348777814,0,0.000000
1648645745.370544277,0,0.000000
1648645745.393079692,0,0.000000
1648645745.415994411,0,0.001000
1648645745.436670408,1,0.018000
1648645745.458794757,1,0.001000
1648645745.482014274,0,0.000000
1648645745.505641428,1,0.010000
1648645745.528467753,0,0.000000
1648645745.550408358,0,0.002000
1648645745.572126874,0,0.002000
1648645745.594353826,0,0.000000
1648645745.616879326,0,0.000000
1648645745.638320823,0,0.000000
1648645745.657940876,2,0.036000
1648645745.680306117,0,0.000000
1648645745.703406834,0,0.000000
1648645745.727256268,0,0.017000
1648645745.750013666,0,0.000000
1648645745.772834937,0,0.000000
1648645745.796962614,3,0.035000
1648645745.818412035,0,0.000000
1648645745.840018586,0,0.023000
1648645745.862947229,0,0.000000
1648645745.886149255,3,0.052000
1648645745.910432151,0,0.000000
1648645745.931614479,1,0.000000
1648645745.954887062,0,0.000000
1648645745.977666409,1,0.025000
1648645745.998943375,0,0.000000
1648645746.021810526,3,0.047000
1648645746.043444770,2,0.040000
1648645746.066284809,0,0.000000
1648645746.089101856,0,0.000000
1648645746.111954088,0,0.000000
1648645746.134242687,1,0.000000
1648645746.157538349,3,0.062000
1648645746.180484918,0,0.000000
1648645746.203027936,0,0.000000
1648645746.224968162,1,0.000000
1648645746.248354767,0,0.000000
1648645746.269537106,0,0.000000
1648645746.292423212,1,0.029000
1648645746.314360104,0,0.000000
1648645746.338132862,0,0.000000
1648645746.362155991,0,0.000000
1648645746.383406293,0,0.000000
1648645746.406736685,0,0.001000
1648645746.428570117,0,0.015000
1648645746.450552718,0,0.000000
1648645746.473219809,0,0.000000
1648645746.495839691,0,0.000000
1648645746.517486733,0,0.013000
1648645746.539768803,3,0.036000
1648645746.561493095,0,0.000000
1648645746.583613864,0,0.000000
1648645746.605635322,2,0.017000
1648645746.628914261,0,0.000000
1648645746.651718563,0,0.000000
1648645746.672833700,0,0.000000
1648645746.696744514,2,0.053000
1648645746.719667410,2,0.026000
1648645746.742394805,0,0.000000
1648645746.764081576,0,0.000000
1648645746.786461114,0,0.001000
1648645746.809042581,0,0.000000
1648645746.829473569,0,0.000000
1648645746.852939049,1,0.012000
1648645746.876188070,2,0.022000
1648645746.896314868,0,0.000000
1648645746.918865956,2,0.047000
1648645746.939463481,0,0.000000
1648645746.961509910,0,0.001000
1648645746.984675440,0,0.000000
1648645747.007974896,0,0.006000
1648645747.029998214,2,0.049000
1648645747.050916965,0,0.000000
1648645747.073659303,0,0.000000
1648645747.096604197,0,0.000000
1648645747.119298303,1,0.025000
1648645747.140743710,1,0.034000
1648645747.161996371,1,0.035000
1648645747.184990020,0,0.000000
1648645747.207204089,0,0.015000
1648645747.229156346,0,0.000000
1648645747.252429145,0,0.000000
1648645747.274946937,0,0.013000
1648645747.298554881,0,0.000000
1648645747.320875179,0,0.000000
1648645747.342383866,0,0.000000
1648645747.365086695,0,0.000000
1648645747.386774975,0,0.000000
1648645747.409064901,0,0.000000
1648645747.431114246,0,0.000000
1648645747.453830201,0,0.000000
1648645747.476417756,2,0.024000
1648645747.500718360,0,0.000000
1648645747.523903851,3,0.050000
1648645747.547288063,0,0.000000
1648645747.571295734,2,0.029000
1648645747.593137279,0,0.000000
1648645747.616886388,0,0.000000
1648645747.637550191,0,0.000000
1648645747.661524913,0,0.017000
1648645747.684225258,3,0.060000
1648645747.706325994,0,0.000000
1648645747.727945414,0,0.000000
1648645747.748762239,0,0.000000
1648645747.771170437,0,0.000000
1648645747.792890353,0,0.000000
1648645747.815467816,0,0.002000
1648645747.837343573,0,0.000000
1648645747.857791125,0,0.000000
1648645747.879287521,3,0.007000
1648645747.899799716,0,0.005000
1648645747.919815931,0,0.000000
1648645747.941487032,0,0.000000
1648645747.963601243,0,0.000000
1648645747.986964691,0,0.005000
1648645748.008161380,0,0.000000
1648645748.031045050,0,0.000000
1648645748.053994421,0,0.000000
1648645748.075849104,0,0.000000
1648645748.097843404,0,0.000000
1648645748.119425563,0,0.000000
1648645748.142021823,0,0.000000
1648645748.163416849,0,0.000000
1648645748.186300450,0,0.000000
1648645748.208238482,0,0.000000
1648645748.231474131,1,0.031000
1648645748.252983295,0,0.000000
1648645748.275101585,0,0.000000
1648645748.296817565,0,0.000000
1648645748.319865906,0,0.000000
1648645748.343080032,0,0.000000
1648645748.365077143,0,0.000000
1648645748.387951783,0,0.000000
1648645748.410818560,0,0.000000
1648645748.433189555,0,0.000000
1648645748.452350428,0,0.011000
1648645748.474338765,0,0.001000
1648645748.496446952,2,0.012000
1648645748.519357970,1,0.001000
1648645748.541624017,0,0.000000
1648645748.564119042,2,0.021000
1648645748.586903414,0,0.000000
1648645748.609559953,0,0.000000
1648645748.630130419,0,0.000000
1648645748.652676148,0,0.000000
1648645748.674936006,0,0.000000
1648645748.696283806,0,0.001000
1648645748.719405029,1,0.011000
1648645748.741996321,0,0.000000
1648645748.764643301,0,0.000000
1648645748.786043583,0,0.000000
1648645748.808857707,0,0.000000
1648645748.831209998,0,0.000000
1648645748.852266003,0,0.000000
1648645748.874912322,0,0.001000
1648645748.898439756,0,0.000000
1648645748.920156380,0,0.000000
1648645748.941839453,0,0.000000
1648645748.964390008,0,0.001000
1648645748.985916827,0,0.000000
1648645749.006142536,2,0.054000
1648645749.029337994,0,0.000000
1648645749.052345823,0,0.000000
1648645749.074167279,0,0.000000
1648645749.096565298,0,0.000000
1648645749.119273535,2,0.056000
1648645749.141662623,0,0.000000
1648645749.163503562,0,0.001000
1648645749.185443415,0,0.000000
1648645749.206483744,0,0.000000
1648645749.227842429,0,0.000000
1648645749.250665278,0,0.025000
1648645749.273934598,0,0.000000
1648645749.295418811,0,0.000000
1648645749.318026268,0,0.000000
1648645749.340714400,0,0.000000
1648645749.364079837,0,0.000000
1648645749.387325490,0,0.000000
1648645749.408750581,0,0.000000
1648645749.431911821,0,0.000000
1648645749.454556952,0,0.000000
1648645749.475812824,0,0.000000
1648645749.497169489,0,0.000000
1648645749.518714519,0,0.000000
1648645749.542371553,0,0.000000
1648645749.565936119,3,0.037000
1648645749.589038368,3,0.071000
1648645749.611836512,0,0.000000
1648645749.634528667,0,0.000000
1648645749.657050583,1,0.011000
1648645749.679614166,0,0.011000
1648645749.702225204,0,0.000000
1648645749.725729062,0,0.002000
1648645749.748575576,1,0.035000
1648645749.771537234,0,0.000000
1648645749.793452022,0,0.000000
1648645749.815654336,0,0.000000
1648645749.834493026,0,0.000000
1648645749.856041914,0,0.000000
1648645749.877678499,0,0.000000
1648645749.899371294,1,0.027000
1648645749.921945282,0,0.000000
1648645749.945223371,1,0.009000
1648645749.968400828,0,0.000000
1648645749.990951711,0,0.000000
1648645750.012913258,0,0.000000
1648645750.034684950,0,0.000000
1648645750.057760904,0,0.000000
1648645750.079670215,3,0.026000
1648645750.099863272,0,0.000000
1648645750.122391448,0,0.000000
1648645750.144727875,0,0.000000
1648645750.167487691,0,0.000000
1648645750.189989315,0,0.000000
1648645750.213037680,0,0.000000
1648645750.236093428,0,0.000000
1648645750.257045425,0,0.000000
1648645750.281155344,1,0.029000
1648645750.303909396,0,0.000000
1648645750.326037599,0,0.000000
1648645750.347447896,0,0.000000
1648645750.369718443,1,0.036000
1648645750.392161600,0,0.000000
1648645750.414408888,0,0.000000
1648645750.437485604,2,0.009000
1648645750.459272276,1,0.001000
1648645750.481973837,1,0.021000
1648645750.503482517,0,0.000000
1648645750.527305205,0,0.000000
1648645750.549858669,0,0.000000
1648645750.571397578,0,0.000000
1648645750.593948961,0,0.011000
1648645750.616213620,0,0.000000
1648645750.636226920,0,0.000000
1648645750.658608496,0,0.000000
1648645750.680682360,0,0.000000
1648645750.701786441,0,0.000000
1648645750.724105384,0,0.000000
1648645750.746871013,0,0.028000
1648645750.768772343,0,0.000000
1648645750.791158828,0,0.000000
1648645750.812537279,0,0.005000
1648645750.835830121,0,0.000000
1648645750.859139682,0,0.047000
1648645750.880720763,0,0.020000
1648645750.904001188,0,0.000000
1648645750.925116710,4,0.054000
1648645750.947301339,0,0.000000
1648645750.968054050,0,0.000000
1648645750.990766986,0,0.000000
1648645751.013069049,2,0.030000
1648645751.035441331,0,0.000000
1648645751.058292054,0,0.000000
1648645751.081668634,0,0.000000
1648645751.104497430,0,0.000000
1648645751.127046616,0,0.000000
1648645751.148612248,3,0.049000
1648645751.170429257,0,0.000000
1648645751.191983899,0,0.013000
1648645751.214752937,0,0.000000
1648645751.237456287,0,0.000000
1648645751.257996024,2,0.036000
1648645751.279930569,0,0.000000
1648645751.302336027,0,0.000000
1648645751.324851427,1,0.007000
1648645751.348370260,0,0.000000
1648645751.369409408,0,0.000000
1648645751.390924518,2,0.051000
1648645751.413633438,1,0.059000
1648645751.435913526,0,0.000000
1648645751.457707197,1,0.000000
1648645751.479594693,0,0.000000
1648645751.502115208,0,0.000000
1648645751.523905809,0,0.000000
1648645751.546462896,0,0.000000
1648645751.569445586,2,0.051000
1648645751.592146194,0,0.000000
1648645751.615500853,0,0.000000
1648645751.637340895,0,0.000000
1648645751.660464938,0,0.000000
1648645751.682013775,0,0.000000
1648645751.703972629,0,0.000000
1648645751.723537154,0,0.003000
1648645751.746158900,0,0.000000
1648645751.768618460,0,0.000000
1648645751.791358619,0,0.023000
1648645751.813381529,3,0.058000
1648645751.836447349,0,0.000000
1648645751.857818354,2,0.000000
1648645751.881052901,0,0.000000
1648645751.903970908,0,0.000000
1648645751.926128104,0,0.000000
1648645751.949194871,0,0.000000
1648645751.971652186,0,0.000000
1648645751.993969064,0,0.000000
1648645752.016847772,0,0.000000
1648645752.040158855,0,0.000000
1648645752.063035808,0,0.000000
1648645752.085942709,0,0.000000
1648645752.108257074,0,0.000000
1648645752.130074665,0,0.000000
1648645752.151573016,1,0.040000
1648645752.173136194,0,0.000000
1648645752.195982691,3,0.076000
1648645752.217942136,0,0.000000
1648645752.240079225,0,0.000000
1648645752.262214699,0,0.000000
1648645752.284942746,2,0.043000
1648645752.307777209,3,0.039000
1648645752.330410466,0,0.018000
1648645752.351732144,0,0.048000
1648645752.374208309,0,0.000000
1648645752.397144400,0,0.000000
1648645752.420423796,0,0.000000
1648645752.443401876,0,0.000000
1648645752.466316160,0,0.000000
1648645752.488508709,2,0.060000
1648645752.511221426,0,0.000000
1648645752.534585286,0,0.000000
1648645752.556010283,0,0.000000
1648645752.576790449,1,0.049000
1648645752.599741528,0,0.000000
1648645752.621908831,0,0.000000
1648645752.644245883,0,0.000000
1648645752.668509869,0,0.000000
1648645752.691301352,2,0.001000
1648645752.712495268,1,0.025000
1648645752.733812360,2,0.068000
1648645752.756563339,3,0.049000
1648645752.779061472,0,0.000000
1648645752.800375575,0,0.000000
1648645752.823551961,0,0.000000
1648645752.843168247,0,0.000000
1648645752.865959271,0,0.000000
1648645752.887852824,0,0.000000
1648645752.908858190,0,0.000000
1648645752.931968325,1,0.032000
1648645752.953883226,2,0.057000
1648645752.977062739,0,0.000000
1648645752.999481132,0,0.000000
1648645753.022852442,0,0.000000
1648645753.044910488,1,0.046000
1648645753.067361881,0,0.000000
1648645753.089598828,0,0.000000
1648645753.110390710,0,0.000000
1648645753.132251682,0,0.001000
1648645753.154415564,0,0.000000
1648645753.175794973,0,0.000000
1648645753.199472992,0,0.000000
1648645753.223018058,0,0.000000
1648645753.244995590,1,0.000000
1648645753.266940649,0,0.000000
1648645753.287895177,2,0.017000
1648645753.310095190,0,0.000000
1648645753.333321061,0,0.000000
1648645753.354285634,0,0.000000
1648645753.376850376,1,0.000000
1648645753.399908649,2,0.070000
1648645753.421005818,0,0.000000
1648645753.443608310,0,0.000000
1648645753.466677905,1,0.028000
1648645753.489146948,0,0.000000
1648645753.511704961,0,0.000000
1648645753.534310325,0,0.000000
1648645753.557254430,1,0.049000
1648645753.580198656,0,0.000000
1648645753.602486562,0,0.000000
1648645753.623662430,0,0.000000
1648645753.644548585,1,0.040000
1648645753.664625965,0,0.001000
1648645753.686060516,3,0.047000
1648645753.709034279,0,0.000000
1648645753.728597812,0,0.000000
1648645753.748407540,2,0.012000
1648645753.770784949,0,0.000000
1648645753.792740975,0,0.027000
1648645753.814795490,0,0.000000
1648645753.834985389,1,0.043000
1648645753.856971493,0,0.000000
1648645753.879505752,0,0.000000
1648645753.901592214,0,0.000000
1648645753.922757947,0,0.002000
1648645753.944721498,0,0.000000
1648645753.967885691,0,0.000000
1648645753.990859419,0,0.000000
1648645754.012431112,0,0.000000
1648645754.035232954,0,0.000000
1648645754.057469855,0,0.005000
1648645754.078312091,0,0.000000
1648645754.100175217,0,0.000000
1648645754.122192251,3,0.060000
1648645754.144907715,0,0.000000
1648645754.167425682,0,0.000000
1648645754.189242979,0,0.000000
1648645754.212495681,2,0.037000
1648645754.234768948,0,0.000000
1648645754.255394082,0,0.000000
1648645754.277439976,1,0.033000
1648645754.300220563,0,0.000000
1648645754.321320028,0,0.000000
1648645754.343979279,0,0.000000
1648645754.365960295,0,0.000000
1648645754.387756841,0,0.000000
1648645754.410500728,0,0.000000
1648645754.432847017,0,0.000000
1648645754.453852433,0,0.000000
1648645754.477281513,0,0.000000
1648645754.499288346,0,0.000000
1648645754.523104246,0,0.000000
1648645754.545027153,1,0.027000
1648645754.567137790,3,0.043000
1648645754.588857277,2,0.044000
1648645754.611434676,0,0.000000
1648645754.632955470,0,0.000000
1648645754.655004727,0,0.000000
1648645754.677921808,2,0.000000
1648645754.698529486,4,0.040000
1648645754.721334544,0,0.000000
1648645754.743273009,0,0.000000
1648645754.764945021,3,0.043000
1648645754.787874177,0,0.000000
1648645754.809876040,0,0.000000
1648645754.831893080,0,0.000000
1648645754.854595493,2,0.046000
1648645754.878292537,0,0.008000
1648645754.900034372,0,0.000000
1648645754.923437340,0,0.000000
1648645754.946442022,0,0.000000
1648645754.967645949,3,0.031000
1648645754.990239616,0,0.000000
1648645755.011284722,0,0.000000
1648645755.034050477,0,0.000000
1648645755.056335118,1,0.083000
1648645755.078103947,3,0.000000
1648645755.100749526,0,0.000000
1648645755.123073441,3,0.052000
1648645755.143564882,0,0.000000
1648645755.164421030,3,0.034000
1648645755.187527557,0,0.029000
1648645755.210173106,1,0.008000
1648645755.232501447,0,0.000000
1648645755.255506599,0,0.000000
1648645755.278451925,0,0.011000
1648645755.301267072,1,0.009000
1648645755.322432458,0,0.000000
1648645755.345335374,0,0.011000
1648645755.367502654,3,0.036000
1648645755.389687974,0,0.023000
1648645755.411466894,0,0.001000
1648645755.434133307,0,0.000000
1648645755.456162018,0,0.000000
1648645755.478113342,0,0.000000
1648645755.500489227,0,0.000000
1648645755.523416601,2,0.017000
1648645755.544430986,0,0.000000
1648645755.568176363,0,0.000000
1648645755.589411397,1,0.000000
1648645755.610774407,0,0.000000
1648645755.634851305,1,0.024000
1648645755.658031676,0,0.000000
1648645755.681396437,1,0.023000
1648645755.704162671,0,0.000000
1648645755.726284577,0,0.000000
1648645755.748803913,0,0.000000
1648645755.771338124,3,0.034000
1648645755.792579919,1,0.001000
1648645755.815071228,0,0.000000
1648645755.836404092,0,0.000000
1648645755.858037181,2,0.024000
1648645755.879896968,0,0.000000
1648645755.902196148,0,0.000000
1648645755.923821402,0,0.000000
1648645755.945672399,0,0.000000
1648645755.967481056,0,0.027000
1648645755.989739675,2,0.026000
1648645756.012286184,0,0.000000
1648645756.033918747,0,0.000000
1648645756.054634481,1,0.024000
1648645756.077061547,0,0.000000
1648645756.099722891,0,0.004000
1648645756.122214233,0,0.000000
1648645756.145574210,0,0.000000
1648645756.168878806,1,0.000000
1648645756.191203289,0,0.000000
1648645756.213601731,1,0.030000
1648645756.235389320,0,0.005000
1648645756.256632062,5,0.078000
1648645756.278675570,0,0.000000
1648645756.300839450,0,0.000000
1648645756.321751298,0,0.000000
1648645756.344905037,0,0.000000
1648645756.367989308,0,0.000000
1648645756.391383148,0,0.000000
1648645756.414283495,2,0.086000
1648645756.437197090,0,0.000000
1648645756.459745355,0,0.000000
1648645756.482602979,0,0.000000
1648645756.505747764,2,0.032000
1648645756.529683040,1,0.004000
1648645756.552190832,2,0.033000
1648645756.574824569,0,0.000000
1648645756.597328329,2,0.040000
1648645756.621052638,0,0.000000
1648645756.643155861,0,0.000000
1648645756.663062150,0,0.000000
1648645756.681367183,0,0.001000
1648645756.702177040,0,0.000000
1648645756.723431588,0,0.000000
1648645756.744639470,0,0.001000
1648645756.764869839,0,0.000000
1648645756.786041177,0,0.000000
1648645756.808756034,1,0.000000
1648645756.831062407,0,0.000000
1648645756.853043720,0,0.038000
1648645756.875040526,0,0.000000
1648645756.897772142,0,0.000000
1648645756.919138461,0,0.000000
1648645756.940925001,0,0.000000
1648645756.963359699,3,0.055000
1648645756.985679617,0,0.000000
1648645757.007785129,0,0.000000
1648645757.030329591,0,0.000000
1648645757.052720713,0,0.000000
1648645757.074480258,0,0.000000
1648645757.097270932,3,0.086000
1648645757.119986666,0,0.000000
1648645757.144090565,3,0.068000
1648645757.166354061,0,0.000000
1648645757.186792835,0,0.001000
1648645757.208550602,2,0.042000
1648645757.231724825,0,0.000000
1648645757.253534714,0,0.000000
1648645757.275424096,0,0.000000
1648645757.296992909,0,0.000000
1648645757.319047117,0,0.000000
1648645757.341825771,0,0.000000
1648645757.363351921,0,0.000000
1648645757.385361661,0,0.000000
1648645757.407974685,0,0.000000
1648645757.430246123,0,0.000000
1648645757.452885555,1,0.001000
1648645757.475153088,0,0.000000
1648645757.497911462,0,0.000000
1648645757.520687340,0,0.000000
1648645757.541271019,0,0.000000
1648645757.563804543,0,0.000000
1648645757.586338175,0,0.000000
1648645757.609291570,0,0.000000
1648645757.631864744,0,0.000000
1648645757.651882667,0,0.000000
1648645757.673127477,0,0.021000
1648645757.693069546,1,0.011000
1648645757.715608143,0,0.000000
1648645757.738835929,0,0.004000
1648645757.761616599,0,0.000000
1648645757.782762342,0,0.000000
1648645757.805166111,0,0.000000
1648645757.826796501,0,0.000000
1648645757.849288191,0,0.000000
1648645757.871325143,0,0.000000
1648645757.894224906,0,0.000000
1648645757.917555775,1,0.000000
1648645757.940446861,0,0.012000
1648645757.961916583,0,0.001000
1648645757.983762236,1,0.024000
1648645758.005880859,3,0.058000
1648645758.026368661,22,0.286000
1648645758.049100449,0,0.000000
1648645758.069751096,1,0.028000
1648645758.091184599,0,0.013000
1648645758.114156602,1,0.029000
1648645758.136889596,0,0.000000
1648645758.159456159,0,0.000000
1648645758.182859357,0,0.000000
1648645758.204451187,0,0.001000
1648645758.226065594,0,0.000000
1648645758.249247450,0,0.000000
1648645758.270835744,3,0.059000
1648645758.292267990,0,0.000000
1648645758.314253988,0,0.000000
1648645758.338064008,0,0.000000
1648645758.361097509,0,0.000000
1648645758.382659396,0,0.000000
1648645758.404492568,0,0.000000
1648645758.430070541,0,0.000000
1648645758.454498179,0,0.000000
1648645758.477694891,2,0.029000
1648645758.501232754,0,0.000000
1648645758.523144111,0,0.000000
1648645758.544444874,0,0.000000
1648645758.566865574,0,0.000000
1648645758.588468440,3,0.038000
1648645758.610364727,3,0.065000
1648645758.632653078,0,0.000000
1648645758.655247380,3,0.025000
1648645758.678883206,0,0.000000
1648645758.701832096,2,0.023000
1648645758.724745261,1,0.005000
1648645758.747918487,0,0.000000
1648645758.768985581,0,0.000000
1648645758.791982196,0,0.000000
1648645758.814828486,2,0.035000
1648645758.836934758,0,0.000000
1648645758.858949007,0,0.000000
1648645758.880198416,0,0.000000
1648645758.902589527,0,0.000000
1648645758.925524851,0,0.000000
1648645758.948193020,0,0.000000
1648645758.971267103,0,0.000000
1648645758.994490026,0,0.009000
1648645759.013704266,1,0.017000
1648645759.035814858,2,0.001000
1648645759.059651150,1,0.007000
1648645759.080924704,0,0.000000
1648645759.103386765,0,0.000000
1648645759.126481902,0,0.000000
1648645759.148387583,0,0.008000
1648645759.170168748,0,0.000000
1648645759.193664307,0,0.000000
1648645759.216264415,0,0.000000
1648645759.239150750,2,0.034000
1648645759.261796850,0,0.000000
1648645759.284251885,2,0.046000
1648645759.306679243,0,0.000000
1648645759.329745216,0,0.000000
1648645759.350924490,0,0.000000
1648645759.373602754,0,0.006000
1648645759.396485330,0,0.000000
1648645759.420013363,1,0.044000
1648645759.442049726,0,0.000000
1648645759.465148113,0,0.000000
1648645759.486903023,0,0.000000
1648645759.508013601,0,0.000000
1648645759.531051048,0,0.000000
1648645759.553776877,0,0.000000
1648645759.574407711,0,0.000000
1648645759.596071673,0,0.000000
1648645759.618025703,0,0.000000
1648645759.641142593,0,0.000000
1648645759.664120373,1,0.000000
1648645759.686475489,0,0.000000
1648645759.708884665,2,0.029000
1648645759.732178221,0,0.000000
1648645759.752578492,0,0.000000
1648645759.774883473,2,0.022000
1648645759.795735793,0,0.000000
1648645759.818887076,0,0.000000
1648645759.841160978,0,0.000000
1648645759.863899474,0,0.000000
1648645759.886647803,0,0.000000
1648645759.910077475,0,0.000000
1648645759.932494709,0,0.000000
1648645759.954373149,0,0.000000
1648645759.975810272,1,0.050000
1648645759.997981106,0,0.000000
1648645760.021170020,1,0.027000
1648645760.043899683,0,0.000000
1648645760.066056571,0,0.004000
1648645760.089378393,2,0.054000
1648645760.112132249,0,0.000000
1648645760.134013220,3,0.053000
1648645760.155137531,0,0.000000
1648645760.176990190,0,0.000000
1648645760.200019511,0,0.000000
1648645760.220130217,0,0.000000
1648645760.242490159,1,0.001000
1648645760.265205221,0,0.000000
1648645760.287001024,0,0.000000
1648645760.307700318,0,0.000000
1648645760.328265416,0,0.000000
1648645760.351326680,0,0.001000
1648645760.374675032,0,0.001000
1648645760.398073240,0,0.000000
1648645760.419999610,0,0.000000
1648645760.442390732,0,0.000000
1648645760.463377906,1,0.021000
1648645760.486271261,1,0.001000
1648645760.508490619,0,0.000000
1648645760.529706329,2,0.036000
1648645760.551367567,0,0.001000
1648645760.572592643,0,0.000000
1648645760.593294003,0,0.000000
1648645760.616235494,0,0.000000
1648645760.639287245,0,0.000000
1648645760.661984540,0,0.000000
1648645760.685557482,0,0.000000
1648645760.707480704,0,0.000000
1648645760.729782304,0,0.000000
1648645760.752326324,0,0.010000
1648645760.775275648,0,0.000000
1648645760.798480837,3,0.068000
1648645760.821255597,0,0.000000
1648645760.842528558,3,0.046000
1648645760.864268051,0,0.000000
1648645760.886743922,1,0.017000
1648645760.909353575,0,0.000000
1648645760.931726442,0,0.000000
1648645760.954335124,1,0.000000
1648645760.977082124,0,0.000000
1648645760.998907904,3,0.015000
1648645761.021732543,0,0.000000
1648645761.043903791,0,0.000000
1648645761.065315762,0,0.000000
1648645761.088097556,0,0.000000
1648645761.110189758,1,0.014000
1648645761.132665822,0,0.014000
1648645761.153961359,0,0.000000
1648645761.175019660,3,0.042000
1648645761.198348778,0,0.000000
1648645761.220032326,0,0.000000
1648645761.242085949,1,0.010000
1648645761.262851765,0,0.000000
1648645761.286452220,0,0.000000
1648645761.308935952,0,0.000000
1648645761.331874113,1,0.019000
1648645761.353487078,0,0.000000
1648645761.375992513,0,0.001000
1648645761.398810487,0,0.000000
1648645761.421551227,0,0.000000
1648645761.444357280,0,0.000000
1648645761.468003194,0,0.000000
1648645761.490137432,3,0.016000
1648645761.512801209,3,0.050000
1648645761.535595735,4,0.026000
1648645761.558676949,0,0.000000
1648645761.581685806,0,0.000000
1648645761.603976343,0,0.000000
1648645761.626167271,2,0.045000
1648645761.649030210,0,0.000000
1648645761.671653206,1,0.000000
1648645761.693346486,0,0.000000
1648645761.716497918,1,0.036000
1648645761.738742447,0,0.000000
1648645761.761787741,0,0.000000
1648645761.782820979,0,0.000000
1648645761.806397939,1,0.038000
1648645761.828363850,0,0.000000
1648645761.850975943,0,0.000000
1648645761.871435804,1,0.025000
1648645761.893488514,2,0.037000
1648645761.915212205,0,0.000000
1648645761.937934066,0,0.000000
1648645761.960529907,0,0.000000
1648645761.982868182,0,0.030000
1648645762.002950112,0,0.000000
1648645762.024095011,0,0.000000
1648645762.047014616,0,0.000000
1648645762.069826371,1,0.007000
1648645762.092179324,1,0.027000
1648645762.114302651,0,0.000000
1648645762.137879068,1,0.038000
1648645762.160013337,0,0.000000
1648645762.182238673,0,0.000000
1648645762.203971069,0,0.000000
1648645762.227083733,0,0.000000
1648645762.249465844,0,0.000000
1648645762.271169598,1,0.039000
1648645762.293977997,1,0.034000
1648645762.315527180,2,0.001000
1648645762.337674728,0,0.000000
1648645762.359872551,2,0.051000
1648645762.382462517,0,0.024000
1648645762.403363180,0,0.000000
1648645762.426310312,2,0.001000
1648645762.447821525,0,0.000000
1648645762.468881983,0,0.000000
1648645762.490507309,4,0.010000
1648645762.512464078,0,0.000000
1648645762.533747218,0,0.000000
1648645762.555822133,2,0.037000
1648645762.576904030,0,0.000000
1648645762.599259423,0,0.000000
1648645762.622156253,0,0.001000
1648645762.643864340,0,0.000000
1648645762.664917530,1,0.029000
1648645762.687360830,0,0.000000
1648645762.709782317,0,0.000000
1648645762.732529787,0,0.000000
1648645762.755326122,0,0.000000
1648645762.778183309,2,0.024000
1648645762.801273106,0,0.000000
1648645762.824323552,0,0.000000
1648645762.846408368,2,0.038000
1648645762.869788412,0,0.000000
1648645762.892386205,0,0.007000
1648645762.915473440,0,0.000000
1648645762.937596001,1,0.001000
1648645762.959309724,0,0.000000
1648645762.982358507,0,0.000000
1648645763.004093379,1,0.000000
1648645763.025417690,2,0.045000
1648645763.047407689,0,0.000000
1648645763.069381896,0,0.000000
1648645763.092041425,0,0.000000
1648645763.116152660,0,0.000000
1648645763.137769046,2,0.050000
1648645763.160471700,0,0.000000
1648645763.183011633,0,0.000000
1648645763.205442828,1,0.024000
1648645763.228926650,0,0.000000
1648645763.250340819,0,0.000000
1648645763.270975206,0,0.000000
1648645763.292466431,0,0.004000
1648645763.314817345,0,0.001000
1648645763.337317761,0,0.000000
1648645763.361090036,0,0.000000
1648645763.382351010,0,0.000000
1648645763.404543550,3,0.051000
1648645763.426968504,1,0.009000
1648645763.449072089,0,0.000000
1648645763.471400961,0,0.017000
1648645763.492350318,0,0.008000
1648645763.514767321,2,0.007000
1648645763.537551534,0,0.000000
1648645763.559706459,0,0.000000
1648645763.581362411,0,0.000000
1648645763.603343390,0,0.000000
1648645763.625480504,0,0.027000
1648645763.647603134,1,0.031000
1648645763.670369363,0,0.000000
1648645763.693339704,0,0.000000
1648645763.715229487,0,0.000000
1648645763.735348702,0,0.000000
1648645763.756494031,1,0.035000
1648645763.777896697,0,0.000000
1648645763.799699657,0,0.000000
1648645763.824664924,0,0.000000
1648645763.847056507,0,0.000000
1648645763.868495534,0,0.000000
1648645763.891178921,0,0.000000
1648645763.914263806,0,0.000000
1648645763.936496366,0,0.006000
1648645763.957089365,0,0.000000
1648645763.979933912,0,0.000000
1648645764.002524703,0,0.000000
1648645764.024624052,0,0.000000
1648645764.048076077,0,0.000000
1648645764.069774131,5,0.077000
1648645764.090719269,0,0.000000
1648645764.113001881,0,0.000000
1648645764.135120724,0,0.000000
1648645764.157038676,2,0.043000
1648645764.178962892,0,0.000000
1648645764.202898798,0,0.000000
1648645764.226384065,0,0.000000
1648645764.247540917,0,0.000000
1648645764.269917258,0,0.027000
1648645764.291443462,0,0.000000
1648645764.312920274,0,0.000000
1648645764.335148856,0,0.000000
1648645764.358795191,0,0.000000
1648645764.380260000,0,0.000000
1648645764.403083436,0,0.000000
1648645764.424861411,1,0.026000
1648645764.446972722,0,0.000000
1648645764.469694981,0,0.016000
1648645764.492585532,0,0.001000
1648645764.515296664,0,0.000000
1648645764.536586496,0,0.000000
1648645764.558832630,0,0.000000
1648645764.579537515,1,0.000000
1648645764.601946157,0,0.007000
1648645764.625600384,2,0.000000
1648645764.648132098,0,0.000000
1648645764.669168424,0,0.000000
1648645764.691193432,0,0.000000
1648645764.713901864,0,0.000000
1648645764.736660181,0,0.000000
1648645764.758619053,0,0.000000
1648645764.779800288,0,0.000000
1648645764.803008574,1,0.041000
1648645764.825807125,0,0.000000
1648645764.848335337,5,0.052000
1648645764.871410424,0,0.000000
1648645764.892219637,1,0.015000
1648645764.914912587,0,0.000000
1648645764.938385176,0,0.000000
1648645764.960525187,0,0.000000
1648645764.983859775,3,0.006000
1648645765.007187137,0,0.000000
1648645765.026794558,1,0.011000
1648645765.049757528,0,0.017000
1648645765.073679215,1,0.034000
1648645765.096064232,1,0.036000
1648645765.118490992,0,0.000000
1648645765.140705723,0,0.000000
1648645765.162848199,0,0.000000
1648645765.185105231,0,0.001000
1648645765.208268200,0,0.004000
1648645765.230330912,0,0.000000
1648645765.252953087,0,0.000000
1648645765.274614840,0,0.000000
1648645765.297232092,0,0.000000
1648645765.319058354,0,0.000000
1648645765.341590648,0,0.022000
1648645765.362986166,3,0.059000
1648645765.384935445,0,0.000000
1648645765.405110786,0,0.000000
1648645765.426995917,0,0.000000
1648645765.448395245,1,0.026000
1648645765.469766665,0,0.000000
1648645765.493196666,0,0.000000
1648645765.516730900,0,0.000000
1648645765.538619861,0,0.000000
1648645765.562054139,0,0.000000
1648645765.584357658,0,0.000000
1648645765.606443129,0,0.000000
1648645765.627739944,0,0.000000
1648645765.649551832,0,0.000000
1648645765.671367905,1,0.026000
1648645765.695062677,0,0.000000
1648645765.716485700,0,0.000000
1648645765.739296812,3,0.048000
1648645765.762624321,1,0.007000
1648645765.783135953,2,0.001000
1648645765.805044482,0,0.000000
1648645765.827716586,1,0.021000
1648645765.851244465,0,0.000000
1648645765.873169650,0,0.001000
1648645765.895470211,0,0.000000
1648645765.918254021,0,0.000000
1648645765.940875316,0,0.000000
1648645765.963043130,0,0.000000
1648645765.983727540,0,0.002000
1648645766.005313200,0,0.000000
1648645766.027066659,0,0.000000
1648645766.048902759,1,0.011000
1648645766.070072090,1,0.045000
1648645766.092979507,0,0.000000
1648645766.115240493,0,0.000000
1648645766.136472210,0,0.030000
1648645766.159890126,0,0.000000
1648645766.181937674,1,0.001000
1648645766.204693376,1,0.000000
1648645766.228008506,3,0.023000
1648645766.249902268,0,0.001000
1648645766.271112705,0,0.027000
1648645766.293993432,0,0.000000
1648645766.318191823,0,0.000000
1648645766.339125216,0,0.000000
1648645766.361353237,0,0.000000
1648645766.384307910,3,0.061000
1648645766.408000289,3,0.041000
1648645766.431350548,0,0.000000
1648645766.452496798,2,0.005000
1648645766.476196889,0,0.005000
1648645766.497302382,0,0.000000
1648645766.519799264,0,0.000000
1648645766.542505331,0,0.000000
1648645766.565431276,2,0.037000
1648645766.586244852,0,0.000000
1648645766.608825297,0,0.000000
1648645766.631566840,0,0.000000
1648645766.654628480,0,0.000000
1648645766.676762162,0,0.000000
1648645766.698643453,0,0.001000
1648645766.719932181,1,0.000000
1648645766.742144016,0,0.000000
1648645766.763334430,0,0.000000
1648645766.783979594,0,0.000000
1648645766.805793192,0,0.000000
1648645766.827622593,0,0.008000
1648645766.850318130,0,0.000000
1648645766.872077353,1,0.032000
1648645766.895339035,0,0.000000
1648645766.916526774,0,0.000000
1648645766.939819312,0,0.000000
1648645766.961929498,0,0.000000
1648645766.985083081,0,0.000000
1648645767.006598015,0,0.000000
1648645767.029251723,0,0.000000
1648645767.049847809,0,0.000000
1648645767.072829548,0,0.000000
1648645767.096124426,0,0.000000
1648645767.118809696,0,0.000000
1648645767.140848818,0,0.005000
1648645767.161649273,2,0.000000
1648645767.184102948,0,0.023000
1648645767.206739429,2,0.059000
1648645767.228907400,0,0.000000
1648645767.252277719,0,0.004000
1648645767.274540193,0,0.000000
1648645767.297226631,0,0.000000
1648645767.318607536,0,0.000000
1648645767.340464575,0,0.000000
1648645767.364023137,0,0.000000
1648645767.387455682,0,0.000000
1648645767.410584012,0,0.000000
1648645767.433475335,0,0.000000
1648645767.456166429,0,0.000000
1648645767.479322752,0,0.000000
1648645767.502421874,0,0.000000
1648645767.525102447,0,0.000000
1648645767.547473372,0,0.018000
1648645767.568535099,1,0.050000
1648645767.591462588,0,0.000000
1648645767.615061995,0,0.000000
1648645767.637823970,2,0.015000
1648645767.660669355,2,0.038000
1648645767.683722823,0,0.000000
1648645767.704679225,0,0.000000
1648645767.726350475,1,0.028000
1648645767.748960695,0,0.000000
1648645767.771078648,0,0.000000
1648645767.793798685,2,0.018000
1648645767.814941346,1,0.028000
1648645767.838252920,0,0.000000
1648645767.860500772,0,0.000000
1648645767.882134717,0,0.000000
1648645767.906353591,0,0.000000
1648645767.928213542,2,0.030000
1648645767.950904648,0,0.000000
1648645767.973469371,0,0.000000
1648645767.995693331,0,0.000000
1648645768.019064971,1,0.000000
1648645768.040967118,0,0.000000
1648645768.065482619,0,0.000000
1648645768.087267872,0,0.013000
1648645768.110998419,0,0.000000
1648645768.133867052,0,0.000000
1648645768.155558806,0,0.001000
1648645768.178617818,0,0.000000
1648645768.201253905,0,0.001000
1648645768.224942269,2,0.036000
1648645768.248749442,0,0.000000
1648645768.271058044,2,0.048000
1648645768.293475556,0,0.000000
1648645768.316305877,0,0.000000
1648645768.338539081,2,0.058000
1648645768.361238626,0,0.002000
1648645768.383317057,0,0.027000
1648645768.406231835,0,0.000000
1648645768.428132029,0,0.000000
1648645768.451375678,0,0.000000
1648645768.474052818,1,0.002000
1648645768.496496840,0,0.016000
1648645768.519899246,0,0.000000
1648645768.542855728,0,0.000000
1648645768.565823944,0,0.000000
1648645768.588548041,0,0.000000
1648645768.611529646,0,0.000000
1648645768.634542631,0,0.000000
1648645768.657837892,3,0.064000
1648645768.681273935,1,0.000000
1648645768.704578032,0,0.000000
1648645768.727560025,0,0.000000
1648645768.750882619,0,0.000000
1648645768.773830461,0,0.000000
1648645768.795095636,0,0.000000
1648645768.818137163,0,0.000000
1648645768.841281050,0,0.000000
1648645768.864223371,0,0.017000
1648645768.887970407,0,0.000000
1648645768.910459096,1,0.050000
1648645768.933138870,0,0.000000
1648645768.955799417,0,0.001000
1648645768.977290277,1,0.017000
1648645769.000136987,0,0.000000
1648645769.022286787,0,0.000000
1648645769.046014046,0,0.024000
1648645769.069070245,0,0.000000
1648645769.092231129,2,0.021000
1648645769.114913777,1,0.012000
1648645769.136306469,1,0.010000
1648645769.157882220,2,0.023000
1648645769.180115184,1,0.026000
1648645769.202692110,0,0.000000
1648645769.224803520,0,0.000000
1648645769.246038720,0,0.000000
1648645769.267878283,1,0.043000
1648645769.291282894,2,0.055000
1648645769.313361917,0,0.000000
1648645769.333367167,0,0.000000
1648645769.356386125,0,0.000000
1648645769.379548187,0,0.000000
1648645769.402388464,0,0.000000
1648645769.425416860,0,0.000000
1648645769.448343939,2,0.002000
1648645769.470488525,0,0.000000
1648645769.493539600,1,0.011000
1648645769.514991874,0,0.000000
1648645769.538537065,0,0.000000
1648645769.559074231,0,0.001000
1648645769.581458756,0,0.001000
1648645769.604012705,0,0.000000
1648645769.626392569,0,0.027000
1648645769.648652795,0,0.000000
1648645769.670409087,0,0.000000
1648645769.692853665,0,0.001000
1648645769.715808982,0,0.000000
1648645769.739073925,0,0.000000
1648645769.760564771,2,0.004000
1648645769.782059004,0,0.000000
1648645769.805880103,0,0.000000
1648645769.829171880,0,0.000000
1648645769.851825175,0,0.000000
1648645769.874530572,2,0.058000
1648645769.896096030,0,0.000000
1648645769.919033266,0,0.000000
1648645769.939867598,0,0.001000
1648645769.960808395,2,0.036000
1648645769.983886779,0,0.000000
1648645770.005026872,2,0.061000
1648645770.026486034,3,0.063000
1648645770.048477625,0,0.011000
1648645770.071265490,0,0.000000
1648645770.094128423,1,0.000000
1648645770.117218114,0,0.000000
1648645770.139979511,0,0.000000
1648645770.162012702,2,0.079000
1648645770.182537215,0,0.000000
1648645770.204211692,0,0.000000
1648645770.225903798,0,0.000000
1648645770.248304138,0,0.000000
1648645770.270757483,0,0.000000
1648645770.292144541,0,0.000000
1648645770.313483806,0,0.000000
1648645770.336878450,0,0.000000
1648645770.359299547,0,0.000000
1648645770.380149710,2,0.024000
1648645770.403093418,3,0.070000
1648645770.425022305,0,0.000000
1648645770.445943184,0,0.004000
1648645770.468739254,0,0.000000
1648645770.490912770,0,0.000000
1648645770.513403255,3,0.045000
1648645770.535818799,2,0.013000
1648645770.558413027,0,0.000000
1648645770.582406070,0,0.000000
1648645770.605215831,0,0.001000
1648645770.626672528,0,0.001000
1648645770.647526869,0,0.001000
1648645770.670304404,0,0.001000
1648645770.691987713,0,0.001000
1648645770.713571459,0,0.001000
1648645770.736770086,0,0.001000
