1648655313.266692878,0,0.000000
1648655313.290208379,0,0.000000
1648655313.310495210,0,0.000000
1648655313.332439716,0,0.000000
1648655313.354878390,0,0.000000
1648655313.377472507,0,0.000000
1648655313.399666871,0,0.000000
1648655313.419456423,0,0.000000
1648655313.440196143,0,0.000000
1648655313.462852049,0,0.000000
1648655313.484536593,0,0.000000
1648655313.507003101,0,0.000000
1648655313.528724965,0,0.000000
1648655313.551576257,0,0.000000
1648655313.572904543,0,0.000000
1648655313.593133874,0,0.000000
1648655313.615318063,0,0.000000
1648655313.637746144,0,0.000000
1648655313.660717859,0,0.000000
1648655313.683705893,36,0.480000
1648655313.705998950,38,0.474000
1648655313.728440476,6,0.070000
1648655313.750201252,0,0.000000
1648655313.771250270,0,0.009000
1648655313.792456762,0,0.000000
1648655313.812912380,0,0.000000
1648655313.832877231,0,0.000000
1648655313.854967489,0,0.000000
1648655313.876373562,0,0.000000
1648655313.898155165,0,0.000000
1648655313.918934051,0,0.000000
1648655313.939184629,0,0.000000
1648655313.960745375,0,0.000000
1648655313.981016010,0,0.000000
1648655314.003938494,0,0.000000
1648655314.025908419,0,0.000000
1648655314.048155434,0,0.000000
1648655314.069244738,0,0.000000
1648655314.091002072,0,0.004000
1648655314.111249915,0,0.000000
1648655314.132409273,0,0.000000
1648655314.153379195,0,0.008000
1648655314.174497215,0,0.000000
1648655314.195963580,0,0.000000
1648655314.217070179,0,0.000000
1648655314.237877525,0,0.000000
1648655314.259059813,0,0.000000
1648655314.279928855,0,0.000000
1648655314.302824842,1,0.000000
1648655314.325467249,0,0.000000
1648655314.346322890,0,0.000000
1648655314.367218683,0,0.000000
1648655314.389448207,0,0.000000
1648655314.410884225,0,0.000000
1648655314.432380962,2,0.000000
1648655314.454439186,0,0.000000
1648655314.474338801,0,0.000000
1648655314.496325438,0,0.000000
1648655314.518399364,0,0.000000
1648655314.541916754,0,0.000000
1648655314.563110982,0,0.000000
1648655314.584205369,0,0.000000
1648655314.606436377,0,0.000000
1648655314.629824344,0,0.000000
1648655314.651911840,0,0.000000
1648655314.674573091,0,0.000000
1648655314.695055857,0,0.003000
1648655314.717020561,0,0.000000
1648655314.739566433,0,0.000000
1648655314.761353212,0,0.000000
1648655314.783082713,0,0.000000
1648655314.806376972,0,0.000000
1648655314.827889993,0,0.009000
1648655314.848943865,0,0.000000
1648655314.868606176,0,0.004000
1648655314.890375274,0,0.000000
1648655314.912762421,0,0.000000
1648655314.936043288,0,0.000000
1648655314.958360241,0,0.000000
1648655314.979234648,0,0.000000
1648655315.002307238,0,0.000000
1648655315.023958706,0,0.000000
1648655315.044261342,0,0.000000
1648655315.067368226,0,0.000000
1648655315.089005710,1,0.010000
1648655315.108932165,0,0.000000
1648655315.129473495,0,0.000000
1648655315.152610387,0,0.000000
1648655315.173789420,0,0.000000
1648655315.194906347,0,0.000000
1648655315.217882875,0,0.000000
1648655315.240166619,0,0.000000
1648655315.261194551,0,0.000000
1648655315.283640397,0,0.000000
1648655315.303447853,0,0.001000
1648655315.325294113,0,0.000000
1648655315.347120255,0,0.000000
1648655315.367805077,0,0.000000
1648655315.391018242,0,0.000000
1648655315.412905857,0,0.000000
1648655315.435123014,0,0.000000
1648655315.458810592,0,0.000000
1648655315.479900191,0,0.000000
1648655315.499297653,0,0.000000
1648655315.519491584,0,0.000000
1648655315.542495949,0,0.000000
1648655315.563069123,0,0.000000
1648655315.583123081,0,0.000000
1648655315.603424212,0,0.000000
1648655315.625849932,0,0.003000
1648655315.647019684,0,0.000000
1648655315.667101612,0,0.000000
1648655315.689039241,0,0.000000
1648655315.711308688,0,0.000000
1648655315.733846281,0,0.000000
1648655315.756257367,0,0.000000
1648655315.775506679,0,0.000000
1648655315.795929168,0,0.000000
1648655315.816733336,0,0.000000
1648655315.838937140,0,0.001000
1648655315.861344553,0,0.000000
1648655315.880993377,0,0.001000
1648655315.903168737,0,0.000000
1648655315.923592402,0,0.000000
1648655315.946726798,0,0.000000
1648655315.968359014,0,0.000000
1648655315.989368840,0,0.000000
1648655316.011324073,0,0.000000
1648655316.032892779,1,0.000000
1648655316.054924032,0,0.000000
1648655316.076392774,0,0.005000
1648655316.099369127,0,0.000000
1648655316.122018062,0,0.000000
1648655316.142984477,1,0.019000
1648655316.165716289,0,0.000000
1648655316.188898336,0,0.000000
1648655316.210076668,0,0.000000
1648655316.232466081,0,0.000000
1648655316.253560654,0,0.000000
1648655316.275181150,0,0.000000
1648655316.297847441,0,0.008000
1648655316.320864706,0,0.000000
1648655316.342926118,0,0.000000
1648655316.364128118,0,0.000000
1648655316.382808385,0,0.000000
1648655316.404703757,0,0.000000
1648655316.427432669,0,0.000000
1648655316.447223186,0,0.000000
1648655316.467714283,0,0.000000
1648655316.491242274,0,0.000000
1648655316.513740135,0,0.000000
1648655316.534948691,0,0.000000
1648655316.556453340,0,0.003000
1648655316.578837493,0,0.000000
1648655316.600410433,0,0.000000
1648655316.620396555,0,0.000000
1648655316.642090658,1,0.000000
1648655316.664036709,0,0.000000
1648655316.683256380,0,0.000000
1648655316.707540642,0,0.000000
1648655316.730842203,0,0.000000
1648655316.752326013,0,0.000000
1648655316.771469911,0,0.000000
1648655316.793156464,0,0.000000
1648655316.813349068,0,0.000000
1648655316.835385837,0,0.003000
1648655316.857591433,0,0.000000
1648655316.877068571,0,0.000000
1648655316.901288581,0,0.000000
1648655316.923286031,0,0.000000
1648655316.943294620,0,0.000000
1648655316.963975271,0,0.000000
1648655316.985611955,0,0.000000
1648655317.006385581,0,0.003000
1648655317.028940420,0,0.000000
1648655317.049921728,0,0.000000
1648655317.073231288,0,0.000000
1648655317.094855469,0,0.000000
1648655317.116563453,0,0.003000
1648655317.137275548,0,0.000000
1648655317.158230850,0,0.000000
1648655317.179547520,0,0.000000
1648655317.201227903,0,0.000000
1648655317.222919245,0,0.000000
1648655317.243890419,0,0.011000
1648655317.265335553,0,0.000000
1648655317.286665113,0,0.000000
1648655317.309347719,0,0.000000
1648655317.331029575,0,0.000000
1648655317.352334364,0,0.000000
1648655317.373687771,0,0.000000
1648655317.395237941,0,0.000000
1648655317.418908493,0,0.000000
1648655317.441580515,0,0.000000
1648655317.463100243,1,0.000000
1648655317.483784868,0,0.000000
1648655317.505094431,0,0.003000
1648655317.525568020,0,0.000000
1648655317.547587195,0,0.000000
1648655317.567831969,0,0.000000
1648655317.589456281,0,0.001000
1648655317.613572716,0,0.000000
1648655317.637143318,0,0.000000
1648655317.659121398,0,0.000000
1648655317.681640145,0,0.000000
1648655317.701572759,0,0.000000
1648655317.724900175,0,0.000000
1648655317.745580366,0,0.000000
1648655317.765997705,1,0.000000
1648655317.788297073,0,0.000000
1648655317.808346582,1,0.000000
1648655317.830100753,0,0.000000
1648655317.852285862,0,0.000000
1648655317.874807534,0,0.000000
1648655317.897385186,0,0.000000
1648655317.919097923,0,0.000000
1648655317.941276523,0,0.000000
1648655317.961980190,0,0.000000
1648655317.985150902,0,0.000000
1648655318.007871425,0,0.000000
1648655318.030807992,0,0.000000
1648655318.051288170,0,0.000000
1648655318.072208933,0,0.000000
1648655318.092571236,0,0.000000
1648655318.112677497,0,0.000000
1648655318.135193536,0,0.003000
1648655318.156575086,0,0.000000
1648655318.177803719,0,0.000000
1648655318.197573839,0,0.000000
1648655318.218252951,0,0.000000
1648655318.241487056,0,0.000000
1648655318.262338617,0,0.000000
1648655318.283987449,0,0.000000
1648655318.305652431,0,0.000000
1648655318.326755632,0,0.000000
1648655318.347460448,0,0.000000
1648655318.368225243,0,0.000000
1648655318.390864463,0,0.000000
1648655318.411174735,0,0.000000
1648655318.431950336,0,0.006000
1648655318.453049780,0,0.000000
1648655318.475268421,0,0.000000
1648655318.497568325,0,0.000000
1648655318.522247979,0,0.000000
1648655318.546195976,0,0.000000
1648655318.568782009,0,0.000000
1648655318.591640443,0,0.000000
1648655318.612761031,0,0.000000
1648655318.634843814,0,0.000000
1648655318.658487378,0,0.000000
1648655318.682005692,0,0.001000
1648655318.705468881,0,0.000000
1648655318.729035726,0,0.000000
1648655318.750593919,0,0.000000
1648655318.774759553,0,0.000000
1648655318.797557641,0,0.000000
1648655318.819733641,0,0.000000
1648655318.841113902,0,0.000000
1648655318.861560305,0,0.000000
1648655318.884379322,0,0.000000
1648655318.904725298,0,0.000000
1648655318.925477159,0,0.000000
1648655318.948454648,0,0.000000
1648655318.969972303,0,0.000000
1648655318.991047479,0,0.000000
1648655319.013042556,0,0.000000
1648655319.034633912,0,0.000000
1648655319.056291400,0,0.000000
1648655319.077470851,0,0.000000
1648655319.098954850,0,0.000000
1648655319.119169995,0,0.000000
1648655319.140737791,0,0.000000
1648655319.163390832,0,0.000000
1648655319.185976218,0,0.000000
1648655319.209316503,0,0.000000
1648655319.230885566,0,0.000000
1648655319.251334589,0,0.000000
1648655319.275016948,0,0.000000
1648655319.296240103,0,0.000000
1648655319.316583974,0,0.000000
1648655319.338142621,0,0.000000
1648655319.359153918,0,0.012000
1648655319.382118656,0,0.000000
1648655319.403622117,0,0.000000
1648655319.426549631,0,0.000000
1648655319.447295038,0,0.000000
1648655319.467240543,0,0.000000
1648655319.489453137,0,0.000000
1648655319.511549309,0,0.000000
1648655319.534008362,0,0.000000
1648655319.555506110,0,0.000000
1648655319.577219579,0,0.000000
1648655319.598159239,0,0.000000
1648655319.618734209,1,0.000000
1648655319.642560970,0,0.000000
1648655319.666800014,0,0.000000
1648655319.688181050,0,0.010000
1648655319.709534347,0,0.000000
1648655319.732148274,0,0.000000
1648655319.754991134,0,0.000000
1648655319.775487594,0,0.000000
1648655319.797727096,0,0.003000
1648655319.817796594,0,0.000000
1648655319.838280956,0,0.018000
1648655319.860387263,0,0.000000
1648655319.881242926,0,0.000000
1648655319.903417330,0,0.000000
1648655319.923495323,0,0.000000
1648655319.944903237,0,0.000000
1648655319.968155111,0,0.000000
1648655319.987691950,0,0.000000
1648655320.009915334,0,0.000000
1648655320.029269294,0,0.000000
1648655320.050172819,0,0.000000
1648655320.071932961,0,0.000000
1648655320.092453868,0,0.000000
1648655320.113913183,0,0.000000
1648655320.135858059,0,0.000000
1648655320.156987560,0,0.000000
1648655320.178770775,0,0.003000
1648655320.202479069,0,0.000000
1648655320.226142860,0,0.000000
1648655320.249486937,0,0.000000
1648655320.271535717,2,0.000000
1648655320.294014669,0,0.000000
1648655320.316832097,0,0.000000
1648655320.339355345,0,0.006000
1648655320.360017187,0,0.000000
1648655320.381755846,0,0.000000
1648655320.402758495,0,0.000000
1648655320.424541581,0,0.000000
1648655320.445188956,0,0.016000
1648655320.467995749,0,0.000000
1648655320.489939549,0,0.000000
1648655320.512170809,0,0.000000
1648655320.535687865,0,0.000000
1648655320.557992256,0,0.000000
1648655320.579944036,0,0.005000
1648655320.601665774,0,0.000000
1648655320.622034747,0,0.000000
1648655320.644694409,0,0.000000
1648655320.664176782,0,0.000000
1648655320.685250645,0,0.000000
1648655320.707917550,0,0.000000
1648655320.728925637,0,0.000000
1648655320.751304349,0,0.001000
1648655320.773171093,0,0.000000
1648655320.795588090,0,0.000000
1648655320.818244127,0,0.000000
1648655320.839767622,0,0.000000
1648655320.861132196,0,0.000000
1648655320.883894880,0,0.000000
1648655320.904121246,0,0.000000
1648655320.927851478,0,0.000000
1648655320.947936326,0,0.000000
1648655320.972471281,0,0.000000
1648655320.993437497,0,0.000000
1648655321.015322821,0,0.000000
1648655321.036432493,1,0.000000
1648655321.057471089,0,0.000000
1648655321.080480165,0,0.000000
1648655321.100579179,0,0.000000
1648655321.121168882,0,0.000000
1648655321.142304579,0,0.000000
1648655321.165264487,0,0.000000
1648655321.186190782,0,0.000000
1648655321.209633257,0,0.000000
1648655321.232719169,0,0.000000
1648655321.253354187,0,0.000000
1648655321.274376403,0,0.000000
1648655321.297468753,0,0.000000
1648655321.320468157,0,0.000000
1648655321.342932436,0,0.000000
1648655321.367100092,0,0.000000
1648655321.388362981,0,0.000000
1648655321.411014298,0,0.000000
1648655321.431774745,0,0.000000
1648655321.451890042,0,0.000000
1648655321.475404806,0,0.000000
1648655321.495547197,0,0.000000
1648655321.518628536,0,0.000000
1648655321.541912353,0,0.000000
1648655321.563566478,0,0.000000
1648655321.585140701,0,0.000000
1648655321.606315275,0,0.000000
1648655321.628694719,0,0.003000
1648655321.649868729,1,0.000000
1648655321.672012122,0,0.000000
1648655321.694551706,0,0.000000
1648655321.717405020,0,0.000000
1648655321.739383347,0,0.000000
1648655321.758760230,0,0.000000
1648655321.780178228,0,0.000000
1648655321.800173482,1,0.000000
1648655321.822199573,0,0.000000
1648655321.843385537,0,0.000000
1648655321.864559184,0,0.000000
1648655321.886092899,0,0.000000
1648655321.906468476,0,0.000000
1648655321.928142848,0,0.000000
1648655321.948510891,0,0.000000
1648655321.969086889,0,0.000000
1648655321.992077585,0,0.000000
1648655322.012054321,0,0.000000
1648655322.033766461,0,0.003000
1648655322.054254766,0,0.000000
1648655322.074311298,0,0.000000
1648655322.096971566,0,0.000000
1648655322.117488208,0,0.000000
1648655322.138826269,0,0.000000
1648655322.159930453,0,0.000000
1648655322.178973196,0,0.000000
1648655322.199421944,0,0.000000
1648655322.219213882,0,0.000000
1648655322.240202489,0,0.000000
1648655322.259725043,0,0.000000
1648655322.281754114,0,0.000000
1648655322.301479335,0,0.009000
1648655322.324215023,0,0.000000
1648655322.346199110,0,0.003000
1648655322.368121793,0,0.000000
1648655322.389504875,0,0.000000
1648655322.410957764,0,0.001000
1648655322.430630074,0,0.000000
1648655322.452078407,0,0.000000
1648655322.473064763,0,0.000000
1648655322.493998123,0,0.000000
1648655322.517377701,0,0.000000
1648655322.538272619,0,0.000000
1648655322.559074788,0,0.000000
1648655322.579979876,0,0.000000
1648655322.599862526,0,0.000000
1648655322.620242142,0,0.000000
1648655322.642361392,0,0.000000
1648655322.663499343,0,0.017000
1648655322.685121066,0,0.000000
1648655322.704971789,0,0.000000
1648655322.726266978,0,0.000000
1648655322.748019226,0,0.000000
1648655322.769658615,0,0.000000
1648655322.789886283,0,0.000000
1648655322.811126645,0,0.000000
1648655322.832079937,1,0.000000
1648655322.852096662,0,0.000000
1648655322.872075673,0,0.008000
1648655322.891366659,0,0.000000
1648655322.910426598,0,0.000000
1648655322.932070035,0,0.000000
1648655322.952094071,0,0.000000
1648655322.974005661,0,0.000000
1648655322.996450898,0,0.000000
1648655323.018456267,0,0.000000
1648655323.038356425,0,0.000000
1648655323.060096949,0,0.000000
1648655323.079850918,0,0.000000
1648655323.102418212,0,0.000000
1648655323.123653040,0,0.003000
1648655323.144457140,0,0.000000
1648655323.165488556,0,0.000000
1648655323.186924886,0,0.000000
1648655323.207743959,0,0.000000
1648655323.229313753,0,0.000000
1648655323.249910672,0,0.003000
1648655323.271110547,0,0.000000
1648655323.292932278,0,0.003000
1648655323.314496164,0,0.000000
1648655323.335475266,0,0.000000
1648655323.356000400,0,0.000000
1648655323.376448523,0,0.000000
1648655323.395956465,0,0.000000
1648655323.418639001,0,0.000000
1648655323.439418465,0,0.000000
1648655323.460080221,0,0.000000
1648655323.480084581,0,0.000000
1648655323.501279236,0,0.000000
1648655323.519706808,0,0.000000
1648655323.538493210,0,0.000000
1648655323.559467074,0,0.000000
1648655323.582218972,0,0.000000
1648655323.602550698,0,0.000000
1648655323.625755686,0,0.000000
1648655323.648725416,0,0.000000
1648655323.671401431,0,0.003000
1648655323.694889751,0,0.000000
1648655323.717315720,0,0.000000
1648655323.738787642,0,0.000000
1648655323.759224554,0,0.000000
1648655323.778195336,0,0.000000
1648655323.799766700,0,0.000000
1648655323.821578109,0,0.000000
1648655323.840554683,0,0.000000
1648655323.861288962,0,0.000000
1648655323.882921576,0,0.000000
1648655323.904050073,0,0.000000
1648655323.927235545,0,0.000000
1648655323.948713184,0,0.010000
1648655323.969620716,0,0.000000
1648655323.991457577,0,0.000000
1648655324.012845354,0,0.000000
1648655324.030835213,0,0.000000
1648655324.051942481,0,0.000000
1648655324.071053212,0,0.000000
1648655324.093120142,0,0.011000
1648655324.114971884,1,0.000000
1648655324.136181662,0,0.000000
1648655324.156002039,0,0.000000
1648655324.177473237,0,0.000000
1648655324.199842271,0,0.000000
1648655324.220650642,0,0.000000
1648655324.240705649,0,0.000000
1648655324.259793512,0,0.000000
1648655324.281742536,0,0.000000
1648655324.303885987,0,0.000000
1648655324.325473810,0,0.000000
1648655324.346853829,0,0.000000
1648655324.367695001,0,0.000000
1648655324.388619479,0,0.000000
1648655324.410478372,0,0.000000
1648655324.431143232,0,0.000000
1648655324.452312462,0,0.000000
1648655324.473663039,0,0.000000
1648655324.495463238,0,0.000000
1648655324.513798455,0,0.000000
1648655324.535401282,0,0.000000
1648655324.557780172,0,0.000000
1648655324.580448907,0,0.000000
1648655324.601508314,0,0.000000
1648655324.622229387,0,0.005000
1648655324.642018517,0,0.000000
1648655324.664097330,0,0.000000
1648655324.685911701,0,0.000000
1648655324.707738776,0,0.000000
1648655324.729933396,0,0.000000
1648655324.752025613,0,0.000000
1648655324.772993434,0,0.000000
1648655324.793117278,0,0.000000
1648655324.814773847,0,0.003000
1648655324.836781639,0,0.000000
1648655324.859073910,0,0.000000
1648655324.881874442,0,0.000000
1648655324.901406287,0,0.000000
1648655324.923097219,0,0.000000
1648655324.942797890,0,0.000000
1648655324.964367727,0,0.000000
1648655324.986902432,0,0.000000
1648655325.006837697,0,0.000000
1648655325.028871677,0,0.000000
1648655325.051350005,0,0.000000
1648655325.073731748,0,0.000000
1648655325.092992717,0,0.000000
1648655325.115639193,0,0.000000
1648655325.137336403,0,0.000000
1648655325.156557979,0,0.000000
1648655325.180418653,0,0.004000
1648655325.201969392,0,0.000000
1648655325.223024746,0,0.000000
1648655325.242826903,0,0.000000
1648655325.264287859,0,0.004000
1648655325.284102965,0,0.000000
1648655325.306323004,0,0.000000
1648655325.326386184,0,0.000000
1648655325.348308427,0,0.000000
1648655325.370275417,0,0.003000
1648655325.391143270,0,0.000000
1648655325.411109579,0,0.000000
1648655325.432937829,0,0.004000
1648655325.453158501,0,0.000000
1648655325.473161713,0,0.000000
1648655325.492904905,1,0.000000
1648655325.513952060,0,0.000000
1648655325.535316805,0,0.000000
1648655325.555382831,0,0.000000
1648655325.575549821,0,0.000000
1648655325.597745972,0,0.000000
1648655325.619334873,0,0.000000
1648655325.642409117,0,0.000000
1648655325.665228835,0,0.000000
1648655325.685650089,0,0.000000
1648655325.708682253,0,0.000000
1648655325.729349583,0,0.000000
1648655325.752169274,0,0.000000
1648655325.773850941,0,0.000000
1648655325.794750018,1,0.000000
1648655325.815383643,0,0.000000
1648655325.834556222,0,0.000000
1648655325.855537938,0,0.000000
1648655325.877083870,0,0.000000
1648655325.900118535,0,0.000000
1648655325.920167525,0,0.000000
1648655325.940918928,0,0.000000
1648655325.960920723,0,0.000000
1648655325.981210961,0,0.000000
1648655326.003541632,0,0.000000
1648655326.024459350,0,0.000000
1648655326.045323609,0,0.000000
1648655326.065393107,0,0.000000
1648655326.088659161,0,0.000000
1648655326.110107427,0,0.000000
1648655326.131112579,0,0.000000
1648655326.151474243,0,0.000000
1648655326.172608972,0,0.000000
1648655326.191163551,0,0.000000
1648655326.211985385,0,0.000000
1648655326.232691067,0,0.000000
1648655326.252210212,0,0.000000
1648655326.275006183,0,0.000000
1648655326.294892923,0,0.000000
1648655326.313693678,0,0.000000
1648655326.334821972,0,0.000000
1648655326.355276864,0,0.000000
1648655326.378020880,0,0.000000
1648655326.397896140,0,0.000000
1648655326.418981313,0,0.000000
1648655326.440836453,0,0.000000
1648655326.462769061,0,0.000000
1648655326.485099972,0,0.000000
1648655326.504110510,0,0.000000
1648655326.524217438,0,0.000000
1648655326.544842283,0,0.000000
1648655326.565074351,0,0.000000
1648655326.584172483,0,0.000000
1648655326.605452484,0,0.000000
1648655326.625002000,0,0.000000
1648655326.647483109,0,0.000000
1648655326.668143348,0,0.000000
1648655326.689148630,0,0.000000
1648655326.710131708,0,0.000000
1648655326.729487530,0,0.000000
1648655326.752391411,0,0.000000
1648655326.773960752,0,0.000000
1648655326.796039959,1,0.012000
1648655326.816779445,0,0.000000
1648655326.837732451,0,0.000000
1648655326.859406703,0,0.000000
1648655326.879827853,0,0.000000
1648655326.898767380,0,0.000000
1648655326.920564835,0,0.000000
1648655326.942141504,0,0.000000
1648655326.963564303,0,0.009000
1648655326.984586476,0,0.000000
1648655327.003706773,0,0.000000
1648655327.024032354,0,0.000000
1648655327.047091422,0,0.000000
1648655327.067010082,0,0.003000
1648655327.087309110,0,0.000000
1648655327.109441010,0,0.000000
1648655327.128677148,0,0.000000
1648655327.151434042,0,0.000000
1648655327.172568478,0,0.004000
1648655327.193003792,0,0.000000
1648655327.211974651,0,0.000000
1648655327.232929789,0,0.000000
1648655327.253013817,0,0.000000
1648655327.274194592,0,0.000000
1648655327.293912691,0,0.000000
1648655327.313986489,0,0.000000
1648655327.334852017,0,0.002000
1648655327.356487106,0,0.000000
1648655327.375872047,0,0.000000
1648655327.395277349,0,0.000000
1648655327.413995005,0,0.000000
1648655327.433345043,0,0.000000
1648655327.454953870,0,0.000000
1648655327.477170759,0,0.000000
1648655327.498004970,0,0.000000
1648655327.519835952,0,0.000000
1648655327.540077983,0,0.000000
1648655327.559369574,0,0.000000
1648655327.581650687,0,0.000000
1648655327.601563325,0,0.000000
1648655327.623146434,0,0.000000
1648655327.643276232,0,0.000000
1648655327.665484480,0,0.000000
1648655327.687072745,0,0.000000
1648655327.705036387,0,0.000000
1648655327.726383901,0,0.000000
1648655327.747221047,0,0.000000
1648655327.769107773,0,0.000000
1648655327.788718094,0,0.000000
1648655327.809117003,0,0.000000
1648655327.830378716,0,0.000000
1648655327.850993944,0,0.000000
1648655327.872428645,0,0.001000
1648655327.892463693,0,0.007000
1648655327.912250902,0,0.000000
1648655327.933394737,0,0.000000
1648655327.953609393,0,0.000000
1648655327.974480690,0,0.000000
1648655327.996588852,0,0.000000
1648655328.016298989,0,0.000000
1648655328.035428394,0,0.000000
1648655328.056378923,0,0.000000
1648655328.075007999,0,0.000000
1648655328.094909246,0,0.000000
1648655328.116085625,0,0.000000
1648655328.135939914,0,0.000000
1648655328.156335619,0,0.007000
1648655328.176062962,0,0.000000
1648655328.197170589,0,0.000000
1648655328.218028531,0,0.000000
1648655328.235241103,0,0.000000
1648655328.255132115,0,0.000000
1648655328.276129713,0,0.000000
1648655328.296729219,0,0.000000
1648655328.315051506,0,0.000000
1648655328.337208757,0,0.000000
1648655328.358874604,0,0.000000
1648655328.380001205,0,0.000000
1648655328.399226892,0,0.000000
1648655328.420965671,0,0.000000
1648655328.442619250,0,0.000000
1648655328.460912931,0,0.000000
1648655328.480396743,0,0.006000
1648655328.499075090,0,0.000000
1648655328.521030637,0,0.000000
1648655328.542494310,0,0.000000
1648655328.563645292,0,0.000000
1648655328.585354764,0,0.000000
1648655328.605981601,0,0.003000
1648655328.624200528,0,0.000000
1648655328.645445396,0,0.000000
1648655328.669666283,0,0.005000
1648655328.690857338,0,0.000000
1648655328.712485680,0,0.000000
1648655328.734222849,0,0.000000
1648655328.756459507,0,0.000000
1648655328.775021140,0,0.000000
1648655328.795169533,0,0.000000
1648655328.814115855,0,0.000000
1648655328.834933955,0,0.000000
1648655328.854010035,0,0.000000
1648655328.876081625,0,0.000000
1648655328.896573985,0,0.000000
1648655328.916598604,0,0.000000
1648655328.937390115,0,0.000000
1648655328.958647954,0,0.000000
1648655328.979286384,0,0.000000
1648655328.999959107,0,0.000000
1648655329.019466308,0,0.000000
1648655329.039224831,0,0.000000
1648655329.061709400,0,0.000000
1648655329.082308672,0,0.000000
1648655329.102107629,0,0.000000
1648655329.122370856,0,0.000000
1648655329.144173389,0,0.000000
1648655329.165068598,0,0.000000
1648655329.184148417,0,0.000000
1648655329.205829328,0,0.000000
1648655329.228676635,0,0.000000
1648655329.250207312,0,0.000000
1648655329.270556720,0,0.000000
1648655329.292096655,0,0.000000
1648655329.312137808,0,0.000000
1648655329.334092270,0,0.003000
1648655329.353255051,0,0.003000
1648655329.369910449,0,0.000000
1648655329.392170183,0,0.000000
1648655329.411985712,0,0.000000
1648655329.431216947,0,0.000000
1648655329.450969089,0,0.000000
1648655329.471781406,0,0.003000
1648655329.492122666,0,0.000000
1648655329.513402052,0,0.000000
1648655329.534688884,0,0.000000
1648655329.554965497,0,0.000000
1648655329.576391321,0,0.000000
1648655329.596754097,0,0.000000
1648655329.618857908,0,0.000000
1648655329.639887591,0,0.000000
1648655329.660665355,0,0.000000
1648655329.679574623,0,0.000000
1648655329.703713398,0,0.000000
1648655329.722571141,0,0.000000
1648655329.743533228,0,0.000000
1648655329.763917709,0,0.000000
1648655329.782449258,0,0.000000
1648655329.801657373,0,0.000000
1648655329.823814914,0,0.000000
1648655329.845763644,0,0.000000
1648655329.867904912,0,0.000000
1648655329.889042883,0,0.000000
1648655329.909151984,1,0.000000
1648655329.928879898,0,0.000000
1648655329.948581891,0,0.000000
1648655329.970587119,0,0.003000
1648655329.989771358,0,0.000000
1648655330.012246566,0,0.000000
1648655330.032983800,0,0.000000
1648655330.051637878,0,0.000000
1648655330.072147036,0,0.000000
1648655330.090875371,0,0.000000
1648655330.111097582,0,0.000000
1648655330.133455849,0,0.003000
1648655330.152192877,0,0.000000
1648655330.174734226,0,0.000000
1648655330.194743192,0,0.000000
1648655330.214445733,0,0.000000
1648655330.237158199,0,0.000000
1648655330.255948735,0,0.000000
1648655330.277767230,0,0.004000
1648655330.295834157,0,0.000000
1648655330.319174319,0,0.000000
1648655330.337558973,0,0.000000
1648655330.358223033,0,0.000000
1648655330.379100876,0,0.004000
1648655330.400023212,0,0.000000
1648655330.422305342,0,0.000000
1648655330.442117466,0,0.000000
1648655330.460760538,0,0.000000
1648655330.480424669,0,0.000000
1648655330.501254361,0,0.008000
1648655330.521547384,0,0.000000
1648655330.541640987,0,0.000000
1648655330.565257866,0,0.000000
1648655330.584699160,0,0.000000
1648655330.605413692,0,0.000000
1648655330.627389740,0,0.000000
1648655330.646524067,0,0.006000
1648655330.665252315,1,0.000000
1648655330.687268444,0,0.000000
1648655330.708923207,0,0.000000
1648655330.730961394,0,0.000000
1648655330.751545580,0,0.000000
1648655330.772422993,0,0.000000
1648655330.794160846,0,0.005000
1648655330.813399401,0,0.006000
1648655330.834543460,0,0.000000
1648655330.853502940,0,0.000000
1648655330.875922087,0,0.000000
1648655330.895961839,0,0.000000
1648655330.917176332,0,0.000000
1648655330.936732207,0,0.000000
1648655330.956575921,0,0.000000
1648655330.978995309,0,0.000000
1648655330.998780848,0,0.000000
1648655331.020081690,0,0.001000
1648655331.040622181,0,0.000000
1648655331.060709800,0,0.000000
1648655331.080666532,0,0.006000
1648655331.100595065,0,0.000000
1648655331.120320981,0,0.000000
1648655331.143136049,0,0.000000
1648655331.161944495,0,0.003000
1648655331.181920986,0,0.000000
1648655331.204333799,0,0.000000
1648655331.224137681,0,0.000000
1648655331.245984801,0,0.000000
1648655331.266058771,0,0.000000
1648655331.288207517,0,0.000000
1648655331.307287783,0,0.000000
1648655331.329247644,0,0.000000
1648655331.347509103,0,0.000000
1648655331.366936665,0,0.000000
1648655331.388998807,0,0.000000
1648655331.408106782,0,0.000000
1648655331.428054525,0,0.000000
1648655331.449294937,0,0.000000
1648655331.469586162,0,0.000000
1648655331.492741868,0,0.000000
1648655331.511412951,0,0.000000
1648655331.531800225,0,0.000000
1648655331.552000711,0,0.000000
1648655331.574194915,0,0.000000
1648655331.594419432,0,0.000000
1648655331.613594317,0,0.000000
1648655331.633958788,0,0.000000
1648655331.654098719,0,0.000000
1648655331.675296151,0,0.000000
1648655331.697572317,0,0.000000
1648655331.717034350,0,0.000000
1648655331.738239040,0,0.000000
1648655331.759545065,0,0.000000
1648655331.780396342,0,0.000000
1648655331.801127404,0,0.000000
1648655331.820721492,0,0.000000
1648655331.843957181,0,0.000000
1648655331.863906217,0,0.000000
1648655331.882896588,0,0.000000
1648655331.902122234,0,0.000000
1648655331.923679032,0,0.000000
1648655331.942892612,0,0.000000
1648655331.962995832,0,0.000000
1648655331.983234741,0,0.000000
1648655332.005111621,0,0.000000
1648655332.025678072,0,0.000000
1648655332.046106992,0,0.000000
1648655332.066105708,0,0.000000
1648655332.085649107,0,0.000000
1648655332.106642454,0,0.000000
1648655332.125426804,0,0.000000
1648655332.144935428,0,0.000000
1648655332.164878027,0,0.000000
1648655332.185373528,0,0.000000
1648655332.208098661,0,0.000000
1648655332.228327788,0,0.000000
1648655332.248171194,0,0.000000
1648655332.267631163,0,0.000000
1648655332.289608756,0,0.000000
1648655332.310659493,0,0.000000
1648655332.331450273,0,0.000000
1648655332.353047823,0,0.000000
1648655332.374696456,0,0.000000
1648655332.395111408,0,0.000000
1648655332.417727362,0,0.000000
1648655332.436116643,0,0.000000
1648655332.458209625,0,0.000000
1648655332.478923160,0,0.002000
1648655332.499930804,0,0.000000
1648655332.520986266,0,0.000000
1648655332.542993558,0,0.000000
1648655332.563177222,0,0.000000
1648655332.582335589,0,0.000000
1648655332.602776334,0,0.000000
1648655332.625425337,0,0.000000
1648655332.648110598,0,0.004000
1648655332.668846743,0,0.000000
1648655332.688968942,0,0.003000
1648655332.710930603,0,0.000000
1648655332.733403205,0,0.000000
1648655332.753283432,0,0.000000
1648655332.775054131,0,0.000000
1648655332.795433968,1,0.000000
1648655332.817846913,0,0.000000
1648655332.838331264,0,0.000000
1648655332.859949833,0,0.003000
1648655332.880604477,1,0.000000
1648655332.901164842,0,0.000000
1648655332.921620159,0,0.001000
1648655332.940142565,0,0.000000
1648655332.962549069,0,0.000000
1648655332.983174398,0,0.000000
1648655333.004418887,0,0.000000
1648655333.025369694,0,0.000000
1648655333.044932084,0,0.000000
1648655333.066842739,0,0.000000
1648655333.088637272,0,0.000000
1648655333.109480307,0,0.000000
1648655333.129468900,0,0.000000
1648655333.150292249,1,0.000000
1648655333.170006940,0,0.000000
1648655333.193404184,0,0.000000
1648655333.213947097,0,0.000000
1648655333.234485054,0,0.000000
1648655333.257366804,0,0.000000
1648655333.276183076,0,0.000000
1648655333.297952459,0,0.000000
1648655333.317378584,0,0.000000
1648655333.339445600,0,0.000000
1648655333.360627471,0,0.000000
1648655333.381480642,0,0.000000
1648655333.404454480,0,0.000000
1648655333.426594106,0,0.000000
1648655333.449106873,0,0.000000
1648655333.469961636,0,0.000000
1648655333.492922710,1,0.007000
1648655333.511541775,0,0.000000
1648655333.533272567,0,0.000000
1648655333.551415007,0,0.000000
1648655333.573993261,0,0.000000
1648655333.594645159,0,0.000000
1648655333.616228445,0,0.000000
1648655333.636080469,0,0.000000
1648655333.658186041,0,0.000000
1648655333.680161888,0,0.000000
1648655333.701987314,0,0.000000
1648655333.721683337,1,0.000000
1648655333.741893115,0,0.000000
1648655333.762789157,0,0.000000
1648655333.784395028,0,0.000000
1648655333.806537331,0,0.000000
1648655333.826453448,0,0.000000
1648655333.846988185,0,0.000000
1648655333.868139042,0,0.000000
1648655333.889796070,1,0.000000
1648655333.910011939,0,0.000000
1648655333.929240934,0,0.003000
1648655333.950457069,0,0.000000
1648655333.969052828,0,0.000000
1648655333.991202717,0,0.000000
1648655334.011627382,0,0.003000
1648655334.032191310,0,0.000000
1648655334.052424551,0,0.000000
1648655334.072915358,0,0.001000
1648655334.092796727,0,0.000000
1648655334.116118131,0,0.000000
1648655334.138149782,0,0.000000
1648655334.157176410,1,0.000000
1648655334.176651257,0,0.000000
1648655334.196547784,0,0.000000
1648655334.216187440,0,0.000000
1648655334.238287255,0,0.000000
1648655334.259542684,0,0.000000
1648655334.281060017,0,0.000000
1648655334.303971424,0,0.000000
1648655334.326615429,0,0.000000
1648655334.345907497,1,0.000000
1648655334.368341761,0,0.000000
1648655334.387355634,0,0.000000
1648655334.409914799,0,0.001000
1648655334.427698382,1,0.000000
1648655334.447306883,0,0.000000
1648655334.470016061,0,0.000000
1648655334.490251793,0,0.000000
1648655334.510223503,0,0.000000
1648655334.531978937,0,0.000000
1648655334.552557398,0,0.000000
1648655334.573902953,0,0.000000
1648655334.594679152,0,0.000000
1648655334.615583838,0,0.000000
1648655334.636611672,0,0.000000
1648655334.655741438,0,0.000000
1648655334.675159479,0,0.000000
1648655334.694964130,0,0.000000
1648655334.715980538,0,0.000000
1648655334.737217709,0,0.000000
1648655334.759128542,0,0.008000
1648655334.781042233,0,0.000000
1648655334.799987229,0,0.000000
1648655334.820040334,0,0.000000
1648655334.840603193,0,0.000000
1648655334.861609966,0,0.000000
1648655334.882135801,0,0.000000
1648655334.902567187,0,0.000000
1648655334.921163676,0,0.000000
1648655334.942829554,0,0.000000
1648655334.963958289,0,0.000000
1648655334.987303088,0,0.000000
1648655335.008164913,0,0.000000
1648655335.027908781,0,0.000000
1648655335.049017760,0,0.000000
1648655335.068808469,0,0.000000
1648655335.091348335,0,0.000000
1648655335.113430173,0,0.000000
1648655335.135498329,0,0.000000
1648655335.155854783,0,0.000000
1648655335.175555846,0,0.000000
1648655335.195085819,0,0.000000
1648655335.215673349,0,0.000000
1648655335.237750531,0,0.000000
1648655335.257171852,0,0.000000
1648655335.276316806,0,0.000000
1648655335.297104212,0,0.000000
1648655335.318362260,0,0.000000
1648655335.337250974,0,0.000000
1648655335.358686079,0,0.000000
1648655335.376368322,0,0.000000
1648655335.396649933,0,0.000000
1648655335.418937205,0,0.000000
1648655335.438232544,0,0.000000
1648655335.459596014,0,0.000000
1648655335.480201974,0,0.000000
1648655335.500590074,0,0.000000
1648655335.520187783,0,0.000000
1648655335.540911707,0,0.000000
1648655335.561496051,0,0.000000
1648655335.583542368,0,0.000000
1648655335.602994004,0,0.000000
1648655335.624174369,0,0.000000
1648655335.647130825,0,0.000000
1648655335.669902786,0,0.000000
1648655335.689947576,0,0.000000
1648655335.710598356,0,0.000000
1648655335.733171033,0,0.000000
1648655335.752719753,0,0.000000
1648655335.773503251,0,0.000000
1648655335.795573614,0,0.001000
1648655335.816175605,0,0.000000
1648655335.835433751,0,0.000000
1648655335.857994217,0,0.000000
1648655335.878234705,0,0.000000
1648655335.900460131,0,0.000000
1648655335.921799104,0,0.000000
1648655335.940305975,0,0.000000
1648655335.960880138,0,0.000000
1648655335.981129425,0,0.000000
1648655336.001383692,0,0.000000
1648655336.020540606,0,0.000000
1648655336.041901191,0,0.000000
1648655336.061461349,0,0.000000
1648655336.083319989,1,0.000000
1648655336.103358703,0,0.000000
1648655336.123453468,0,0.000000
1648655336.145522601,0,0.000000
1648655336.163960629,0,0.000000
1648655336.184396829,0,0.000000
1648655336.205891304,0,0.000000
1648655336.225556152,0,0.000000
1648655336.245275065,0,0.000000
1648655336.266153303,0,0.000000
1648655336.286446463,0,0.000000
1648655336.308158457,0,0.000000
1648655336.327323807,0,0.000000
1648655336.350831003,0,0.004000
1648655336.372922957,0,0.001000
1648655336.392189963,0,0.000000
1648655336.412199455,0,0.000000
1648655336.432064579,0,0.010000
1648655336.452659332,1,0.000000
1648655336.474149255,0,0.000000
1648655336.496814298,0,0.000000
1648655336.515129498,0,0.000000
1648655336.537451049,0,0.000000
1648655336.559711957,0,0.000000
1648655336.578450246,0,0.000000
1648655336.600851817,0,0.000000
1648655336.622225401,0,0.000000
1648655336.643428576,0,0.000000
1648655336.665594384,0,0.000000
1648655336.685916589,0,0.000000
1648655336.705575154,0,0.000000
1648655336.727206188,1,0.000000
1648655336.749510690,0,0.000000
1648655336.771110629,0,0.000000
1648655336.792141712,0,0.000000
1648655336.813192977,0,0.000000
1648655336.834618985,0,0.000000
1648655336.855275924,0,0.000000
1648655336.874855121,0,0.003000
1648655336.897892259,0,0.000000
1648655336.917724352,0,0.000000
1648655336.935592410,0,0.000000
1648655336.958251927,0,0.000000
1648655336.978424225,0,0.000000
1648655337.000105525,0,0.000000
1648655337.021923763,0,0.000000
1648655337.045366306,0,0.000000
1648655337.067144860,0,0.000000
1648655337.089672646,0,0.000000
1648655337.109178374,0,0.000000
1648655337.128892703,0,0.000000
1648655337.149778484,0,0.000000
1648655337.168855235,0,0.006000
1648655337.188132154,0,0.000000
1648655337.208733844,0,0.000000
1648655337.229909753,0,0.000000
1648655337.250373658,0,0.000000
1648655337.270905745,0,0.007000
1648655337.291979331,0,0.000000
1648655337.313742588,0,0.000000
1648655337.334172246,0,0.000000
1648655337.355009534,0,0.000000
1648655337.376200245,0,0.000000
1648655337.397142122,0,0.000000
1648655337.417389912,0,0.008000
1648655337.438337306,0,0.008000
1648655337.460075589,0,0.000000
1648655337.481832530,0,0.001000
1648655337.502469538,0,0.000000
1648655337.524059263,0,0.000000
1648655337.544428704,0,0.000000
1648655337.564449758,1,0.000000
1648655337.587486021,0,0.000000
1648655337.609970205,0,0.000000
1648655337.630709717,0,0.000000
1648655337.652254942,0,0.000000
1648655337.674467770,0,0.000000
1648655337.695677859,0,0.000000
1648655337.716019419,0,0.000000
1648655337.736784217,0,0.000000
1648655337.755024736,0,0.000000
1648655337.774133393,0,0.000000
1648655337.794582625,0,0.006000
1648655337.815043349,0,0.000000
1648655337.835270447,0,0.000000
1648655337.857469462,0,0.000000
1648655337.879562248,0,0.000000
1648655337.899195996,0,0.000000
1648655337.921205181,0,0.000000
1648655337.942234112,0,0.000000
1648655337.963264328,0,0.000000
1648655337.984471344,0,0.000000
1648655338.007325106,0,0.000000
1648655338.027500665,0,0.000000
1648655338.047892700,0,0.005000
1648655338.068031943,0,0.000000
1648655338.088576509,0,0.000000
1648655338.106888260,0,0.000000
1648655338.128884720,1,0.000000
1648655338.149661913,0,0.000000
1648655338.169936481,0,0.000000
1648655338.188242965,0,0.000000
1648655338.209309315,0,0.000000
1648655338.230102358,0,0.005000
1648655338.252182857,0,0.000000
1648655338.273921633,0,0.000000
1648655338.293897995,0,0.000000
1648655338.315158042,0,0.000000
1648655338.335782797,0,0.000000
1648655338.357928887,1,0.000000
1648655338.379661495,0,0.000000
1648655338.401807594,0,0.000000
1648655338.423887921,0,0.000000
1648655338.444950243,0,0.000000
1648655338.464502212,0,0.000000
1648655338.482729403,0,0.000000
1648655338.503334963,0,0.000000
1648655338.526234050,0,0.000000
1648655338.547266886,0,0.000000
1648655338.570078537,0,0.000000
1648655338.592720557,0,0.004000
1648655338.611940780,0,0.000000
1648655338.631785377,0,0.000000
1648655338.650251252,0,0.009000
1648655338.672315483,0,0.000000
1648655338.694350710,0,0.000000
1648655338.717031974,0,0.000000
1648655338.737349654,0,0.000000
1648655338.758326928,0,0.000000
1648655338.779921006,0,0.000000
1648655338.799707632,0,0.000000
1648655338.821850570,0,0.000000
1648655338.840497774,0,0.000000
1648655338.861140709,0,0.000000
1648655338.881484079,0,0.000000
1648655338.903503081,0,0.000000
1648655338.926016738,0,0.000000
1648655338.946072598,0,0.000000
1648655338.966945824,0,0.000000
1648655338.986779158,0,0.000000
1648655339.009728203,0,0.000000
1648655339.030051725,0,0.000000
1648655339.050352483,0,0.000000
1648655339.071091245,0,0.000000
1648655339.091427664,0,0.000000
1648655339.113260168,0,0.000000
1648655339.133430350,0,0.000000
1648655339.155963427,0,0.000000
1648655339.176915973,0,0.000000
1648655339.197373725,0,0.000000
1648655339.217785667,0,0.000000
1648655339.238430613,0,0.000000
1648655339.257500722,0,0.000000
1648655339.280306342,0,0.000000
1648655339.301653835,0,0.000000
1648655339.322930319,0,0.000000
1648655339.344106529,0,0.000000
1648655339.364598569,0,0.000000
1648655339.386054723,0,0.015000
1648655339.407577576,0,0.003000
1648655339.427880227,0,0.000000
1648655339.447452304,0,0.000000
1648655339.466358406,0,0.000000
1648655339.485930691,0,0.000000
1648655339.507167475,1,0.000000
1648655339.529129474,0,0.003000
1648655339.550393136,0,0.000000
1648655339.570420006,0,0.000000
1648655339.592042950,0,0.000000
1648655339.612976918,0,0.000000
1648655339.634458641,0,0.000000
1648655339.653751197,0,0.000000
1648655339.676504841,0,0.000000
1648655339.698679010,0,0.000000
1648655339.718014495,1,0.000000
1648655339.738505318,0,0.000000
1648655339.760765234,0,0.000000
1648655339.782706191,0,0.000000
1648655339.802612804,0,0.000000
1648655339.824352394,0,0.000000
1648655339.846452799,0,0.000000
1648655339.869020883,1,0.000000
1648655339.890454969,0,0.000000
1648655339.910339897,0,0.000000
1648655339.932276909,0,0.000000
1648655339.956389570,1,0.000000
1648655339.976117143,0,0.003000
1648655339.996173494,0,0.000000
1648655340.017692752,0,0.000000
1648655340.038041128,1,0.000000
1648655340.059492089,0,0.000000
1648655340.081406029,0,0.000000
1648655340.102957253,0,0.000000
1648655340.123078355,0,0.000000
1648655340.144150716,0,0.000000
1648655340.165214608,0,0.000000
1648655340.185793396,0,0.000000
1648655340.206749572,0,0.000000
1648655340.225323921,0,0.006000
1648655340.247971851,0,0.000000
1648655340.268457406,0,0.000000
1648655340.288500972,0,0.000000
1648655340.311079195,0,0.000000
1648655340.332679522,0,0.000000
1648655340.353088824,1,0.000000
1648655340.372793028,0,0.000000
1648655340.393409896,0,0.000000
1648655340.414896947,0,0.000000
1648655340.434479156,0,0.000000
1648655340.452757078,0,0.000000
1648655340.471414143,0,0.000000
1648655340.491582587,0,0.000000
1648655340.511031365,0,0.000000
1648655340.531119661,0,0.007000
1648655340.553847500,0,0.000000
1648655340.573910816,0,0.000000
1648655340.595435026,0,0.000000
1648655340.615507025,0,0.000000
1648655340.638389252,0,0.000000
1648655340.656772004,0,0.003000
1648655340.677307983,0,0.000000
1648655340.699296678,0,0.012000
1648655340.720984010,0,0.000000
1648655340.742663335,0,0.003000
1648655340.762930355,0,0.000000
1648655340.784436588,1,0.000000
1648655340.803782048,0,0.000000
1648655340.825490232,0,0.000000
1648655340.847801778,0,0.000000
1648655340.867039384,0,0.000000
1648655340.888493824,0,0.000000
1648655340.908962755,0,0.000000
1648655340.928238478,0,0.000000
1648655340.947977330,1,0.000000
1648655340.970056493,0,0.000000
1648655340.990856023,0,0.000000
1648655341.011880282,0,0.000000
1648655341.032782925,0,0.000000
1648655341.054481162,0,0.000000
1648655341.074771847,0,0.001000
1648655341.095136005,0,0.000000
1648655341.114775111,0,0.000000
1648655341.134969647,0,0.001000
1648655341.155337100,0,0.000000
1648655341.176404701,0,0.000000
1648655341.196176621,0,0.000000
1648655341.215340606,0,0.000000
1648655341.236275283,0,0.000000
1648655341.258873206,0,0.000000
1648655341.279735348,0,0.000000
1648655341.299429618,0,0.004000
1648655341.319840244,0,0.002000
1648655341.337712119,0,0.000000
1648655341.359430652,0,0.000000
1648655341.379393835,0,0.000000
1648655341.399119284,0,0.000000
1648655341.421489928,0,0.000000
1648655341.444662818,0,0.000000
1648655341.465786531,0,0.000000
1648655341.487644845,0,0.000000
1648655341.507645912,0,0.000000
1648655341.529077690,0,0.000000
1648655341.548995551,0,0.000000
1648655341.570257933,0,0.000000
1648655341.592070382,0,0.000000
1648655341.611732687,0,0.003000
1648655341.631173231,0,0.000000
1648655341.653375090,0,0.000000
1648655341.676290470,0,0.000000
1648655341.698915463,0,0.000000
1648655341.721685846,0,0.000000
1648655341.743084396,0,0.000000
1648655341.765907725,0,0.000000
1648655341.787367139,0,0.000000
1648655341.807341778,0,0.000000
1648655341.825449234,0,0.000000
1648655341.846992954,0,0.000000
1648655341.866070134,0,0.000000
1648655341.889092635,0,0.000000
1648655341.910247270,0,0.000000
1648655341.933173736,0,0.000000
1648655341.955820762,0,0.000000
1648655341.979277996,0,0.000000
1648655342.001039775,0,0.000000
1648655342.022476269,0,0.000000
1648655342.043980499,0,0.000000
1648655342.064141982,0,0.000000
1648655342.086820479,0,0.000000
1648655342.107714149,0,0.000000
1648655342.130759153,0,0.000000
1648655342.152474436,0,0.000000
1648655342.173553189,0,0.000000
1648655342.193756873,0,0.000000
1648655342.213601820,0,0.000000
1648655342.234483032,0,0.000000
1648655342.256640386,0,0.000000
1648655342.277785630,0,0.000000
1648655342.299021362,0,0.000000
1648655342.318577171,0,0.000000
1648655342.341631650,0,0.000000
1648655342.363710950,0,0.000000
1648655342.385325945,0,0.000000
1648655342.406792964,0,0.000000
1648655342.428133129,0,0.000000
1648655342.450399410,0,0.000000
1648655342.472996368,1,0.000000
1648655342.493195744,0,0.000000
1648655342.516053958,0,0.000000
1648655342.537384281,0,0.000000
1648655342.560471632,0,0.000000
1648655342.581565852,0,0.000000
1648655342.603172181,0,0.000000
1648655342.626221651,0,0.000000
1648655342.645420196,1,0.000000
1648655342.668566396,0,0.000000
1648655342.689286533,0,0.000000
1648655342.709974189,0,0.000000
1648655342.729998713,0,0.000000
1648655342.750211150,0,0.000000
1648655342.771517351,0,0.000000
1648655342.791989857,0,0.000000
1648655342.812720191,0,0.000000
1648655342.832893453,0,0.000000
1648655342.854160111,0,0.000000
1648655342.875476087,0,0.004000
1648655342.895089458,0,0.003000
1648655342.915135707,0,0.000000
1648655342.934785919,0,0.000000
1648655342.954423553,0,0.000000
1648655342.972989995,0,0.000000
1648655342.993982583,0,0.002000
1648655343.012858672,0,0.000000
1648655343.033691423,0,0.000000
1648655343.055100442,0,0.000000
1648655343.075506933,0,0.000000
1648655343.096132876,0,0.000000
1648655343.117068739,1,0.000000
1648655343.138313198,0,0.000000
1648655343.158938688,0,0.000000
1648655343.179889091,0,0.000000
1648655343.199626876,0,0.000000
1648655343.221231469,0,0.000000
1648655343.240140601,0,0.000000
1648655343.262630956,0,0.000000
1648655343.283609011,0,0.000000
1648655343.305642024,0,0.000000
1648655343.326472046,0,0.000000
1648655343.347140795,0,0.000000
1648655343.368149256,0,0.000000
1648655343.387339781,0,0.000000
1648655343.410066904,0,0.000000
1648655343.430580165,0,0.004000
1648655343.449732401,0,0.000000
1648655343.469782594,0,0.000000
1648655343.490043023,0,0.000000
1648655343.510942726,0,0.000000
1648655343.533539791,0,0.000000
1648655343.554976629,0,0.000000
1648655343.576051491,0,0.000000
1648655343.594884252,0,0.000000
1648655343.617245611,0,0.000000
1648655343.638291621,0,0.000000
1648655343.659051008,0,0.000000
1648655343.676945430,0,0.003000
1648655343.697252121,0,0.008000
1648655343.718308033,0,0.000000
1648655343.737650843,0,0.000000
1648655343.760078886,0,0.000000
1648655343.780376672,0,0.000000
1648655343.799579543,0,0.000000
1648655343.821859018,0,0.000000
1648655343.840871802,0,0.000000
1648655343.862224063,0,0.010000
1648655343.884561413,0,0.000000
1648655343.903949092,0,0.003000
1648655343.923159814,0,0.000000
1648655343.944276705,0,0.012000
1648655343.964996846,0,0.000000
1648655343.985239714,0,0.000000
1648655344.005465954,0,0.000000
1648655344.028370067,0,0.000000
1648655344.048769932,0,0.000000
1648655344.068592184,0,0.000000
1648655344.089029177,0,0.000000
1648655344.111090674,0,0.000000
1648655344.131349216,0,0.000000
1648655344.153349546,0,0.000000
1648655344.174268983,0,0.000000
1648655344.194990639,0,0.000000
1648655344.215927647,0,0.000000
1648655344.234486858,0,0.000000
1648655344.254001191,0,0.000000
1648655344.272705373,0,0.000000
1648655344.293007157,0,0.000000
1648655344.311196670,0,0.000000
1648655344.329327264,0,0.000000
1648655344.350345303,0,0.004000
1648655344.371181647,0,0.000000
1648655344.390876906,0,0.003000
1648655344.410402165,0,0.000000
1648655344.429498076,0,0.000000
1648655344.450359636,0,0.000000
1648655344.468208221,0,0.000000
1648655344.487664859,0,0.000000
1648655344.509918434,0,0.000000
1648655344.532226797,0,0.011000
1648655344.551282381,0,0.000000
1648655344.570244503,0,0.000000
1648655344.591198603,0,0.005000
1648655344.612293540,0,0.000000
1648655344.631376026,0,0.000000
1648655344.652651874,0,0.000000
1648655344.674278986,0,0.000000
1648655344.696116343,0,0.000000
1648655344.716322330,0,0.000000
1648655344.738894752,0,0.000000
1648655344.761941603,0,0.000000
1648655344.782867725,0,0.000000
1648655344.804008327,0,0.000000
1648655344.824600913,0,0.000000
1648655344.844883469,0,0.000000
1648655344.866982253,0,0.000000
1648655344.888180285,0,0.000000
1648655344.906939494,0,0.003000
1648655344.927569533,0,0.000000
1648655344.948948031,0,0.000000
1648655344.968228091,0,0.000000
1648655344.988697078,0,0.000000
1648655345.006742829,0,0.000000
1648655345.027232430,0,0.000000
1648655345.047729457,0,0.003000
1648655345.068741157,0,0.000000
1648655345.088070170,0,0.000000
1648655345.109151957,0,0.000000
1648655345.129120494,0,0.000000
1648655345.147050005,0,0.000000
1648655345.168570244,0,0.000000
1648655345.188314567,0,0.000000
1648655345.207100979,0,0.001000
1648655345.228384735,0,0.000000
1648655345.248005219,0,0.008000
1648655345.268612682,0,0.000000
1648655345.288947660,0,0.000000
1648655345.309885130,0,0.000000
1648655345.329483650,0,0.000000
1648655345.349559095,0,0.000000
1648655345.370564007,0,0.000000
1648655345.392552711,0,0.000000
1648655345.412125779,0,0.000000
1648655345.433193608,0,0.000000
1648655345.454238378,0,0.000000
1648655345.472807158,0,0.000000
1648655345.494080849,0,0.000000
1648655345.514563271,0,0.000000
1648655345.536039272,0,0.000000
1648655345.557172579,0,0.000000
1648655345.577914369,0,0.000000
1648655345.598474697,0,0.000000
1648655345.619806586,0,0.000000
1648655345.642236508,0,0.000000
1648655345.664464309,0,0.000000
1648655345.685879810,0,0.000000
1648655345.707275910,0,0.000000
1648655345.727986382,0,0.001000
1648655345.747269453,0,0.000000
1648655345.768603018,0,0.000000
1648655345.788882492,0,0.000000
1648655345.810140819,0,0.024000
1648655345.828784240,0,0.000000
1648655345.847700281,1,0.000000
1648655345.869121614,0,0.000000
1648655345.889034566,0,0.000000
1648655345.910784337,0,0.000000
1648655345.931017224,0,0.000000
1648655345.951411153,0,0.000000
1648655345.973250060,1,0.000000
1648655345.993177511,1,0.006000
1648655346.014868385,0,0.000000
1648655346.035126845,0,0.000000
1648655346.053003359,0,0.000000
1648655346.075128059,0,0.000000
1648655346.097002794,0,0.003000
1648655346.117264742,0,0.000000
1648655346.137422137,0,0.000000
1648655346.160044946,0,0.000000
1648655346.181856347,0,0.018000
1648655346.200759517,0,0.001000
1648655346.219563476,0,0.000000
1648655346.241921888,0,0.000000
1648655346.261350986,0,0.005000
1648655346.281466723,0,0.000000
1648655346.302393751,0,0.000000
1648655346.322656117,0,0.000000
1648655346.345035494,0,0.000000
1648655346.362998549,0,0.000000
1648655346.384132655,0,0.000000
1648655346.404362010,0,0.000000
1648655346.426085491,0,0.000000
1648655346.448119157,0,0.000000
1648655346.468211492,0,0.000000
1648655346.487793817,0,0.000000
1648655346.507464268,0,0.000000
1648655346.527549255,0,0.000000
1648655346.548953781,0,0.000000
1648655346.568216426,0,0.000000
1648655346.585889505,0,0.000000
1648655346.604501615,0,0.000000
1648655346.626153113,0,0.014000
1648655346.645740981,1,0.000000
1648655346.665558510,0,0.001000
1648655346.686165683,0,0.000000
1648655346.707088614,0,0.000000
1648655346.726927018,0,0.000000
1648655346.748234765,0,0.000000
1648655346.770275986,0,0.000000
1648655346.789668836,0,0.000000
1648655346.812441852,0,0.000000
1648655346.831142156,0,0.001000
1648655346.851085303,0,0.000000
1648655346.873107238,0,0.000000
1648655346.892392251,0,0.000000
1648655346.911029982,1,0.003000
1648655346.930491248,0,0.002000
1648655346.948568497,0,0.000000
1648655346.967967517,0,0.000000
1648655346.989927942,0,0.000000
1648655347.010476116,0,0.000000
1648655347.029451433,0,0.003000
1648655347.050330675,0,0.000000
1648655347.070037185,0,0.000000
1648655347.090360909,0,0.000000
1648655347.112707592,1,0.000000
1648655347.132563041,0,0.000000
1648655347.155430704,0,0.000000
1648655347.175502066,0,0.000000
1648655347.196636697,0,0.000000
1648655347.216557236,0,0.000000
1648655347.236848795,0,0.000000
1648655347.257773039,0,0.000000
1648655347.280075290,0,0.000000
1648655347.299648579,0,0.000000
1648655347.316302486,0,0.000000
1648655347.335038813,0,0.000000
1648655347.352933890,0,0.000000
1648655347.374969138,0,0.000000
1648655347.393929393,0,0.000000
1648655347.416547369,0,0.000000
1648655347.438591436,0,0.000000
1648655347.459963524,0,0.000000
1648655347.478373987,0,0.000000
1648655347.500640631,0,0.000000
1648655347.520598028,0,0.008000
1648655347.542680580,0,0.000000
1648655347.562014095,0,0.000000
1648655347.583492002,0,0.003000
1648655347.603834463,0,0.000000
1648655347.625412301,0,0.000000
1648655347.644379342,0,0.003000
1648655347.664152459,0,0.000000
1648655347.686101921,0,0.000000
1648655347.706907941,0,0.000000
1648655347.729276729,0,0.000000
1648655347.748900420,0,0.000000
1648655347.769381764,0,0.000000
1648655347.792167366,0,0.000000
1648655347.813552489,0,0.000000
1648655347.835082989,1,0.000000
1648655347.855318880,0,0.000000
1648655347.876206557,0,0.000000
1648655347.897430237,0,0.000000
1648655347.918360795,0,0.000000
1648655347.940165119,0,0.000000
1648655347.960193742,0,0.000000
1648655347.982455366,0,0.000000
1648655348.005751188,0,0.000000
1648655348.027177661,0,0.000000
1648655348.048501377,0,0.000000
1648655348.067692501,0,0.000000
1648655348.087342261,0,0.000000
1648655348.109167129,0,0.000000
1648655348.126870537,0,0.003000
1648655348.149023959,0,0.000000
1648655348.170168034,0,0.000000
1648655348.191926041,0,0.000000
1648655348.211884777,0,0.000000
1648655348.232442698,0,0.000000
1648655348.252601325,0,0.004000
1648655348.273391682,0,0.000000
1648655348.292173969,0,0.000000
1648655348.314028566,0,0.000000
1648655348.334363200,0,0.000000
1648655348.355294772,0,0.000000
1648655348.375376814,0,0.000000
1648655348.393288673,0,0.000000
1648655348.413364624,0,0.000000
1648655348.434619892,0,0.000000
1648655348.454170700,0,0.006000
1648655348.472590784,0,0.000000
1648655348.494490195,0,0.000000
1648655348.513775060,0,0.002000
1648655348.534616796,0,0.000000
1648655348.555507012,0,0.000000
1648655348.576299133,0,0.000000
1648655348.597310319,0,0.000000
1648655348.617768257,0,0.000000
1648655348.638762224,0,0.003000
1648655348.658089286,0,0.000000
1648655348.678292637,0,0.013000
1648655348.698952509,0,0.000000
1648655348.719280941,0,0.000000
1648655348.739075703,0,0.000000
1648655348.760130081,0,0.000000
1648655348.781397101,0,0.000000
1648655348.803128395,0,0.000000
1648655348.824115670,0,0.000000
1648655348.846347879,0,0.000000
1648655348.867929416,0,0.000000
1648655348.888427290,0,0.000000
1648655348.906725553,0,0.000000
1648655348.926063502,0,0.000000
1648655348.947705919,0,0.000000
1648655348.968309134,0,0.000000
1648655348.988732859,0,0.000000
1648655349.010157553,0,0.000000
1648655349.032233271,0,0.000000
1648655349.053499916,0,0.000000
1648655349.074029845,0,0.004000
1648655349.095191471,0,0.000000
1648655349.114588845,0,0.000000
1648655349.136066585,0,0.000000
1648655349.158636103,0,0.000000
1648655349.179920523,0,0.000000
1648655349.200413377,0,0.000000
1648655349.219716498,0,0.006000
1648655349.241187923,0,0.000000
1648655349.261729070,0,0.000000
1648655349.281017127,0,0.000000
1648655349.303421683,0,0.000000
1648655349.325474835,0,0.000000
1648655349.348709944,0,0.000000
1648655349.371147155,0,0.000000
1648655349.393032620,0,0.000000
1648655349.412665364,0,0.000000
1648655349.431695713,0,0.000000
1648655349.450332671,0,0.000000
1648655349.472129549,0,0.000000
1648655349.491029095,0,0.000000
1648655349.511208810,0,0.000000
1648655349.533148416,0,0.007000
1648655349.552950107,0,0.000000
1648655349.575302714,0,0.000000
1648655349.595467749,0,0.000000
1648655349.617408840,0,0.000000
1648655349.636944729,0,0.000000
1648655349.660234550,0,0.000000
1648655349.681717938,0,0.000000
1648655349.703488167,0,0.000000
1648655349.724301242,0,0.000000
1648655349.744248655,0,0.000000
1648655349.765396372,0,0.003000
1648655349.787766007,0,0.000000
1648655349.809929541,0,0.000000
1648655349.830582114,0,0.000000
1648655349.851373389,0,0.000000
1648655349.873088035,0,0.000000
1648655349.893835454,0,0.000000
1648655349.914622362,0,0.000000
1648655349.934980653,0,0.000000
1648655349.956070836,0,0.000000
1648655349.976902853,0,0.000000
1648655349.997562449,0,0.000000
1648655350.018932713,0,0.000000
1648655350.040436282,0,0.000000
1648655350.062520631,0,0.000000
1648655350.081776089,0,0.000000
1648655350.101136522,0,0.000000
1648655350.122682210,0,0.000000
1648655350.140335483,0,0.000000
1648655350.160462755,0,0.000000
1648655350.182495960,0,0.000000
1648655350.204144955,0,0.000000
1648655350.225991739,0,0.000000
1648655350.247912956,0,0.000000
1648655350.268760813,0,0.000000
1648655350.288897845,0,0.003000
1648655350.309349885,0,0.000000
1648655350.330358553,0,0.000000
1648655350.351800764,0,0.000000
1648655350.370316207,0,0.000000
1648655350.389034584,0,0.000000
1648655350.411794188,0,0.000000
1648655350.430667889,0,0.000000
1648655350.451238035,0,0.000000
1648655350.469705251,0,0.000000
1648655350.490161057,0,0.000000
1648655350.512405032,0,0.000000
1648655350.533940835,0,0.000000
1648655350.552719558,0,0.000000
1648655350.573869668,0,0.000000
1648655350.593507071,0,0.000000
1648655350.612900636,0,0.000000
1648655350.635935276,0,0.000000
1648655350.658266569,0,0.000000
1648655350.679859967,0,0.000000
1648655350.702101302,0,0.000000
1648655350.722814607,0,0.000000
1648655350.743756811,0,0.000000
1648655350.764134519,0,0.000000
1648655350.785550437,0,0.000000
1648655350.804328661,0,0.000000
1648655350.824082812,0,0.000000
1648655350.844928259,0,0.000000
1648655350.863130972,0,0.003000
1648655350.883955659,0,0.000000
1648655350.904936326,0,0.000000
1648655350.925317958,0,0.019000
1648655350.948378418,0,0.000000
1648655350.966668429,0,0.000000
1648655350.989323356,0,0.000000
1648655351.008976533,0,0.000000
1648655351.029757145,0,0.000000
1648655351.048146092,0,0.000000
1648655351.067171926,0,0.000000
1648655351.089460458,0,0.000000
1648655351.109993242,0,0.000000
1648655351.131220454,0,0.000000
1648655351.149271710,0,0.000000
1648655351.169542239,1,0.000000
1648655351.192170998,0,0.000000
1648655351.211370390,0,0.000000
1648655351.233331546,0,0.000000
1648655351.254141651,0,0.000000
1648655351.275191232,1,0.007000
1648655351.295748550,0,0.000000
1648655351.318041055,0,0.000000
1648655351.339337927,0,0.000000
1648655351.357921626,0,0.001000
1648655351.379070402,0,0.000000
1648655351.396534663,0,0.000000
1648655351.417162682,0,0.000000
1648655351.437036289,0,0.000000
1648655351.456990742,0,0.000000
1648655351.476292547,0,0.000000
1648655351.497371011,0,0.000000
1648655351.519175074,0,0.000000
1648655351.541390120,0,0.000000
1648655351.562217482,0,0.000000
1648655351.580639784,0,0.006000
1648655351.600252134,0,0.000000
1648655351.620264638,0,0.000000
1648655351.641103403,0,0.000000
1648655351.663169064,0,0.000000
1648655351.684507676,0,0.000000
1648655351.706009726,0,0.000000
1648655351.727370545,0,0.000000
1648655351.748738533,0,0.000000
1648655351.770088192,0,0.000000
1648655351.791313440,0,0.000000
1648655351.811611966,0,0.000000
1648655351.830603278,0,0.000000
1648655351.851179959,0,0.000000
1648655351.872457327,0,0.000000
1648655351.892225808,0,0.000000
1648655351.912459252,0,0.004000
1648655351.934190529,0,0.000000
1648655351.953319169,0,0.000000
1648655351.973506300,0,0.001000
1648655351.991766195,0,0.000000
1648655352.013115748,0,0.003000
1648655352.034023391,0,0.000000
1648655352.054934274,0,0.000000
1648655352.073004428,0,0.000000
1648655352.094305791,0,0.000000
1648655352.113109003,0,0.000000
1648655352.134273438,0,0.000000
1648655352.153834023,0,0.000000
1648655352.174841098,0,0.000000
1648655352.196537914,0,0.000000
1648655352.218017997,0,0.000000
1648655352.238225379,0,0.000000
1648655352.258758752,0,0.000000
1648655352.280274716,2,0.000000
1648655352.302097285,0,0.000000
1648655352.322843058,0,0.000000
1648655352.342117486,0,0.000000
1648655352.361630332,0,0.000000
1648655352.380050784,0,0.006000
1648655352.400802417,0,0.000000
1648655352.422056435,0,0.000000
1648655352.443471434,0,0.000000
1648655352.466112577,0,0.000000
1648655352.486215031,0,0.000000
1648655352.505721767,0,0.005000
1648655352.524581753,0,0.000000
1648655352.544897066,0,0.000000
1648655352.565078051,0,0.000000
1648655352.584794768,0,0.000000
1648655352.606026806,0,0.000000
1648655352.627669521,0,0.000000
1648655352.648578030,0,0.000000
1648655352.670406832,0,0.000000
1648655352.692931307,0,0.000000
1648655352.713021568,0,0.000000
1648655352.733020545,0,0.000000
1648655352.754900516,0,0.000000
1648655352.774698528,0,0.000000
1648655352.794322016,1,0.000000
1648655352.815434693,1,0.008000
1648655352.836108757,0,0.000000
1648655352.856449550,0,0.000000
1648655352.879144105,0,0.000000
1648655352.901159797,0,0.000000
1648655352.921620361,0,0.000000
1648655352.942170394,0,0.000000
1648655352.963876484,0,0.000000
1648655352.983943368,0,0.000000
1648655353.004034843,0,0.000000
1648655353.024447342,0,0.000000
1648655353.045219794,0,0.000000
1648655353.065187419,0,0.000000
1648655353.085479269,0,0.000000
1648655353.104126440,0,0.003000
1648655353.125319063,0,0.000000
1648655353.145304948,1,0.011000
1648655353.167742085,0,0.000000
1648655353.188853096,0,0.000000
1648655353.210294068,0,0.001000
1648655353.230360081,0,0.000000
1648655353.252311179,0,0.000000
1648655353.273724107,0,0.000000
1648655353.293160658,0,0.008000
1648655353.313902832,0,0.000000
1648655353.332102651,0,0.000000
1648655353.351854046,0,0.000000
1648655353.373953726,0,0.000000
1648655353.395335933,0,0.000000
1648655353.415707384,0,0.000000
1648655353.437603012,0,0.000000
1648655353.457720938,0,0.000000
1648655353.479586895,0,0.000000
1648655353.498011489,0,0.000000
1648655353.520492499,0,0.000000
1648655353.541031916,0,0.003000
1648655353.561461256,0,0.000000
1648655353.579649610,0,0.000000
1648655353.601093599,0,0.000000
1648655353.621976441,0,0.014000
1648655353.644212486,0,0.000000
1648655353.665000917,0,0.003000
1648655353.683186551,0,0.000000
1648655353.704094404,0,0.003000
1648655353.725904472,0,0.000000
1648655353.747322154,0,0.000000
1648655353.767457481,0,0.003000
1648655353.787193072,0,0.000000
1648655353.807840642,0,0.000000
1648655353.827410905,0,0.000000
1648655353.850149148,1,0.000000
1648655353.872070879,0,0.000000
1648655353.893458280,0,0.000000
1648655353.914468190,0,0.000000
1648655353.934510824,0,0.000000
1648655353.956005405,0,0.000000
1648655353.977632910,0,0.000000
1648655353.999454879,0,0.000000
1648655354.018903205,0,0.001000
1648655354.040603541,0,0.000000
1648655354.060069495,0,0.000000
1648655354.081028845,0,0.011000
1648655354.102311567,0,0.000000
1648655354.121461881,0,0.000000
1648655354.140129025,0,0.000000
1648655354.162240144,0,0.000000
1648655354.183973087,0,0.000000
1648655354.204203770,0,0.000000
1648655354.224025619,0,0.000000
1648655354.243294348,0,0.000000
1648655354.264138568,0,0.000000
1648655354.283173172,0,0.000000
1648655354.303891046,0,0.000000
1648655354.324185228,0,0.000000
1648655354.343012628,0,0.000000
1648655354.364233872,0,0.000000
1648655354.382791831,0,0.000000
1648655354.403574704,0,0.000000
1648655354.422368937,0,0.000000
1648655354.441340493,0,0.000000
1648655354.461053858,0,0.000000
1648655354.483482257,0,0.000000
1648655354.506625643,0,0.000000
1648655354.527977168,0,0.000000
1648655354.549927706,0,0.000000
1648655354.570203017,0,0.000000
1648655354.589489204,0,0.000000
1648655354.609908476,0,0.000000
1648655354.631587404,0,0.000000
1648655354.653665559,0,0.000000
1648655354.673954739,2,0.015000
1648655354.695801233,0,0.000000
1648655354.718089347,0,0.000000
1648655354.739449599,0,0.000000
1648655354.760079667,0,0.000000
1648655354.781213792,0,0.001000
1648655354.800137197,0,0.000000
1648655354.821978533,0,0.000000
1648655354.841737768,0,0.004000
1648655354.859930826,0,0.000000
1648655354.880491212,0,0.003000
1648655354.900290159,0,0.000000
1648655354.921254831,0,0.000000
1648655354.941240395,0,0.000000
1648655354.962499859,0,0.000000
1648655354.984228545,0,0.000000
1648655355.004797280,0,0.000000
1648655355.026165596,0,0.000000
1648655355.045813020,0,0.000000
1648655355.066105421,0,0.000000
1648655355.086060671,1,0.009000
1648655355.108016513,0,0.000000
1648655355.127859679,0,0.000000
1648655355.147083899,0,0.000000
1648655355.167476577,0,0.000000
1648655355.187859834,0,0.000000
1648655355.207119758,0,0.000000
1648655355.229176804,0,0.000000
1648655355.249802281,0,0.000000
1648655355.269325105,0,0.000000
1648655355.288488359,0,0.000000
1648655355.306571200,0,0.000000
1648655355.327595926,0,0.000000
1648655355.349564851,0,0.000000
1648655355.369728862,0,0.000000
1648655355.390936184,0,0.000000
1648655355.410933596,0,0.000000
1648655355.432825825,0,0.000000
1648655355.454507165,0,0.004000
1648655355.475477613,0,0.003000
1648655355.496619314,0,0.000000
1648655355.514353349,0,0.000000
1648655355.536298652,0,0.000000
1648655355.558577845,0,0.000000
1648655355.579057877,0,0.000000
1648655355.598631647,0,0.000000
1648655355.618551458,0,0.000000
1648655355.640658429,0,0.000000
1648655355.661876614,0,0.000000
1648655355.682545755,0,0.000000
1648655355.704494301,0,0.000000
1648655355.727659274,0,0.000000
1648655355.748299506,0,0.000000
1648655355.768641278,0,0.000000
1648655355.789657257,0,0.000000
1648655355.810230980,0,0.000000
1648655355.828912879,0,0.000000
1648655355.850894844,0,0.000000
1648655355.872761095,0,0.000000
1648655355.894189349,0,0.000000
1648655355.916567875,0,0.005000
1648655355.937854482,0,0.001000
1648655355.958126043,0,0.000000
1648655355.980199410,0,0.000000
1648655355.999152029,0,0.000000
1648655356.019969361,0,0.000000
1648655356.041119533,0,0.000000
1648655356.061099521,0,0.000000
1648655356.082730037,0,0.000000
1648655356.103642585,0,0.000000
1648655356.124611184,0,0.000000
1648655356.145484699,0,0.000000
1648655356.167050875,0,0.000000
1648655356.187454788,0,0.000000
1648655356.208522841,0,0.000000
1648655356.229865529,0,0.000000
1648655356.251953718,0,0.011000
1648655356.271483547,0,0.000000
1648655356.293002297,0,0.000000
1648655356.312214287,0,0.000000
1648655356.331345102,0,0.000000
1648655356.351116977,0,0.000000
1648655356.371562409,0,0.000000
1648655356.388719007,0,0.006000
1648655356.409938765,0,0.003000
1648655356.430630539,0,0.000000
1648655356.450973581,0,0.000000
1648655356.470672092,0,0.000000
1648655356.492104337,0,0.000000
1648655356.513145019,0,0.008000
1648655356.534796798,0,0.000000
1648655356.555957859,0,0.000000
1648655356.576143511,0,0.000000
1648655356.595548997,0,0.000000
1648655356.615947855,0,0.000000
1648655356.639619081,0,0.000000
1648655356.661102951,0,0.000000
1648655356.681678017,1,0.000000
1648655356.702948400,0,0.000000
1648655356.722963384,0,0.000000
1648655356.744968692,0,0.000000
1648655356.767204598,0,0.000000
1648655356.787291578,0,0.000000
1648655356.809387767,0,0.003000
1648655356.832006252,0,0.000000
1648655356.851732000,0,0.000000
1648655356.874126440,0,0.011000
1648655356.895208368,0,0.000000
1648655356.914655737,0,0.000000
1648655356.937058007,0,0.000000
1648655356.957206371,0,0.000000
1648655356.976054952,0,0.000000
1648655356.995946140,0,0.000000
1648655357.016974883,0,0.000000
1648655357.036460157,0,0.000000
1648655357.056654341,0,0.000000
1648655357.078097882,0,0.000000
1648655357.099150751,0,0.000000
1648655357.120075711,0,0.000000
1648655357.142183759,0,0.000000
1648655357.164011449,0,0.000000
1648655357.182227739,0,0.006000
1648655357.201344470,0,0.000000
1648655357.223585103,0,0.000000
1648655357.242541645,0,0.000000
1648655357.262421894,0,0.000000
1648655357.281099185,0,0.000000
1648655357.299908227,0,0.000000
1648655357.318117140,0,0.000000
1648655357.339719875,0,0.000000
1648655357.360029190,0,0.007000
1648655357.380277794,0,0.000000
1648655357.400008556,0,0.000000
1648655357.420780062,0,0.000000
1648655357.442284643,0,0.000000
1648655357.463718791,0,0.000000
1648655357.482017027,0,0.003000
1648655357.502390593,0,0.000000
1648655357.522990185,0,0.000000
1648655357.542175018,0,0.000000
1648655357.562473742,0,0.000000
1648655357.582554494,0,0.000000
1648655357.604668004,0,0.000000
1648655357.624321715,0,0.000000
1648655357.645374767,0,0.000000
1648655357.666921568,0,0.000000
1648655357.690111324,0,0.000000
1648655357.709463115,0,0.000000
1648655357.731911055,0,0.000000
1648655357.752461829,0,0.000000
1648655357.773897525,0,0.000000
1648655357.795165254,0,0.011000
1648655357.816661916,0,0.000000
1648655357.835562492,1,0.000000
1648655357.858476776,0,0.000000
1648655357.881555750,0,0.000000
1648655357.900419307,0,0.000000
1648655357.920591200,0,0.000000
1648655357.941573006,0,0.000000
1648655357.963592912,0,0.000000
1648655357.985570510,0,0.000000
1648655358.006816671,0,0.000000
1648655358.028213992,0,0.000000
1648655358.048072905,0,0.000000
1648655358.069098699,0,0.000000
1648655358.090611333,0,0.000000
1648655358.109105497,0,0.000000
1648655358.130487665,0,0.000000
1648655358.150228759,0,0.000000
1648655358.169051438,0,0.000000
1648655358.187079385,0,0.000000
1648655358.209040648,0,0.000000
1648655358.227201523,0,0.000000
1648655358.247883967,0,0.000000
1648655358.267617056,1,0.000000
1648655358.288020284,0,0.000000
1648655358.307903877,0,0.000000
1648655358.327998421,0,0.000000
1648655358.346658196,0,0.000000
1648655358.367041921,0,0.000000
1648655358.388262393,0,0.003000
1648655358.410729092,0,0.000000
1648655358.431631455,0,0.000000
1648655358.452969952,1,0.000000
1648655358.476147424,0,0.000000
1648655358.497062257,0,0.000000
1648655358.519281347,1,0.000000
1648655358.538779543,0,0.000000
1648655358.557295520,1,0.000000
1648655358.578916636,0,0.000000
1648655358.597935985,0,0.013000
1648655358.618725828,0,0.000000
1648655358.641496074,0,0.000000
1648655358.662273785,0,0.000000
1648655358.682246161,0,0.000000
1648655358.703284168,0,0.000000
1648655358.726266774,0,0.003000
1648655358.746892862,0,0.000000
1648655358.768068130,0,0.000000
1648655358.788599099,0,0.000000
1648655358.808228068,0,0.000000
1648655358.829082176,0,0.000000
1648655358.848622379,0,0.000000
1648655358.869936236,0,0.000000
1648655358.890800737,1,0.000000
1648655358.911410734,0,0.000000
1648655358.933058401,0,0.000000
1648655358.954131116,0,0.000000
1648655358.975942483,0,0.000000
1648655358.998413613,0,0.001000
1648655359.019401587,0,0.000000
1648655359.040864564,0,0.000000
1648655359.060089338,0,0.000000
1648655359.079479561,0,0.000000
1648655359.100175194,0,0.000000
1648655359.122880919,0,0.000000
1648655359.143017734,0,0.000000
1648655359.164691662,0,0.000000
1648655359.185275391,0,0.000000
1648655359.205346174,0,0.000000
1648655359.226187432,0,0.000000
1648655359.246191208,0,0.000000
1648655359.266239280,0,0.000000
1648655359.286142583,0,0.000000
1648655359.307238430,0,0.000000
1648655359.328335238,0,0.000000
1648655359.349393001,0,0.004000
1648655359.371228390,0,0.000000
1648655359.391188775,0,0.000000
1648655359.409688909,0,0.000000
1648655359.431066321,0,0.000000
1648655359.452097220,0,0.000000
1648655359.473485466,0,0.000000
1648655359.493276811,0,0.000000
1648655359.515074551,0,0.000000
1648655359.537890117,0,0.000000
1648655359.558429332,0,0.000000
1648655359.577905334,0,0.007000
1648655359.601170376,0,0.000000
1648655359.621177970,0,0.011000
1648655359.641348454,0,0.000000
1648655359.663834749,0,0.000000
1648655359.686436629,0,0.000000
1648655359.708336268,0,0.000000
1648655359.729458921,0,0.000000
1648655359.751440416,0,0.000000
1648655359.773485264,0,0.000000
1648655359.794269106,0,0.000000
1648655359.818270731,0,0.000000
1648655359.839118494,0,0.000000
1648655359.859655786,0,0.000000
1648655359.881101913,0,0.000000
1648655359.903855555,0,0.000000
1648655359.925184529,0,0.000000
1648655359.946694930,1,0.000000
1648655359.965425223,0,0.000000
1648655359.987927611,0,0.000000
1648655360.009883973,0,0.000000
1648655360.032509563,0,0.000000
1648655360.053329793,0,0.000000
1648655360.074700016,0,0.000000
1648655360.095064528,0,0.001000
1648655360.118429810,0,0.000000
1648655360.140294511,0,0.000000
1648655360.160487375,0,0.000000
1648655360.182254963,0,0.000000
1648655360.204428038,0,0.003000
1648655360.224980897,1,0.000000
1648655360.247042732,0,0.000000
1648655360.268334963,0,0.000000
1648655360.290428182,0,0.000000
1648655360.311289921,0,0.000000
1648655360.331465558,0,0.000000
1648655360.353894015,0,0.000000
1648655360.376440510,0,0.000000
1648655360.397387443,0,0.008000
1648655360.419614948,0,0.000000
1648655360.440893293,1,0.000000
1648655360.461877153,0,0.000000
1648655360.483733491,0,0.000000
1648655360.503286013,1,0.000000
1648655360.525244042,0,0.000000
1648655360.545454295,0,0.000000
1648655360.566145753,0,0.000000
1648655360.589629347,0,0.000000
1648655360.612565714,0,0.000000
1648655360.635426787,0,0.000000
1648655360.656465900,0,0.000000
1648655360.679081526,0,0.000000
1648655360.700729854,0,0.003000
1648655360.720886098,0,0.000000
1648655360.740666788,0,0.000000
1648655360.762872177,0,0.000000
1648655360.786031785,0,0.000000
1648655360.807266276,0,0.000000
1648655360.828002252,0,0.000000
1648655360.849549993,0,0.000000
1648655360.870179267,1,0.000000
1648655360.893418031,0,0.000000
1648655360.914957398,0,0.000000
1648655360.935091894,0,0.000000
1648655360.955350021,0,0.000000
1648655360.976880823,0,0.000000
1648655360.997272322,0,0.000000
1648655361.018326215,0,0.000000
1648655361.038555889,0,0.000000
1648655361.060290832,0,0.003000
1648655361.080950949,0,0.000000
1648655361.102426112,0,0.000000
1648655361.123091595,0,0.000000
1648655361.145945802,0,0.000000
1648655361.167307032,0,0.000000
1648655361.188946592,0,0.000000
1648655361.207467961,0,0.000000
1648655361.230198510,0,0.000000
1648655361.251174756,0,0.000000
1648655361.272196097,0,0.007000
1648655361.295224828,0,0.000000
1648655361.315908156,0,0.000000
1648655361.337064195,0,0.000000
1648655361.358356036,0,0.000000
1648655361.380021369,0,0.000000
1648655361.402440594,0,0.000000
1648655361.422536672,0,0.000000
1648655361.445141838,0,0.008000
1648655361.465718743,0,0.000000
1648655361.486811880,0,0.000000
1648655361.507407963,0,0.000000
1648655361.528431188,1,0.000000
1648655361.550454644,0,0.000000
1648655361.569037609,0,0.004000
1648655361.591042211,0,0.000000
1648655361.614020537,0,0.000000
1648655361.633988348,0,0.000000
1648655361.656132436,0,0.000000
1648655361.678269479,0,0.000000
1648655361.701099662,0,0.000000
1648655361.724648839,0,0.000000
1648655361.745915038,0,0.000000
1648655361.767355904,0,0.000000
1648655361.789155045,0,0.000000
1648655361.811382737,0,0.000000
1648655361.834153004,0,0.000000
1648655361.855746244,0,0.008000
1648655361.879485290,0,0.000000
1648655361.900220775,0,0.000000
1648655361.921248775,0,0.000000
1648655361.943589814,0,0.000000
1648655361.964262614,0,0.005000
1648655361.984705561,0,0.000000
1648655362.007332276,0,0.000000
1648655362.027922609,0,0.000000
1648655362.048652376,0,0.000000
1648655362.070974535,0,0.000000
1648655362.093222501,1,0.000000
1648655362.115019408,0,0.000000
1648655362.134932627,0,0.000000
1648655362.155257540,0,0.000000
1648655362.174778876,0,0.000000
1648655362.196148754,0,0.000000
1648655362.218193125,0,0.013000
1648655362.239401199,0,0.000000
1648655362.260459311,0,0.000000
1648655362.283032807,0,0.000000
1648655362.304874860,0,0.000000
1648655362.326679217,0,0.000000
1648655362.346753364,0,0.000000
1648655362.368465002,0,0.000000
1648655362.391125185,0,0.000000
1648655362.413335161,1,0.025000
1648655362.437172713,0,0.000000
1648655362.458478228,0,0.000000
1648655362.481618537,0,0.000000
1648655362.505034123,0,0.000000
1648655362.526350035,0,0.000000
1648655362.550223107,0,0.000000
1648655362.571001278,0,0.000000
1648655362.593164188,0,0.000000
1648655362.615147436,0,0.000000
1648655362.638021439,0,0.000000
1648655362.659144265,0,0.000000
1648655362.681031620,0,0.000000
1648655362.703950090,0,0.000000
1648655362.722371373,0,0.000000
1648655362.744960295,0,0.000000
1648655362.767305409,0,0.000000
1648655362.789548300,0,0.000000
1648655362.810186226,0,0.000000
1648655362.833446574,0,0.000000
1648655362.856773648,0,0.000000
1648655362.879211219,0,0.000000
1648655362.902076194,0,0.000000
1648655362.922315755,0,0.000000
1648655362.943193590,0,0.000000
1648655362.963402068,0,0.000000
1648655362.984731717,0,0.000000
1648655363.007565465,0,0.000000
1648655363.029151417,0,0.000000
1648655363.052706621,0,0.000000
1648655363.074611686,0,0.000000
1648655363.095344189,0,0.003000
1648655363.117253114,0,0.000000
1648655363.139043878,0,0.000000
1648655363.160273244,0,0.000000
1648655363.181008971,0,0.000000
1648655363.203025813,0,0.000000
1648655363.225552942,0,0.000000
1648655363.248992392,0,0.000000
1648655363.270096672,0,0.000000
1648655363.290854041,0,0.000000
1648655363.314900824,0,0.000000
1648655363.336388111,0,0.000000
1648655363.358927991,0,0.000000
1648655363.379051846,0,0.000000
1648655363.401252512,0,0.001000
1648655363.420055431,0,0.000000
1648655363.442126765,0,0.000000
1648655363.461966145,0,0.000000
1648655363.482293310,0,0.001000
1648655363.503962937,0,0.000000
1648655363.526372067,0,0.000000
1648655363.548281564,0,0.000000
1648655363.570959080,0,0.000000
1648655363.592957247,0,0.000000
1648655363.615554413,0,0.003000
1648655363.637551276,0,0.000000
1648655363.659796019,0,0.000000
1648655363.682014159,0,0.000000
1648655363.701593877,0,0.000000
1648655363.723705827,0,0.000000
1648655363.746080968,0,0.000000
1648655363.766293876,0,0.000000
1648655363.788154779,0,0.000000
1648655363.810063907,0,0.005000
1648655363.831287593,0,0.000000
1648655363.854033375,0,0.000000
1648655363.875194734,0,0.000000
1648655363.897979068,0,0.000000
1648655363.918742847,0,0.000000
1648655363.939363828,0,0.000000
1648655363.961684257,0,0.020000
1648655363.982594596,0,0.000000
1648655364.005293218,0,0.000000
1648655364.028559615,0,0.007000
1648655364.051923422,0,0.006000
1648655364.073556256,0,0.000000
1648655364.094808050,1,0.008000
1648655364.116947570,0,0.000000
1648655364.140160066,0,0.000000
1648655364.160648070,0,0.000000
1648655364.181890309,0,0.000000
1648655364.203949761,0,0.000000
1648655364.224211618,0,0.000000
1648655364.247789923,0,0.000000
1648655364.269542138,0,0.000000
1648655364.292227080,0,0.003000
1648655364.314028984,0,0.000000
1648655364.334934265,0,0.004000
1648655364.355959635,0,0.000000
1648655364.374919739,0,0.000000
1648655364.396505260,0,0.000000
1648655364.416279181,0,0.006000
1648655364.436906769,0,0.000000
1648655364.458302528,0,0.000000
1648655364.481309195,0,0.000000
1648655364.503735176,0,0.000000
1648655364.527340568,0,0.000000
1648655364.547786826,0,0.001000
1648655364.567409760,0,0.000000
1648655364.589930751,0,0.000000
1648655364.610893993,0,0.000000
1648655364.632090647,0,0.001000
1648655364.653781599,1,0.000000
1648655364.674125699,0,0.000000
1648655364.698402376,1,0.000000
1648655364.721764010,0,0.000000
1648655364.745564378,0,0.000000
1648655364.766881915,0,0.000000
1648655364.789437183,0,0.000000
1648655364.810816887,0,0.000000
1648655364.833988760,0,0.000000
1648655364.855691816,0,0.000000
1648655364.877194446,0,0.000000
1648655364.899324314,0,0.000000
1648655364.921390473,0,0.003000
1648655364.944663458,0,0.000000
1648655364.965582651,0,0.000000
1648655364.988352035,0,0.000000
1648655365.009028701,0,0.000000
1648655365.033156657,0,0.000000
1648655365.056242699,0,0.003000
1648655365.078972947,0,0.000000
1648655365.098750558,0,0.000000
1648655365.121746060,0,0.000000
1648655365.144581150,0,0.000000
1648655365.165306485,0,0.000000
1648655365.187787944,0,0.000000
1648655365.209030952,0,0.000000
1648655365.231301452,0,0.000000
1648655365.254244560,0,0.000000
1648655365.276220885,0,0.000000
1648655365.300142704,0,0.000000
1648655365.320980609,0,0.000000
1648655365.341997685,0,0.000000
1648655365.362904919,0,0.000000
1648655365.383562706,0,0.000000
1648655365.406080295,0,0.000000
1648655365.427500586,0,0.003000
1648655365.448963902,0,0.000000
1648655365.471707146,0,0.003000
1648655365.491467494,0,0.000000
1648655365.513236489,0,0.000000
1648655365.536125986,0,0.001000
1648655365.558261759,0,0.000000
1648655365.579073434,0,0.000000
1648655365.599815574,0,0.000000
1648655365.621768082,0,0.000000
1648655365.640727763,0,0.000000
1648655365.663535097,0,0.000000
1648655365.684147908,0,0.000000
1648655365.704261637,0,0.000000
1648655365.725194469,0,0.000000
1648655365.746551414,0,0.000000
1648655365.769683391,0,0.000000
1648655365.789958987,0,0.000000
1648655365.809565302,1,0.004000
1648655365.830801259,0,0.000000
1648655365.850883690,0,0.000000
1648655365.870417881,0,0.000000
1648655365.891191196,0,0.000000
1648655365.911630660,0,0.003000
1648655365.933890746,0,0.000000
1648655365.952232036,0,0.000000
1648655365.973600259,0,0.000000
1648655365.992939480,0,0.000000
1648655366.012795069,0,0.000000
1648655366.035410618,0,0.000000
1648655366.056999481,0,0.000000
1648655366.074862084,0,0.000000
1648655366.097040863,0,0.000000
1648655366.118242870,0,0.000000
1648655366.140313371,0,0.000000
1648655366.161022805,0,0.000000
1648655366.183278841,0,0.000000
1648655366.204832869,0,0.000000
1648655366.227354158,0,0.000000
1648655366.249135813,0,0.000000
1648655366.271190636,0,0.004000
1648655366.292184944,0,0.000000
1648655366.313940475,0,0.000000
1648655366.334413085,0,0.000000
1648655366.356100385,0,0.000000
1648655366.377223867,0,0.000000
1648655366.398341860,0,0.000000
1648655366.420568293,0,0.000000
1648655366.441415141,0,0.000000
1648655366.462406035,0,0.000000
1648655366.483356277,0,0.000000
1648655366.505356637,0,0.000000
1648655366.526248695,0,0.000000
1648655366.547170708,0,0.000000
1648655366.569112763,0,0.000000
1648655366.591935928,0,0.000000
1648655366.614166754,0,0.000000
1648655366.636343307,0,0.000000
1648655366.658547297,0,0.000000
1648655366.680436438,0,0.003000
1648655366.702593870,0,0.000000
1648655366.724359103,0,0.000000
1648655366.747441894,0,0.000000
1648655366.770618269,0,0.000000
1648655366.793962699,0,0.000000
1648655366.815462374,0,0.000000
1648655366.839043041,0,0.000000
1648655366.859165132,0,0.000000
1648655366.882919915,0,0.000000
1648655366.904307276,0,0.000000
1648655366.928225798,0,0.000000
1648655366.949410781,0,0.000000
1648655366.970942307,0,0.000000
1648655366.992926110,0,0.000000
1648655367.015131220,0,0.000000
1648655367.038004290,0,0.000000
1648655367.060773313,0,0.000000
1648655367.081719649,0,0.007000
1648655367.102396949,0,0.000000
1648655367.125486969,0,0.000000
1648655367.148502889,0,0.000000
1648655367.170189787,1,0.000000
1648655367.192684066,0,0.000000
1648655367.214461374,0,0.009000
1648655367.236038470,0,0.000000
1648655367.258441189,0,0.000000
1648655367.281354084,0,0.000000
1648655367.303204262,0,0.000000
1648655367.324387106,0,0.000000
1648655367.348055709,0,0.000000
1648655367.370907563,0,0.000000
1648655367.392151507,0,0.000000
1648655367.413133746,0,0.000000
1648655367.435604913,0,0.000000
1648655367.457003980,0,0.000000
1648655367.478637552,0,0.000000
1648655367.498890229,0,0.004000
1648655367.521948352,0,0.000000
1648655367.544879387,0,0.000000
1648655367.568231011,0,0.000000
1648655367.591842296,0,0.000000
1648655367.615259104,0,0.000000
1648655367.636416063,0,0.000000
1648655367.658318631,0,0.004000
1648655367.681261985,0,0.000000
1648655367.701570072,0,0.000000
1648655367.723311848,0,0.000000
1648655367.746757338,0,0.000000
1648655367.770194143,0,0.000000
1648655367.793232649,0,0.000000
1648655367.814695821,0,0.000000
1648655367.835879207,0,0.000000
1648655367.857440933,0,0.000000
1648655367.878677181,0,0.000000
1648655367.899060086,0,0.000000
1648655367.921554797,0,0.000000
1648655367.941630568,0,0.000000
1648655367.964300955,0,0.000000
1648655367.984930652,0,0.000000
1648655368.006155987,0,0.000000
1648655368.028148981,0,0.000000
1648655368.050691858,0,0.000000
1648655368.072201798,0,0.000000
1648655368.093547513,0,0.000000
1648655368.114924324,0,0.000000
1648655368.138168357,0,0.003000
1648655368.162206315,0,0.000000
1648655368.183494960,0,0.000000
1648655368.206888214,0,0.000000
1648655368.227714329,0,0.000000
1648655368.249145688,0,0.000000
1648655368.269804616,0,0.000000
1648655368.289909827,1,0.006000
1648655368.311901030,0,0.000000
1648655368.333992052,0,0.000000
1648655368.355071310,0,0.000000
1648655368.376996852,0,0.000000
1648655368.397020594,0,0.000000
1648655368.418885259,0,0.000000
1648655368.441975219,0,0.000000
1648655368.463468533,0,0.000000
1648655368.484709416,0,0.000000
1648655368.505203161,0,0.007000
1648655368.525142034,0,0.005000
1648655368.548012928,1,0.000000
1648655368.568923657,0,0.000000
1648655368.588659809,0,0.000000
1648655368.609422935,0,0.000000
1648655368.630991273,0,0.000000
1648655368.653979843,0,0.000000
1648655368.675769541,0,0.000000
1648655368.699318462,0,0.000000
1648655368.721187458,0,0.000000
1648655368.744159859,0,0.000000
1648655368.766189843,0,0.000000
1648655368.788546926,0,0.000000
1648655368.810925310,0,0.000000
1648655368.834047366,0,0.000000
1648655368.856120542,0,0.000000
1648655368.877472228,0,0.000000
1648655368.897733008,0,0.000000
1648655368.921475094,0,0.000000
1648655368.943082247,0,0.000000
1648655368.964566274,0,0.000000
1648655368.985413463,0,0.000000
1648655369.006973362,0,0.000000
1648655369.027493100,0,0.000000
1648655369.049771558,0,0.000000
1648655369.071077929,0,0.000000
1648655369.091863024,0,0.000000
1648655369.113447968,0,0.000000
1648655369.135645321,0,0.000000
1648655369.156594733,0,0.000000
1648655369.178496381,0,0.000000
1648655369.201176334,0,0.000000
1648655369.222065506,0,0.000000
1648655369.241006376,0,0.000000
1648655369.263143153,0,0.000000
1648655369.285345145,0,0.000000
1648655369.306735068,0,0.000000
1648655369.327345340,0,0.000000
1648655369.351496343,0,0.000000
1648655369.373940098,0,0.000000
1648655369.396282912,0,0.000000
1648655369.417445468,0,0.000000
1648655369.438357937,0,0.000000
1648655369.460218457,0,0.000000
1648655369.483875657,0,0.000000
1648655369.507168617,0,0.000000
1648655369.529921957,0,0.000000
1648655369.551088936,0,0.000000
1648655369.571465288,0,0.000000
1648655369.594635978,0,0.000000
1648655369.618237419,0,0.000000
1648655369.640917084,0,0.000000
1648655369.662498015,0,0.000000
1648655369.682747571,0,0.000000
1648655369.703935920,0,0.000000
1648655369.725330584,0,0.000000
1648655369.744677085,0,0.000000
1648655369.767632980,0,0.000000
1648655369.790821557,1,0.000000
1648655369.811688424,0,0.000000
1648655369.831831285,0,0.002000
1648655369.851442848,0,0.006000
1648655369.873661721,0,0.000000
1648655369.896421215,0,0.000000
1648655369.917993097,0,0.000000
1648655369.937988523,0,0.000000
1648655369.957302935,0,0.000000
1648655369.979666905,0,0.001000
1648655370.001736627,0,0.000000
1648655370.024012083,0,0.000000
1648655370.045799464,0,0.000000
1648655370.067918366,0,0.000000
1648655370.088244194,0,0.000000
1648655370.109504188,0,0.004000
1648655370.130005384,0,0.000000
1648655370.151760918,0,0.000000
1648655370.171352755,0,0.002000
1648655370.193205247,0,0.000000
1648655370.215752020,0,0.000000
1648655370.236305260,0,0.000000
1648655370.258490078,0,0.000000
1648655370.279211880,0,0.000000
1648655370.299753897,0,0.000000
1648655370.321509182,0,0.000000
1648655370.339915284,0,0.000000
1648655370.359763457,0,0.000000
1648655370.382222980,0,0.000000
1648655370.404626683,1,0.003000
1648655370.424879724,0,0.000000
1648655370.444887071,0,0.000000
1648655370.466394142,0,0.000000
1648655370.487158818,0,0.000000
1648655370.508485082,0,0.000000
1648655370.528643947,0,0.000000
1648655370.548663192,0,0.008000
1648655370.570345713,0,0.000000
1648655370.592107350,0,0.000000
1648655370.613338942,0,0.000000
1648655370.634087038,0,0.000000
1648655370.654695493,0,0.000000
1648655370.677194093,0,0.000000
1648655370.695935813,1,0.016000
1648655370.718315001,0,0.000000
1648655370.740349674,0,0.000000
1648655370.762383484,0,0.000000
1648655370.784774115,0,0.000000
1648655370.806103565,0,0.000000
1648655370.828061011,0,0.000000
1648655370.848399463,0,0.000000
1648655370.868367070,0,0.005000
1648655370.891327214,0,0.000000
1648655370.912740415,0,0.007000
1648655370.934480447,0,0.000000
1648655370.955765084,0,0.000000
1648655370.975607144,0,0.000000
1648655370.996498758,1,0.000000
1648655371.016113371,0,0.000000
1648655371.039027848,0,0.000000
1648655371.060980612,0,0.000000
1648655371.081974121,0,0.000000
1648655371.101814334,0,0.000000
1648655371.122852225,0,0.000000
1648655371.143727368,0,0.000000
1648655371.164787342,0,0.000000
1648655371.185923838,0,0.000000
1648655371.208735436,0,0.000000
1648655371.229919370,0,0.000000
1648655371.249960485,0,0.000000
1648655371.270727426,1,0.000000
1648655371.292365601,0,0.000000
1648655371.312785025,0,0.000000
1648655371.331899892,0,0.000000
1648655371.355041980,0,0.000000
1648655371.378360104,0,0.000000
1648655371.399454258,0,0.000000
1648655371.420857770,0,0.000000
1648655371.443139839,0,0.000000
1648655371.465235857,0,0.000000
1648655371.485472683,0,0.000000
1648655371.506785512,0,0.000000
1648655371.527629857,1,0.003000
1648655371.548194072,0,0.003000
1648655371.571214648,0,0.000000
1648655371.593241612,0,0.000000
1648655371.615903682,0,0.000000
1648655371.637814901,0,0.000000
1648655371.660362602,0,0.000000
1648655371.680506202,0,0.000000
1648655371.701596300,0,0.000000
1648655371.724574583,0,0.000000
1648655371.745506858,0,0.000000
1648655371.767753405,0,0.000000
1648655371.788257086,0,0.000000
1648655371.809926893,0,0.000000
1648655371.831550663,0,0.000000
1648655371.853564243,0,0.000000
1648655371.875779953,0,0.000000
1648655371.896744962,0,0.000000
1648655371.917556056,0,0.000000
1648655371.939225823,0,0.000000
1648655371.961708683,0,0.000000
1648655371.981717128,0,0.000000
1648655372.004535170,0,0.000000
1648655372.027281206,0,0.000000
1648655372.048292190,0,0.000000
1648655372.070173196,0,0.000000
1648655372.089986817,0,0.000000
1648655372.112436628,0,0.003000
1648655372.133983572,0,0.000000
1648655372.155126242,0,0.000000
1648655372.175694842,0,0.000000
1648655372.195936341,0,0.000000
1648655372.216216708,0,0.000000
1648655372.238554217,0,0.000000
1648655372.261134534,0,0.000000
1648655372.282656604,0,0.000000
1648655372.303703000,0,0.000000
1648655372.326941447,0,0.000000
1648655372.347420382,0,0.000000
1648655372.367284611,0,0.003000
1648655372.389985384,0,0.004000
1648655372.410794034,0,0.000000
1648655372.432889325,0,0.000000
1648655372.456076412,0,0.000000
1648655372.476064410,0,0.000000
1648655372.496810040,0,0.000000
1648655372.517309165,0,0.000000
1648655372.539730635,0,0.000000
1648655372.561911378,0,0.000000
1648655372.582509978,0,0.000000
1648655372.602492998,0,0.000000
1648655372.622880827,0,0.000000
1648655372.644539010,0,0.000000
1648655372.664425836,0,0.000000
1648655372.685704893,0,0.000000
1648655372.706041456,0,0.000000
1648655372.727900156,0,0.000000
1648655372.748831413,1,0.023000
1648655372.770910692,0,0.000000
1648655372.790900735,0,0.000000
1648655372.813582075,0,0.000000
1648655372.834561812,0,0.000000
1648655372.856974667,0,0.000000
1648655372.877868163,0,0.001000
1648655372.899900624,0,0.000000
1648655372.923192189,0,0.000000
1648655372.945458600,0,0.000000
1648655372.965410186,0,0.000000
1648655372.985599567,0,0.000000
1648655373.006798289,0,0.003000
1648655373.026947755,0,0.000000
1648655373.048434458,0,0.000000
1648655373.068937185,0,0.000000
1648655373.089330476,0,0.000000
1648655373.111300828,0,0.000000
1648655373.132777355,0,0.000000
1648655373.153162709,0,0.000000
1648655373.175400200,0,0.000000
1648655373.197109471,0,0.000000
1648655373.218889699,0,0.000000
1648655373.240056102,0,0.000000
1648655373.259424679,0,0.000000
1648655373.278967498,1,0.007000
1648655373.298866832,0,0.000000
1648655373.318766625,1,0.000000
1648655373.339051951,0,0.000000
1648655373.362129740,0,0.000000
1648655373.382150170,0,0.000000
1648655373.402772286,0,0.000000
1648655373.424573455,0,0.004000
1648655373.447590203,0,0.000000
1648655373.469234200,0,0.000000
1648655373.492273120,0,0.004000
1648655373.514264368,0,0.000000
1648655373.537813159,0,0.000000
1648655373.561851811,0,0.000000
1648655373.584369803,0,0.000000
1648655373.605485218,0,0.000000
1648655373.627152783,0,0.000000
1648655373.650429494,0,0.000000
1648655373.673913828,0,0.012000
1648655373.695946249,0,0.000000
1648655373.719442064,0,0.000000
1648655373.742182198,0,0.000000
1648655373.762669943,0,0.000000
1648655373.785443778,0,0.000000
1648655373.808282630,0,0.000000
1648655373.830434477,0,0.000000
1648655373.852482072,0,0.000000
1648655373.874611791,0,0.000000
1648655373.896028982,0,0.000000
1648655373.918384407,0,0.000000
1648655373.942077475,0,0.000000
1648655373.965035641,0,0.000000
1648655373.987676309,0,0.000000
1648655374.010115595,0,0.000000
1648655374.032418559,0,0.000000
1648655374.054690683,0,0.000000
1648655374.077150627,0,0.000000
1648655374.100260186,0,0.000000
1648655374.123076083,0,0.000000
1648655374.144860393,0,0.000000
