1648658134.738684904,0,0.001000
1648658134.761379707,0,0.001000
1648658134.781802205,0,0.001000
1648658134.801996872,0,0.001000
1648658134.824268475,0,0.001000
1648658134.846407765,0,0.001000
1648658134.868042249,0,0.001000
1648658134.889805443,0,0.001000
1648658134.912431436,0,0.001000
1648658134.934935387,0,0.001000
1648658134.956776885,0,0.001000
1648658134.979192219,0,0.001000
1648658135.002648021,0,0.001000
1648658135.024772918,0,0.001000
1648658135.046482176,0,0.001000
1648658135.068417255,0,0.001000
1648658135.089888488,0,0.001000
1648658135.113259268,0,0.001000
1648658135.136030935,0,0.000000
1648658135.159345470,62,0.768000
1648658135.183873074,42,0.521000
1648658135.206148978,0,0.000000
1648658135.231431095,0,0.000000
1648658135.253666986,0,0.022000
1648658135.274211264,0,0.009000
1648658135.295159613,0,0.000000
1648658135.317976367,0,0.000000
1648658135.339920037,0,0.003000
1648658135.364730000,1,0.003000
1648658135.387131503,0,0.010000
1648658135.408813954,0,0.004000
1648658135.431192736,0,0.007000
1648658135.452981061,1,0.001000
1648658135.474924289,0,0.005000
1648658135.496570196,0,0.000000
1648658135.519986843,0,0.000000
1648658135.542059362,0,0.004000
1648658135.565395106,0,0.003000
1648658135.589022798,0,0.004000
1648658135.610480417,0,0.000000
1648658135.631359877,0,0.000000
1648658135.655282615,1,0.000000
1648658135.677218829,1,0.010000
1648658135.698664346,1,0.003000
1648658135.721132956,0,0.007000
1648658135.743244785,0,0.008000
1648658135.765688797,2,0.018000
1648658135.789378768,0,0.000000
1648658135.812682282,0,0.000000
1648658135.834371758,3,0.034000
1648658135.855903575,0,0.014000
1648658135.876738548,0,0.000000
1648658135.899589944,1,0.016000
1648658135.921285733,1,0.016000
1648658135.944222432,0,0.000000
1648658135.968099420,0,0.004000
1648658135.990667712,1,0.000000
1648658136.012986131,1,0.001000
1648658136.036724033,0,0.000000
1648658136.059660844,0,0.000000
1648658136.082494556,0,0.000000
1648658136.103960616,0,0.000000
1648658136.125778068,0,0.000000
1648658136.148178987,2,0.025000
1648658136.172653566,0,0.000000
1648658136.194859022,5,0.059000
1648658136.216166178,0,0.000000
1648658136.239023906,4,0.061000
1648658136.259267159,1,0.003000
1648658136.281405084,1,0.013000
1648658136.303594242,0,0.014000
1648658136.325481155,0,0.000000
1648658136.347681814,1,0.017000
1648658136.372161320,0,0.000000
1648658136.394238428,0,0.000000
1648658136.416397858,1,0.010000
1648658136.438089659,1,0.000000
1648658136.459476482,2,0.026000
1648658136.480746742,0,0.001000
1648658136.503182085,0,0.000000
1648658136.526904726,1,0.004000
1648658136.549273582,0,0.003000
1648658136.569743992,0,0.000000
1648658136.593122605,1,0.000000
1648658136.615074569,3,0.050000
1648658136.638451820,0,0.000000
1648658136.662136914,0,0.003000
1648658136.685001119,1,0.010000
1648658136.706626973,0,0.001000
1648658136.729149733,0,0.000000
1648658136.750224617,1,0.000000
1648658136.773964118,0,0.000000
1648658136.796034702,0,0.004000
1648658136.819680363,1,0.009000
1648658136.841479683,0,0.002000
1648658136.864345606,0,0.000000
1648658136.887254886,4,0.047000
1648658136.907473402,0,0.005000
1648658136.930818042,0,0.000000
1648658136.953297964,0,0.013000
1648658136.975293953,0,0.008000
1648658136.997362615,1,0.024000
1648658137.021385841,0,0.000000
1648658137.041984280,2,0.034000
1648658137.064778920,2,0.007000
1648658137.086137113,0,0.000000
1648658137.109874670,5,0.065000
1648658137.133455682,0,0.000000
1648658137.155308219,0,0.005000
1648658137.179899915,0,0.000000
1648658137.200789962,0,0.012000
1648658137.224354305,0,0.001000
1648658137.247002700,0,0.000000
1648658137.269124350,0,0.000000
1648658137.290334792,0,0.006000
1648658137.313199554,0,0.000000
1648658137.336734586,1,0.007000
1648658137.360262686,1,0.020000
1648658137.380869710,0,0.000000
1648658137.402939428,0,0.000000
1648658137.424294181,0,0.000000
1648658137.447510778,0,0.010000
1648658137.470223100,1,0.012000
1648658137.493492140,0,0.004000
1648658137.516844626,0,0.000000
1648658137.539871833,0,0.000000
1648658137.561999097,0,0.007000
1648658137.582767949,1,0.001000
1648658137.605268962,0,0.000000
1648658137.626190783,0,0.000000
1648658137.647966788,0,0.000000
1648658137.671872891,1,0.015000
1648658137.694395256,0,0.000000
1648658137.717640329,0,0.000000
1648658137.739132814,1,0.013000
1648658137.761492969,1,0.004000
1648658137.783941931,2,0.014000
1648658137.804685170,0,0.000000
1648658137.826381995,0,0.003000
1648658137.848298684,1,0.000000
1648658137.869424847,0,0.008000
1648658137.892946272,0,0.000000
1648658137.914706090,1,0.012000
1648658137.937245118,0,0.000000
1648658137.958147142,0,0.000000
1648658137.981306812,0,0.000000
1648658138.002852159,0,0.000000
1648658138.023559833,0,0.005000
1648658138.045265168,1,0.007000
1648658138.066881654,0,0.000000
1648658138.089667185,1,0.001000
1648658138.112935724,0,0.000000
1648658138.133401082,0,0.006000
1648658138.155632350,1,0.002000
1648658138.178087680,0,0.000000
1648658138.199996131,0,0.000000
1648658138.221855361,0,0.005000
1648658138.242716651,1,0.000000
1648658138.263757721,1,0.009000
1648658138.286318318,0,0.000000
1648658138.309577477,1,0.003000
1648658138.330919626,0,0.003000
1648658138.354898931,0,0.000000
1648658138.376199396,0,0.000000
1648658138.398123917,0,0.000000
1648658138.419782655,0,0.003000
1648658138.441076266,1,0.012000
1648658138.461327127,0,0.000000
1648658138.484326943,0,0.000000
1648658138.506457048,0,0.000000
1648658138.529307953,0,0.000000
1648658138.547433025,2,0.000000
1648658138.568532930,0,0.008000
1648658138.591169506,1,0.004000
1648658138.613782654,0,0.000000
1648658138.638281799,0,0.003000
1648658138.660437005,1,0.011000
1648658138.681647253,0,0.000000
1648658138.704542766,0,0.000000
1648658138.727083746,1,0.006000
1648658138.750336024,0,0.000000
1648658138.773165431,1,0.000000
1648658138.795141226,0,0.003000
1648658138.816612473,0,0.000000
1648658138.839333159,0,0.000000
1648658138.860661201,0,0.000000
1648658138.884316444,0,0.009000
1648658138.909737205,0,0.000000
1648658138.930383230,0,0.008000
1648658138.950578691,0,0.000000
1648658138.974571020,0,0.000000
1648658138.998073669,0,0.000000
1648658139.021493941,1,0.005000
1648658139.042947140,0,0.001000
1648658139.065412629,1,0.007000
1648658139.087769277,0,0.000000
1648658139.108489175,0,0.000000
1648658139.130690515,1,0.000000
1648658139.154153350,0,0.004000
1648658139.175990280,2,0.034000
1648658139.198738411,0,0.000000
1648658139.221164694,0,0.000000
1648658139.244435000,0,0.000000
1648658139.266737318,0,0.009000
1648658139.288693515,0,0.003000
1648658139.310815200,0,0.007000
1648658139.333389638,0,0.001000
1648658139.356555346,0,0.000000
1648658139.378710523,0,0.010000
1648658139.401879057,0,0.000000
1648658139.424564902,0,0.000000
1648658139.448473288,0,0.000000
1648658139.471551082,0,0.003000
1648658139.491575436,0,0.000000
1648658139.516264642,0,0.000000
1648658139.539708487,1,0.006000
1648658139.561077424,0,0.000000
1648658139.585120156,0,0.000000
1648658139.605890367,0,0.000000
1648658139.627867096,0,0.000000
1648658139.652089923,0,0.007000
1648658139.674446794,0,0.000000
1648658139.696924560,0,0.005000
1648658139.718596518,0,0.000000
1648658139.741702720,1,0.009000
1648658139.763261873,0,0.000000
1648658139.788754685,1,0.004000
1648658139.812024814,0,0.000000
1648658139.836051964,0,0.000000
1648658139.857231987,0,0.003000
1648658139.881595861,0,0.004000
1648658139.903444178,1,0.012000
1648658139.928234063,0,0.011000
1648658139.951235448,0,0.000000
1648658139.974043157,0,0.007000
1648658139.997147770,0,0.000000
1648658140.018745690,1,0.000000
1648658140.043081261,0,0.000000
1648658140.066477010,0,0.021000
1648658140.090068682,0,0.000000
1648658140.111984948,0,0.005000
1648658140.132737898,0,0.011000
1648658140.154848566,1,0.000000
1648658140.176703808,0,0.000000
1648658140.200892989,0,0.000000
1648658140.222266306,0,0.000000
1648658140.246573701,0,0.000000
1648658140.269254477,0,0.000000
1648658140.290696240,0,0.000000
1648658140.314664387,0,0.000000
1648658140.334996759,1,0.015000
1648658140.357450786,0,0.000000
1648658140.380978240,0,0.000000
1648658140.402249618,1,0.007000
1648658140.424676427,0,0.000000
1648658140.448587295,0,0.011000
1648658140.470363448,0,0.000000
1648658140.488545169,0,0.001000
1648658140.509153991,1,0.026000
1648658140.532202142,0,0.000000
1648658140.552912114,1,0.000000
1648658140.576703762,0,0.000000
1648658140.597991047,0,0.000000
1648658140.620122622,1,0.000000
1648658140.644398147,0,0.000000
1648658140.667544307,0,0.000000
1648658140.689250647,0,0.000000
1648658140.710400148,0,0.004000
1648658140.732159228,0,0.000000
1648658140.755149184,0,0.006000
1648658140.778451694,0,0.000000
1648658140.800582476,1,0.000000
1648658140.824588766,0,0.000000
1648658140.845774272,0,0.000000
1648658140.868306088,0,0.000000
1648658140.890550086,0,0.008000
1648658140.913020788,0,0.008000
1648658140.934878279,0,0.000000
1648658140.956309076,1,0.000000
1648658140.977402900,2,0.017000
1648658140.998879775,0,0.000000
1648658141.020651442,0,0.000000
1648658141.041235304,1,0.000000
1648658141.064986697,0,0.000000
1648658141.089296767,0,0.000000
1648658141.111040939,0,0.000000
1648658141.132042253,0,0.000000
1648658141.153761796,0,0.000000
1648658141.174248311,0,0.000000
1648658141.198510774,1,0.000000
1648658141.221542271,0,0.002000
1648658141.244293603,1,0.000000
1648658141.268834380,0,0.003000
1648658141.291020214,0,0.001000
1648658141.314241970,0,0.000000
1648658141.337080989,2,0.025000
1648658141.359663432,1,0.001000
1648658141.380619373,0,0.004000
1648658141.402649899,1,0.000000
1648658141.426062680,0,0.010000
1648658141.448748080,0,0.010000
1648658141.470342821,0,0.001000
1648658141.493964367,0,0.000000
1648658141.516453483,0,0.000000
1648658141.538997121,1,0.007000
1648658141.561589742,0,0.000000
1648658141.585156513,0,0.001000
1648658141.605979832,2,0.011000
1648658141.629157853,0,0.001000
1648658141.651304676,0,0.002000
1648658141.675701969,1,0.008000
1648658141.697319473,0,0.007000
1648658141.720121320,0,0.000000
1648658141.742994820,2,0.052000
1648658141.764237114,0,0.000000
1648658141.786186851,0,0.000000
1648658141.807412534,0,0.019000
1648658141.828319686,0,0.000000
1648658141.852494540,0,0.000000
1648658141.877018979,0,0.000000
1648658141.898511197,0,0.000000
1648658141.920553651,0,0.009000
1648658141.941877514,0,0.000000
1648658141.965445048,0,0.000000
1648658141.988379635,0,0.001000
1648658142.011155220,0,0.000000
1648658142.033565254,0,0.000000
1648658142.053440219,0,0.000000
1648658142.074741671,1,0.015000
1648658142.097659652,0,0.000000
1648658142.119546868,0,0.000000
1648658142.141145380,1,0.009000
1648658142.163502599,0,0.000000
1648658142.187970714,0,0.000000
1648658142.211881852,0,0.000000
1648658142.234312754,1,0.010000
1648658142.254703424,0,0.000000
1648658142.274810898,0,0.000000
1648658142.297371082,0,0.002000
1648658142.319074267,1,0.000000
1648658142.341498840,0,0.000000
1648658142.364899306,0,0.000000
1648658142.387228758,0,0.007000
1648658142.410970609,0,0.000000
1648658142.432002595,0,0.000000
1648658142.456671712,1,0.000000
1648658142.478406640,0,0.000000
1648658142.500023706,0,0.012000
1648658142.522008066,0,0.009000
1648658142.542947397,1,0.019000
1648658142.565850915,1,0.007000
1648658142.588704544,0,0.000000
1648658142.609397737,0,0.000000
1648658142.633329612,0,0.000000
1648658142.656022559,0,0.009000
1648658142.680559090,0,0.000000
1648658142.702732212,0,0.000000
1648658142.723905795,0,0.000000
1648658142.746991712,0,0.000000
1648658142.769006788,2,0.024000
1648658142.792236433,0,0.003000
1648658142.814803103,0,0.000000
1648658142.837018055,0,0.002000
1648658142.859893356,0,0.004000
1648658142.882977266,0,0.000000
1648658142.905657218,1,0.001000
1648658142.925975617,1,0.000000
1648658142.949017905,0,0.000000
1648658142.971709094,0,0.000000
1648658142.996024157,0,0.000000
1648658143.019872149,0,0.000000
1648658143.044960209,0,0.000000
1648658143.064775800,0,0.000000
1648658143.087210041,0,0.000000
1648658143.108046975,0,0.003000
1648658143.129536275,0,0.000000
1648658143.153190229,0,0.000000
1648658143.175620707,1,0.000000
1648658143.199503372,1,0.013000
1648658143.221233865,0,0.000000
1648658143.244019490,0,0.012000
1648658143.265071276,0,0.000000
1648658143.287415455,0,0.000000
1648658143.308107946,0,0.000000
1648658143.330474846,0,0.000000
1648658143.352811550,0,0.000000
1648658143.375424759,0,0.000000
1648658143.398413838,0,0.010000
1648658143.420876277,0,0.000000
1648658143.444284925,0,0.003000
1648658143.466315664,2,0.024000
1648658143.490021857,0,0.000000
1648658143.512577401,1,0.017000
1648658143.533378613,1,0.005000
1648658143.558135054,0,0.000000
1648658143.580899600,1,0.027000
1648658143.602909177,1,0.002000
1648658143.625729460,0,0.000000
1648658143.648083379,0,0.000000
1648658143.670379532,0,0.009000
1648658143.692429152,0,0.005000
1648658143.715056463,1,0.008000
1648658143.736883398,0,0.000000
1648658143.757911920,0,0.010000
1648658143.779765744,0,0.001000
1648658143.803098392,0,0.000000
1648658143.825910189,0,0.000000
1648658143.849212392,0,0.000000
1648658143.872131864,0,0.000000
1648658143.895910330,0,0.000000
1648658143.917895842,1,0.013000
1648658143.939960522,0,0.000000
1648658143.963869834,0,0.003000
1648658143.986653427,0,0.000000
1648658144.009156646,1,0.001000
1648658144.028114531,0,0.001000
1648658144.051555649,0,0.000000
1648658144.074185072,0,0.000000
1648658144.097028118,1,0.006000
1648658144.118694699,0,0.012000
1648658144.139725499,0,0.015000
1648658144.159810161,0,0.000000
1648658144.183807146,0,0.000000
1648658144.206911171,1,0.010000
1648658144.229091841,0,0.000000
1648658144.250168613,0,0.000000
1648658144.271771518,0,0.004000
1648658144.292230071,0,0.000000
1648658144.314357849,0,0.003000
1648658144.336948910,1,0.006000
1648658144.358697551,0,0.000000
1648658144.381878672,1,0.000000
1648658144.404738459,0,0.000000
1648658144.426311190,0,0.000000
1648658144.449544908,0,0.000000
1648658144.474474328,0,0.000000
1648658144.498245356,1,0.000000
1648658144.522010487,1,0.019000
1648658144.547261782,0,0.000000
1648658144.570459641,0,0.000000
1648658144.593753620,0,0.000000
1648658144.618054421,1,0.000000
1648658144.639548013,0,0.000000
1648658144.663544384,0,0.000000
1648658144.687431478,0,0.000000
1648658144.712128941,0,0.000000
1648658144.735860311,1,0.011000
1648658144.758855528,0,0.002000
1648658144.781545303,0,0.000000
1648658144.804617385,0,0.000000
1648658144.828189509,0,0.000000
1648658144.850953751,0,0.001000
1648658144.874373115,1,0.009000
1648658144.895440042,0,0.007000
1648658144.917784336,0,0.000000
1648658144.940354813,0,0.000000
1648658144.962099323,3,0.014000
1648658144.984248084,0,0.000000
1648658145.005876951,0,0.000000
1648658145.028341429,0,0.000000
1648658145.050832829,0,0.000000
1648658145.074051707,1,0.003000
1648658145.096497051,0,0.005000
1648658145.119340989,1,0.000000
1648658145.142314609,0,0.000000
1648658145.163254329,1,0.020000
1648658145.184002613,0,0.000000
1648658145.209107338,0,0.001000
1648658145.232717721,1,0.025000
1648658145.255599604,0,0.000000
1648658145.280243298,0,0.000000
1648658145.302295979,0,0.000000
1648658145.327095661,0,0.000000
1648658145.349080687,0,0.009000
1648658145.373280126,0,0.006000
1648658145.394915466,0,0.004000
1648658145.418589773,0,0.002000
1648658145.441067759,0,0.006000
1648658145.466324331,0,0.003000
1648658145.490389231,2,0.022000
1648658145.513047591,0,0.000000
1648658145.535761430,0,0.006000
1648658145.558700636,0,0.000000
1648658145.580127796,2,0.000000
1648658145.602587302,0,0.000000
1648658145.626970893,0,0.013000
1648658145.649381987,1,0.000000
1648658145.671790820,0,0.000000
1648658145.692429139,4,0.034000
1648658145.715855423,0,0.000000
1648658145.737479733,0,0.000000
1648658145.761619699,0,0.004000
1648658145.785126063,0,0.000000
1648658145.807752243,0,0.000000
1648658145.830765364,1,0.018000
1648658145.852676305,0,0.000000
1648658145.874141254,0,0.000000
1648658145.896103720,0,0.000000
1648658145.919058245,0,0.004000
1648658145.941618624,0,0.000000
1648658145.963205068,0,0.000000
1648658145.986151705,0,0.001000
1648658146.008760374,0,0.000000
1648658146.032232640,0,0.002000
1648658146.054506155,1,0.001000
1648658146.078156946,0,0.000000
1648658146.101259222,0,0.000000
1648658146.124192343,0,0.000000
1648658146.145652627,0,0.000000
1648658146.167289474,1,0.003000
1648658146.189637535,0,0.000000
1648658146.210415763,2,0.024000
1648658146.231674287,0,0.007000
1648658146.250576663,0,0.003000
1648658146.271537489,0,0.000000
1648658146.293853286,0,0.000000
1648658146.314287822,0,0.000000
1648658146.337285531,2,0.013000
1648658146.357033365,0,0.002000
1648658146.379207993,0,0.000000
1648658146.401761975,0,0.000000
1648658146.425089879,0,0.000000
1648658146.447496690,1,0.004000
1648658146.469356162,0,0.010000
1648658146.490968339,1,0.016000
1648658146.514166486,1,0.000000
1648658146.534998051,0,0.000000
1648658146.556338085,0,0.000000
1648658146.579187685,1,0.024000
1648658146.601023778,0,0.000000
1648658146.624211955,0,0.008000
1648658146.648116443,0,0.003000
1648658146.671478931,0,0.000000
1648658146.693448588,0,0.000000
1648658146.716445100,1,0.012000
1648658146.739947264,1,0.005000
1648658146.763740053,0,0.000000
1648658146.787654933,0,0.008000
1648658146.808571480,0,0.000000
1648658146.831994689,0,0.000000
1648658146.854368834,1,0.003000
1648658146.877982920,0,0.000000
1648658146.903797481,0,0.000000
1648658146.927331974,0,0.000000
1648658146.948899765,0,0.000000
1648658146.973234586,0,0.005000
1648658146.995297569,0,0.002000
1648658147.017924637,1,0.013000
1648658147.041238427,0,0.000000
1648658147.065166231,0,0.000000
1648658147.089262845,0,0.001000
1648658147.112374628,1,0.000000
1648658147.134899876,2,0.014000
1648658147.159098060,0,0.000000
1648658147.184018626,0,0.000000
1648658147.208103926,0,0.006000
1648658147.230773744,2,0.032000
1648658147.255060367,0,0.000000
1648658147.278212289,0,0.010000
1648658147.301089600,1,0.002000
1648658147.326398187,0,0.000000
1648658147.347901657,1,0.013000
1648658147.369085020,0,0.001000
1648658147.391013411,1,0.011000
1648658147.412125316,1,0.001000
1648658147.436507329,0,0.001000
1648658147.461713255,0,0.000000
1648658147.484453397,0,0.000000
1648658147.508274033,0,0.000000
1648658147.530923598,0,0.013000
1648658147.553589813,2,0.012000
1648658147.577105940,0,0.000000
1648658147.599352414,0,0.012000
1648658147.621015091,0,0.000000
1648658147.641653825,0,0.000000
1648658147.665035074,0,0.000000
1648658147.689289607,0,0.000000
1648658147.713732034,0,0.001000
1648658147.736333307,1,0.009000
1648658147.757833634,0,0.000000
1648658147.780977058,0,0.018000
1648658147.803852198,0,0.000000
1648658147.827829725,0,0.000000
1648658147.852013499,0,0.000000
1648658147.873275042,1,0.023000
1648658147.896154094,0,0.010000
1648658147.915741376,1,0.028000
1648658147.938252767,0,0.000000
1648658147.960914943,0,0.012000
1648658147.981886672,1,0.000000
1648658148.004727633,0,0.005000
1648658148.027350312,0,0.000000
1648658148.049100927,1,0.014000
1648658148.074130333,0,0.000000
1648658148.096012044,0,0.010000
1648658148.119139624,0,0.000000
1648658148.140485919,1,0.007000
1648658148.160872476,1,0.000000
1648658148.181193895,0,0.012000
1648658148.201761742,0,0.038000
1648658148.225349269,0,0.000000
1648658148.247966793,0,0.012000
1648658148.272408114,0,0.003000
1648658148.295304386,0,0.001000
1648658148.317248395,0,0.000000
1648658148.340134966,0,0.000000
1648658148.362011316,0,0.005000
1648658148.385173672,0,0.000000
1648658148.406446250,0,0.000000
1648658148.428301272,0,0.000000
1648658148.449673032,0,0.008000
1648658148.472020252,0,0.000000
1648658148.495183720,0,0.000000
1648658148.516684948,0,0.004000
1648658148.538895943,0,0.011000
1648658148.559205537,0,0.006000
1648658148.579176303,0,0.000000
1648658148.600039181,0,0.000000
1648658148.622196881,0,0.000000
1648658148.644444945,0,0.000000
1648658148.664743547,0,0.000000
1648658148.688674560,0,0.000000
1648658148.710270481,0,0.000000
1648658148.732755719,1,0.000000
1648658148.756156331,0,0.001000
1648658148.778108060,0,0.006000
1648658148.801238786,0,0.000000
1648658148.824853611,0,0.000000
1648658148.850042503,0,0.000000
1648658148.872760071,0,0.000000
1648658148.895402677,0,0.000000
1648658148.917793546,0,0.000000
1648658148.939801113,0,0.000000
1648658148.964032986,0,0.000000
1648658148.987073152,0,0.000000
1648658149.010146918,0,0.000000
1648658149.033229244,0,0.000000
1648658149.054693482,1,0.000000
1648658149.078289940,0,0.000000
1648658149.100112179,1,0.000000
1648658149.123556301,1,0.009000
1648658149.144997139,0,0.000000
1648658149.167623606,0,0.003000
1648658149.190374552,0,0.000000
1648658149.213936661,0,0.011000
1648658149.235153855,0,0.000000
1648658149.258732274,0,0.006000
1648658149.280649458,0,0.001000
1648658149.299961867,0,0.000000
1648658149.323122181,0,0.008000
1648658149.346883892,0,0.000000
1648658149.369068794,0,0.012000
1648658149.392408673,2,0.022000
1648658149.414326307,0,0.000000
1648658149.437387719,0,0.000000
1648658149.462129943,0,0.000000
1648658149.483404839,0,0.000000
1648658149.507082841,0,0.000000
1648658149.529550526,0,0.000000
1648658149.552440998,0,0.000000
1648658149.576085187,1,0.001000
1648658149.600262433,1,0.013000
1648658149.623574979,0,0.000000
1648658149.645898416,0,0.000000
1648658149.669233469,0,0.000000
1648658149.691241109,0,0.000000
1648658149.713472007,0,0.000000
1648658149.736208807,0,0.000000
1648658149.759013094,0,0.000000
1648658149.783700627,0,0.000000
1648658149.804462163,0,0.000000
1648658149.826666381,0,0.000000
1648658149.848402441,0,0.000000
1648658149.866593249,0,0.000000
1648658149.890694749,0,0.000000
1648658149.911302700,0,0.000000
1648658149.933766334,0,0.000000
1648658149.956682580,2,0.022000
1648658149.978245365,0,0.000000
1648658149.998276969,0,0.000000
1648658150.022041805,0,0.000000
1648658150.043571169,1,0.018000
1648658150.065599336,0,0.001000
1648658150.088239712,1,0.000000
1648658150.110853678,0,0.002000
1648658150.134698362,0,0.000000
1648658150.156168716,1,0.012000
1648658150.177492956,0,0.002000
1648658150.200877849,0,0.001000
1648658150.223206023,0,0.000000
1648658150.245621842,0,0.000000
1648658150.268281599,1,0.000000
1648658150.292713956,0,0.000000
1648658150.314380137,2,0.031000
1648658150.337482393,0,0.000000
1648658150.358648386,2,0.008000
1648658150.381292240,1,0.000000
1648658150.404421201,0,0.000000
1648658150.428078769,0,0.006000
1648658150.450880420,0,0.000000
1648658150.474914499,0,0.003000
1648658150.496700997,1,0.000000
1648658150.520014167,0,0.008000
1648658150.543307416,0,0.002000
1648658150.566940009,0,0.000000
1648658150.589034585,0,0.000000
1648658150.612409442,0,0.000000
1648658150.635206548,0,0.000000
1648658150.657733898,1,0.001000
1648658150.680438006,0,0.000000
1648658150.703360406,1,0.018000
1648658150.726980722,0,0.003000
1648658150.748664582,0,0.000000
1648658150.772276927,0,0.003000
1648658150.792162263,0,0.000000
1648658150.814138510,2,0.028000
1648658150.834636923,0,0.004000
1648658150.858893266,0,0.000000
1648658150.881908391,0,0.006000
1648658150.904217457,1,0.000000
1648658150.926298378,0,0.000000
1648658150.949737574,0,0.000000
1648658150.970739195,0,0.010000
1648658150.993318120,1,0.015000
1648658151.014213927,1,0.000000
1648658151.035884017,1,0.003000
1648658151.059955365,0,0.000000
1648658151.082372074,0,0.000000
1648658151.104549009,0,0.006000
1648658151.128151003,0,0.000000
1648658151.147563820,1,0.007000
1648658151.171083397,0,0.000000
1648658151.193306826,0,0.005000
1648658151.215005406,0,0.000000
1648658151.237274218,0,0.000000
1648658151.259946352,2,0.035000
1648658151.282194165,0,0.000000
1648658151.304840951,0,0.000000
1648658151.323258732,0,0.013000
1648658151.346037713,0,0.000000
1648658151.367010186,0,0.000000
1648658151.388198190,0,0.021000
1648658151.409222509,2,0.018000
1648658151.430417669,1,0.019000
1648658151.451981241,0,0.000000
1648658151.473140563,0,0.000000
1648658151.495127168,2,0.016000
1648658151.518534075,0,0.001000
1648658151.543209382,0,0.006000
1648658151.563051717,1,0.000000
1648658151.586176628,0,0.000000
1648658151.607298203,0,0.002000
1648658151.628035415,0,0.000000
1648658151.649802072,0,0.000000
1648658151.667881989,0,0.000000
1648658151.688869867,0,0.006000
1648658151.710213446,0,0.000000
1648658151.734921819,0,0.000000
1648658151.758112619,0,0.000000
1648658151.779024463,0,0.000000
1648658151.802871842,0,0.007000
1648658151.824360377,1,0.012000
1648658151.844966070,0,0.002000
1648658151.865287245,0,0.010000
1648658151.886311386,1,0.007000
1648658151.910142335,0,0.004000
1648658151.930864698,0,0.011000
1648658151.954894304,0,0.000000
1648658151.975476583,0,0.000000
1648658151.997005015,0,0.000000
1648658152.020677477,0,0.000000
1648658152.042446428,1,0.000000
1648658152.062931722,1,0.000000
1648658152.083803979,1,0.026000
1648658152.106710331,1,0.016000
1648658152.129388957,1,0.001000
1648658152.153089197,1,0.017000
1648658152.175235784,0,0.000000
1648658152.198284290,0,0.000000
1648658152.219155207,1,0.000000
1648658152.239872460,1,0.001000
1648658152.259315908,0,0.000000
1648658152.282642849,0,0.000000
1648658152.304938452,0,0.000000
1648658152.325535323,0,0.000000
1648658152.345256333,0,0.000000
1648658152.369586469,0,0.000000
1648658152.393482139,0,0.000000
1648658152.415999554,0,0.007000
1648658152.437041835,0,0.000000
1648658152.457417948,0,0.000000
1648658152.479238984,0,0.000000
1648658152.503189392,3,0.037000
1648658152.526857073,0,0.001000
1648658152.548328767,0,0.000000
1648658152.569054856,0,0.000000
1648658152.593281682,1,0.022000
1648658152.618491204,0,0.006000
1648658152.643198313,0,0.012000
1648658152.666753175,0,0.000000
1648658152.687505373,0,0.000000
1648658152.710201292,1,0.011000
1648658152.733909746,0,0.000000
1648658152.757078929,0,0.000000
1648658152.778319816,0,0.000000
1648658152.801286105,1,0.012000
1648658152.823958950,0,0.008000
1648658152.843473298,0,0.000000
1648658152.864502011,0,0.000000
1648658152.887712402,0,0.000000
1648658152.912084267,0,0.005000
1648658152.934759202,0,0.000000
1648658152.956909977,0,0.000000
1648658152.978928710,0,0.000000
1648658152.999724792,0,0.000000
1648658153.021074248,0,0.000000
1648658153.044942239,0,0.011000
1648658153.067127079,1,0.005000
1648658153.089466047,0,0.000000
1648658153.112186809,0,0.003000
1648658153.132982390,0,0.003000
1648658153.152926904,0,0.000000
1648658153.174318953,1,0.000000
1648658153.198784499,0,0.000000
1648658153.222271328,0,0.001000
1648658153.246153659,0,0.000000
1648658153.268294762,2,0.030000
1648658153.291395520,0,0.000000
1648658153.315170439,0,0.000000
1648658153.337123235,1,0.000000
1648658153.361053080,0,0.008000
1648658153.383165053,0,0.004000
1648658153.405045058,0,0.000000
1648658153.426118612,0,0.000000
1648658153.449505121,0,0.003000
1648658153.473951128,0,0.000000
1648658153.496403321,0,0.000000
1648658153.516850366,1,0.016000
1648658153.539927949,1,0.000000
1648658153.562416099,0,0.000000
1648658153.585370051,0,0.000000
1648658153.607501963,0,0.004000
1648658153.630487940,1,0.019000
1648658153.651914443,0,0.003000
1648658153.674407745,0,0.003000
1648658153.693468247,1,0.023000
1648658153.715979353,0,0.000000
1648658153.739445300,1,0.004000
1648658153.761135646,0,0.024000
1648658153.782773013,0,0.000000
1648658153.805025765,0,0.000000
1648658153.825480161,1,0.006000
1648658153.848087755,0,0.000000
1648658153.869411035,0,0.011000
1648658153.893014948,0,0.000000
1648658153.914892152,0,0.009000
1648658153.935238387,1,0.001000
1648658153.958338871,0,0.000000
1648658153.979669136,1,0.006000
1648658154.000949189,0,0.000000
1648658154.021799407,1,0.028000
1648658154.041594562,0,0.007000
1648658154.062005224,0,0.000000
1648658154.085445491,0,0.007000
1648658154.105937063,0,0.001000
1648658154.129494679,0,0.000000
1648658154.153766448,0,0.001000
1648658154.177553040,0,0.000000
1648658154.202452757,0,0.000000
1648658154.226791033,0,0.001000
1648658154.251008264,0,0.000000
1648658154.272445767,0,0.000000
1648658154.295349178,0,0.000000
1648658154.317905249,1,0.000000
1648658154.339296262,2,0.017000
1648658154.363538883,0,0.000000
1648658154.385229487,0,0.007000
1648658154.407682006,1,0.009000
1648658154.428445676,0,0.000000
1648658154.450197019,0,0.004000
1648658154.471980924,0,0.011000
1648658154.494689107,1,0.021000
1648658154.518659808,0,0.000000
1648658154.543846841,1,0.003000
1648658154.567584964,0,0.000000
1648658154.588293933,0,0.000000
1648658154.611100295,0,0.000000
1648658154.633907271,2,0.029000
1648658154.655609494,0,0.000000
1648658154.679089855,0,0.000000
1648658154.703228840,0,0.000000
1648658154.724792846,0,0.000000
1648658154.746252584,0,0.000000
1648658154.770562619,0,0.004000
1648658154.795670759,2,0.001000
1648658154.818660717,0,0.000000
1648658154.839777533,1,0.017000
1648658154.862709089,0,0.000000
1648658154.883886841,0,0.000000
1648658154.907184493,2,0.010000
1648658154.929099650,0,0.000000
1648658154.950300665,0,0.004000
1648658154.972110508,0,0.000000
1648658154.995393211,0,0.000000
1648658155.019089051,0,0.000000
1648658155.041086075,1,0.015000
1648658155.062409583,0,0.000000
1648658155.084050965,0,0.000000
1648658155.105281637,1,0.005000
1648658155.127492688,0,0.010000
1648658155.152280655,0,0.000000
1648658155.173606580,0,0.000000
1648658155.193591541,1,0.011000
1648658155.215116155,0,0.000000
1648658155.236998700,0,0.001000
1648658155.260811937,0,0.000000
1648658155.282409088,0,0.000000
1648658155.304368684,1,0.019000
1648658155.327984203,0,0.000000
1648658155.350043253,1,0.000000
1648658155.374399497,0,0.000000
1648658155.396178772,2,0.021000
1648658155.420304576,3,0.029000
1648658155.445129492,1,0.008000
1648658155.467222610,1,0.000000
1648658155.488059712,0,0.004000
1648658155.509377955,0,0.001000
1648658155.531940892,0,0.000000
1648658155.554200927,0,0.000000
1648658155.574893171,0,0.000000
1648658155.598204400,0,0.000000
1648658155.621845940,1,0.013000
1648658155.646016194,0,0.000000
1648658155.665637073,0,0.000000
1648658155.690375512,0,0.000000
1648658155.714115961,0,0.003000
1648658155.736070210,1,0.012000
1648658155.757720552,0,0.005000
1648658155.779195229,0,0.001000
1648658155.802744550,3,0.038000
1648658155.827635988,0,0.000000
1648658155.852463955,0,0.000000
1648658155.875339582,1,0.001000
1648658155.897296406,0,0.000000
1648658155.918338393,0,0.004000
1648658155.941790393,1,0.013000
1648658155.961953413,0,0.000000
1648658155.981139875,0,0.000000
1648658156.003143681,0,0.000000
1648658156.025452657,1,0.008000
1648658156.048904864,0,0.000000
1648658156.071914894,0,0.000000
1648658156.094597129,0,0.000000
1648658156.116917494,1,0.000000
1648658156.137582116,0,0.000000
1648658156.160006001,0,0.003000
1648658156.181581468,0,0.000000
1648658156.205243647,0,0.007000
1648658156.227955410,0,0.000000
1648658156.250882589,0,0.000000
1648658156.273123567,1,0.006000
1648658156.293075126,0,0.000000
1648658156.315243607,2,0.014000
1648658156.336762604,0,0.000000
1648658156.356774633,0,0.000000
1648658156.377237303,1,0.014000
1648658156.397009254,0,0.000000
1648658156.418343482,0,0.000000
1648658156.440006693,0,0.000000
1648658156.462570247,0,0.000000
1648658156.484746453,0,0.000000
1648658156.507251932,0,0.000000
1648658156.530757391,0,0.000000
1648658156.551266337,1,0.010000
1648658156.572493355,1,0.001000
1648658156.593761911,0,0.004000
1648658156.617942512,0,0.000000
1648658156.638490401,0,0.000000
1648658156.661729324,2,0.007000
1648658156.685242864,0,0.000000
1648658156.708138202,0,0.000000
1648658156.731329840,1,0.000000
1648658156.753076752,0,0.004000
1648658156.775695485,0,0.010000
1648658156.798758065,0,0.000000
1648658156.823655567,2,0.006000
1648658156.847202999,1,0.000000
1648658156.867948569,0,0.000000
1648658156.888633902,1,0.000000
1648658156.909087603,0,0.000000
1648658156.933123390,0,0.020000
1648658156.952803199,0,0.000000
1648658156.974017438,0,0.000000
1648658156.994734574,1,0.008000
1648658157.016549990,0,0.009000
1648658157.038599637,0,0.006000
1648658157.062060973,1,0.016000
1648658157.086338373,0,0.000000
1648658157.107342390,0,0.000000
1648658157.129130747,0,0.000000
1648658157.151633636,0,0.000000
1648658157.174123268,1,0.023000
1648658157.198150568,0,0.004000
1648658157.222218328,1,0.006000
1648658157.244751469,0,0.000000
1648658157.266193337,1,0.013000
1648658157.290773416,0,0.000000
1648658157.316008493,0,0.000000
1648658157.338860360,0,0.022000
1648658157.361834917,0,0.000000
1648658157.382978166,0,0.000000
1648658157.405482847,0,0.001000
1648658157.427706139,0,0.000000
1648658157.449705096,6,0.081000
1648658157.471438811,2,0.021000
1648658157.494113868,0,0.000000
1648658157.515148869,0,0.000000
1648658157.537539073,0,0.006000
1648658157.558775547,0,0.005000
1648658157.581780677,0,0.007000
1648658157.602799331,0,0.000000
1648658157.625108878,1,0.001000
1648658157.648142308,0,0.000000
1648658157.672430838,2,0.024000
1648658157.697306638,1,0.023000
1648658157.720043734,0,0.000000
1648658157.740706446,0,0.000000
1648658157.762222423,0,0.000000
1648658157.785230653,1,0.000000
1648658157.806278187,0,0.003000
1648658157.829627424,0,0.000000
1648658157.851640096,1,0.008000
1648658157.873602304,0,0.006000
1648658157.895800666,0,0.000000
1648658157.918505121,0,0.006000
1648658157.942151961,0,0.000000
1648658157.963230495,0,0.000000
1648658157.985056767,0,0.000000
1648658158.008972911,1,0.000000
1648658158.031126665,0,0.007000
1648658158.053850984,1,0.008000
1648658158.075313602,1,0.000000
1648658158.097996597,0,0.001000
1648658158.118680527,0,0.006000
1648658158.138327805,0,0.000000
1648658158.159381277,0,0.000000
1648658158.181357609,0,0.012000
1648658158.205013088,0,0.000000
1648658158.228426771,0,0.009000
1648658158.250996148,0,0.000000
1648658158.273335829,0,0.000000
1648658158.295620247,0,0.006000
1648658158.318849117,1,0.003000
1648658158.342371898,3,0.035000
1648658158.364401904,0,0.008000
1648658158.386999301,0,0.000000
1648658158.409627551,1,0.000000
1648658158.433329369,0,0.000000
1648658158.454479905,1,0.028000
1648658158.475908938,0,0.000000
1648658158.498031452,0,0.000000
1648658158.521457242,0,0.000000
1648658158.546217213,0,0.000000
1648658158.570016606,0,0.000000
1648658158.590496038,1,0.024000
1648658158.615672750,1,0.000000
1648658158.639984592,0,0.000000
1648658158.659657680,0,0.001000
1648658158.682854056,0,0.017000
1648658158.705008656,1,0.000000
1648658158.728935508,0,0.000000
1648658158.750062657,0,0.007000
1648658158.771458341,0,0.000000
1648658158.792980516,0,0.005000
1648658158.813650415,0,0.000000
1648658158.834607891,0,0.000000
1648658158.858638700,0,0.000000
1648658158.881327015,1,0.008000
1648658158.902428876,1,0.005000
1648658158.923405982,0,0.000000
1648658158.944923229,0,0.000000
1648658158.967564940,2,0.004000
1648658158.987138131,1,0.000000
1648658159.010907020,1,0.018000
1648658159.033738891,0,0.005000
1648658159.054676401,0,0.000000
1648658159.078292342,1,0.010000
1648658159.098428604,1,0.019000
1648658159.118999596,0,0.000000
1648658159.140924185,0,0.000000
1648658159.162582954,0,0.000000
1648658159.184250023,0,0.016000
1648658159.207750074,1,0.001000
1648658159.228955672,1,0.010000
1648658159.250448324,0,0.000000
1648658159.273967681,0,0.001000
1648658159.297640377,2,0.025000
1648658159.319539873,0,0.000000
1648658159.343374427,1,0.015000
1648658159.365744921,0,0.000000
1648658159.388070232,1,0.006000
1648658159.409476113,0,0.000000
1648658159.432158661,0,0.001000
1648658159.454538176,0,0.000000
1648658159.477942461,1,0.000000
1648658159.500542500,1,0.000000
1648658159.522256537,2,0.015000
1648658159.546205774,1,0.015000
1648658159.568888179,0,0.000000
1648658159.593533856,1,0.004000
1648658159.615654634,0,0.006000
1648658159.638746014,0,0.000000
1648658159.659952813,0,0.001000
1648658159.682694874,1,0.005000
1648658159.704405785,0,0.010000
1648658159.728597424,1,0.011000
1648658159.751387158,0,0.018000
1648658159.774931386,0,0.000000
1648658159.797449883,0,0.000000
1648658159.819415821,0,0.009000
1648658159.842148003,1,0.000000
1648658159.863998288,0,0.006000
1648658159.888235325,1,0.003000
1648658159.913031514,0,0.000000
1648658159.936314268,0,0.000000
1648658159.960114649,1,0.004000
1648658159.983401972,0,0.000000
1648658160.005139552,0,0.000000
1648658160.028292716,0,0.000000
1648658160.052307395,2,0.006000
1648658160.074587689,0,0.001000
1648658160.097189056,0,0.000000
1648658160.121097104,0,0.000000
1648658160.143477270,0,0.000000
1648658160.165648100,1,0.008000
1648658160.190560245,0,0.005000
1648658160.213328027,1,0.012000
1648658160.234686111,0,0.000000
1648658160.254349555,0,0.000000
1648658160.277911863,0,0.000000
1648658160.300823669,0,0.000000
1648658160.323611755,0,0.005000
1648658160.345057134,0,0.000000
1648658160.365496274,0,0.000000
1648658160.388387037,0,0.000000
1648658160.408964820,0,0.000000
1648658160.431837193,0,0.008000
1648658160.453067476,0,0.000000
1648658160.475402824,0,0.000000
1648658160.496919135,0,0.000000
1648658160.520758106,0,0.004000
1648658160.546090047,0,0.000000
1648658160.568795106,0,0.000000
1648658160.590257660,1,0.009000
1648658160.614228681,1,0.000000
1648658160.636469784,0,0.000000
1648658160.659455908,1,0.004000
1648658160.680707055,1,0.011000
1648658160.700623311,0,0.000000
1648658160.720383280,0,0.020000
1648658160.743546119,0,0.000000
1648658160.768371073,0,0.017000
1648658160.790759782,1,0.000000
1648658160.814699308,1,0.005000
1648658160.837671650,0,0.000000
1648658160.859029958,2,0.003000
1648658160.882140634,1,0.015000
1648658160.905956688,0,0.004000
1648658160.928078903,0,0.010000
1648658160.950772978,3,0.028000
1648658160.973173519,0,0.000000
1648658160.995963532,0,0.014000
1648658161.018790189,0,0.006000
1648658161.042502498,0,0.000000
1648658161.065694926,0,0.003000
1648658161.089065967,3,0.024000
1648658161.113499950,0,0.000000
1648658161.136224060,0,0.000000
1648658161.159193007,0,0.000000
1648658161.180060725,1,0.003000
1648658161.202504599,0,0.006000
1648658161.225955862,0,0.006000
1648658161.247767533,1,0.000000
1648658161.269450830,0,0.002000
1648658161.291708482,0,0.000000
1648658161.312670590,0,0.000000
1648658161.336744592,2,0.023000
1648658161.361050312,0,0.000000
1648658161.386192372,5,0.040000
1648658161.409417545,1,0.000000
1648658161.432002004,0,0.000000
1648658161.453702054,0,0.001000
1648658161.477550609,0,0.000000
1648658161.502374616,0,0.000000
1648658161.522433048,0,0.000000
1648658161.543487584,0,0.000000
1648658161.563752464,2,0.024000
1648658161.586188238,0,0.000000
1648658161.608369260,0,0.000000
1648658161.631165708,1,0.000000
1648658161.654358488,0,0.001000
1648658161.676492594,2,0.012000
1648658161.697293071,0,0.012000
1648658161.720115667,1,0.010000
1648658161.742688317,0,0.000000
1648658161.764446987,0,0.000000
1648658161.786280899,0,0.018000
1648658161.807750221,2,0.025000
1648658161.829868814,0,0.000000
1648658161.850716134,2,0.012000
1648658161.873149322,0,0.003000
1648658161.896965879,0,0.004000
1648658161.919102373,2,0.029000
1648658161.941117176,0,0.000000
1648658161.966165880,0,0.010000
1648658161.990957417,0,0.000000
1648658162.014769517,1,0.002000
1648658162.037444890,0,0.002000
1648658162.058988571,1,0.001000
1648658162.080486075,2,0.017000
1648658162.104590719,0,0.000000
1648658162.128351096,0,0.000000
1648658162.150721655,0,0.004000
1648658162.172165375,2,0.016000
1648658162.196354342,0,0.000000
1648658162.219007984,1,0.005000
1648658162.239533941,0,0.000000
1648658162.262947773,1,0.014000
1648658162.285865143,0,0.003000
1648658162.312813721,0,0.000000
1648658162.336250361,1,0.004000
1648658162.359386192,0,0.000000
1648658162.380882615,0,0.000000
1648658162.404318549,0,0.000000
1648658162.426148958,0,0.000000
1648658162.450706272,2,0.018000
1648658162.474083687,0,0.000000
1648658162.496140089,0,0.000000
1648658162.518394081,0,0.000000
1648658162.541943243,1,0.010000
1648658162.566121680,0,0.000000
1648658162.588502800,0,0.000000
1648658162.610674552,1,0.000000
1648658162.632224401,1,0.010000
1648658162.655855559,1,0.000000
1648658162.680760284,0,0.000000
1648658162.704058326,2,0.000000
1648658162.725365619,0,0.001000
1648658162.749208749,0,0.013000
1648658162.773227750,0,0.004000
1648658162.797228937,0,0.018000
1648658162.821284211,0,0.005000
1648658162.841864166,2,0.011000
1648658162.865089432,0,0.000000
1648658162.888626399,0,0.010000
1648658162.909775936,0,0.000000
1648658162.933158680,0,0.000000
1648658162.955018643,0,0.000000
1648658162.977303718,0,0.004000
1648658163.000266992,0,0.002000
1648658163.021696166,0,0.000000
1648658163.043888822,0,0.000000
1648658163.066426865,0,0.003000
1648658163.089293566,1,0.000000
1648658163.113645154,0,0.005000
1648658163.135648178,4,0.048000
1648658163.156926300,0,0.000000
1648658163.179494828,0,0.000000
1648658163.202432524,0,0.000000
1648658163.226481770,0,0.008000
1648658163.248060273,0,0.000000
1648658163.270461846,1,0.007000
1648658163.293404001,0,0.003000
1648658163.317755474,1,0.002000
1648658163.340502764,1,0.005000
1648658163.365306318,1,0.006000
1648658163.386478997,0,0.000000
1648658163.408697281,1,0.018000
1648658163.432724514,0,0.017000
1648658163.456871635,0,0.000000
1648658163.480184717,0,0.009000
1648658163.501935800,0,0.000000
1648658163.526012997,0,0.000000
1648658163.548546207,0,0.000000
1648658163.570908419,0,0.000000
1648658163.593018588,3,0.041000
1648658163.614909372,0,0.001000
1648658163.637223759,1,0.012000
1648658163.659876181,0,0.000000
1648658163.680946185,0,0.006000
1648658163.702042403,1,0.006000
1648658163.723450252,0,0.000000
1648658163.742976973,1,0.000000
1648658163.767006569,1,0.000000
1648658163.790748830,0,0.000000
1648658163.812850041,0,0.027000
1648658163.833583309,2,0.000000
1648658163.857702303,0,0.000000
1648658163.879707354,0,0.003000
1648658163.902616304,0,0.000000
1648658163.927098193,1,0.013000
1648658163.950325482,0,0.000000
1648658163.975205486,0,0.000000
1648658163.999316328,0,0.000000
1648658164.022186075,1,0.000000
1648658164.045242074,0,0.002000
1648658164.068019791,0,0.009000
1648658164.090052843,0,0.027000
1648658164.112316783,0,0.000000
1648658164.134833501,1,0.000000
1648658164.158824800,2,0.013000
1648658164.182222822,0,0.000000
1648658164.205271554,0,0.000000
1648658164.226308691,1,0.004000
1648658164.247674501,0,0.000000
1648658164.269360832,0,0.018000
1648658164.292841006,0,0.000000
1648658164.315347727,0,0.000000
1648658164.337428592,1,0.011000
1648658164.360009189,0,0.000000
1648658164.381623529,1,0.000000
1648658164.403068488,0,0.002000
1648658164.425383234,0,0.000000
1648658164.449062748,1,0.008000
1648658164.472597409,0,0.013000
1648658164.495954253,0,0.000000
1648658164.520054922,0,0.009000
1648658164.543492198,1,0.003000
1648658164.566180136,0,0.000000
1648658164.587569438,1,0.000000
1648658164.608781207,1,0.005000
1648658164.632900878,0,0.005000
1648658164.657098397,0,0.000000
1648658164.679791922,1,0.006000
1648658164.705359964,0,0.000000
1648658164.730827806,0,0.000000
1648658164.755202926,0,0.000000
1648658164.778128552,0,0.000000
1648658164.800213753,0,0.002000
1648658164.822502037,1,0.000000
1648658164.845404637,0,0.000000
1648658164.868465678,0,0.000000
1648658164.890643189,0,0.000000
1648658164.913175802,0,0.007000
1648658164.938250924,0,0.000000
1648658164.960889333,1,0.009000
1648658164.983979755,0,0.000000
1648658165.007555304,1,0.003000
1648658165.028993895,1,0.001000
1648658165.052927294,1,0.003000
1648658165.077628161,0,0.000000
1648658165.102062477,0,0.000000
1648658165.124173854,0,0.000000
1648658165.147665973,0,0.000000
1648658165.168289389,0,0.011000
1648658165.191562335,0,0.000000
1648658165.214374065,0,0.000000
1648658165.236822841,1,0.024000
1648658165.258615787,0,0.000000
1648658165.280459799,0,0.000000
1648658165.303594039,0,0.004000
1648658165.326450965,0,0.000000
1648658165.350959739,0,0.003000
1648658165.372873060,0,0.000000
1648658165.394212504,2,0.007000
1648658165.417866935,0,0.003000
1648658165.439998508,0,0.001000
1648658165.464184586,0,0.000000
1648658165.488227101,1,0.010000
1648658165.510941709,0,0.000000
1648658165.534410403,0,0.000000
1648658165.557606130,0,0.000000
1648658165.579889396,1,0.019000
1648658165.603808277,1,0.015000
1648658165.626199997,0,0.003000
1648658165.648320201,0,0.003000
1648658165.671438679,1,0.003000
1648658165.694047375,0,0.000000
1648658165.717110125,0,0.005000
1648658165.741268583,1,0.006000
1648658165.763694454,0,0.001000
1648658165.785329573,1,0.006000
1648658165.807279238,0,0.000000
1648658165.827578550,1,0.007000
1648658165.850505260,0,0.001000
1648658165.871985850,1,0.001000
1648658165.895375745,1,0.000000
1648658165.916489029,0,0.000000
1648658165.939870825,0,0.014000
1648658165.960210455,0,0.000000
1648658165.981367712,1,0.017000
1648658166.002238351,0,0.000000
1648658166.023896494,1,0.014000
1648658166.046383035,0,0.000000
1648658166.068616452,1,0.006000
1648658166.091747018,0,0.000000
1648658166.113410225,0,0.000000
1648658166.134542001,0,0.001000
1648658166.157426987,0,0.000000
1648658166.182386033,0,0.000000
1648658166.206356901,0,0.005000
1648658166.229320449,0,0.008000
1648658166.253186493,0,0.000000
1648658166.272792961,0,0.000000
1648658166.293938326,0,0.000000
1648658166.315642796,1,0.010000
1648658166.337687816,0,0.000000
1648658166.360829718,1,0.012000
1648658166.382271222,1,0.001000
1648658166.404910722,0,0.030000
1648658166.427357592,1,0.000000
1648658166.451027995,0,0.000000
1648658166.472141437,0,0.004000
1648658166.494017513,0,0.003000
1648658166.515891229,1,0.000000
1648658166.539744861,1,0.000000
1648658166.562739662,1,0.013000
1648658166.586349870,0,0.000000
1648658166.611185338,0,0.001000
1648658166.633403245,0,0.000000
1648658166.656019303,0,0.000000
1648658166.677764719,0,0.000000
1648658166.699534799,0,0.004000
1648658166.719998104,0,0.001000
1648658166.741589304,0,0.017000
1648658166.765681662,0,0.000000
1648658166.788471845,0,0.003000
1648658166.809828167,0,0.000000
1648658166.833548966,0,0.019000
1648658166.858109287,0,0.003000
1648658166.879758205,0,0.000000
1648658166.899878098,0,0.001000
1648658166.921494844,0,0.004000
1648658166.946236033,0,0.006000
1648658166.969396115,1,0.007000
1648658166.991507180,2,0.025000
1648658167.014969987,0,0.000000
1648658167.037630486,0,0.000000
1648658167.059016698,1,0.017000
1648658167.083427841,0,0.000000
1648658167.106070886,1,0.003000
1648658167.129502113,0,0.000000
1648658167.152979484,0,0.000000
1648658167.175600188,2,0.015000
1648658167.198778858,0,0.005000
1648658167.219094925,0,0.000000
1648658167.239771381,1,0.012000
1648658167.263063193,0,0.000000
1648658167.283264377,0,0.008000
1648658167.305128293,0,0.008000
1648658167.326227433,1,0.000000
1648658167.348611223,0,0.011000
1648658167.370370313,0,0.000000
1648658167.393557139,2,0.015000
1648658167.416735887,0,0.000000
1648658167.438629437,0,0.000000
1648658167.461924917,1,0.018000
1648658167.484571449,1,0.001000
1648658167.505723098,0,0.000000
1648658167.527482592,1,0.008000
1648658167.549552217,0,0.000000
1648658167.571908965,0,0.010000
1648658167.593200182,1,0.000000
1648658167.617305607,0,0.000000
1648658167.639302564,0,0.013000
1648658167.661441024,0,0.000000
1648658167.683445697,1,0.004000
1648658167.705709890,1,0.000000
1648658167.728089001,0,0.000000
1648658167.750009179,1,0.022000
1648658167.769917273,0,0.000000
1648658167.793345455,1,0.012000
1648658167.815479070,2,0.039000
1648658167.838503248,0,0.000000
1648658167.861187728,2,0.017000
1648658167.881968928,0,0.000000
1648658167.904358066,0,0.000000
1648658167.927970697,0,0.005000
1648658167.951754316,0,0.000000
1648658167.975450281,0,0.003000
1648658168.000177428,0,0.000000
1648658168.023043675,0,0.000000
1648658168.045240766,0,0.000000
1648658168.067350360,0,0.000000
1648658168.089928877,0,0.000000
1648658168.112020621,0,0.001000
1648658168.133238027,0,0.003000
1648658168.154212795,0,0.000000
1648658168.177097806,0,0.006000
1648658168.197957760,1,0.008000
1648658168.218222326,0,0.011000
1648658168.243032297,0,0.013000
1648658168.265599437,0,0.000000
1648658168.288759261,0,0.006000
1648658168.311439948,1,0.003000
1648658168.333398452,0,0.000000
1648658168.356336145,0,0.000000
1648658168.379027459,0,0.020000
1648658168.399066847,1,0.012000
1648658168.419578214,0,0.003000
1648658168.441024593,0,0.010000
1648658168.466372157,0,0.000000
1648658168.490994304,1,0.007000
1648658168.514006806,0,0.001000
1648658168.534266264,0,0.003000
1648658168.556417815,0,0.012000
1648658168.579579184,0,0.001000
1648658168.602339704,0,0.012000
1648658168.625239854,2,0.007000
1648658168.646544426,1,0.003000
1648658168.670668950,0,0.000000
1648658168.693728256,0,0.000000
1648658168.717757539,0,0.000000
1648658168.739263703,1,0.000000
1648658168.760558419,0,0.000000
1648658168.783227296,0,0.000000
1648658168.804981492,1,0.022000
1648658168.827778070,0,0.000000
1648658168.848898037,0,0.000000
1648658168.869659623,1,0.027000
1648658168.890604912,0,0.003000
1648658168.911672425,1,0.001000
1648658168.931933591,0,0.003000
1648658168.953673078,0,0.017000
1648658168.976813880,1,0.003000
1648658169.001669946,0,0.007000
1648658169.024068629,0,0.000000
1648658169.045244855,0,0.006000
1648658169.066902666,1,0.000000
1648658169.091160269,1,0.004000
1648658169.114580777,0,0.000000
1648658169.137345830,0,0.000000
1648658169.159445054,1,0.000000
1648658169.179965728,0,0.001000
1648658169.204323668,1,0.003000
1648658169.227034207,0,0.000000
1648658169.249976109,0,0.000000
1648658169.273044238,0,0.000000
1648658169.296686559,0,0.008000
1648658169.318509115,0,0.003000
1648658169.340183316,0,0.000000
1648658169.361732344,0,0.014000
1648658169.384468338,1,0.006000
1648658169.405599946,0,0.006000
1648658169.428066684,0,0.000000
1648658169.449232445,0,0.000000
1648658169.473435086,0,0.000000
1648658169.496621688,0,0.001000
1648658169.519593537,0,0.007000
1648658169.543088359,0,0.000000
1648658169.566581790,0,0.001000
1648658169.591052102,0,0.003000
1648658169.612461662,0,0.000000
1648658169.638100186,0,0.000000
1648658169.662371925,0,0.009000
1648658169.684786051,0,0.000000
1648658169.707891170,0,0.000000
1648658169.729440840,0,0.000000
1648658169.749700254,2,0.014000
1648658169.771945944,0,0.000000
1648658169.794603371,1,0.001000
1648658169.816140074,0,0.020000
1648658169.839129079,0,0.003000
1648658169.863118137,1,0.011000
1648658169.885915622,0,0.000000
1648658169.908200494,0,0.004000
1648658169.931553645,0,0.003000
1648658169.951999130,1,0.000000
1648658169.974870664,0,0.000000
1648658169.996060670,0,0.000000
1648658170.015571520,0,0.003000
1648658170.037113628,0,0.000000
1648658170.057249998,0,0.000000
1648658170.079583660,0,0.000000
1648658170.101068637,1,0.013000
1648658170.122058651,0,0.005000
1648658170.145892969,0,0.000000
1648658170.167289954,0,0.000000
1648658170.190984242,0,0.013000
1648658170.213417231,2,0.033000
1648658170.234123037,0,0.000000
1648658170.256037727,4,0.051000
1648658170.278185558,0,0.000000
1648658170.300502189,0,0.000000
1648658170.324347158,1,0.011000
1648658170.345384226,0,0.000000
1648658170.367957651,2,0.019000
1648658170.389188492,0,0.004000
1648658170.410591391,0,0.000000
1648658170.431880157,0,0.005000
1648658170.453822109,0,0.002000
1648658170.477319386,0,0.000000
1648658170.498318741,1,0.029000
1648658170.519371870,0,0.000000
1648658170.543707526,0,0.000000
1648658170.565403152,0,0.000000
1648658170.587929184,0,0.000000
1648658170.608759104,0,0.002000
1648658170.631180950,0,0.000000
1648658170.653670140,0,0.000000
1648658170.676986950,0,0.000000
1648658170.700125133,1,0.000000
1648658170.723508366,0,0.000000
1648658170.744996277,0,0.000000
1648658170.768174926,2,0.014000
1648658170.789582714,1,0.004000
1648658170.811654716,1,0.004000
1648658170.833453739,0,0.004000
1648658170.855576323,1,0.003000
1648658170.875449422,1,0.000000
1648658170.899392217,0,0.000000
1648658170.921956174,0,0.006000
1648658170.946330503,1,0.010000
1648658170.968151390,0,0.000000
1648658170.990865364,0,0.000000
1648658171.014000184,0,0.010000
1648658171.034161840,0,0.000000
1648658171.053959507,0,0.000000
1648658171.075832860,0,0.000000
1648658171.097417739,0,0.000000
1648658171.118442227,0,0.000000
1648658171.141323565,1,0.043000
1648658171.165092484,0,0.000000
1648658171.187620646,0,0.000000
1648658171.209208268,1,0.000000
1648658171.232445823,0,0.000000
1648658171.255582589,0,0.000000
1648658171.279865286,1,0.000000
1648658171.299905925,0,0.003000
1648658171.321564471,0,0.000000
1648658171.343485483,1,0.000000
1648658171.367352503,0,0.000000
1648658171.388197577,0,0.000000
1648658171.411105506,0,0.000000
1648658171.431566623,0,0.000000
1648658171.454130702,0,0.010000
1648658171.476680971,0,0.000000
1648658171.498895832,0,0.008000
1648658171.521284781,1,0.008000
1648658171.543467005,1,0.009000
1648658171.565648198,0,0.019000
1648658171.587853056,0,0.000000
1648658171.610594890,0,0.026000
1648658171.635445339,2,0.027000
1648658171.656500640,1,0.018000
1648658171.681305932,1,0.001000
1648658171.703244527,0,0.005000
1648658171.724135744,0,0.000000
1648658171.748236454,0,0.000000
1648658171.770488027,0,0.000000
1648658171.792832623,0,0.000000
1648658171.815509872,0,0.000000
1648658171.838115811,0,0.000000
1648658171.859572395,0,0.000000
1648658171.882270918,1,0.000000
1648658171.905434099,0,0.002000
1648658171.927086147,0,0.000000
1648658171.950444646,1,0.004000
1648658171.971561589,0,0.024000
1648658171.993915853,0,0.000000
1648658172.015957615,0,0.000000
1648658172.036581465,0,0.000000
1648658172.060574539,0,0.000000
1648658172.082142776,0,0.000000
1648658172.102905051,1,0.005000
1648658172.127548280,0,0.003000
1648658172.148841892,0,0.000000
1648658172.171232153,1,0.006000
1648658172.192262338,0,0.001000
1648658172.216223881,0,0.006000
1648658172.237881005,0,0.000000
1648658172.259009321,1,0.008000
1648658172.282218616,0,0.007000
1648658172.302905197,3,0.020000
1648658172.326834033,0,0.000000
1648658172.349836479,0,0.000000
1648658172.371311135,1,0.022000
1648658172.393336831,1,0.003000
1648658172.415243788,1,0.011000
1648658172.438452794,0,0.000000
1648658172.458570485,0,0.005000
1648658172.482614805,0,0.010000
1648658172.505167046,0,0.000000
1648658172.528090186,0,0.000000
1648658172.549319195,0,0.004000
1648658172.570271865,0,0.004000
1648658172.592546359,3,0.031000
1648658172.613381002,0,0.000000
1648658172.637311175,0,0.004000
1648658172.659203494,2,0.021000
1648658172.680548766,0,0.008000
1648658172.701368316,1,0.029000
1648658172.723632192,0,0.000000
1648658172.744715900,1,0.000000
1648658172.767442469,0,0.000000
1648658172.787419408,0,0.003000
1648658172.809364937,0,0.007000
1648658172.832069924,0,0.000000
1648658172.854220067,0,0.000000
1648658172.875077995,0,0.000000
1648658172.895373540,0,0.000000
1648658172.917233145,0,0.000000
1648658172.938969549,2,0.019000
1648658172.962486197,0,0.001000
1648658172.985898512,0,0.001000
1648658173.007003290,0,0.003000
1648658173.028450688,1,0.019000
1648658173.051263680,2,0.010000
1648658173.073897205,0,0.000000
1648658173.094153508,0,0.007000
1648658173.116152348,0,0.003000
1648658173.137938088,1,0.000000
1648658173.160696066,0,0.000000
1648658173.182750866,0,0.000000
1648658173.204482960,0,0.000000
1648658173.226193118,1,0.000000
1648658173.249180049,0,0.000000
1648658173.270442488,0,0.000000
1648658173.293080550,0,0.008000
1648658173.317194880,2,0.024000
1648658173.338710270,0,0.005000
1648658173.360120592,0,0.004000
1648658173.381455783,0,0.000000
1648658173.404624044,0,0.000000
1648658173.428229592,0,0.000000
1648658173.450014588,0,0.000000
1648658173.471656140,0,0.005000
1648658173.494138071,1,0.007000
1648658173.515211901,1,0.000000
1648658173.537011242,1,0.000000
1648658173.559047475,2,0.010000
1648658173.581486561,0,0.009000
1648658173.604103303,0,0.010000
1648658173.626581171,0,0.001000
1648658173.651180111,0,0.001000
1648658173.671875857,1,0.000000
1648658173.692970309,0,0.000000
1648658173.717214194,0,0.000000
1648658173.736939163,0,0.000000
1648658173.758350232,0,0.013000
1648658173.781308947,1,0.016000
1648658173.802856743,0,0.005000
1648658173.826145861,0,0.003000
1648658173.848017089,0,0.004000
1648658173.869258733,0,0.008000
1648658173.891557398,1,0.005000
1648658173.911549143,1,0.000000
1648658173.933668626,0,0.000000
1648658173.955078071,0,0.000000
1648658173.976261067,0,0.014000
1648658173.998498486,0,0.004000
1648658174.020599206,0,0.003000
1648658174.042206447,1,0.021000
1648658174.065165898,2,0.012000
1648658174.088243703,0,0.000000
1648658174.109286589,0,0.004000
1648658174.132509817,0,0.000000
1648658174.156949009,1,0.000000
1648658174.181072575,1,0.000000
1648658174.204477422,0,0.000000
1648658174.226320950,1,0.008000
1648658174.249582144,0,0.000000
1648658174.270233880,5,0.054000
1648658174.293075395,0,0.000000
1648658174.314953962,1,0.007000
1648658174.336387747,0,0.005000
1648658174.359941486,0,0.000000
1648658174.383878456,2,0.018000
1648658174.406191127,0,0.000000
1648658174.430940764,0,0.004000
1648658174.452818677,0,0.000000
1648658174.474466595,1,0.005000
1648658174.497205323,0,0.000000
1648658174.520805144,0,0.000000
1648658174.542434869,0,0.000000
1648658174.563456483,1,0.005000
1648658174.585101005,0,0.000000
1648658174.608994493,0,0.003000
1648658174.631439300,0,0.000000
1648658174.651943570,1,0.018000
1648658174.673596066,2,0.032000
1648658174.697958888,0,0.000000
1648658174.720199126,2,0.000000
1648658174.743850751,0,0.000000
1648658174.766299193,0,0.000000
1648658174.788310629,0,0.000000
1648658174.809252353,1,0.011000
1648658174.831470776,0,0.000000
1648658174.853996713,0,0.000000
1648658174.877268865,0,0.004000
1648658174.901572479,0,0.000000
1648658174.922743655,0,0.000000
1648658174.944998443,0,0.000000
1648658174.970361268,0,0.000000
1648658174.990993921,1,0.000000
1648658175.012286082,0,0.000000
1648658175.035292326,0,0.000000
1648658175.057717488,0,0.000000
1648658175.079277633,0,0.005000
1648658175.102594527,0,0.014000
1648658175.126462975,0,0.001000
1648658175.148121379,1,0.009000
1648658175.167216724,0,0.008000
1648658175.190158555,0,0.000000
1648658175.213309181,0,0.000000
1648658175.234944236,0,0.000000
1648658175.256582574,0,0.007000
1648658175.280297580,1,0.003000
1648658175.303489764,0,0.009000
1648658175.324662045,2,0.014000
1648658175.347570400,0,0.008000
1648658175.370958805,0,0.004000
1648658175.393077208,0,0.000000
1648658175.413631106,0,0.000000
1648658175.435244467,1,0.023000
1648658175.458214423,1,0.000000
1648658175.479537676,1,0.016000
1648658175.502944101,0,0.000000
1648658175.526550423,1,0.018000
1648658175.550715845,1,0.000000
1648658175.573341463,1,0.000000
1648658175.593116760,1,0.000000
1648658175.614824009,0,0.000000
1648658175.636266146,0,0.000000
1648658175.659981181,2,0.016000
1648658175.681704200,1,0.004000
1648658175.702830312,0,0.000000
1648658175.727032541,0,0.004000
1648658175.749741508,0,0.005000
1648658175.772545087,0,0.000000
1648658175.795701587,0,0.000000
1648658175.819640744,0,0.000000
1648658175.842888001,0,0.003000
1648658175.866013376,0,0.000000
1648658175.888308636,1,0.000000
1648658175.908060144,0,0.006000
1648658175.931322635,0,0.000000
1648658175.953217163,1,0.013000
1648658175.973245405,1,0.011000
1648658175.996748915,0,0.000000
1648658176.020416428,1,0.000000
1648658176.043578646,0,0.001000
1648658176.067849839,0,0.000000
1648658176.089131708,0,0.000000
1648658176.112289996,0,0.000000
1648658176.134825320,0,0.000000
1648658176.157215130,2,0.016000
1648658176.179304312,1,0.000000
1648658176.201465553,1,0.006000
1648658176.223456949,1,0.019000
1648658176.247131768,0,0.001000
1648658176.268187617,1,0.019000
1648658176.290500168,1,0.021000
1648658176.314356015,0,0.007000
1648658176.335157452,1,0.018000
1648658176.357635689,1,0.000000
1648658176.379701801,0,0.000000
1648658176.401551118,0,0.017000
1648658176.424080788,0,0.000000
1648658176.447041737,1,0.012000
1648658176.469996124,0,0.000000
1648658176.494418646,1,0.005000
1648658176.514948609,0,0.000000
1648658176.535983425,0,0.000000
1648658176.559172052,0,0.000000
1648658176.583118589,0,0.000000
1648658176.603105061,0,0.006000
1648658176.624964721,0,0.007000
1648658176.649033145,0,0.000000
1648658176.674500913,0,0.000000
1648658176.696292093,0,0.000000
1648658176.719095803,0,0.000000
1648658176.742214896,0,0.000000
1648658176.765771649,0,0.000000
1648658176.788368215,0,0.000000
1648658176.812999953,0,0.011000
1648658176.837269336,0,0.001000
1648658176.861345043,1,0.006000
1648658176.882593098,0,0.000000
1648658176.904797224,2,0.016000
1648658176.927181391,0,0.001000
1648658176.950212474,0,0.000000
1648658176.972575114,0,0.000000
1648658176.994028051,0,0.000000
1648658177.017223256,1,0.000000
1648658177.038624086,0,0.012000
1648658177.061869707,0,0.001000
1648658177.083625086,0,0.002000
1648658177.106803791,1,0.013000
1648658177.131478525,0,0.000000
1648658177.155550227,0,0.015000
1648658177.179882995,0,0.000000
1648658177.203157271,0,0.005000
1648658177.223052603,1,0.012000
1648658177.243259200,0,0.000000
1648658177.266208864,0,0.000000
1648658177.289073744,0,0.000000
1648658177.313142798,0,0.000000
1648658177.335849216,0,0.000000
1648658177.360305887,0,0.000000
1648658177.381379765,1,0.000000
1648658177.403468019,0,0.008000
1648658177.426249187,0,0.000000
1648658177.447996897,1,0.000000
1648658177.471405680,0,0.000000
1648658177.494340187,1,0.008000
1648658177.519127343,0,0.007000
1648658177.541680997,0,0.008000
1648658177.564988233,2,0.017000
1648658177.587889094,0,0.000000
1648658177.609906450,0,0.000000
1648658177.633043192,0,0.008000
1648658177.656894871,2,0.036000
1648658177.682444584,0,0.000000
1648658177.704377090,0,0.000000
1648658177.727375885,0,0.000000
1648658177.751200118,1,0.013000
1648658177.772293356,0,0.000000
1648658177.796185953,0,0.000000
1648658177.821667490,1,0.003000
1648658177.843720884,0,0.000000
1648658177.866693728,1,0.004000
1648658177.890571086,0,0.001000
1648658177.913806666,0,0.000000
1648658177.938076943,0,0.000000
1648658177.961814322,0,0.000000
1648658177.985081666,1,0.020000
1648658178.006926628,0,0.000000
1648658178.029208872,0,0.000000
1648658178.053241444,0,0.000000
1648658178.074178612,0,0.006000
1648658178.096686462,0,0.007000
1648658178.120230570,0,0.015000
1648658178.142177236,0,0.003000
1648658178.162935076,0,0.002000
1648658178.185303411,0,0.000000
1648658178.207752850,2,0.035000
1648658178.229457448,0,0.000000
1648658178.249663369,0,0.000000
1648658178.271536556,1,0.000000
1648658178.294140797,0,0.000000
1648658178.316471515,0,0.000000
1648658178.340227140,0,0.024000
1648658178.360859183,0,0.000000
1648658178.381880807,0,0.000000
1648658178.403279379,0,0.003000
1648658178.428323848,0,0.000000
1648658178.450549483,0,0.000000
1648658178.472846565,1,0.000000
1648658178.497338148,0,0.000000
1648658178.520497084,0,0.000000
1648658178.543194241,0,0.003000
1648658178.565305736,0,0.013000
1648658178.588731612,0,0.000000
1648658178.611710367,0,0.007000
1648658178.633833671,0,0.000000
1648658178.655488162,0,0.001000
1648658178.680195418,0,0.000000
1648658178.703328861,1,0.003000
1648658178.726372624,1,0.018000
1648658178.747893947,2,0.016000
1648658178.769380815,0,0.000000
1648658178.792161512,0,0.000000
1648658178.816655775,1,0.021000
1648658178.838571234,0,0.000000
1648658178.862065098,0,0.002000
1648658178.883505415,2,0.011000
1648658178.905283080,2,0.014000
1648658178.926874771,0,0.000000
1648658178.948084584,1,0.013000
1648658178.969831933,0,0.000000
1648658178.991783905,0,0.000000
1648658179.014066335,0,0.000000
1648658179.038059158,0,0.000000
1648658179.060043259,0,0.000000
1648658179.080532597,0,0.000000
1648658179.102920248,2,0.019000
1648658179.126350956,1,0.001000
1648658179.149973222,0,0.000000
1648658179.169982300,0,0.007000
1648658179.192361387,1,0.017000
1648658179.214973546,0,0.000000
1648658179.237310024,0,0.000000
1648658179.259256503,0,0.007000
1648658179.281248652,0,0.000000
1648658179.300323140,0,0.001000
1648658179.322392155,0,0.013000
1648658179.344743086,0,0.010000
1648658179.366700204,0,0.001000
1648658179.387926880,0,0.015000
1648658179.411013679,1,0.014000
1648658179.434364958,0,0.000000
1648658179.456129432,0,0.011000
1648658179.478542596,1,0.000000
1648658179.504568259,0,0.004000
1648658179.527019519,0,0.000000
1648658179.550173144,0,0.000000
1648658179.572691548,0,0.000000
1648658179.596049813,0,0.000000
1648658179.617048270,0,0.000000
1648658179.639704084,0,0.000000
1648658179.662567945,1,0.005000
1648658179.687011543,1,0.005000
1648658179.709682311,0,0.000000
1648658179.733053694,2,0.014000
1648658179.756537717,1,0.006000
1648658179.778557658,0,0.000000
1648658179.803077724,0,0.000000
1648658179.824741556,0,0.000000
1648658179.848683597,0,0.000000
1648658179.872161766,0,0.000000
1648658179.895441840,0,0.001000
1648658179.917874109,0,0.000000
1648658179.942099625,1,0.007000
1648658179.963626619,3,0.028000
1648658179.986151338,0,0.013000
1648658180.008732317,1,0.000000
1648658180.030564449,0,0.000000
1648658180.052881037,0,0.000000
1648658180.076166304,0,0.001000
1648658180.097428020,0,0.000000
1648658180.117881147,1,0.001000
1648658180.140956169,1,0.009000
1648658180.163884240,0,0.009000
1648658180.183345183,0,0.000000
1648658180.205770473,1,0.002000
1648658180.230078031,0,0.000000
1648658180.253157977,0,0.000000
1648658180.275014329,1,0.014000
1648658180.298288522,0,0.004000
1648658180.322133472,1,0.001000
1648658180.345088890,0,0.023000
1648658180.366637170,0,0.004000
1648658180.389467732,1,0.006000
1648658180.411761526,0,0.000000
1648658180.433162254,0,0.008000
1648658180.455614848,0,0.001000
1648658180.479457744,0,0.006000
1648658180.503099295,0,0.000000
1648658180.527622325,1,0.020000
1648658180.549261782,1,0.001000
1648658180.571783653,1,0.006000
1648658180.595641472,2,0.018000
1648658180.618813420,0,0.000000
1648658180.641378488,1,0.001000
1648658180.664270324,0,0.000000
1648658180.687910873,0,0.000000
1648658180.708709330,0,0.000000
1648658180.730779022,0,0.000000
1648658180.753592995,0,0.009000
1648658180.776429673,2,0.007000
1648658180.799995702,0,0.000000
1648658180.823120478,0,0.000000
1648658180.846071203,0,0.000000
1648658180.868819599,0,0.000000
1648658180.891570214,0,0.001000
1648658180.914942242,0,0.003000
1648658180.937721010,0,0.000000
1648658180.961038281,0,0.000000
1648658180.984318388,2,0.021000
1648658181.007867520,0,0.000000
1648658181.030291544,0,0.000000
1648658181.052695861,2,0.025000
1648658181.077101847,3,0.041000
1648658181.099750777,0,0.000000
1648658181.120959433,0,0.000000
1648658181.145614310,0,0.007000
1648658181.167751993,0,0.000000
1648658181.190631812,2,0.036000
1648658181.213363783,1,0.000000
1648658181.235348529,1,0.012000
1648658181.257732110,0,0.005000
1648658181.278296600,0,0.001000
1648658181.302693721,0,0.002000
1648658181.324639109,0,0.000000
1648658181.347690997,0,0.000000
1648658181.370953940,0,0.000000
1648658181.393396003,0,0.000000
1648658181.415924178,0,0.000000
1648658181.439391538,0,0.011000
1648658181.461119775,0,0.000000
1648658181.484315470,0,0.000000
1648658181.506610970,0,0.004000
1648658181.528430476,1,0.003000
1648658181.552164344,0,0.004000
1648658181.574282587,0,0.000000
1648658181.595318230,0,0.010000
1648658181.618342430,0,0.000000
1648658181.638147022,0,0.000000
1648658181.659743470,1,0.021000
1648658181.683756514,0,0.011000
1648658181.706274973,0,0.000000
1648658181.729382700,0,0.003000
1648658181.751482117,0,0.000000
1648658181.772606428,0,0.001000
1648658181.793618069,0,0.001000
1648658181.815228824,0,0.006000
1648658181.837616029,0,0.000000
1648658181.860975259,0,0.000000
1648658181.884412288,0,0.000000
1648658181.908933563,0,0.001000
1648658181.929707561,0,0.001000
1648658181.951367382,1,0.000000
1648658181.973770640,0,0.001000
1648658181.999482416,0,0.000000
1648658182.020078424,1,0.000000
1648658182.041874212,2,0.008000
1648658182.064613280,1,0.008000
1648658182.087205647,0,0.000000
1648658182.110290890,0,0.009000
1648658182.133663979,1,0.000000
1648658182.153847229,0,0.000000
1648658182.175396678,0,0.000000
1648658182.198789436,1,0.000000
1648658182.221683968,0,0.000000
1648658182.243607967,0,0.003000
1648658182.266023482,0,0.000000
1648658182.287169060,0,0.000000
1648658182.311154329,0,0.003000
1648658182.335700814,0,0.011000
1648658182.358064426,0,0.000000
1648658182.379915584,2,0.020000
1648658182.402951405,0,0.004000
1648658182.425444726,0,0.000000
1648658182.447297297,0,0.000000
1648658182.471126841,2,0.021000
1648658182.495703164,1,0.000000
1648658182.518215729,0,0.000000
1648658182.540308426,0,0.000000
1648658182.562089464,0,0.000000
1648658182.584099525,0,0.000000
1648658182.604751861,0,0.000000
1648658182.628745415,1,0.012000
1648658182.651750913,0,0.000000
1648658182.673920198,0,0.000000
1648658182.697904084,1,0.001000
1648658182.719222260,1,0.005000
1648658182.741985941,4,0.036000
1648658182.764620294,0,0.000000
1648658182.788548889,0,0.000000
1648658182.811603552,0,0.000000
1648658182.834317696,0,0.006000
1648658182.856143284,1,0.003000
1648658182.878906484,0,0.000000
1648658182.901012899,0,0.006000
1648658182.925338405,0,0.007000
1648658182.945491261,1,0.015000
1648658182.966221059,0,0.000000
1648658182.988196907,0,0.009000
1648658183.010954395,0,0.004000
1648658183.032061055,1,0.000000
1648658183.056517783,0,0.000000
1648658183.077207837,0,0.006000
1648658183.100968901,1,0.000000
1648658183.125080233,3,0.026000
1648658183.148079758,0,0.000000
1648658183.169175607,1,0.010000
1648658183.192313410,0,0.000000
1648658183.215957450,0,0.000000
1648658183.239546241,1,0.000000
1648658183.261585174,0,0.000000
1648658183.284257925,0,0.001000
1648658183.307091822,1,0.008000
1648658183.331925536,0,0.000000
1648658183.355586007,0,0.000000
1648658183.379590963,0,0.000000
1648658183.399339339,1,0.000000
1648658183.421943637,2,0.010000
1648658183.445994058,0,0.000000
1648658183.467055968,0,0.000000
1648658183.491763078,0,0.000000
1648658183.516381917,0,0.012000
1648658183.537741610,0,0.000000
1648658183.561265699,0,0.009000
1648658183.582894259,0,0.015000
1648658183.606414420,0,0.000000
1648658183.629533496,0,0.000000
1648658183.652122766,1,0.021000
1648658183.673469324,0,0.000000
1648658183.696902012,0,0.008000
1648658183.720653439,0,0.000000
1648658183.742606208,0,0.000000
1648658183.763489786,0,0.000000
1648658183.787922095,0,0.008000
1648658183.811188037,0,0.000000
1648658183.835795409,1,0.000000
1648658183.859585548,0,0.000000
1648658183.883176495,0,0.001000
1648658183.904655634,0,0.006000
1648658183.923991482,0,0.000000
1648658183.946940250,0,0.000000
1648658183.969737295,0,0.001000
1648658183.993837571,0,0.003000
1648658184.016496904,0,0.009000
1648658184.037741034,0,0.000000
1648658184.059933136,0,0.000000
1648658184.080078089,0,0.000000
1648658184.104116563,0,0.000000
1648658184.126434032,0,0.000000
1648658184.149628863,0,0.001000
1648658184.171381458,0,0.000000
1648658184.192562418,1,0.004000
1648658184.216072988,0,0.001000
1648658184.239762127,1,0.009000
1648658184.263179905,0,0.000000
1648658184.284117040,1,0.008000
1648658184.306832952,0,0.000000
1648658184.326619379,1,0.000000
1648658184.348411816,0,0.000000
1648658184.369607318,0,0.001000
1648658184.393604240,0,0.000000
1648658184.418173707,1,0.005000
1648658184.442088779,0,0.003000
1648658184.465000654,1,0.004000
1648658184.488116116,0,0.000000
1648658184.511664019,0,0.000000
1648658184.535268048,1,0.001000
1648658184.557023774,1,0.000000
1648658184.579614597,0,0.014000
1648658184.603121645,1,0.021000
1648658184.624940054,0,0.000000
1648658184.647421494,0,0.000000
1648658184.672549621,0,0.004000
1648658184.695179272,2,0.023000
1648658184.717958530,0,0.000000
1648658184.739943177,0,0.024000
1648658184.762548083,0,0.000000
1648658184.783769020,1,0.003000
1648658184.807611233,1,0.000000
1648658184.829416950,0,0.000000
1648658184.849588447,1,0.017000
1648658184.871431825,0,0.000000
1648658184.895503071,1,0.013000
1648658184.919581892,1,0.011000
1648658184.941321218,0,0.000000
1648658184.963751908,0,0.000000
1648658184.985276124,1,0.005000
1648658185.007973907,0,0.000000
1648658185.030099742,1,0.000000
1648658185.052401508,1,0.000000
1648658185.075259016,0,0.000000
1648658185.099399790,0,0.000000
1648658185.124099115,0,0.000000
1648658185.145920631,0,0.015000
1648658185.167343584,0,0.000000
1648658185.187761333,0,0.000000
1648658185.211932752,1,0.008000
1648658185.235148781,0,0.000000
1648658185.256914261,0,0.003000
1648658185.279077677,0,0.001000
1648658185.301800904,0,0.000000
1648658185.325491644,1,0.006000
1648658185.346545739,0,0.000000
1648658185.367367743,1,0.000000
1648658185.390271553,0,0.010000
1648658185.411120437,1,0.000000
1648658185.433967772,0,0.000000
1648658185.457372901,0,0.000000
1648658185.482108998,0,0.000000
1648658185.503925777,0,0.001000
1648658185.527360048,0,0.000000
1648658185.550086745,1,0.000000
1648658185.573934573,1,0.008000
1648658185.597341589,0,0.000000
1648658185.619278005,0,0.000000
1648658185.641381761,0,0.016000
1648658185.663490579,0,0.000000
1648658185.684799506,0,0.000000
1648658185.707438974,0,0.000000
1648658185.729066861,0,0.008000
1648658185.751502831,0,0.009000
1648658185.775237096,0,0.007000
1648658185.796740228,0,0.000000
1648658185.819509840,0,0.004000
1648658185.840912443,0,0.010000
1648658185.862182026,2,0.014000
1648658185.884018286,1,0.000000
1648658185.909010597,0,0.000000
1648658185.931917510,0,0.011000
1648658185.954381453,0,0.004000
1648658185.976724486,0,0.000000
1648658185.998894388,1,0.017000
1648658186.021884688,0,0.000000
1648658186.044551567,0,0.014000
1648658186.066955275,0,0.010000
1648658186.090236216,0,0.000000
1648658186.113794975,1,0.000000
1648658186.135419299,1,0.032000
1648658186.156910386,0,0.010000
1648658186.179285899,0,0.003000
1648658186.202604503,1,0.000000
1648658186.227352225,1,0.000000
1648658186.250012803,0,0.000000
1648658186.273009721,0,0.010000
1648658186.294698001,0,0.003000
1648658186.317735139,0,0.000000
1648658186.339231014,1,0.023000
1648658186.361264536,0,0.000000
1648658186.383967342,0,0.003000
1648658186.406777906,0,0.000000
1648658186.430346222,0,0.000000
1648658186.452137348,2,0.014000
1648658186.473280351,2,0.021000
1648658186.497148769,0,0.000000
1648658186.521670152,0,0.000000
1648658186.544907194,0,0.000000
1648658186.566080972,0,0.000000
1648658186.590238174,1,0.000000
1648658186.613011188,1,0.009000
1648658186.634858590,1,0.002000
1648658186.658028909,4,0.043000
1648658186.680997882,0,0.000000
1648658186.702323006,0,0.007000
1648658186.722317351,2,0.012000
1648658186.747128085,0,0.000000
1648658186.769570272,0,0.000000
1648658186.790907739,0,0.008000
1648658186.813224259,0,0.000000
1648658186.836445801,0,0.000000
1648658186.859141273,1,0.004000
1648658186.880500645,0,0.000000
1648658186.904313812,0,0.007000
1648658186.927907049,2,0.001000
1648658186.950454303,0,0.000000
1648658186.972696644,0,0.003000
1648658186.995864413,1,0.000000
1648658187.018083737,0,0.000000
1648658187.039362061,1,0.000000
1648658187.060740903,0,0.000000
1648658187.084473105,0,0.003000
1648658187.105854881,0,0.000000
1648658187.128963504,1,0.000000
1648658187.150378318,0,0.001000
1648658187.173206077,0,0.000000
1648658187.195319540,0,0.000000
1648658187.218238582,1,0.005000
1648658187.241078238,0,0.000000
1648658187.262827851,0,0.000000
1648658187.286915352,1,0.000000
1648658187.309303061,0,0.016000
1648658187.331175858,0,0.000000
1648658187.354988187,0,0.000000
1648658187.377260069,0,0.000000
1648658187.399124365,2,0.007000
1648658187.421975137,0,0.000000
1648658187.444792680,0,0.007000
1648658187.466592132,0,0.001000
1648658187.488996352,0,0.000000
1648658187.513289765,0,0.000000
1648658187.536089662,0,0.000000
1648658187.556370730,0,0.000000
1648658187.579724016,1,0.000000
1648658187.602716697,1,0.007000
1648658187.626170675,1,0.017000
1648658187.649312853,0,0.011000
1648658187.672055782,1,0.003000
1648658187.692744895,0,0.000000
1648658187.715384071,0,0.004000
1648658187.738579255,0,0.000000
1648658187.760954245,1,0.003000
1648658187.779947611,0,0.002000
1648658187.802002868,0,0.000000
1648658187.823474103,0,0.000000
1648658187.845630842,0,0.007000
1648658187.867351930,1,0.023000
1648658187.891383552,2,0.030000
1648658187.912463847,0,0.000000
1648658187.934944757,2,0.019000
1648658187.957762972,0,0.000000
1648658187.979868443,0,0.000000
1648658188.001271783,2,0.018000
1648658188.025622064,0,0.000000
1648658188.048248975,0,0.000000
1648658188.072461249,1,0.000000
1648658188.095545283,0,0.000000
1648658188.118714449,1,0.000000
1648658188.142289805,0,0.000000
1648658188.163685572,1,0.000000
1648658188.183990585,0,0.000000
1648658188.204930574,0,0.006000
1648658188.228589484,0,0.004000
1648658188.252284202,0,0.004000
1648658188.274758761,0,0.000000
1648658188.296296095,1,0.005000
1648658188.317923053,0,0.003000
1648658188.339127615,5,0.092000
1648658188.362492507,0,0.017000
1648658188.384280690,1,0.003000
1648658188.407083829,0,0.000000
1648658188.429134418,0,0.000000
1648658188.452453881,1,0.008000
1648658188.476355789,0,0.000000
1648658188.498561631,1,0.006000
1648658188.521199695,1,0.007000
1648658188.541494148,0,0.000000
1648658188.563779676,0,0.000000
1648658188.585887113,0,0.000000
1648658188.607028960,0,0.000000
1648658188.631445323,0,0.000000
1648658188.653566205,2,0.009000
1648658188.676184785,0,0.003000
1648658188.699182613,0,0.001000
1648658188.719555127,0,0.005000
1648658188.740943212,1,0.000000
1648658188.761869898,0,0.005000
1648658188.785337995,3,0.038000
1648658188.808085154,0,0.000000
1648658188.829540634,0,0.012000
1648658188.853468689,0,0.000000
1648658188.876943455,0,0.000000
1648658188.899637212,0,0.000000
1648658188.922436137,0,0.012000
1648658188.943926212,0,0.000000
1648658188.966508684,1,0.023000
1648658188.988691257,0,0.000000
1648658189.012243390,0,0.000000
1648658189.035906185,0,0.000000
1648658189.060877653,1,0.001000
1648658189.084706321,0,0.003000
1648658189.107643314,0,0.000000
1648658189.128896719,0,0.000000
1648658189.150337733,0,0.011000
1648658189.172576807,0,0.000000
1648658189.195622027,1,0.008000
1648658189.218743709,0,0.004000
1648658189.242112243,0,0.000000
1648658189.264809472,1,0.031000
1648658189.285733335,0,0.008000
1648658189.307467799,0,0.000000
1648658189.332084222,0,0.006000
1648658189.354347607,0,0.000000
1648658189.377152083,0,0.000000
1648658189.398882759,0,0.000000
1648658189.423190637,0,0.000000
1648658189.444919866,0,0.002000
1648658189.466714286,2,0.027000
1648658189.490558378,1,0.014000
1648658189.512204998,0,0.003000
1648658189.536039522,0,0.000000
1648658189.559132080,2,0.022000
1648658189.582284705,0,0.000000
1648658189.603148785,0,0.000000
1648658189.626025495,0,0.003000
1648658189.646709923,0,0.000000
1648658189.668913968,0,0.002000
1648658189.690616574,0,0.004000
1648658189.712274926,0,0.000000
1648658189.734333349,0,0.017000
1648658189.756844545,0,0.000000
1648658189.778464718,0,0.000000
1648658189.800190949,1,0.005000
1648658189.823088412,0,0.008000
1648658189.847237122,0,0.000000
1648658189.871362790,0,0.015000
1648658189.895412744,1,0.010000
1648658189.917313202,0,0.000000
1648658189.939472606,0,0.012000
1648658189.962871856,0,0.000000
1648658189.984946895,1,0.000000
1648658190.008274595,0,0.004000
1648658190.029635796,0,0.000000
1648658190.051205507,0,0.000000
1648658190.073719280,1,0.000000
1648658190.095285396,0,0.011000
1648658190.118866512,2,0.015000
1648658190.139751025,0,0.000000
1648658190.162711166,0,0.000000
1648658190.185045325,0,0.000000
1648658190.207062592,0,0.000000
1648658190.230440877,0,0.007000
1648658190.252134671,2,0.020000
1648658190.273456620,0,0.004000
1648658190.296554329,0,0.000000
1648658190.320492940,0,0.000000
1648658190.344356206,1,0.000000
1648658190.367151543,0,0.000000
1648658190.388496476,0,0.000000
1648658190.411441247,0,0.000000
1648658190.436042629,0,0.005000
1648658190.458446519,0,0.000000
1648658190.481062023,1,0.000000
1648658190.503290443,0,0.000000
1648658190.527134036,0,0.000000
1648658190.549439438,0,0.005000
1648658190.570606091,0,0.000000
1648658190.593381116,0,0.000000
1648658190.615964478,1,0.000000
1648658190.641192062,1,0.004000
1648658190.664931336,0,0.000000
1648658190.689929535,0,0.000000
1648658190.713920072,0,0.013000
1648658190.735712835,0,0.000000
1648658190.757410378,0,0.003000
1648658190.781310380,0,0.012000
1648658190.803875718,0,0.000000
1648658190.826508787,0,0.000000
1648658190.849593342,0,0.003000
1648658190.871810154,0,0.000000
1648658190.894594419,0,0.015000
1648658190.915865570,0,0.000000
1648658190.938032973,0,0.000000
1648658190.959480626,0,0.000000
1648658190.981887953,0,0.000000
1648658191.004792595,0,0.000000
1648658191.027395424,0,0.000000
1648658191.049602223,0,0.000000
1648658191.073048044,0,0.000000
1648658191.094653082,0,0.000000
1648658191.118241703,3,0.031000
1648658191.141649464,0,0.000000
1648658191.164083849,0,0.000000
1648658191.186476666,0,0.000000
1648658191.210582216,0,0.000000
1648658191.233696169,0,0.022000
1648658191.256654156,0,0.000000
1648658191.279998569,0,0.010000
1648658191.302286161,0,0.000000
1648658191.323273814,0,0.000000
1648658191.345933386,0,0.001000
1648658191.367402366,0,0.000000
1648658191.390715942,0,0.000000
1648658191.412179079,1,0.026000
1648658191.436655408,1,0.015000
1648658191.459823561,0,0.000000
1648658191.481948357,0,0.004000
1648658191.503576338,0,0.008000
1648658191.528107547,0,0.000000
1648658191.550318096,1,0.000000
1648658191.572435556,0,0.000000
1648658191.595626042,0,0.000000
1648658191.617627649,0,0.000000
1648658191.639560841,0,0.000000
1648658191.662597357,0,0.000000
1648658191.686603517,0,0.000000
1648658191.710204770,0,0.000000
1648658191.732576441,0,0.001000
1648658191.753927393,0,0.000000
1648658191.775045482,0,0.000000
1648658191.796698523,0,0.000000
1648658191.821443544,0,0.000000
1648658191.843791581,0,0.000000
1648658191.867845739,1,0.000000
1648658191.893872043,0,0.000000
1648658191.915738822,0,0.003000
1648658191.940212601,0,0.013000
1648658191.960459713,0,0.006000
1648658191.982362861,0,0.000000
1648658192.005510316,1,0.000000
1648658192.029443551,0,0.000000
1648658192.052839036,0,0.006000
1648658192.073705182,0,0.012000
1648658192.097093245,0,0.000000
1648658192.118409835,0,0.008000
1648658192.140849231,0,0.004000
1648658192.162588158,0,0.000000
1648658192.186424459,0,0.000000
1648658192.208832524,1,0.001000
1648658192.232157917,0,0.011000
1648658192.256402323,0,0.000000
1648658192.278507889,0,0.000000
1648658192.301635194,1,0.019000
1648658192.324344922,0,0.000000
1648658192.346887217,1,0.003000
1648658192.368067575,0,0.000000
1648658192.389760883,0,0.000000
1648658192.412207541,1,0.000000
1648658192.434520239,0,0.011000
1648658192.459035868,0,0.001000
1648658192.482219765,0,0.000000
1648658192.504079340,1,0.001000
1648658192.526029342,0,0.000000
1648658192.548362745,0,0.000000
1648658192.570112114,0,0.000000
1648658192.592978564,0,0.000000
1648658192.615142062,0,0.000000
1648658192.638657372,0,0.000000
1648658192.663043866,1,0.000000
1648658192.685481014,4,0.037000
1648658192.708444955,0,0.000000
1648658192.732688022,0,0.000000
1648658192.756940632,3,0.036000
1648658192.778614239,0,0.004000
1648658192.801298391,2,0.004000
1648658192.822987380,1,0.000000
1648658192.844201657,0,0.000000
1648658192.868473209,1,0.007000
1648658192.892730825,1,0.016000
1648658192.913481893,0,0.006000
1648658192.934677989,2,0.010000
1648658192.957005939,0,0.001000
1648658192.979145232,0,0.000000
1648658193.000096624,0,0.000000
1648658193.020975601,0,0.005000
1648658193.043858152,1,0.025000
1648658193.066916277,0,0.000000
1648658193.090052579,0,0.000000
1648658193.112929493,3,0.019000
1648658193.134714331,0,0.000000
1648658193.157184826,1,0.019000
1648658193.180294026,0,0.001000
1648658193.202136222,2,0.019000
1648658193.226255895,0,0.000000
1648658193.249829140,0,0.000000
1648658193.271398724,0,0.008000
1648658193.293269722,0,0.000000
1648658193.314829213,0,0.000000
1648658193.337473914,0,0.000000
1648658193.360103955,1,0.012000
1648658193.381429137,0,0.000000
1648658193.404356006,1,0.000000
1648658193.426979037,0,0.000000
1648658193.448448140,0,0.000000
1648658193.469436262,0,0.000000
1648658193.490710576,0,0.007000
1648658193.515055103,0,0.007000
1648658193.539054560,0,0.000000
1648658193.561414320,0,0.000000
1648658193.583307059,1,0.000000
1648658193.604445226,1,0.008000
1648658193.629987034,0,0.000000
1648658193.653243540,1,0.007000
1648658193.675360504,0,0.001000
1648658193.699053574,0,0.000000
1648658193.720937743,0,0.000000
1648658193.742708152,1,0.000000
1648658193.765767579,0,0.000000
1648658193.788339070,0,0.000000
1648658193.810791784,0,0.000000
1648658193.831722298,0,0.000000
1648658193.853424912,0,0.000000
1648658193.876122102,0,0.000000
1648658193.899187660,0,0.000000
1648658193.921551028,0,0.011000
1648658193.942969262,0,0.000000
1648658193.965249921,0,0.000000
1648658193.988160614,0,0.000000
1648658194.010379811,0,0.000000
1648658194.034728249,0,0.003000
1648658194.055861251,1,0.000000
1648658194.082443969,0,0.000000
1648658194.104440079,1,0.001000
1648658194.127505580,0,0.000000
1648658194.149596553,0,0.008000
1648658194.174183404,0,0.004000
1648658194.195844335,0,0.000000
1648658194.220622874,0,0.000000
1648658194.242249172,1,0.006000
1648658194.263391247,0,0.005000
1648658194.285539830,0,0.000000
1648658194.310298544,0,0.004000
1648658194.332944299,0,0.008000
1648658194.354325475,0,0.000000
1648658194.377153720,1,0.003000
1648658194.399118753,0,0.000000
1648658194.421575324,1,0.000000
1648658194.441476169,0,0.001000
1648658194.461376195,0,0.004000
1648658194.484555665,1,0.003000
1648658194.507463938,0,0.000000
1648658194.531179545,0,0.000000
1648658194.553417409,0,0.000000
1648658194.573634054,1,0.023000
1648658194.596303593,0,0.008000
1648658194.620027947,0,0.003000
1648658194.642469257,0,0.006000
1648658194.667724162,1,0.003000
1648658194.691164774,3,0.044000
1648658194.714645532,0,0.000000
1648658194.736427121,0,0.009000
1648658194.759473476,0,0.001000
1648658194.782339036,0,0.000000
1648658194.804360985,1,0.000000
1648658194.826677785,1,0.012000
1648658194.852146525,0,0.008000
1648658194.876158294,0,0.000000
1648658194.898414361,1,0.009000
1648658194.921147880,0,0.000000
1648658194.942519840,0,0.002000
1648658194.964621139,0,0.000000
1648658194.988271957,1,0.006000
1648658195.011234689,0,0.000000
1648658195.033307589,0,0.000000
1648658195.057136271,1,0.010000
1648658195.078924395,0,0.000000
1648658195.101380876,0,0.000000
1648658195.122414968,0,0.000000
1648658195.146981776,0,0.000000
1648658195.167950683,0,0.002000
1648658195.188398313,0,0.001000
1648658195.211337142,0,0.000000
1648658195.233070282,0,0.008000
1648658195.253916458,0,0.000000
1648658195.275967426,0,0.000000
1648658195.296731806,0,0.001000
1648658195.319199382,0,0.001000
1648658195.339928278,0,0.001000
1648658195.362178225,0,0.001000
1648658195.384500930,0,0.001000
1648658195.406072217,0,0.001000
1648658195.429092461,0,0.001000
1648658195.452390769,0,0.001000
1648658195.475230972,0,0.001000
1648658195.498489905,0,0.001000
1648658195.520692497,0,0.001000
1648658195.543427369,0,0.001000
1648658195.566017784,0,0.001000
1648658195.588647805,0,0.001000
1648658195.610976851,0,0.001000
1648658195.634225755,0,0.001000
