1648655179.166958234,0,0.001000
1648655179.192087384,0,0.001000
1648655179.215284429,0,0.001000
1648655179.236779749,0,0.001000
1648655179.259312444,0,0.001000
1648655179.282007739,0,0.001000
1648655179.304809425,0,0.001000
1648655179.327001659,0,0.001000
1648655179.350067756,0,0.001000
1648655179.371286843,0,0.001000
1648655179.393975324,0,0.001000
1648655179.416706338,0,0.001000
1648655179.438350751,0,0.001000
1648655179.461330469,0,0.001000
1648655179.484894263,0,0.001000
1648655179.507707730,0,0.001000
1648655179.530872598,0,0.001000
1648655179.552357235,0,0.001000
1648655179.574585121,0,0.000000
1648655179.598240406,46,0.579000
1648655179.620234154,25,0.316000
1648655179.641561724,0,0.000000
1648655179.665675387,0,0.000000
1648655179.686156954,0,0.000000
1648655179.708010312,0,0.000000
1648655179.729811177,0,0.000000
1648655179.751917474,0,0.000000
1648655179.776585566,0,0.000000
1648655179.798161526,1,0.000000
1648655179.820523206,0,0.000000
1648655179.840775825,0,0.008000
1648655179.866697745,0,0.000000
1648655179.888256264,0,0.000000
1648655179.912149629,0,0.000000
1648655179.935037057,0,0.000000
1648655179.958384688,0,0.000000
1648655179.979795087,0,0.000000
1648655180.002322352,0,0.000000
1648655180.023834247,0,0.000000
1648655180.047506154,0,0.000000
1648655180.070725499,0,0.000000
1648655180.093950123,0,0.000000
1648655180.117884286,0,0.000000
1648655180.141829099,0,0.000000
1648655180.165455352,1,0.004000
1648655180.186319811,0,0.000000
1648655180.206479717,0,0.000000
1648655180.229906892,0,0.000000
1648655180.253554601,0,0.001000
1648655180.275322285,0,0.000000
1648655180.296242717,0,0.000000
1648655180.318003700,0,0.000000
1648655180.340687220,0,0.000000
1648655180.363956824,0,0.000000
1648655180.386901527,0,0.000000
1648655180.407889472,0,0.000000
1648655180.430589180,0,0.000000
1648655180.453126577,0,0.000000
1648655180.474905155,0,0.000000
1648655180.499128985,0,0.000000
1648655180.521735026,0,0.000000
1648655180.543201514,0,0.000000
1648655180.566836696,0,0.003000
1648655180.589015251,0,0.000000
1648655180.612366331,0,0.000000
1648655180.636887313,0,0.000000
1648655180.658355300,0,0.000000
1648655180.681072541,0,0.000000
1648655180.703571756,0,0.004000
1648655180.727497407,0,0.000000
1648655180.747953579,0,0.000000
1648655180.768939250,0,0.009000
1648655180.792052053,0,0.008000
1648655180.814016471,0,0.011000
1648655180.835505927,0,0.003000
1648655180.858131311,0,0.000000
1648655180.881182766,0,0.000000
1648655180.903566384,0,0.000000
1648655180.925782903,0,0.000000
1648655180.949521193,0,0.000000
1648655180.972561887,0,0.004000
1648655180.996404480,0,0.000000
1648655181.019303893,0,0.000000
1648655181.041535369,0,0.000000
1648655181.064677345,0,0.000000
1648655181.088133519,0,0.000000
1648655181.111088660,0,0.000000
1648655181.132936387,0,0.000000
1648655181.154182935,0,0.000000
1648655181.176105124,0,0.000000
1648655181.198975909,0,0.000000
1648655181.222062721,0,0.000000
1648655181.242414241,0,0.000000
1648655181.265573976,0,0.000000
1648655181.288009707,0,0.000000
1648655181.310020404,0,0.000000
1648655181.330592403,0,0.000000
1648655181.352707011,0,0.000000
1648655181.374548576,0,0.000000
1648655181.398217198,0,0.000000
1648655181.418927160,0,0.000000
1648655181.441898912,0,0.000000
1648655181.464348361,0,0.000000
1648655181.487655693,0,0.003000
1648655181.511042480,0,0.000000
1648655181.532929195,0,0.000000
1648655181.555225329,0,0.000000
1648655181.576877006,0,0.000000
1648655181.600088033,0,0.000000
1648655181.621114783,0,0.000000
1648655181.643174255,0,0.000000
1648655181.665184878,0,0.000000
1648655181.686981345,0,0.000000
1648655181.709403862,0,0.000000
1648655181.730924721,0,0.000000
1648655181.752126653,0,0.000000
1648655181.774993607,0,0.004000
1648655181.798691905,0,0.000000
1648655181.821576602,1,0.000000
1648655181.842616649,0,0.000000
1648655181.862946675,0,0.000000
1648655181.884657359,0,0.000000
1648655181.907167732,0,0.000000
1648655181.931201928,0,0.000000
1648655181.954916024,0,0.000000
1648655181.977424271,0,0.000000
1648655182.000466199,0,0.000000
1648655182.026569854,1,0.000000
1648655182.047058999,0,0.000000
1648655182.069780674,0,0.000000
1648655182.090960231,0,0.000000
1648655182.113556910,0,0.001000
1648655182.137314440,0,0.000000
1648655182.161055164,0,0.000000
1648655182.184940775,0,0.000000
1648655182.207349306,0,0.000000
1648655182.230143075,0,0.000000
1648655182.253917200,0,0.006000
1648655182.277944922,0,0.000000
1648655182.299365507,0,0.000000
1648655182.320391874,0,0.000000
1648655182.343225487,0,0.000000
1648655182.363189643,0,0.000000
1648655182.386242744,0,0.001000
1648655182.410158045,0,0.000000
1648655182.433073695,0,0.000000
1648655182.456418987,0,0.000000
1648655182.477137731,0,0.000000
1648655182.500092628,0,0.003000
1648655182.524947014,0,0.000000
1648655182.548148261,0,0.000000
1648655182.569918100,0,0.000000
1648655182.590272807,0,0.000000
1648655182.613533530,0,0.000000
1648655182.636706470,0,0.000000
1648655182.658911219,1,0.000000
1648655182.682915181,0,0.000000
1648655182.706461007,0,0.000000
1648655182.727541158,0,0.000000
1648655182.749569237,0,0.000000
1648655182.771567274,0,0.000000
1648655182.795107929,0,0.000000
1648655182.817632068,0,0.000000
1648655182.840463842,0,0.000000
1648655182.863993027,0,0.000000
1648655182.886013771,0,0.000000
1648655182.909145761,0,0.000000
1648655182.930923264,0,0.000000
1648655182.955952283,1,0.000000
1648655182.979467960,0,0.000000
1648655183.001541275,0,0.000000
1648655183.023503158,0,0.000000
1648655183.044287430,0,0.000000
1648655183.067091133,0,0.000000
1648655183.089004474,0,0.000000
1648655183.110804891,1,0.004000
1648655183.131412296,0,0.000000
1648655183.153278860,0,0.006000
1648655183.177020700,0,0.000000
1648655183.198948746,0,0.000000
1648655183.222041122,0,0.000000
1648655183.244470655,0,0.000000
1648655183.267007592,0,0.011000
1648655183.290909811,0,0.000000
1648655183.312224906,0,0.000000
1648655183.334726515,0,0.000000
1648655183.357410888,0,0.000000
1648655183.381090197,0,0.000000
1648655183.404923171,0,0.004000
1648655183.427127557,0,0.000000
1648655183.450007935,0,0.000000
1648655183.473133065,0,0.000000
1648655183.494547277,1,0.000000
1648655183.516655851,0,0.000000
1648655183.539322646,0,0.000000
1648655183.560697126,0,0.001000
1648655183.583419650,0,0.000000
1648655183.605075970,0,0.000000
1648655183.627599848,0,0.000000
1648655183.652134100,0,0.000000
1648655183.675205792,0,0.000000
1648655183.698555822,0,0.000000
1648655183.721594643,0,0.000000
1648655183.743584327,0,0.000000
1648655183.767349649,0,0.000000
1648655183.791260896,0,0.000000
1648655183.814098588,0,0.003000
1648655183.837167131,0,0.000000
1648655183.858730395,0,0.000000
1648655183.882189021,0,0.000000
1648655183.904985800,0,0.004000
1648655183.927055221,0,0.000000
1648655183.947631557,0,0.000000
1648655183.971127895,0,0.000000
1648655183.992126387,0,0.000000
1648655184.013291962,0,0.000000
1648655184.036786264,0,0.000000
1648655184.059442254,0,0.000000
1648655184.084077066,0,0.000000
1648655184.109055986,0,0.000000
1648655184.132324726,0,0.000000
1648655184.154631658,0,0.000000
1648655184.176960927,0,0.000000
1648655184.200081695,0,0.000000
1648655184.222962580,0,0.000000
1648655184.245326891,0,0.000000
1648655184.267942113,0,0.000000
1648655184.290682073,0,0.000000
1648655184.313848588,0,0.000000
1648655184.337194828,0,0.001000
1648655184.359423291,0,0.002000
1648655184.382578493,0,0.000000
1648655184.404994576,0,0.000000
1648655184.427286067,1,0.010000
1648655184.450000148,0,0.001000
1648655184.473400744,0,0.000000
1648655184.495127344,0,0.000000
1648655184.517248198,0,0.000000
1648655184.541162722,0,0.000000
1648655184.564892553,0,0.000000
1648655184.587467854,0,0.000000
1648655184.611110237,0,0.000000
1648655184.632854431,0,0.000000
1648655184.654033218,0,0.000000
1648655184.675993141,0,0.000000
1648655184.698860143,0,0.000000
1648655184.722944728,0,0.000000
1648655184.745213826,0,0.000000
1648655184.766650072,0,0.000000
1648655184.790406726,0,0.000000
1648655184.813350803,0,0.000000
1648655184.837439212,0,0.000000
1648655184.859158013,0,0.000000
1648655184.882159529,0,0.000000
1648655184.903167854,0,0.000000
1648655184.926165526,0,0.000000
1648655184.949102834,0,0.000000
1648655184.971893451,0,0.000000
1648655184.994557220,0,0.000000
1648655185.018198962,0,0.000000
1648655185.039939935,0,0.000000
1648655185.062197840,0,0.000000
1648655185.085482874,0,0.000000
1648655185.107901493,0,0.000000
1648655185.132321817,0,0.000000
1648655185.155190909,0,0.005000
1648655185.176758490,0,0.000000
1648655185.199249347,0,0.000000
1648655185.223175511,0,0.000000
1648655185.244593016,0,0.000000
1648655185.266623885,0,0.000000
1648655185.290034276,0,0.000000
1648655185.312912606,0,0.000000
1648655185.335433414,0,0.000000
1648655185.358468015,0,0.000000
1648655185.382343080,1,0.000000
1648655185.405215970,0,0.000000
1648655185.427796892,0,0.000000
1648655185.451327647,0,0.007000
1648655185.474617262,0,0.000000
1648655185.497940764,0,0.000000
1648655185.520995218,0,0.000000
1648655185.543757129,0,0.000000
1648655185.567481403,0,0.000000
1648655185.588262443,0,0.000000
1648655185.611626659,0,0.000000
1648655185.635504178,0,0.000000
1648655185.658317868,1,0.000000
1648655185.682976362,0,0.000000
1648655185.704738027,0,0.000000
1648655185.728220313,0,0.000000
1648655185.749134884,0,0.004000
1648655185.773233105,0,0.000000
1648655185.794988463,0,0.000000
1648655185.817678279,0,0.000000
1648655185.837736280,0,0.000000
1648655185.861297185,0,0.000000
1648655185.883337467,0,0.000000
1648655185.906684129,0,0.000000
1648655185.928696797,0,0.000000
1648655185.950063771,1,0.004000
1648655185.970333711,0,0.000000
1648655185.992589000,0,0.000000
1648655186.014649368,0,0.000000
1648655186.037287514,0,0.000000
1648655186.060093470,0,0.000000
1648655186.080659962,0,0.000000
1648655186.102603218,0,0.000000
1648655186.124961480,0,0.000000
1648655186.147543835,0,0.000000
1648655186.168759479,0,0.000000
1648655186.191134327,0,0.000000
1648655186.214292244,0,0.000000
1648655186.236318733,0,0.000000
1648655186.257166797,0,0.000000
1648655186.280982038,0,0.000000
1648655186.302091652,0,0.000000
1648655186.325967652,0,0.000000
1648655186.347214545,0,0.000000
1648655186.368886069,0,0.000000
1648655186.389107284,0,0.000000
1648655186.413464962,0,0.000000
1648655186.435271794,0,0.000000
1648655186.457028868,0,0.000000
1648655186.478448546,0,0.000000
1648655186.502374627,0,0.000000
1648655186.524041410,0,0.000000
1648655186.547573303,0,0.000000
1648655186.568335927,0,0.003000
1648655186.591103190,0,0.000000
1648655186.615397437,0,0.012000
1648655186.637497433,0,0.000000
1648655186.659105786,0,0.000000
1648655186.681420930,0,0.000000
1648655186.702740332,0,0.000000
1648655186.725976828,0,0.000000
1648655186.749061369,0,0.000000
1648655186.771935052,0,0.000000
1648655186.794051395,0,0.000000
1648655186.817677043,0,0.000000
1648655186.839071303,0,0.000000
1648655186.862190231,0,0.000000
1648655186.885282190,0,0.000000
1648655186.905918381,0,0.000000
1648655186.929063079,0,0.000000
1648655186.951317663,0,0.001000
1648655186.972784746,0,0.000000
1648655186.994811720,0,0.000000
1648655187.018567398,0,0.000000
1648655187.042019770,0,0.000000
1648655187.065667734,0,0.000000
1648655187.089408962,0,0.000000
1648655187.114911835,0,0.000000
1648655187.137057808,0,0.000000
1648655187.159363654,0,0.000000
1648655187.181794339,0,0.003000
1648655187.205094541,0,0.000000
1648655187.229385306,0,0.000000
1648655187.252537801,0,0.000000
1648655187.274642888,0,0.000000
1648655187.296945590,0,0.000000
1648655187.320805613,0,0.000000
1648655187.343547210,0,0.000000
1648655187.367443719,0,0.000000
1648655187.388269810,0,0.000000
1648655187.411815266,0,0.000000
1648655187.434752513,0,0.007000
1648655187.458759921,0,0.000000
1648655187.481874822,0,0.000000
1648655187.504170951,0,0.000000
1648655187.526738634,0,0.000000
1648655187.551483665,1,0.001000
1648655187.574759179,0,0.006000
1648655187.597017941,0,0.006000
1648655187.619965077,0,0.000000
1648655187.643155164,0,0.000000
1648655187.666016811,0,0.000000
1648655187.688728262,0,0.000000
1648655187.712112215,0,0.000000
1648655187.736019578,0,0.000000
1648655187.758657942,0,0.005000
1648655187.782362658,0,0.000000
1648655187.805616333,0,0.000000
1648655187.829710408,0,0.000000
1648655187.853444917,0,0.006000
1648655187.876061706,0,0.009000
1648655187.899086811,0,0.000000
1648655187.922616700,0,0.008000
1648655187.944147206,0,0.000000
1648655187.965790689,0,0.007000
1648655187.989169125,0,0.000000
1648655188.011934604,0,0.000000
1648655188.034955864,0,0.000000
1648655188.059857111,0,0.012000
1648655188.082655556,0,0.000000
1648655188.105430862,0,0.000000
1648655188.127440593,0,0.000000
1648655188.148866879,0,0.000000
1648655188.171405900,1,0.000000
1648655188.194459412,0,0.000000
1648655188.217137109,0,0.000000
1648655188.238930069,0,0.000000
1648655188.263403529,0,0.000000
1648655188.284010919,0,0.000000
1648655188.305125992,0,0.000000
1648655188.325960934,1,0.000000
1648655188.348178678,0,0.000000
1648655188.370081827,0,0.000000
1648655188.390887154,0,0.000000
1648655188.412615125,0,0.000000
1648655188.435390434,0,0.000000
1648655188.457939637,0,0.000000
1648655188.479410552,0,0.000000
1648655188.503175697,0,0.018000
1648655188.527250998,0,0.000000
1648655188.549423143,0,0.000000
1648655188.572532522,0,0.000000
1648655188.595766469,0,0.000000
1648655188.618482619,0,0.000000
1648655188.640441627,0,0.000000
1648655188.663038501,0,0.000000
1648655188.684576110,1,0.000000
1648655188.706118704,0,0.000000
1648655188.727417556,0,0.000000
1648655188.751907645,0,0.000000
1648655188.773906699,0,0.000000
1648655188.797699623,0,0.000000
1648655188.821259007,0,0.000000
1648655188.842868467,0,0.008000
1648655188.864040205,0,0.000000
1648655188.885112342,0,0.000000
1648655188.906781219,0,0.000000
1648655188.930429735,0,0.000000
1648655188.953340553,0,0.000000
1648655188.976712380,0,0.001000
1648655188.999408900,0,0.000000
1648655189.020454398,1,0.001000
1648655189.043019206,0,0.000000
1648655189.063795348,0,0.000000
1648655189.086465969,0,0.000000
1648655189.109064878,0,0.000000
1648655189.130475389,0,0.000000
1648655189.151747043,0,0.000000
1648655189.172700126,0,0.000000
1648655189.196141433,0,0.000000
1648655189.216339795,0,0.000000
1648655189.237175313,0,0.000000
1648655189.256906380,0,0.000000
1648655189.277995345,0,0.007000
1648655189.299762266,1,0.000000
1648655189.323010009,0,0.000000
1648655189.345186894,0,0.000000
1648655189.367772584,0,0.000000
1648655189.390268828,0,0.000000
1648655189.413381871,0,0.000000
1648655189.435543968,0,0.000000
1648655189.457183816,0,0.000000
1648655189.479987497,0,0.000000
1648655189.502993618,0,0.000000
1648655189.524980535,0,0.000000
1648655189.546994084,0,0.000000
1648655189.569250709,0,0.000000
1648655189.591364099,0,0.000000
1648655189.612338173,0,0.000000
1648655189.634795224,0,0.000000
1648655189.655958442,0,0.000000
1648655189.677031177,0,0.000000
1648655189.699675631,0,0.000000
1648655189.721617164,0,0.000000
1648655189.744046729,0,0.001000
1648655189.766552624,0,0.000000
1648655189.788157818,1,0.000000
1648655189.810369159,0,0.000000
1648655189.832668038,0,0.000000
1648655189.855092249,0,0.000000
1648655189.877142188,0,0.000000
1648655189.897747679,0,0.000000
1648655189.919765550,0,0.000000
1648655189.942917162,0,0.000000
1648655189.963352752,0,0.000000
1648655189.986163817,0,0.000000
1648655190.008924228,0,0.000000
1648655190.031557314,0,0.000000
1648655190.053745106,0,0.000000
1648655190.076776450,0,0.000000
1648655190.099096727,0,0.000000
1648655190.122326377,0,0.002000
1648655190.144297835,0,0.003000
1648655190.167489791,0,0.000000
1648655190.191404902,0,0.002000
1648655190.213880174,0,0.005000
1648655190.238644223,0,0.000000
1648655190.262007719,0,0.000000
1648655190.284653188,0,0.000000
1648655190.307332247,0,0.000000
1648655190.327622929,0,0.000000
1648655190.348899903,0,0.000000
1648655190.371569794,0,0.000000
1648655190.391092350,0,0.000000
1648655190.414057397,0,0.000000
1648655190.437361976,0,0.000000
1648655190.458440441,0,0.000000
1648655190.480566000,0,0.000000
1648655190.502281894,0,0.000000
1648655190.524109061,0,0.000000
1648655190.547253457,0,0.000000
1648655190.569308142,0,0.000000
1648655190.590934806,0,0.000000
1648655190.612483067,0,0.000000
1648655190.634806347,0,0.000000
1648655190.658303696,0,0.000000
1648655190.680392583,0,0.000000
1648655190.703250369,0,0.000000
1648655190.726219554,0,0.000000
1648655190.748092505,0,0.000000
1648655190.769458400,0,0.000000
1648655190.792581499,0,0.000000
1648655190.815856175,0,0.000000
1648655190.838472515,0,0.000000
1648655190.862974621,0,0.000000
1648655190.885922009,0,0.000000
1648655190.907718237,0,0.003000
1648655190.930543988,0,0.000000
1648655190.953631786,0,0.000000
1648655190.976405935,0,0.000000
1648655191.000013343,0,0.000000
1648655191.025919770,0,0.009000
1648655191.048769663,0,0.000000
1648655191.071503547,0,0.000000
1648655191.094570911,1,0.000000
1648655191.116312965,0,0.000000
1648655191.139334226,0,0.000000
1648655191.161998592,0,0.000000
1648655191.185257978,0,0.000000
1648655191.208638970,0,0.009000
1648655191.231685702,0,0.001000
1648655191.253270755,0,0.000000
1648655191.275486592,0,0.003000
1648655191.297824977,0,0.000000
1648655191.319619799,0,0.000000
1648655191.341981068,0,0.005000
1648655191.364103877,0,0.001000
1648655191.385271838,0,0.000000
1648655191.408162720,0,0.000000
1648655191.431782951,0,0.000000
1648655191.454697053,0,0.000000
1648655191.476547515,0,0.000000
1648655191.498789343,0,0.000000
1648655191.519975602,0,0.000000
1648655191.542431391,0,0.000000
1648655191.564286344,0,0.000000
1648655191.586761955,0,0.000000
1648655191.609988344,0,0.000000
1648655191.632241389,0,0.000000
1648655191.653600775,0,0.003000
1648655191.674120535,0,0.000000
1648655191.694080323,0,0.000000
1648655191.716026065,0,0.001000
1648655191.738710234,0,0.002000
1648655191.759683241,0,0.000000
1648655191.780093375,0,0.000000
1648655191.802260424,0,0.000000
1648655191.824735438,0,0.000000
1648655191.846679936,0,0.000000
1648655191.867961529,0,0.000000
1648655191.889014170,0,0.000000
1648655191.912298127,0,0.000000
1648655191.936277955,0,0.000000
1648655191.960055098,0,0.000000
1648655191.981208984,0,0.001000
1648655192.002621467,0,0.000000
1648655192.025274078,0,0.000000
1648655192.049332726,0,0.000000
1648655192.073237251,0,0.000000
1648655192.095564848,0,0.000000
1648655192.117058487,0,0.000000
1648655192.139175604,0,0.000000
1648655192.161534326,1,0.007000
1648655192.184392299,0,0.000000
1648655192.207859573,0,0.000000
1648655192.231092534,0,0.000000
1648655192.254712578,0,0.000000
1648655192.278033783,0,0.000000
1648655192.299182164,0,0.000000
1648655192.323003873,0,0.000000
1648655192.344041408,0,0.000000
1648655192.365960315,0,0.000000
1648655192.388147524,0,0.000000
1648655192.408092768,0,0.000000
1648655192.431009549,0,0.000000
1648655192.452425560,0,0.000000
1648655192.472917457,0,0.000000
1648655192.494437155,0,0.000000
1648655192.517154191,0,0.000000
1648655192.538832095,0,0.000000
1648655192.560366190,0,0.000000
1648655192.583720139,0,0.000000
1648655192.606175290,0,0.000000
1648655192.628852541,0,0.000000
1648655192.651368440,0,0.000000
1648655192.673221196,0,0.000000
1648655192.695000037,0,0.000000
1648655192.717126910,0,0.000000
1648655192.738996632,0,0.000000
1648655192.760924958,0,0.000000
1648655192.783283064,0,0.003000
1648655192.804963193,0,0.000000
1648655192.829811402,0,0.000000
1648655192.853569853,0,0.000000
1648655192.876579553,0,0.000000
1648655192.898953168,0,0.000000
1648655192.918823943,0,0.000000
1648655192.943227572,0,0.000000
1648655192.967273029,0,0.000000
1648655192.990812117,0,0.000000
1648655193.012314092,0,0.000000
1648655193.034551461,1,0.005000
1648655193.056722794,0,0.000000
1648655193.079204904,0,0.000000
1648655193.101036720,0,0.000000
1648655193.124077566,0,0.000000
1648655193.144931726,0,0.000000
1648655193.169273199,0,0.000000
1648655193.191356139,0,0.000000
1648655193.213629530,0,0.000000
1648655193.236393626,1,0.000000
1648655193.259921839,0,0.000000
1648655193.282774092,0,0.000000
1648655193.305797044,0,0.000000
1648655193.328186036,0,0.000000
1648655193.349993818,0,0.000000
1648655193.369683285,0,0.000000
1648655193.391072000,0,0.001000
1648655193.414294084,0,0.000000
1648655193.436415294,0,0.000000
1648655193.457835251,0,0.000000
1648655193.480716880,0,0.000000
1648655193.503831269,0,0.000000
1648655193.526539326,0,0.000000
1648655193.549318252,0,0.000000
1648655193.571903516,0,0.000000
1648655193.594800046,0,0.000000
1648655193.615553536,0,0.000000
1648655193.637620747,0,0.000000
1648655193.657641063,0,0.000000
1648655193.681269030,0,0.001000
1648655193.705700466,0,0.000000
1648655193.729316658,0,0.000000
1648655193.750780145,0,0.012000
1648655193.774212991,0,0.000000
1648655193.798129633,0,0.000000
1648655193.821179881,0,0.000000
1648655193.842646978,0,0.000000
1648655193.864876906,0,0.001000
1648655193.887789396,0,0.000000
1648655193.910140539,1,0.018000
1648655193.931776780,0,0.000000
1648655193.956003695,0,0.000000
1648655193.978711556,0,0.000000
1648655194.002736871,0,0.000000
1648655194.024420712,0,0.000000
1648655194.046471760,0,0.000000
1648655194.067852280,0,0.000000
1648655194.088247341,0,0.000000
1648655194.111469041,0,0.000000
1648655194.132787901,0,0.000000
1648655194.154756398,0,0.000000
1648655194.176707724,0,0.000000
1648655194.200538759,0,0.000000
1648655194.223876045,0,0.009000
1648655194.244803541,0,0.000000
1648655194.265763508,0,0.000000
1648655194.285395620,0,0.000000
1648655194.305901764,0,0.000000
1648655194.327393196,0,0.000000
1648655194.350646490,0,0.000000
1648655194.372203171,0,0.000000
1648655194.395645164,0,0.000000
1648655194.416721934,0,0.000000
1648655194.437364900,1,0.000000
1648655194.461149242,0,0.000000
1648655194.482954945,0,0.000000
1648655194.504876111,0,0.001000
1648655194.527953684,0,0.000000
1648655194.549882580,0,0.000000
1648655194.571334312,0,0.000000
1648655194.592101030,0,0.000000
1648655194.611780651,0,0.000000
1648655194.633809133,0,0.000000
1648655194.655099033,0,0.000000
1648655194.678449974,0,0.000000
1648655194.702223026,0,0.000000
1648655194.724274314,0,0.000000
1648655194.745946102,0,0.000000
1648655194.767204014,0,0.000000
1648655194.787973325,0,0.000000
1648655194.808757395,0,0.003000
1648655194.830962213,0,0.000000
1648655194.853375295,0,0.000000
1648655194.879827852,0,0.001000
1648655194.902741861,0,0.000000
1648655194.925283408,0,0.000000
1648655194.944367924,0,0.000000
1648655194.966957686,0,0.000000
1648655194.990913408,0,0.000000
1648655195.013098845,0,0.000000
1648655195.035093097,0,0.000000
1648655195.058109124,0,0.000000
1648655195.080936925,0,0.000000
1648655195.105152820,0,0.000000
1648655195.126905131,0,0.000000
1648655195.149638811,0,0.000000
1648655195.171250440,0,0.000000
1648655195.194484866,0,0.000000
1648655195.216139280,0,0.000000
1648655195.238265546,0,0.000000
1648655195.260773037,0,0.000000
1648655195.283850443,0,0.000000
1648655195.306749307,1,0.000000
1648655195.329924305,0,0.000000
1648655195.349641153,0,0.000000
1648655195.371145423,0,0.000000
1648655195.391232216,0,0.000000
1648655195.413074131,0,0.003000
1648655195.434010836,0,0.000000
1648655195.455822923,0,0.000000
1648655195.475676210,0,0.000000
1648655195.497036540,0,0.000000
1648655195.518795438,0,0.000000
1648655195.541949979,0,0.000000
1648655195.564872121,0,0.000000
1648655195.587822658,0,0.000000
1648655195.609158931,0,0.000000
1648655195.633096909,0,0.000000
1648655195.655111893,0,0.000000
1648655195.679266484,0,0.000000
1648655195.702756267,0,0.001000
1648655195.725794811,0,0.000000
1648655195.747461941,0,0.000000
1648655195.770131611,0,0.000000
1648655195.792580168,0,0.000000
1648655195.813642452,0,0.000000
1648655195.836459209,0,0.005000
1648655195.859791185,0,0.000000
1648655195.881026237,0,0.000000
1648655195.904404942,0,0.000000
1648655195.925729862,0,0.000000
1648655195.948139744,0,0.000000
1648655195.971257319,0,0.000000
1648655195.995582383,0,0.000000
1648655196.017362756,0,0.000000
1648655196.039423614,0,0.000000
1648655196.060579746,0,0.000000
1648655196.082738455,0,0.000000
1648655196.105452725,0,0.000000
1648655196.127653511,0,0.000000
1648655196.148485053,0,0.000000
1648655196.171476596,0,0.000000
1648655196.194267653,0,0.000000
1648655196.217068745,0,0.000000
1648655196.239912383,0,0.000000
1648655196.262778596,0,0.000000
1648655196.285043987,0,0.000000
1648655196.307833514,0,0.000000
1648655196.329973541,0,0.008000
1648655196.352969194,0,0.000000
1648655196.375932806,0,0.000000
1648655196.399063184,0,0.000000
1648655196.422270611,0,0.000000
1648655196.445980281,1,0.004000
1648655196.468380542,0,0.000000
1648655196.490696408,1,0.001000
1648655196.513305903,0,0.000000
1648655196.535594630,0,0.000000
1648655196.557867151,0,0.000000
1648655196.579219339,0,0.000000
1648655196.602229871,0,0.000000
1648655196.624557013,0,0.000000
1648655196.647508748,0,0.000000
1648655196.669420942,0,0.000000
1648655196.691596860,0,0.000000
1648655196.715553833,0,0.000000
1648655196.739764937,1,0.000000
1648655196.762908954,0,0.000000
1648655196.785333011,0,0.000000
1648655196.807309357,0,0.000000
1648655196.831249141,0,0.000000
1648655196.854559701,0,0.000000
1648655196.878715494,0,0.000000
1648655196.902213034,0,0.000000
1648655196.923372715,0,0.000000
1648655196.947845895,0,0.000000
1648655196.969391730,0,0.000000
1648655196.992466399,0,0.000000
1648655197.013213935,0,0.000000
1648655197.035796969,0,0.000000
1648655197.058494897,0,0.000000
1648655197.081400948,0,0.000000
1648655197.105690531,0,0.003000
1648655197.129963497,0,0.000000
1648655197.153549764,0,0.000000
1648655197.176682847,0,0.000000
1648655197.200582231,0,0.000000
1648655197.223227418,0,0.000000
1648655197.246380558,0,0.003000
1648655197.268216436,0,0.000000
1648655197.291507594,0,0.000000
1648655197.312136516,0,0.000000
1648655197.334910389,0,0.000000
1648655197.358113855,0,0.003000
1648655197.379929999,0,0.002000
1648655197.402492593,0,0.000000
1648655197.426891713,0,0.000000
1648655197.450955258,0,0.000000
1648655197.474565466,0,0.000000
1648655197.499083805,0,0.003000
1648655197.520610280,0,0.000000
1648655197.542639145,0,0.004000
1648655197.565844058,0,0.000000
1648655197.589574238,0,0.000000
1648655197.613181899,0,0.000000
1648655197.635973367,0,0.000000
1648655197.660644025,0,0.000000
1648655197.683274838,0,0.021000
1648655197.705883436,0,0.000000
1648655197.729661492,0,0.000000
1648655197.752920540,0,0.000000
1648655197.775959692,0,0.000000
1648655197.798582082,0,0.000000
1648655197.821192815,0,0.001000
1648655197.844119601,0,0.000000
1648655197.864908929,0,0.000000
1648655197.887200831,0,0.000000
1648655197.910099673,0,0.011000
1648655197.931432506,0,0.005000
1648655197.955777904,0,0.000000
1648655197.976963246,0,0.000000
1648655197.999022195,0,0.008000
1648655198.019643030,0,0.000000
1648655198.040464193,0,0.000000
1648655198.063448526,0,0.004000
1648655198.086474480,0,0.000000
1648655198.109535697,0,0.000000
1648655198.133055452,0,0.000000
1648655198.153884937,0,0.000000
1648655198.176556663,0,0.000000
1648655198.198756828,0,0.000000
1648655198.220479728,0,0.008000
1648655198.242416653,0,0.000000
1648655198.264151623,0,0.000000
1648655198.286402292,0,0.000000
1648655198.309852416,0,0.000000
1648655198.334297768,0,0.000000
1648655198.355965877,0,0.000000
1648655198.378479856,0,0.000000
1648655198.401349123,0,0.000000
1648655198.421953129,0,0.000000
1648655198.443823174,0,0.000000
1648655198.467486567,0,0.000000
1648655198.489363082,0,0.000000
1648655198.511067376,0,0.000000
1648655198.534163671,0,0.000000
1648655198.555556009,0,0.000000
1648655198.576924047,0,0.000000
1648655198.600790130,0,0.000000
1648655198.622541337,0,0.000000
1648655198.645336293,0,0.000000
1648655198.667644457,0,0.000000
1648655198.690743806,0,0.000000
1648655198.712735466,0,0.000000
1648655198.734033721,0,0.000000
1648655198.755480584,0,0.000000
1648655198.778763082,0,0.012000
1648655198.801592789,0,0.000000
1648655198.822555002,0,0.000000
1648655198.845135940,0,0.000000
1648655198.866640235,0,0.000000
1648655198.887918990,0,0.004000
1648655198.910287247,0,0.000000
1648655198.933088039,0,0.004000
1648655198.953779990,0,0.000000
1648655198.975646120,0,0.000000
1648655198.998167104,0,0.000000
1648655199.019867076,0,0.000000
1648655199.044429380,0,0.000000
1648655199.065812274,0,0.001000
1648655199.089963696,0,0.000000
1648655199.109912261,0,0.000000
1648655199.130627843,0,0.001000
1648655199.153318400,0,0.000000
1648655199.176207038,0,0.000000
1648655199.199597392,0,0.000000
1648655199.223451609,0,0.000000
1648655199.245434979,0,0.000000
1648655199.265749926,0,0.000000
1648655199.286944561,0,0.000000
1648655199.310062597,1,0.002000
1648655199.331473257,0,0.000000
1648655199.355176825,0,0.000000
1648655199.379326003,0,0.000000
1648655199.400901988,0,0.000000
1648655199.423769750,0,0.000000
1648655199.446134563,0,0.000000
1648655199.468562759,1,0.006000
1648655199.492368196,0,0.000000
1648655199.516064771,0,0.000000
1648655199.540594911,0,0.000000
1648655199.564310850,0,0.000000
1648655199.586254800,0,0.000000
1648655199.608418097,0,0.000000
1648655199.631403645,0,0.000000
1648655199.655415793,0,0.000000
1648655199.678159402,0,0.014000
1648655199.701399347,0,0.000000
1648655199.723412444,0,0.000000
1648655199.746428112,0,0.000000
1648655199.770178037,0,0.006000
1648655199.789261330,0,0.000000
1648655199.812216455,0,0.000000
1648655199.836481290,0,0.005000
1648655199.856133528,0,0.000000
1648655199.880319927,0,0.000000
1648655199.904438432,0,0.000000
1648655199.926361926,0,0.000000
1648655199.949393838,0,0.000000
1648655199.973241284,0,0.000000
1648655199.996899634,0,0.000000
1648655200.019306376,0,0.000000
1648655200.040009482,0,0.000000
1648655200.063429835,0,0.001000
1648655200.086356295,0,0.000000
1648655200.109829710,0,0.000000
1648655200.131419369,1,0.000000
1648655200.154350007,0,0.000000
1648655200.175564061,0,0.000000
1648655200.198654794,0,0.000000
1648655200.221066105,0,0.000000
1648655200.242437697,0,0.000000
1648655200.265401714,1,0.000000
1648655200.287459911,0,0.004000
1648655200.310720106,0,0.000000
1648655200.334401181,0,0.000000
1648655200.356732568,0,0.005000
1648655200.379683508,0,0.000000
1648655200.403951348,0,0.000000
1648655200.425958556,0,0.000000
1648655200.450044457,0,0.000000
1648655200.472016944,0,0.000000
1648655200.493966806,0,0.000000
1648655200.517146490,0,0.000000
1648655200.540303789,0,0.000000
1648655200.563376616,0,0.000000
1648655200.583496708,0,0.000000
1648655200.603131894,0,0.003000
1648655200.625851407,1,0.000000
1648655200.649228053,0,0.000000
1648655200.672586126,0,0.000000
1648655200.697002193,0,0.008000
1648655200.719395952,0,0.000000
1648655200.742033287,0,0.000000
1648655200.766392020,0,0.000000
1648655200.792052776,0,0.000000
1648655200.814234544,0,0.000000
1648655200.837643704,0,0.000000
1648655200.859538469,0,0.000000
1648655200.882644627,0,0.001000
1648655200.903612161,0,0.000000
1648655200.926899058,0,0.001000
1648655200.948795677,0,0.000000
1648655200.971126139,0,0.000000
1648655200.992291767,0,0.000000
1648655201.017279058,0,0.001000
1648655201.041353518,0,0.000000
1648655201.063996526,0,0.000000
1648655201.085615313,0,0.000000
1648655201.110085096,0,0.000000
1648655201.134866763,1,0.001000
1648655201.159149010,0,0.000000
1648655201.182503199,0,0.003000
1648655201.205736240,0,0.000000
1648655201.227823872,0,0.000000
1648655201.250748308,0,0.000000
1648655201.273131484,0,0.000000
1648655201.295768416,0,0.000000
1648655201.319897944,0,0.000000
1648655201.342968767,0,0.000000
1648655201.364586395,0,0.000000
1648655201.387448492,0,0.000000
1648655201.407632450,1,0.000000
1648655201.430430728,1,0.000000
1648655201.450864739,0,0.000000
1648655201.472895186,0,0.006000
1648655201.496695372,0,0.000000
1648655201.518669978,1,0.009000
1648655201.540069159,0,0.000000
1648655201.562363323,0,0.000000
1648655201.586332517,0,0.000000
1648655201.609052396,0,0.000000
1648655201.632416692,0,0.000000
1648655201.656154896,0,0.000000
1648655201.678944790,0,0.000000
1648655201.701831678,0,0.001000
1648655201.724379468,0,0.000000
1648655201.747242236,0,0.000000
1648655201.769738833,0,0.000000
1648655201.792394855,0,0.000000
1648655201.814954526,0,0.011000
1648655201.838054871,0,0.000000
1648655201.860662438,0,0.000000
1648655201.883906771,0,0.000000
1648655201.907960441,1,0.000000
1648655201.930314651,0,0.000000
1648655201.952880379,0,0.000000
1648655201.975854049,0,0.000000
1648655201.997774259,0,0.004000
1648655202.021472410,0,0.000000
1648655202.043395152,0,0.000000
1648655202.066472064,1,0.000000
1648655202.090195728,0,0.000000
1648655202.113147833,0,0.011000
1648655202.136204728,0,0.000000
1648655202.159665809,0,0.001000
1648655202.183266670,0,0.005000
1648655202.204559859,0,0.001000
1648655202.227445523,0,0.000000
1648655202.251794145,0,0.000000
1648655202.274733552,0,0.000000
1648655202.299574129,0,0.000000
1648655202.324052019,0,0.000000
1648655202.347280449,0,0.002000
1648655202.371439048,1,0.000000
1648655202.395335252,0,0.000000
1648655202.417454049,0,0.000000
1648655202.437037487,0,0.000000
1648655202.459481890,0,0.000000
1648655202.484128862,1,0.000000
1648655202.507170867,0,0.000000
1648655202.528307891,0,0.000000
1648655202.550425385,0,0.000000
1648655202.575920779,0,0.000000
1648655202.600035431,0,0.000000
1648655202.622401324,0,0.004000
1648655202.646381265,0,0.000000
1648655202.669885769,0,0.000000
1648655202.693302221,0,0.001000
1648655202.715989981,0,0.000000
1648655202.739036467,0,0.000000
1648655202.763611306,0,0.000000
1648655202.786238041,0,0.000000
1648655202.811120563,0,0.000000
1648655202.834551384,0,0.000000
1648655202.858510067,0,0.001000
1648655202.882556107,0,0.000000
1648655202.903610316,0,0.000000
1648655202.925458447,0,0.008000
1648655202.949989224,0,0.000000
1648655202.972215114,0,0.000000
1648655202.995462228,0,0.000000
1648655203.018381101,0,0.004000
1648655203.042878613,0,0.000000
1648655203.066841329,0,0.000000
1648655203.088350066,0,0.000000
1648655203.110633606,0,0.000000
1648655203.134263554,0,0.000000
1648655203.156294410,0,0.000000
1648655203.179738811,0,0.000000
1648655203.202086366,2,0.013000
1648655203.224439018,0,0.000000
1648655203.247770267,0,0.000000
1648655203.268237858,0,0.000000
1648655203.289128268,0,0.000000
1648655203.312355862,1,0.000000
1648655203.336876621,0,0.001000
1648655203.360094145,0,0.000000
1648655203.382418451,1,0.000000
1648655203.405511305,0,0.000000
1648655203.429419382,0,0.000000
1648655203.453286246,0,0.000000
1648655203.477394463,0,0.000000
1648655203.501894358,0,0.000000
1648655203.525616514,0,0.000000
1648655203.549258775,0,0.000000
1648655203.571924058,0,0.000000
1648655203.593608290,0,0.005000
1648655203.618357933,0,0.000000
1648655203.642073361,0,0.009000
1648655203.663946493,0,0.000000
1648655203.685888821,0,0.000000
1648655203.707450530,0,0.010000
1648655203.730859478,0,0.004000
1648655203.754358267,0,0.000000
1648655203.777547641,0,0.000000
1648655203.800789026,0,0.000000
1648655203.823076821,0,0.001000
1648655203.845510778,0,0.000000
1648655203.866117776,0,0.000000
1648655203.890274543,0,0.000000
1648655203.914365967,0,0.000000
1648655203.935997771,0,0.006000
1648655203.957190722,0,0.000000
1648655203.979806447,0,0.002000
1648655204.000441746,0,0.000000
1648655204.020877931,1,0.000000
1648655204.043508854,0,0.000000
1648655204.065644996,0,0.000000
1648655204.088182372,0,0.000000
1648655204.107967362,0,0.000000
1648655204.129664353,0,0.000000
1648655204.150617183,0,0.000000
1648655204.171353333,0,0.000000
1648655204.195072049,0,0.000000
1648655204.216929509,0,0.000000
1648655204.239325421,0,0.000000
1648655204.260582386,0,0.000000
1648655204.283039603,0,0.000000
1648655204.304147243,0,0.000000
1648655204.324615849,0,0.000000
1648655204.346594423,0,0.000000
1648655204.367597191,0,0.000000
1648655204.390147266,0,0.000000
1648655204.411093781,0,0.006000
1648655204.434287853,0,0.008000
1648655204.458103967,0,0.000000
1648655204.481737701,0,0.000000
1648655204.505610972,0,0.000000
1648655204.529271049,0,0.000000
1648655204.550230642,0,0.001000
1648655204.572454411,0,0.000000
1648655204.594202973,0,0.000000
1648655204.617177605,0,0.000000
1648655204.639198092,0,0.000000
1648655204.661088265,0,0.000000
1648655204.682678874,0,0.000000
1648655204.706175342,0,0.000000
1648655204.730314144,0,0.007000
1648655204.753230899,0,0.000000
1648655204.774782295,0,0.000000
1648655204.798432085,0,0.000000
1648655204.821591840,0,0.000000
1648655204.844225570,1,0.000000
1648655204.865116290,0,0.000000
1648655204.889129025,0,0.000000
1648655204.912685677,1,0.000000
1648655204.936316543,0,0.000000
1648655204.960110885,0,0.000000
1648655204.982318892,0,0.000000
1648655205.003031659,0,0.000000
1648655205.026373809,0,0.003000
1648655205.051371495,0,0.000000
1648655205.073935113,0,0.000000
1648655205.097309172,0,0.000000
1648655205.120289157,0,0.000000
1648655205.143032585,0,0.000000
1648655205.164987152,0,0.000000
1648655205.186994884,0,0.000000
1648655205.207261177,0,0.000000
1648655205.230324789,0,0.000000
1648655205.254421730,0,0.000000
1648655205.274309488,1,0.000000
1648655205.296522086,0,0.000000
1648655205.320418741,0,0.000000
1648655205.343922447,0,0.000000
1648655205.367852369,0,0.000000
1648655205.390464201,0,0.000000
1648655205.414287322,0,0.000000
1648655205.437993685,1,0.000000
1648655205.460258221,0,0.000000
1648655205.481362674,0,0.000000
1648655205.503755733,0,0.000000
1648655205.527494314,1,0.005000
1648655205.550560673,0,0.000000
1648655205.575000468,1,0.011000
1648655205.600311013,0,0.000000
1648655205.619424158,0,0.000000
1648655205.641882050,0,0.000000
1648655205.665374650,0,0.000000
1648655205.688294291,0,0.010000
1648655205.710333747,0,0.000000
1648655205.731836125,0,0.000000
1648655205.752895091,0,0.000000
1648655205.775702865,0,0.000000
1648655205.797954195,0,0.000000
1648655205.820355904,0,0.000000
1648655205.844375036,0,0.000000
1648655205.865908280,0,0.000000
1648655205.886915770,0,0.000000
1648655205.908239527,0,0.000000
1648655205.932163120,0,0.000000
1648655205.956297487,0,0.000000
1648655205.978317269,0,0.000000
1648655206.001601614,0,0.000000
1648655206.025153440,0,0.005000
1648655206.049266660,0,0.000000
1648655206.071041015,0,0.000000
1648655206.092914480,0,0.000000
1648655206.113338114,0,0.000000
1648655206.135424301,0,0.000000
1648655206.159295611,0,0.000000
1648655206.182849251,0,0.000000
1648655206.207481900,0,0.000000
1648655206.230405328,0,0.000000
1648655206.250574601,1,0.000000
1648655206.272303801,0,0.000000
1648655206.293579511,0,0.000000
1648655206.314562885,0,0.000000
1648655206.337124573,0,0.000000
1648655206.358549465,0,0.000000
1648655206.380118429,0,0.000000
1648655206.401916815,0,0.000000
1648655206.424536996,0,0.000000
1648655206.447374387,0,0.000000
1648655206.469902264,0,0.001000
1648655206.493210332,0,0.000000
1648655206.514401683,1,0.000000
1648655206.536752059,0,0.000000
1648655206.560275275,0,0.004000
1648655206.581759252,0,0.004000
1648655206.605649602,0,0.003000
1648655206.625546021,0,0.000000
1648655206.645293724,0,0.000000
1648655206.667180105,0,0.005000
1648655206.690386580,0,0.000000
1648655206.712063391,0,0.000000
1648655206.732367384,0,0.000000
1648655206.755315795,0,0.000000
1648655206.779436667,0,0.000000
1648655206.802423633,0,0.008000
1648655206.825992816,0,0.000000
1648655206.848153232,0,0.000000
1648655206.872141130,0,0.000000
1648655206.893360336,0,0.000000
1648655206.916912741,0,0.000000
1648655206.939314326,0,0.000000
1648655206.963287114,0,0.001000
1648655206.985352924,0,0.000000
1648655207.007876276,0,0.000000
1648655207.030567973,0,0.000000
1648655207.053562238,1,0.000000
1648655207.076354831,0,0.000000
1648655207.099756021,1,0.000000
1648655207.121362960,0,0.000000
1648655207.145422494,0,0.000000
1648655207.168362613,0,0.000000
1648655207.191647033,0,0.000000
1648655207.213858688,1,0.000000
1648655207.236394851,0,0.000000
1648655207.260204393,0,0.006000
1648655207.281764376,0,0.000000
1648655207.304196614,0,0.004000
1648655207.325445095,0,0.000000
1648655207.346248843,0,0.000000
1648655207.369156103,0,0.000000
1648655207.390962105,0,0.000000
1648655207.414206460,0,0.000000
1648655207.436172850,0,0.000000
1648655207.456438211,0,0.000000
1648655207.479430704,0,0.000000
1648655207.503966067,0,0.000000
1648655207.525609819,0,0.000000
1648655207.548466104,0,0.000000
1648655207.571590404,0,0.000000
1648655207.593338526,0,0.000000
1648655207.613911983,0,0.000000
1648655207.635423260,0,0.008000
1648655207.660316261,0,0.000000
1648655207.682276604,0,0.005000
1648655207.705463597,0,0.000000
1648655207.728560826,0,0.000000
1648655207.752358603,0,0.000000
1648655207.774234798,0,0.000000
1648655207.795672113,0,0.000000
1648655207.818973135,0,0.000000
1648655207.842217057,0,0.000000
1648655207.863259689,0,0.003000
1648655207.885985206,0,0.000000
1648655207.908339368,0,0.000000
1648655207.932101000,0,0.000000
1648655207.954466774,0,0.000000
1648655207.976227183,0,0.000000
1648655207.999309294,0,0.000000
1648655208.022892610,0,0.000000
1648655208.045808435,0,0.000000
1648655208.068911544,0,0.000000
1648655208.092350630,0,0.000000
1648655208.113992889,0,0.000000
1648655208.136767354,0,0.000000
1648655208.160396650,2,0.001000
1648655208.182815030,0,0.000000
1648655208.205187832,0,0.000000
1648655208.225455856,0,0.000000
1648655208.248083899,0,0.000000
1648655208.270895417,0,0.000000
1648655208.294157685,0,0.000000
1648655208.318352060,0,0.000000
1648655208.341799671,0,0.000000
1648655208.364093417,0,0.000000
1648655208.386369102,0,0.001000
1648655208.407955078,0,0.000000
1648655208.430319209,0,0.000000
1648655208.454949006,0,0.000000
1648655208.477290391,0,0.000000
1648655208.502068273,0,0.000000
1648655208.525247206,0,0.000000
1648655208.547856563,0,0.000000
1648655208.567533834,0,0.000000
1648655208.592171570,0,0.000000
1648655208.614120764,0,0.000000
1648655208.635250515,0,0.000000
1648655208.656355039,0,0.000000
1648655208.678493017,0,0.000000
1648655208.701777006,0,0.000000
1648655208.722414891,0,0.000000
1648655208.744036515,0,0.000000
1648655208.764625278,0,0.000000
1648655208.788025641,0,0.000000
1648655208.810911979,0,0.000000
1648655208.833149751,0,0.000000
1648655208.854217153,0,0.000000
1648655208.876378209,0,0.000000
1648655208.899873638,0,0.000000
1648655208.923969326,0,0.000000
1648655208.947961064,0,0.000000
1648655208.969961845,0,0.000000
1648655208.992758911,0,0.000000
1648655209.016486708,0,0.000000
1648655209.039500673,0,0.000000
1648655209.061125947,0,0.000000
1648655209.083940576,0,0.000000
1648655209.107914909,0,0.000000
1648655209.130336822,0,0.000000
1648655209.152865318,0,0.000000
1648655209.176884781,1,0.000000
1648655209.198886464,0,0.000000
1648655209.222673589,0,0.013000
1648655209.245197524,0,0.000000
1648655209.265883067,0,0.000000
1648655209.288991715,0,0.000000
1648655209.312571718,0,0.000000
1648655209.335143720,0,0.000000
1648655209.356601142,0,0.000000
1648655209.379366629,0,0.000000
1648655209.400735561,0,0.000000
1648655209.424089812,0,0.001000
1648655209.445398039,0,0.000000
1648655209.469134760,0,0.000000
1648655209.492105495,0,0.000000
1648655209.513002822,0,0.000000
1648655209.536585311,0,0.007000
1648655209.558284228,0,0.000000
1648655209.582606679,0,0.000000
1648655209.604667714,0,0.000000
1648655209.628963446,1,0.000000
1648655209.652943653,0,0.000000
1648655209.676970625,0,0.008000
1648655209.699188521,0,0.000000
1648655209.721235527,0,0.000000
1648655209.743751271,0,0.000000
1648655209.766205423,0,0.000000
1648655209.788340333,0,0.000000
1648655209.809732022,0,0.000000
1648655209.832342745,0,0.000000
1648655209.854330286,0,0.000000
1648655209.876486972,0,0.004000
1648655209.900000684,0,0.000000
1648655209.921928980,0,0.000000
1648655209.945189660,0,0.000000
1648655209.966971894,0,0.000000
1648655209.990316823,0,0.000000
1648655210.010919082,0,0.000000
1648655210.032996653,0,0.000000
1648655210.053860410,0,0.000000
1648655210.077159155,0,0.000000
1648655210.100176014,0,0.000000
1648655210.122595559,0,0.000000
1648655210.144929505,0,0.000000
1648655210.167878310,0,0.000000
1648655210.188423398,0,0.000000
1648655210.210085190,0,0.000000
1648655210.231443056,0,0.000000
1648655210.254291967,0,0.000000
1648655210.277607071,0,0.000000
1648655210.299752170,0,0.000000
1648655210.322889452,0,0.000000
1648655210.343395315,0,0.000000
1648655210.366660540,0,0.001000
1648655210.387806378,0,0.000000
1648655210.410687617,0,0.000000
1648655210.433402412,0,0.000000
1648655210.455508395,0,0.000000
1648655210.476605196,1,0.007000
1648655210.497771414,0,0.000000
1648655210.519737632,0,0.000000
1648655210.542719361,0,0.000000
1648655210.563486045,0,0.000000
1648655210.584900484,0,0.000000
1648655210.607292025,0,0.000000
1648655210.629888634,0,0.000000
1648655210.651846498,0,0.001000
1648655210.675210702,0,0.000000
1648655210.696558982,0,0.000000
1648655210.719390750,0,0.000000
1648655210.742049470,0,0.000000
1648655210.764303701,0,0.000000
1648655210.786481038,0,0.000000
1648655210.809294021,0,0.000000
1648655210.833124917,1,0.000000
1648655210.855365180,0,0.000000
1648655210.876351243,0,0.000000
1648655210.899472708,0,0.000000
1648655210.921406477,0,0.000000
1648655210.943984666,0,0.000000
1648655210.968141920,0,0.000000
1648655210.989885237,0,0.000000
1648655211.012334611,0,0.000000
1648655211.035238317,0,0.000000
1648655211.059321968,0,0.000000
1648655211.083241444,1,0.000000
1648655211.104944848,0,0.000000
1648655211.126557243,0,0.000000
1648655211.148967389,0,0.000000
1648655211.171704740,0,0.000000
1648655211.191757851,0,0.000000
1648655211.213602202,0,0.000000
1648655211.236403915,0,0.000000
1648655211.259373635,1,0.000000
1648655211.280349030,0,0.000000
1648655211.302367204,0,0.000000
1648655211.323278057,0,0.000000
1648655211.345611790,1,0.011000
1648655211.369228736,0,0.000000
1648655211.391247608,0,0.000000
1648655211.412951070,0,0.000000
1648655211.435511238,0,0.000000
1648655211.459307717,0,0.000000
1648655211.481911544,0,0.000000
1648655211.501100944,0,0.000000
1648655211.523437166,0,0.000000
1648655211.545361324,0,0.000000
1648655211.567005904,0,0.000000
1648655211.589586489,0,0.000000
1648655211.612739529,1,0.000000
1648655211.635142153,0,0.000000
1648655211.658257242,0,0.000000
1648655211.680206347,0,0.000000
1648655211.701425706,0,0.000000
1648655211.723355373,1,0.000000
1648655211.746192731,0,0.022000
1648655211.768959994,0,0.000000
1648655211.791258593,0,0.000000
1648655211.814763298,0,0.000000
1648655211.834817680,0,0.000000
1648655211.856538503,0,0.000000
1648655211.877808150,0,0.000000
1648655211.897605830,0,0.000000
1648655211.919770703,0,0.000000
1648655211.941325265,0,0.000000
1648655211.962012721,1,0.000000
1648655211.984726358,1,0.000000
1648655212.006575791,0,0.000000
1648655212.029730701,0,0.000000
1648655212.051898192,0,0.000000
1648655212.075423942,0,0.000000
1648655212.098315568,0,0.000000
1648655212.120389009,0,0.000000
1648655212.142632740,0,0.000000
1648655212.165674339,0,0.000000
1648655212.187373531,0,0.000000
1648655212.208343951,0,0.000000
1648655212.228053243,0,0.000000
1648655212.251199705,0,0.001000
1648655212.272344831,0,0.000000
1648655212.293568945,0,0.000000
1648655212.316547395,0,0.003000
1648655212.340395938,0,0.000000
1648655212.364204241,0,0.000000
1648655212.387244200,1,0.000000
1648655212.408925840,0,0.000000
1648655212.432001617,0,0.000000
1648655212.452588959,0,0.000000
1648655212.473936659,0,0.000000
1648655212.497327237,0,0.000000
1648655212.521081277,0,0.000000
1648655212.541588288,0,0.000000
1648655212.564857394,0,0.000000
1648655212.585918430,1,0.000000
1648655212.607973480,0,0.000000
1648655212.630970992,0,0.001000
1648655212.652002043,0,0.000000
1648655212.675024073,0,0.000000
1648655212.695705182,0,0.009000
1648655212.716989110,0,0.000000
1648655212.739778626,0,0.000000
1648655212.761386060,0,0.000000
1648655212.784378980,0,0.000000
1648655212.805229376,0,0.000000
1648655212.827298723,0,0.000000
1648655212.848976716,0,0.000000
1648655212.871842845,0,0.000000
1648655212.895302495,0,0.000000
1648655212.918251979,1,0.004000
1648655212.941497281,0,0.000000
1648655212.963099466,0,0.000000
1648655212.985149096,0,0.000000
1648655213.008572276,0,0.004000
1648655213.029029462,1,0.000000
1648655213.051226215,0,0.006000
1648655213.073998509,0,0.000000
1648655213.096247030,0,0.000000
1648655213.118892765,0,0.003000
1648655213.141391578,0,0.000000
1648655213.163325963,0,0.000000
1648655213.185492247,1,0.000000
1648655213.210356718,0,0.000000
1648655213.232441276,0,0.000000
1648655213.254475903,0,0.000000
1648655213.277145294,0,0.000000
1648655213.301205873,0,0.004000
1648655213.324466976,0,0.000000
1648655213.347685743,0,0.000000
1648655213.367996515,0,0.000000
1648655213.390775725,0,0.000000
1648655213.413904240,0,0.000000
1648655213.437023127,1,0.000000
1648655213.458417395,0,0.000000
1648655213.481354455,0,0.011000
1648655213.503928197,0,0.000000
1648655213.527415858,0,0.004000
1648655213.551509048,0,0.000000
1648655213.574363309,0,0.000000
1648655213.595582653,1,0.000000
1648655213.617552106,0,0.000000
1648655213.640278973,0,0.000000
1648655213.663493799,0,0.000000
1648655213.687227077,0,0.006000
1648655213.708867906,0,0.000000
1648655213.731401810,0,0.000000
1648655213.753483605,0,0.000000
1648655213.775478752,0,0.004000
1648655213.798653355,0,0.000000
1648655213.821843914,0,0.000000
1648655213.843973536,0,0.000000
1648655213.865470101,0,0.004000
1648655213.886990897,0,0.000000
1648655213.909446179,0,0.001000
1648655213.930268375,0,0.000000
1648655213.953603849,0,0.000000
1648655213.975362935,0,0.000000
1648655213.996304330,0,0.000000
1648655214.020115388,0,0.000000
1648655214.042714925,0,0.000000
1648655214.063504153,0,0.000000
1648655214.085611541,0,0.000000
1648655214.106856814,0,0.000000
1648655214.129310710,0,0.000000
1648655214.151970546,0,0.000000
1648655214.175245469,0,0.011000
1648655214.197966751,0,0.000000
1648655214.220314898,0,0.000000
1648655214.243667865,0,0.000000
1648655214.265084908,0,0.000000
1648655214.288032670,0,0.003000
1648655214.309474955,0,0.000000
1648655214.331208316,0,0.000000
1648655214.354060630,0,0.000000
1648655214.375405982,0,0.000000
1648655214.394464020,0,0.000000
1648655214.416304213,0,0.000000
1648655214.438379444,0,0.000000
1648655214.460671718,0,0.000000
1648655214.479245783,0,0.000000
1648655214.502244724,0,0.000000
1648655214.525244514,0,0.000000
1648655214.546254480,0,0.000000
1648655214.568872186,0,0.000000
1648655214.589933034,0,0.008000
1648655214.613896542,0,0.009000
1648655214.635632319,0,0.000000
1648655214.659497248,0,0.000000
1648655214.681264164,0,0.000000
1648655214.703965531,0,0.000000
1648655214.723733086,0,0.000000
1648655214.744528213,0,0.000000
1648655214.766711373,0,0.000000
1648655214.787915416,0,0.000000
1648655214.809193972,1,0.000000
1648655214.831603807,0,0.000000
1648655214.852731270,0,0.000000
1648655214.874937724,0,0.000000
1648655214.896015386,0,0.000000
1648655214.917182939,1,0.000000
1648655214.939407668,0,0.000000
1648655214.963338800,0,0.000000
1648655214.985459371,0,0.000000
1648655215.009382136,0,0.007000
1648655215.031968096,0,0.000000
1648655215.054483201,0,0.000000
1648655215.075357781,0,0.000000
1648655215.098289703,0,0.003000
1648655215.120335413,0,0.000000
1648655215.143544072,0,0.000000
1648655215.166102114,0,0.000000
1648655215.188555516,0,0.000000
1648655215.209869430,0,0.000000
1648655215.231126185,0,0.003000
1648655215.254981880,0,0.000000
1648655215.275999561,0,0.000000
1648655215.297833482,0,0.012000
1648655215.321484559,0,0.000000
1648655215.344274408,1,0.000000
1648655215.368202228,0,0.000000
1648655215.389427024,0,0.000000
1648655215.412935914,0,0.005000
1648655215.434554478,0,0.000000
1648655215.456289139,0,0.000000
1648655215.477870275,0,0.000000
1648655215.498457569,0,0.000000
1648655215.520352497,0,0.000000
1648655215.541939058,0,0.000000
1648655215.564006034,0,0.000000
1648655215.586494730,0,0.000000
1648655215.607284061,0,0.000000
1648655215.629710235,0,0.012000
1648655215.653149814,0,0.000000
1648655215.676375549,0,0.000000
1648655215.697045541,0,0.000000
1648655215.717682351,0,0.000000
1648655215.740211404,0,0.000000
1648655215.762292330,0,0.000000
1648655215.783866194,0,0.000000
1648655215.806595689,0,0.001000
1648655215.829367424,0,0.000000
1648655215.853029583,0,0.000000
1648655215.876163310,0,0.000000
1648655215.898854231,0,0.000000
1648655215.922350253,0,0.000000
1648655215.945868190,0,0.000000
1648655215.968937556,0,0.000000
1648655215.990041364,0,0.006000
1648655216.012094212,0,0.000000
1648655216.035243205,0,0.000000
1648655216.057623839,0,0.000000
1648655216.079302646,0,0.000000
1648655216.102795037,0,0.000000
1648655216.124164806,0,0.000000
1648655216.147004350,0,0.000000
1648655216.168770430,0,0.007000
1648655216.191905889,0,0.000000
1648655216.214060573,1,0.000000
1648655216.237551018,0,0.000000
1648655216.259909233,0,0.000000
1648655216.283200849,0,0.000000
1648655216.305324805,0,0.000000
1648655216.328221242,0,0.000000
1648655216.350155987,0,0.000000
1648655216.371871314,0,0.003000
1648655216.395456472,0,0.000000
1648655216.418845916,0,0.000000
1648655216.438433482,1,0.000000
1648655216.464341760,0,0.000000
1648655216.486112838,0,0.000000
1648655216.509066913,0,0.000000
1648655216.529761274,0,0.000000
1648655216.551602287,0,0.000000
1648655216.572884304,0,0.000000
1648655216.596941628,0,0.000000
1648655216.620855376,0,0.000000
1648655216.643580939,0,0.000000
1648655216.666000816,0,0.000000
1648655216.688171500,0,0.000000
1648655216.709897462,0,0.011000
1648655216.728729121,0,0.000000
1648655216.750453259,0,0.000000
1648655216.772510620,0,0.000000
1648655216.796638005,0,0.000000
1648655216.818963634,0,0.000000
1648655216.840809302,0,0.000000
1648655216.861358909,0,0.000000
1648655216.882636071,0,0.000000
1648655216.906164747,0,0.000000
1648655216.930199741,0,0.004000
1648655216.951145007,0,0.000000
1648655216.972949218,0,0.000000
1648655216.993862415,0,0.000000
1648655217.016694709,0,0.000000
1648655217.038248336,0,0.000000
1648655217.059549669,0,0.000000
1648655217.081399592,0,0.000000
1648655217.103266392,0,0.000000
1648655217.124119094,0,0.000000
1648655217.146314622,0,0.000000
1648655217.167086970,0,0.000000
1648655217.189480106,0,0.000000
1648655217.209842982,0,0.000000
1648655217.232268078,0,0.000000
1648655217.256481551,0,0.000000
1648655217.278408720,0,0.000000
1648655217.299803546,0,0.000000
1648655217.322328390,0,0.000000
1648655217.342635320,0,0.000000
1648655217.364768159,0,0.000000
1648655217.386583116,0,0.000000
1648655217.407412067,0,0.000000
1648655217.429154936,0,0.000000
1648655217.451913515,0,0.000000
1648655217.472008233,0,0.000000
1648655217.494153327,0,0.003000
1648655217.517364391,0,0.000000
1648655217.539736287,0,0.000000
1648655217.560017924,0,0.000000
1648655217.582888070,0,0.000000
1648655217.604643981,0,0.000000
1648655217.626229009,0,0.000000
1648655217.649158084,0,0.000000
1648655217.673035124,0,0.000000
1648655217.696160280,0,0.000000
1648655217.719638960,0,0.000000
1648655217.740303322,0,0.000000
1648655217.762948001,0,0.000000
1648655217.784998814,0,0.000000
1648655217.807325688,0,0.000000
1648655217.831041215,0,0.000000
1648655217.853977004,0,0.002000
1648655217.875580775,0,0.000000
1648655217.896796924,0,0.000000
1648655217.919413502,0,0.000000
1648655217.942042921,0,0.000000
1648655217.963904496,0,0.000000
1648655217.984654037,0,0.000000
1648655218.004746302,0,0.000000
1648655218.026841396,0,0.000000
1648655218.049898035,0,0.000000
1648655218.072254968,0,0.000000
1648655218.094275137,0,0.000000
1648655218.117622473,0,0.000000
1648655218.141979747,0,0.000000
1648655218.165566441,0,0.000000
1648655218.189019362,1,0.000000
1648655218.212506062,0,0.000000
1648655218.236944905,0,0.006000
1648655218.260251542,0,0.004000
1648655218.281375334,0,0.000000
1648655218.303419001,0,0.000000
1648655218.325113750,0,0.000000
1648655218.348725389,0,0.000000
1648655218.370027908,0,0.004000
1648655218.394221487,0,0.000000
1648655218.415366231,0,0.000000
1648655218.438383983,0,0.000000
1648655218.461026390,0,0.000000
1648655218.483974398,0,0.009000
1648655218.505632917,0,0.001000
1648655218.527903097,0,0.000000
1648655218.549702807,0,0.000000
1648655218.570987552,0,0.000000
1648655218.593943229,2,0.000000
1648655218.613718962,0,0.004000
1648655218.635575046,0,0.000000
1648655218.658362987,0,0.000000
1648655218.678868113,0,0.000000
1648655218.701782674,0,0.000000
1648655218.725165706,0,0.000000
1648655218.748233531,0,0.000000
1648655218.768953468,0,0.000000
1648655218.790144405,0,0.000000
1648655218.814751555,0,0.004000
1648655218.837244564,0,0.000000
1648655218.857887034,0,0.000000
1648655218.879976932,0,0.000000
1648655218.902274880,0,0.000000
1648655218.922477555,0,0.000000
1648655218.945195417,1,0.000000
1648655218.965228343,0,0.000000
1648655218.986404404,0,0.000000
1648655219.007447314,1,0.006000
1648655219.029601967,1,0.000000
1648655219.050301197,0,0.000000
1648655219.071417677,0,0.000000
1648655219.092496010,0,0.000000
1648655219.113589751,0,0.000000
1648655219.137288798,0,0.001000
1648655219.160970020,0,0.000000
1648655219.181247321,0,0.000000
1648655219.205766162,0,0.000000
1648655219.227987217,0,0.000000
1648655219.250006576,0,0.000000
1648655219.273396446,0,0.000000
1648655219.297016279,0,0.000000
1648655219.320311739,0,0.004000
1648655219.342129250,0,0.000000
1648655219.362951891,0,0.000000
1648655219.384987430,0,0.000000
1648655219.408189007,0,0.000000
1648655219.431731693,0,0.003000
1648655219.453939473,0,0.000000
1648655219.475509679,0,0.000000
1648655219.498919249,0,0.000000
1648655219.521928972,0,0.000000
1648655219.545701253,0,0.005000
1648655219.569173100,0,0.000000
1648655219.592522413,0,0.000000
1648655219.615547106,0,0.000000
1648655219.638373822,0,0.000000
1648655219.660705022,0,0.000000
1648655219.682334623,0,0.000000
1648655219.703254869,0,0.000000
1648655219.724553933,0,0.000000
1648655219.745268025,0,0.000000
1648655219.766392209,0,0.000000
1648655219.789885787,0,0.000000
1648655219.813329186,0,0.000000
1648655219.835941759,0,0.000000
1648655219.859005405,0,0.000000
1648655219.882041473,0,0.000000
1648655219.903069052,0,0.000000
1648655219.925557612,0,0.000000
1648655219.948630753,0,0.000000
1648655219.971968711,1,0.000000
1648655219.994340330,0,0.000000
1648655220.016580469,0,0.000000
1648655220.038710001,0,0.000000
1648655220.062238331,0,0.000000
1648655220.085824229,0,0.000000
1648655220.107959467,0,0.000000
1648655220.132196892,0,0.000000
1648655220.154248097,0,0.000000
1648655220.176015322,0,0.000000
1648655220.197261558,0,0.000000
1648655220.219032955,0,0.000000
1648655220.241561043,0,0.004000
1648655220.263934665,0,0.000000
1648655220.285065333,0,0.000000
1648655220.307504385,1,0.000000
1648655220.327907481,0,0.000000
1648655220.349047589,0,0.000000
1648655220.372224441,1,0.001000
1648655220.393381512,0,0.009000
1648655220.414946800,0,0.000000
1648655220.440285221,0,0.000000
1648655220.461912208,0,0.000000
1648655220.485353642,0,0.000000
1648655220.504829285,0,0.000000
1648655220.525895204,0,0.000000
1648655220.547894074,0,0.004000
1648655220.570404345,0,0.000000
1648655220.591351552,0,0.000000
1648655220.615158977,0,0.000000
1648655220.638926092,0,0.006000
1648655220.658694944,0,0.000000
1648655220.679742363,0,0.000000
1648655220.703541245,0,0.000000
1648655220.726665222,0,0.000000
1648655220.748196713,0,0.000000
1648655220.771165628,0,0.000000
1648655220.795138024,0,0.000000
1648655220.816342674,0,0.000000
1648655220.838812809,0,0.001000
1648655220.861188274,0,0.000000
1648655220.885755962,0,0.000000
1648655220.907093263,0,0.000000
1648655220.929613485,1,0.000000
1648655220.949327184,0,0.000000
1648655220.973249402,1,0.012000
1648655220.996270908,0,0.000000
1648655221.018213934,0,0.000000
1648655221.040619116,0,0.000000
1648655221.062588957,0,0.000000
1648655221.086155778,0,0.000000
1648655221.107011771,0,0.000000
1648655221.129189986,0,0.000000
1648655221.152295888,0,0.007000
1648655221.175805695,0,0.000000
1648655221.197280671,0,0.000000
1648655221.219435483,0,0.000000
1648655221.240304389,0,0.000000
1648655221.261652555,0,0.007000
1648655221.283254680,0,0.000000
1648655221.306591405,0,0.000000
1648655221.327582543,0,0.000000
1648655221.349604264,0,0.000000
1648655221.373060118,0,0.000000
1648655221.394571981,0,0.000000
1648655221.416095900,0,0.000000
1648655221.437933628,0,0.000000
1648655221.459220453,0,0.000000
1648655221.480785065,0,0.000000
1648655221.502958430,0,0.000000
1648655221.526574474,0,0.000000
1648655221.548117870,1,0.023000
1648655221.571558890,0,0.000000
1648655221.591180457,0,0.000000
1648655221.614657908,0,0.000000
1648655221.635861762,0,0.000000
1648655221.658062020,0,0.000000
1648655221.679989654,0,0.000000
1648655221.701106875,0,0.000000
1648655221.723709789,0,0.001000
1648655221.744791478,0,0.000000
1648655221.767455700,0,0.000000
1648655221.791033237,0,0.000000
1648655221.813068485,0,0.000000
1648655221.836253168,0,0.000000
1648655221.860087331,0,0.000000
1648655221.881297298,0,0.000000
1648655221.902736511,0,0.000000
1648655221.925506264,0,0.001000
1648655221.948101113,0,0.000000
1648655221.969126665,0,0.000000
1648655221.990613317,0,0.000000
1648655222.012876580,0,0.000000
1648655222.035298222,0,0.000000
1648655222.059160214,0,0.000000
1648655222.080501851,0,0.000000
1648655222.101905115,0,0.000000
1648655222.123160476,0,0.000000
1648655222.144618596,0,0.000000
1648655222.166183479,1,0.000000
1648655222.188907728,0,0.000000
1648655222.211729388,0,0.008000
1648655222.233800976,0,0.000000
1648655222.255981853,0,0.000000
1648655222.277128908,0,0.000000
1648655222.298419399,0,0.000000
1648655222.321960590,0,0.000000
1648655222.343088210,0,0.000000
1648655222.364848452,0,0.001000
1648655222.388189907,1,0.006000
1648655222.411727038,0,0.000000
1648655222.433725405,0,0.000000
1648655222.457393062,0,0.000000
1648655222.478897782,0,0.000000
1648655222.501723427,0,0.004000
1648655222.523141515,0,0.000000
1648655222.544403269,0,0.000000
1648655222.567443985,0,0.000000
1648655222.588236711,0,0.000000
1648655222.611259316,0,0.000000
1648655222.632757381,0,0.000000
1648655222.656439126,0,0.000000
1648655222.678732799,0,0.000000
1648655222.701116597,0,0.000000
1648655222.721836483,0,0.003000
1648655222.744563242,0,0.000000
1648655222.767945333,0,0.000000
1648655222.788013135,0,0.000000
1648655222.809096440,0,0.000000
1648655222.831376650,0,0.000000
1648655222.852877553,0,0.000000
1648655222.876887839,0,0.000000
1648655222.899114783,0,0.000000
1648655222.920629442,0,0.000000
1648655222.943450385,0,0.000000
1648655222.966338669,0,0.000000
1648655222.987106165,0,0.000000
1648655223.010939370,0,0.000000
1648655223.033146251,1,0.000000
1648655223.056808055,0,0.000000
1648655223.080537043,0,0.000000
1648655223.101221925,0,0.000000
1648655223.122196325,0,0.000000
1648655223.144447032,0,0.000000
1648655223.166262141,0,0.000000
1648655223.188842477,0,0.000000
1648655223.208936814,0,0.000000
1648655223.230466945,0,0.000000
1648655223.252464499,0,0.000000
1648655223.276063164,0,0.000000
1648655223.299256705,1,0.000000
1648655223.322119095,0,0.000000
1648655223.344083103,0,0.000000
1648655223.366391657,0,0.000000
1648655223.389500198,0,0.000000
1648655223.412191505,0,0.000000
1648655223.433020480,0,0.000000
1648655223.456459578,0,0.000000
1648655223.477947092,0,0.000000
1648655223.499572552,0,0.000000
1648655223.522050153,0,0.001000
1648655223.543856081,0,0.000000
1648655223.566011395,1,0.000000
1648655223.587260200,0,0.011000
1648655223.606745527,0,0.000000
1648655223.627398259,0,0.000000
1648655223.648659087,0,0.000000
1648655223.670971592,0,0.000000
1648655223.693307259,0,0.000000
1648655223.715552533,0,0.000000
1648655223.737272487,0,0.000000
1648655223.759967720,0,0.007000
1648655223.782494941,0,0.003000
1648655223.803989579,0,0.000000
1648655223.824870501,0,0.000000
1648655223.848393423,0,0.000000
1648655223.868833019,0,0.011000
1648655223.891548084,0,0.000000
1648655223.914042368,0,0.000000
1648655223.937558723,0,0.007000
1648655223.960252797,0,0.000000
1648655223.983549261,0,0.000000
1648655224.007378533,0,0.000000
1648655224.029183174,0,0.000000
1648655224.050038144,0,0.019000
1648655224.072609936,0,0.001000
1648655224.095791450,0,0.000000
1648655224.118387673,0,0.000000
1648655224.140186408,0,0.000000
1648655224.162702138,0,0.000000
1648655224.185300134,2,0.000000
1648655224.207170995,0,0.000000
1648655224.229130742,0,0.000000
1648655224.251508637,0,0.001000
1648655224.273264167,0,0.000000
1648655224.294341625,0,0.000000
1648655224.314237281,0,0.000000
1648655224.335793616,0,0.001000
1648655224.358900080,0,0.000000
1648655224.382969523,0,0.000000
1648655224.404229197,0,0.000000
1648655224.426457701,0,0.000000
1648655224.450228129,0,0.000000
1648655224.471965519,0,0.000000
1648655224.495718805,0,0.000000
1648655224.517299167,0,0.000000
1648655224.541009739,0,0.000000
1648655224.563630517,0,0.000000
1648655224.584933408,0,0.000000
1648655224.607198764,0,0.000000
1648655224.627715687,0,0.000000
1648655224.650626508,0,0.003000
1648655224.674744870,0,0.000000
1648655224.696612264,0,0.000000
1648655224.719192028,0,0.000000
1648655224.740080627,0,0.000000
1648655224.761747810,0,0.000000
1648655224.785196165,0,0.000000
1648655224.806448167,0,0.000000
1648655224.829593487,0,0.000000
1648655224.853982712,0,0.000000
1648655224.878183580,1,0.000000
1648655224.898029758,0,0.001000
1648655224.920079981,0,0.000000
1648655224.941066613,0,0.004000
1648655224.963610358,0,0.000000
1648655224.985209917,0,0.000000
1648655225.008971172,0,0.000000
1648655225.031660153,0,0.000000
1648655225.053019010,0,0.000000
1648655225.076888533,0,0.000000
1648655225.097299429,0,0.002000
1648655225.119009084,0,0.000000
1648655225.140941212,2,0.000000
1648655225.163590954,0,0.000000
1648655225.186558165,1,0.009000
1648655225.210585451,0,0.000000
1648655225.233261250,0,0.000000
1648655225.253673494,0,0.001000
1648655225.277560710,1,0.000000
1648655225.300972961,0,0.000000
1648655225.322933803,0,0.000000
1648655225.346761807,0,0.000000
1648655225.370163859,0,0.000000
1648655225.391401252,0,0.000000
1648655225.412549309,0,0.000000
1648655225.432765187,0,0.000000
1648655225.455763352,0,0.000000
1648655225.479300029,0,0.000000
1648655225.501657905,0,0.000000
1648655225.525324823,1,0.000000
1648655225.548645428,0,0.000000
1648655225.570182852,0,0.000000
1648655225.593349015,0,0.000000
1648655225.616349976,0,0.000000
1648655225.638803658,0,0.000000
1648655225.662550258,0,0.000000
1648655225.685712493,1,0.001000
1648655225.707119298,0,0.000000
1648655225.729606540,0,0.000000
1648655225.753103303,0,0.000000
1648655225.773897207,0,0.000000
1648655225.795387417,0,0.000000
1648655225.817694996,0,0.000000
1648655225.838331343,0,0.000000
1648655225.861114393,0,0.000000
1648655225.884741201,0,0.000000
1648655225.908117999,0,0.000000
1648655225.930423222,0,0.000000
1648655225.953224952,0,0.000000
1648655225.976737309,0,0.000000
1648655225.999345693,1,0.008000
1648655226.022908202,0,0.000000
1648655226.044036499,0,0.000000
1648655226.064117367,0,0.000000
1648655226.087218249,0,0.000000
1648655226.109360838,1,0.001000
1648655226.132072034,0,0.000000
1648655226.154114051,0,0.003000
1648655226.177745604,0,0.000000
1648655226.200405271,0,0.000000
1648655226.223094672,0,0.000000
1648655226.243062262,0,0.000000
1648655226.263681476,0,0.000000
1648655226.287406875,0,0.000000
1648655226.310417060,0,0.000000
1648655226.332397593,1,0.016000
1648655226.354614181,0,0.000000
1648655226.376231794,0,0.000000
1648655226.399455246,0,0.000000
1648655226.421749279,0,0.000000
1648655226.443247960,0,0.000000
1648655226.465284201,0,0.001000
1648655226.486042744,0,0.000000
1648655226.507907986,0,0.000000
1648655226.530150553,0,0.000000
1648655226.553308621,1,0.001000
1648655226.577335879,0,0.000000
1648655226.600456864,0,0.000000
1648655226.623097193,0,0.000000
1648655226.645359714,0,0.000000
1648655226.668312454,0,0.000000
1648655226.692279172,0,0.000000
1648655226.714496649,0,0.000000
1648655226.736802697,0,0.000000
1648655226.758013715,0,0.000000
1648655226.781801783,0,0.000000
1648655226.805472932,0,0.001000
1648655226.826802787,0,0.000000
1648655226.848837894,0,0.000000
1648655226.872072728,0,0.000000
1648655226.893972087,0,0.000000
1648655226.916887923,0,0.000000
1648655226.938815830,0,0.000000
1648655226.961068872,0,0.000000
1648655226.983430435,1,0.008000
1648655227.006695795,0,0.000000
1648655227.029192908,0,0.000000
1648655227.048891054,0,0.000000
1648655227.070147744,0,0.000000
1648655227.092882012,1,0.000000
1648655227.114712320,0,0.000000
1648655227.138103711,0,0.000000
1648655227.159479279,0,0.006000
1648655227.181211346,0,0.000000
1648655227.204334678,0,0.000000
1648655227.225240367,0,0.000000
1648655227.246415115,0,0.000000
1648655227.269009264,0,0.000000
1648655227.292105574,0,0.000000
1648655227.313072314,0,0.000000
1648655227.335416092,0,0.000000
1648655227.358925321,0,0.000000
1648655227.381710935,0,0.000000
1648655227.404710376,0,0.000000
1648655227.426664920,0,0.000000
1648655227.447038692,0,0.003000
1648655227.469388099,0,0.000000
1648655227.491344044,1,0.001000
1648655227.514240571,0,0.000000
1648655227.535928375,0,0.000000
1648655227.558970767,0,0.000000
1648655227.580802435,0,0.000000
1648655227.603152573,0,0.000000
1648655227.624831033,0,0.000000
1648655227.648563023,0,0.000000
1648655227.671878610,0,0.001000
1648655227.694165294,0,0.000000
1648655227.717316175,0,0.000000
1648655227.740829316,0,0.000000
1648655227.762287753,0,0.000000
1648655227.784459794,0,0.000000
1648655227.807306428,0,0.000000
1648655227.833606166,0,0.000000
1648655227.854115403,0,0.000000
1648655227.873215202,0,0.000000
1648655227.894960791,0,0.000000
1648655227.915471563,0,0.000000
1648655227.937903685,0,0.008000
1648655227.960912150,1,0.000000
1648655227.983168435,0,0.000000
1648655228.004952308,0,0.000000
1648655228.028057686,0,0.006000
1648655228.048849914,0,0.020000
1648655228.072387544,0,0.004000
1648655228.095806572,0,0.000000
1648655228.118450926,0,0.013000
1648655228.140943933,0,0.001000
1648655228.165417954,0,0.000000
1648655228.188907134,0,0.000000
1648655228.211047047,0,0.000000
1648655228.235100475,0,0.000000
1648655228.257309190,0,0.001000
1648655228.280348841,0,0.000000
1648655228.301878251,0,0.011000
1648655228.323537199,0,0.000000
1648655228.346220690,0,0.000000
1648655228.369161424,0,0.000000
1648655228.392261896,0,0.000000
1648655228.413762744,0,0.000000
1648655228.435162808,0,0.000000
1648655228.456234490,0,0.000000
1648655228.477410934,0,0.000000
1648655228.499687428,0,0.000000
1648655228.520511111,0,0.000000
1648655228.544100917,0,0.000000
1648655228.567005162,0,0.000000
1648655228.589137110,0,0.000000
1648655228.613303440,0,0.000000
1648655228.637361884,0,0.000000
1648655228.661394254,0,0.000000
1648655228.683102281,0,0.003000
1648655228.707310384,0,0.004000
1648655228.730311145,0,0.003000
1648655228.755034964,0,0.000000
1648655228.776647466,0,0.000000
1648655228.799073608,0,0.000000
1648655228.823317968,0,0.000000
1648655228.845114498,0,0.000000
1648655228.865663259,0,0.007000
1648655228.887838605,0,0.000000
1648655228.911276621,0,0.000000
1648655228.932549519,0,0.000000
1648655228.955384939,0,0.001000
1648655228.976656494,0,0.000000
1648655228.999098448,0,0.000000
1648655229.021544885,0,0.000000
1648655229.045110487,0,0.000000
1648655229.067841716,0,0.000000
1648655229.090180592,0,0.000000
1648655229.113012667,0,0.000000
1648655229.136904217,0,0.000000
1648655229.161283697,0,0.000000
1648655229.185422345,0,0.003000
1648655229.207733435,0,0.000000
1648655229.230220603,0,0.000000
1648655229.251060328,0,0.000000
1648655229.274570402,0,0.000000
1648655229.296211992,0,0.000000
1648655229.316785438,0,0.000000
1648655229.339390478,0,0.000000
1648655229.361698714,0,0.000000
1648655229.384536060,0,0.003000
1648655229.407938588,0,0.007000
1648655229.431095371,0,0.000000
1648655229.453441547,1,0.000000
1648655229.474351480,0,0.000000
1648655229.498336302,0,0.000000
1648655229.521780780,1,0.000000
1648655229.545408065,0,0.000000
1648655229.566150256,0,0.000000
1648655229.590006529,0,0.000000
1648655229.616305139,0,0.000000
1648655229.638940398,0,0.000000
1648655229.662350968,0,0.000000
1648655229.685842839,0,0.000000
1648655229.710138326,0,0.000000
1648655229.733117629,0,0.000000
1648655229.757213704,0,0.000000
1648655229.780884948,0,0.000000
1648655229.804029562,0,0.000000
1648655229.827318484,0,0.000000
1648655229.851648774,0,0.001000
1648655229.875388113,0,0.000000
1648655229.897394009,0,0.000000
1648655229.920697464,0,0.000000
1648655229.942777971,0,0.000000
1648655229.966661333,0,0.017000
1648655229.988262453,0,0.000000
1648655230.009972827,0,0.001000
1648655230.033591125,0,0.000000
1648655230.057070482,0,0.000000
1648655230.079767262,0,0.002000
1648655230.101395137,0,0.000000
1648655230.125050023,0,0.000000
1648655230.148558932,0,0.000000
1648655230.171922308,0,0.000000
1648655230.194065889,0,0.000000
1648655230.215868948,0,0.000000
1648655230.238908924,0,0.000000
1648655230.261700053,0,0.000000
1648655230.285401754,0,0.001000
1648655230.307992986,0,0.000000
1648655230.330171582,0,0.000000
1648655230.351263511,0,0.000000
1648655230.374693419,0,0.001000
1648655230.396030367,0,0.000000
1648655230.418445536,0,0.000000
1648655230.440237411,0,0.000000
1648655230.462712640,0,0.000000
1648655230.485191399,0,0.000000
1648655230.506186584,0,0.000000
1648655230.528890600,0,0.006000
1648655230.550740773,0,0.000000
1648655230.574085098,0,0.000000
1648655230.595384973,0,0.003000
1648655230.618747169,0,0.003000
1648655230.641962995,0,0.000000
1648655230.664341999,0,0.000000
1648655230.686714239,0,0.000000
1648655230.709991668,0,0.000000
1648655230.731993623,0,0.000000
1648655230.755953424,0,0.000000
1648655230.778280568,0,0.000000
1648655230.800440642,0,0.000000
1648655230.821937132,0,0.000000
1648655230.845889861,0,0.000000
1648655230.868275184,0,0.000000
1648655230.892308303,0,0.001000
1648655230.914682476,0,0.000000
1648655230.937680027,0,0.002000
1648655230.960431420,0,0.000000
1648655230.984139410,0,0.000000
1648655231.006787331,0,0.000000
1648655231.030096830,0,0.000000
1648655231.052324485,0,0.000000
1648655231.076237283,0,0.010000
1648655231.099052271,0,0.000000
1648655231.122818455,0,0.000000
1648655231.146275774,0,0.000000
1648655231.169566984,0,0.015000
1648655231.193609493,0,0.000000
1648655231.215010043,0,0.000000
1648655231.236889886,0,0.000000
1648655231.259360814,0,0.001000
1648655231.279770699,0,0.000000
1648655231.302340147,0,0.000000
1648655231.324012236,0,0.000000
1648655231.346401423,0,0.000000
1648655231.369431876,0,0.001000
1648655231.392192130,0,0.000000
1648655231.415245251,0,0.003000
1648655231.437110772,0,0.000000
1648655231.458216394,0,0.000000
1648655231.480570767,0,0.000000
1648655231.504981187,0,0.000000
1648655231.529309244,0,0.000000
1648655231.551921018,0,0.000000
1648655231.576172322,0,0.000000
1648655231.597681037,0,0.005000
1648655231.618169850,0,0.000000
1648655231.642017543,0,0.000000
1648655231.664368902,0,0.000000
1648655231.687229973,0,0.000000
1648655231.710149663,0,0.001000
1648655231.733307132,0,0.000000
1648655231.754845837,0,0.000000
1648655231.776062602,0,0.000000
1648655231.798901122,0,0.000000
1648655231.820509879,0,0.000000
1648655231.842382900,0,0.000000
1648655231.865540642,0,0.000000
1648655231.888930239,0,0.000000
1648655231.910334723,0,0.000000
1648655231.932949768,0,0.000000
1648655231.954476544,0,0.000000
1648655231.976740148,0,0.000000
1648655231.997760523,0,0.003000
1648655232.018944318,0,0.000000
1648655232.041002189,0,0.000000
1648655232.062140791,0,0.000000
1648655232.084641613,0,0.000000
1648655232.107255490,0,0.000000
1648655232.129377152,0,0.000000
1648655232.149356723,0,0.000000
1648655232.170690370,0,0.004000
1648655232.192854714,0,0.000000
1648655232.214821571,0,0.000000
1648655232.237243435,0,0.000000
1648655232.259222558,0,0.000000
1648655232.280873418,0,0.000000
1648655232.303195540,0,0.000000
1648655232.323270377,0,0.000000
1648655232.346395498,0,0.007000
1648655232.368043787,0,0.000000
1648655232.390566804,0,0.000000
1648655232.412841980,0,0.000000
1648655232.435493927,0,0.000000
1648655232.457219826,0,0.000000
1648655232.480662772,0,0.000000
1648655232.504088895,0,0.000000
1648655232.527131713,1,0.000000
1648655232.548565059,0,0.000000
1648655232.570721359,0,0.000000
1648655232.593466998,0,0.000000
1648655232.617005297,0,0.000000
1648655232.636185732,0,0.000000
1648655232.659600494,0,0.000000
1648655232.682626009,0,0.001000
1648655232.706827198,0,0.000000
1648655232.730132786,0,0.004000
1648655232.752334551,0,0.000000
1648655232.774068591,0,0.000000
1648655232.797131069,0,0.000000
1648655232.819786037,0,0.000000
1648655232.843268305,0,0.000000
1648655232.865295182,0,0.000000
1648655232.887373329,0,0.000000
1648655232.909977957,0,0.000000
1648655232.932998893,0,0.000000
1648655232.954598354,0,0.000000
1648655232.977941503,0,0.000000
1648655233.000091510,0,0.000000
1648655233.023649138,0,0.000000
1648655233.045111656,0,0.000000
1648655233.068443425,0,0.000000
1648655233.088431384,0,0.000000
1648655233.110071776,0,0.000000
1648655233.131587359,0,0.004000
1648655233.152864083,0,0.000000
1648655233.173902416,0,0.000000
1648655233.194547857,0,0.000000
1648655233.217712716,0,0.000000
1648655233.242164471,0,0.000000
1648655233.264032192,0,0.000000
1648655233.284253953,0,0.000000
1648655233.304412157,0,0.000000
1648655233.326264541,0,0.000000
1648655233.348569644,0,0.000000
1648655233.371163959,0,0.000000
1648655233.391089119,0,0.000000
1648655233.413926991,0,0.000000
1648655233.436795747,0,0.003000
1648655233.460356316,0,0.000000
1648655233.481788858,0,0.000000
1648655233.503152479,0,0.000000
1648655233.526460206,0,0.000000
1648655233.547024085,0,0.000000
1648655233.571457637,0,0.000000
1648655233.594081729,0,0.000000
1648655233.614873921,0,0.006000
1648655233.637397959,0,0.000000
1648655233.658863168,0,0.000000
1648655233.682088769,0,0.000000
1648655233.705357346,0,0.000000
1648655233.727114640,0,0.000000
1648655233.748266036,0,0.000000
1648655233.771342275,0,0.011000
1648655233.791673581,0,0.008000
1648655233.815208634,0,0.000000
1648655233.838409929,0,0.000000
1648655233.860151182,0,0.000000
1648655233.883303140,0,0.000000
1648655233.905966756,0,0.000000
1648655233.927972604,0,0.000000
1648655233.949374016,0,0.000000
1648655233.971534539,0,0.000000
1648655233.992441748,0,0.000000
1648655234.016074248,0,0.000000
1648655234.039162724,0,0.000000
1648655234.061253099,0,0.000000
1648655234.085207336,1,0.004000
1648655234.106431729,0,0.000000
1648655234.126920910,0,0.000000
1648655234.150543399,0,0.000000
1648655234.170578408,0,0.001000
1648655234.193375553,0,0.000000
1648655234.215311468,0,0.000000
1648655234.236983834,0,0.000000
1648655234.259874082,0,0.000000
1648655234.279270284,0,0.000000
1648655234.300107318,0,0.000000
1648655234.320890664,0,0.000000
1648655234.343000996,0,0.000000
1648655234.365247665,0,0.002000
1648655234.386480710,0,0.000000
1648655234.409954509,0,0.000000
1648655234.432216785,1,0.000000
1648655234.455288293,0,0.000000
1648655234.476466376,0,0.000000
1648655234.500436227,0,0.000000
1648655234.523045713,0,0.000000
1648655234.544285530,0,0.000000
1648655234.563080365,0,0.000000
1648655234.586030303,0,0.000000
1648655234.607938399,0,0.000000
1648655234.630058992,0,0.000000
1648655234.653605403,0,0.000000
1648655234.675314806,0,0.003000
1648655234.697680106,0,0.000000
1648655234.718980845,0,0.000000
1648655234.739079318,0,0.000000
1648655234.760171195,0,0.000000
1648655234.784077351,0,0.001000
1648655234.806069469,0,0.000000
1648655234.829085384,0,0.000000
1648655234.851911947,0,0.000000
1648655234.874129136,0,0.000000
1648655234.895970310,0,0.000000
1648655234.918692529,0,0.000000
1648655234.942283610,0,0.000000
1648655234.964878661,0,0.000000
1648655234.988503049,0,0.000000
1648655235.011030191,0,0.000000
1648655235.032991382,0,0.003000
1648655235.055746885,0,0.000000
1648655235.077521940,0,0.000000
1648655235.101146697,0,0.000000
1648655235.122291188,0,0.000000
1648655235.144923461,0,0.000000
1648655235.166935431,0,0.022000
1648655235.187898696,0,0.000000
1648655235.208286067,1,0.001000
1648655235.230367341,0,0.000000
1648655235.251776682,0,0.000000
1648655235.273133859,0,0.000000
1648655235.294601566,0,0.000000
1648655235.315374365,0,0.000000
1648655235.338103787,0,0.000000
1648655235.359488507,0,0.000000
1648655235.382997991,0,0.000000
1648655235.405085877,0,0.000000
1648655235.428207050,0,0.001000
1648655235.448677486,1,0.000000
1648655235.471701163,0,0.000000
1648655235.494510996,0,0.000000
1648655235.517316784,0,0.000000
1648655235.539682501,0,0.000000
1648655235.562214991,0,0.000000
1648655235.585235611,0,0.000000
1648655235.608073077,0,0.003000
1648655235.632198658,0,0.000000
1648655235.654296281,0,0.000000
1648655235.675289888,0,0.000000
1648655235.696057013,0,0.000000
1648655235.718923492,0,0.000000
1648655235.741022652,0,0.000000
1648655235.764010468,0,0.000000
1648655235.787327935,0,0.000000
1648655235.809997213,0,0.000000
1648655235.832965113,0,0.000000
1648655235.854401994,0,0.000000
1648655235.877927824,0,0.000000
1648655235.900914363,0,0.000000
1648655235.922038013,0,0.000000
1648655235.943823997,0,0.000000
1648655235.964625954,0,0.000000
1648655235.984139673,0,0.000000
1648655236.007610405,0,0.000000
1648655236.029102144,0,0.000000
1648655236.051200876,0,0.000000
1648655236.074147513,0,0.000000
1648655236.096054379,0,0.000000
1648655236.118722529,0,0.000000
1648655236.140352223,0,0.000000
1648655236.161228383,0,0.000000
1648655236.184001247,0,0.000000
1648655236.205401680,0,0.000000
1648655236.227279523,1,0.000000
1648655236.250152412,0,0.000000
1648655236.272075646,0,0.003000
1648655236.294019602,0,0.000000
1648655236.315936608,0,0.000000
1648655236.338346436,0,0.000000
1648655236.359974924,0,0.000000
1648655236.381740669,0,0.000000
1648655236.403666212,0,0.000000
1648655236.425181373,0,0.003000
1648655236.447486347,0,0.000000
1648655236.469078042,0,0.000000
1648655236.491553174,0,0.000000
1648655236.513120708,0,0.000000
1648655236.535387436,0,0.000000
1648655236.558260769,0,0.000000
1648655236.581387649,0,0.000000
1648655236.604194064,0,0.000000
1648655236.626589733,0,0.000000
1648655236.648753781,0,0.000000
1648655236.671488602,0,0.000000
1648655236.694032425,0,0.000000
1648655236.717871310,0,0.000000
1648655236.740602453,0,0.003000
1648655236.763259297,0,0.000000
1648655236.786191139,0,0.004000
1648655236.809024213,0,0.000000
1648655236.829893286,0,0.000000
1648655236.853271866,0,0.006000
1648655236.875505748,0,0.000000
1648655236.898863074,0,0.000000
1648655236.922293027,0,0.000000
1648655236.945889225,0,0.000000
1648655236.968697887,0,0.000000
1648655236.989995050,0,0.000000
1648655237.011396328,1,0.000000
1648655237.032360187,0,0.000000
1648655237.054217225,0,0.000000
1648655237.077578729,0,0.000000
1648655237.101083881,0,0.000000
1648655237.124121428,0,0.000000
1648655237.144755510,0,0.000000
1648655237.166326391,0,0.000000
1648655237.188126753,0,0.000000
1648655237.210668250,1,0.000000
1648655237.231253296,0,0.024000
1648655237.254914980,0,0.000000
1648655237.275559115,1,0.000000
1648655237.298086434,0,0.001000
1648655237.320029299,0,0.000000
1648655237.342488243,0,0.000000
1648655237.365008527,0,0.000000
1648655237.387993708,0,0.000000
1648655237.410386373,0,0.003000
1648655237.432815855,0,0.000000
1648655237.455360469,0,0.000000
1648655237.476811659,0,0.000000
1648655237.497185651,0,0.008000
1648655237.519533814,0,0.000000
1648655237.543165079,0,0.000000
1648655237.564392273,0,0.002000
1648655237.585764108,0,0.000000
1648655237.607903016,0,0.000000
1648655237.631444938,0,0.000000
1648655237.652929832,0,0.000000
1648655237.676098368,0,0.000000
1648655237.699276831,0,0.000000
1648655237.721599736,0,0.000000
1648655237.744316693,0,0.000000
1648655237.766470315,0,0.000000
1648655237.789407920,0,0.000000
1648655237.812387458,0,0.000000
1648655237.833497894,0,0.000000
1648655237.854693482,0,0.000000
1648655237.878093014,0,0.000000
1648655237.898560575,0,0.000000
1648655237.921312365,0,0.000000
1648655237.943203638,1,0.013000
1648655237.964468448,0,0.000000
1648655237.985987178,0,0.000000
1648655238.008159055,0,0.000000
1648655238.029493755,0,0.000000
1648655238.053108894,0,0.011000
1648655238.074110256,0,0.000000
1648655238.096875471,0,0.000000
1648655238.120233627,0,0.004000
1648655238.143575982,0,0.000000
1648655238.168161815,0,0.005000
1648655238.190930755,0,0.001000
1648655238.212889078,0,0.000000
1648655238.236187173,0,0.000000
1648655238.260408182,0,0.000000
1648655238.282900894,0,0.000000
1648655238.305013078,0,0.000000
1648655238.326084407,0,0.005000
1648655238.349506529,0,0.000000
1648655238.371403252,0,0.005000
1648655238.393211017,0,0.000000
1648655238.416230064,0,0.000000
1648655238.437251860,0,0.000000
1648655238.459387285,0,0.000000
1648655238.483918399,0,0.000000
1648655238.504231507,0,0.000000
1648655238.526864605,0,0.004000
1648655238.549519746,1,0.000000
1648655238.571543489,0,0.000000
1648655238.594709765,0,0.000000
1648655238.618374282,0,0.000000
1648655238.641497368,0,0.007000
1648655238.662084964,1,0.000000
1648655238.684254613,0,0.000000
1648655238.706083419,0,0.000000
1648655238.729989388,0,0.000000
1648655238.751871006,0,0.000000
1648655238.773283188,0,0.012000
1648655238.794416027,0,0.000000
1648655238.816431567,0,0.000000
1648655238.836293489,0,0.001000
1648655238.857953992,0,0.000000
1648655238.880212503,0,0.000000
1648655238.903775760,0,0.000000
1648655238.925741509,0,0.000000
1648655238.950391913,0,0.020000
1648655238.973362193,0,0.010000
1648655238.994791602,0,0.000000
1648655239.015591880,0,0.000000
1648655239.038831074,1,0.017000
1648655239.060971738,0,0.000000
1648655239.082094061,0,0.000000
1648655239.104349005,0,0.000000
1648655239.125810162,0,0.000000
1648655239.146577258,0,0.000000
1648655239.167767177,0,0.000000
1648655239.188907890,1,0.000000
1648655239.211032541,0,0.000000
1648655239.231870345,0,0.000000
1648655239.253156579,0,0.000000
1648655239.277213082,0,0.000000
1648655239.300998569,0,0.005000
1648655239.321594435,0,0.000000
1648655239.344451259,0,0.001000
1648655239.365249786,0,0.000000
1648655239.387251329,0,0.000000
1648655239.408033670,0,0.000000
1648655239.429199960,0,0.000000
1648655239.451034533,0,0.009000
1648655239.474312017,0,0.000000
1648655239.495292175,0,0.002000
1648655239.519400116,0,0.000000
1648655239.541193231,0,0.000000
1648655239.562660444,0,0.000000
1648655239.584253605,0,0.000000
1648655239.606910407,0,0.000000
1648655239.629666859,0,0.000000
1648655239.652410734,1,0.006000
1648655239.672550226,0,0.000000
1648655239.693632032,0,0.000000
1648655239.716279709,0,0.000000
1648655239.739159717,0,0.000000
1648655239.759923391,0,0.000000
1648655239.781507475,0,0.000000
1648655239.803930787,0,0.000000
1648655239.824880911,0,0.000000
1648655239.847161247,0,0.000000
1648655239.867936581,0,0.000000
1648655239.890476087,0,0.000000
1648655239.913354356,0,0.000000
1648655239.934850171,0,0.000000
1648655239.957108515,0,0.000000
1648655239.979793538,0,0.000000
1648655240.003021596,0,0.000000
1648655240.024899286,0,0.000000
1648655240.048195290,0,0.000000
