1648654625.098643774,0,0.001000
1648654625.122430679,0,0.001000
1648654625.144901716,0,0.001000
1648654625.168000303,0,0.001000
1648654625.189710755,0,0.001000
1648654625.209914235,0,0.001000
1648654625.232238231,0,0.001000
1648654625.254664577,0,0.001000
1648654625.277872899,0,0.001000
1648654625.300127681,0,0.001000
1648654625.323192687,0,0.001000
1648654625.346446409,0,0.001000
1648654625.368569993,0,0.001000
1648654625.390634361,0,0.001000
1648654625.413104443,0,0.001000
1648654625.435335076,31,0.515000
1648654625.458505206,23,0.288000
1648654625.481353666,1,0.004000
1648654625.503058360,0,0.000000
1648654625.525989684,0,0.000000
1648654625.546604761,0,0.000000
1648654625.571228545,0,0.000000
1648654625.593151813,0,0.000000
1648654625.617138906,0,0.000000
1648654625.640536092,0,0.008000
1648654625.663550420,0,0.000000
1648654625.687376701,0,0.000000
1648654625.708853279,0,0.000000
1648654625.732484011,0,0.009000
1648654625.753884447,0,0.000000
1648654625.776419879,0,0.000000
1648654625.799078320,0,0.001000
1648654625.822126860,0,0.000000
1648654625.844484117,1,0.000000
1648654625.867287699,0,0.005000
1648654625.890387323,0,0.000000
1648654625.913544121,0,0.000000
1648654625.934950120,0,0.001000
1648654625.957342351,0,0.000000
1648654625.980746903,0,0.000000
1648654626.001880210,1,0.000000
1648654626.024996568,0,0.000000
1648654626.049794184,0,0.000000
1648654626.074275450,0,0.000000
1648654626.097264456,0,0.001000
1648654626.117443503,0,0.000000
1648654626.139652678,0,0.000000
1648654626.163257880,0,0.000000
1648654626.185298099,0,0.000000
1648654626.207775733,0,0.000000
1648654626.229448572,0,0.000000
1648654626.250534183,0,0.000000
1648654626.272499132,0,0.000000
1648654626.296231260,0,0.001000
1648654626.318503140,0,0.000000
1648654626.340168615,0,0.003000
1648654626.363827734,0,0.000000
1648654626.385488573,0,0.000000
1648654626.408190841,0,0.000000
1648654626.430860083,0,0.000000
1648654626.453952494,0,0.000000
1648654626.478305539,0,0.000000
1648654626.500924482,0,0.000000
1648654626.520673888,0,0.000000
1648654626.543701295,0,0.000000
1648654626.566471765,0,0.000000
1648654626.589740961,0,0.000000
1648654626.612079670,0,0.000000
1648654626.635078183,0,0.000000
1648654626.656983052,0,0.000000
1648654626.679179071,0,0.000000
1648654626.700442386,0,0.000000
1648654626.722151959,0,0.000000
1648654626.744524669,0,0.000000
1648654626.768896019,1,0.003000
1648654626.791402217,0,0.000000
1648654626.813129758,0,0.000000
1648654626.837161882,0,0.001000
1648654626.858158723,0,0.000000
1648654626.880822519,1,0.000000
1648654626.903258471,0,0.000000
1648654626.926501231,0,0.000000
1648654626.948377943,0,0.000000
1648654626.970858800,0,0.000000
1648654626.992316131,0,0.000000
1648654627.014187839,0,0.000000
1648654627.037474956,0,0.000000
1648654627.061353204,0,0.000000
1648654627.083445147,0,0.000000
1648654627.106563799,0,0.000000
1648654627.129060735,0,0.000000
1648654627.153199245,0,0.000000
1648654627.175903627,0,0.000000
1648654627.197284220,0,0.000000
1648654627.219854573,0,0.000000
1648654627.240482346,0,0.000000
1648654627.262411913,1,0.000000
1648654627.283732584,0,0.000000
1648654627.305564623,0,0.000000
1648654627.329551263,0,0.000000
1648654627.352494031,0,0.000000
1648654627.376737113,0,0.001000
1648654627.397319842,0,0.001000
1648654627.419475200,0,0.013000
1648654627.441429852,0,0.000000
1648654627.463395131,0,0.000000
1648654627.486222571,0,0.000000
1648654627.508095574,0,0.000000
1648654627.532766713,0,0.000000
1648654627.554093101,2,0.000000
1648654627.576771457,0,0.000000
1648654627.599098295,0,0.000000
1648654627.621328512,0,0.013000
1648654627.643821714,0,0.000000
1648654627.665416386,0,0.015000
1648654627.686939054,0,0.000000
1648654627.708996370,0,0.000000
1648654627.732063877,0,0.003000
1648654627.755118504,0,0.000000
1648654627.777835631,0,0.001000
1648654627.800902067,0,0.000000
1648654627.824436988,0,0.000000
1648654627.846822641,0,0.001000
1648654627.869792288,0,0.000000
1648654627.892443308,0,0.000000
1648654627.914494464,0,0.000000
1648654627.937503249,1,0.000000
1648654627.960450459,0,0.000000
1648654627.983586463,0,0.000000
1648654628.005810062,0,0.000000
1648654628.029289126,0,0.000000
1648654628.051598574,0,0.000000
1648654628.074943415,0,0.000000
1648654628.096556725,0,0.003000
1648654628.119394382,0,0.000000
1648654628.142456272,0,0.008000
1648654628.162619491,0,0.000000
1648654628.184895758,0,0.000000
1648654628.207358722,0,0.000000
1648654628.228299614,0,0.000000
1648654628.252901501,0,0.000000
1648654628.276711449,0,0.000000
1648654628.300296249,0,0.000000
1648654628.323808612,0,0.000000
1648654628.347331948,0,0.004000
1648654628.370499702,0,0.000000
1648654628.392261597,0,0.000000
1648654628.415509873,0,0.000000
1648654628.437038515,0,0.000000
1648654628.461036259,0,0.000000
1648654628.484189498,0,0.002000
1648654628.507878344,0,0.000000
1648654628.528881565,0,0.000000
1648654628.551490883,0,0.000000
1648654628.574938241,0,0.000000
1648654628.598089546,0,0.000000
1648654628.620398687,0,0.000000
1648654628.644091509,0,0.013000
1648654628.665976843,0,0.003000
1648654628.688936282,0,0.000000
1648654628.712520596,1,0.000000
1648654628.734987402,0,0.000000
1648654628.757052184,0,0.000000
1648654628.779061595,0,0.000000
1648654628.800906536,0,0.000000
1648654628.824337251,0,0.005000
1648654628.847327870,0,0.000000
1648654628.870378453,0,0.001000
1648654628.893358742,0,0.009000
1648654628.914643993,0,0.000000
1648654628.936550138,0,0.000000
1648654628.959421367,0,0.000000
1648654628.983103473,0,0.000000
1648654629.005609814,0,0.000000
1648654629.027442024,0,0.000000
1648654629.049482218,0,0.000000
1648654629.072850403,0,0.001000
1648654629.094323383,0,0.000000
1648654629.117539785,0,0.000000
1648654629.141708139,0,0.000000
1648654629.163002007,0,0.000000
1648654629.185231524,0,0.000000
1648654629.207675529,0,0.000000
1648654629.230369019,0,0.000000
1648654629.254055852,0,0.000000
1648654629.275375532,0,0.000000
1648654629.297161641,0,0.000000
1648654629.319857477,0,0.000000
1648654629.343319855,0,0.001000
1648654629.366929794,0,0.000000
1648654629.389691007,0,0.000000
1648654629.412560249,0,0.000000
1648654629.433594083,0,0.000000
1648654629.455503353,1,0.000000
1648654629.478413006,0,0.000000
1648654629.502024060,0,0.000000
1648654629.525131026,0,0.000000
1648654629.549310739,0,0.000000
1648654629.570971535,0,0.000000
1648654629.593106097,0,0.000000
1648654629.616002857,0,0.000000
1648654629.638123905,0,0.000000
1648654629.660346952,0,0.000000
1648654629.682912752,1,0.000000
1648654629.704971968,0,0.000000
1648654629.726254991,0,0.000000
1648654629.748892968,0,0.000000
1648654629.769834634,0,0.000000
1648654629.790440961,0,0.007000
1648654629.812459910,0,0.000000
1648654629.835058229,0,0.000000
1648654629.859018576,0,0.000000
1648654629.881137969,0,0.000000
1648654629.904117110,0,0.000000
1648654629.927885808,0,0.000000
1648654629.951054585,0,0.000000
1648654629.974353163,0,0.000000
1648654629.997377743,0,0.000000
1648654630.020373200,0,0.000000
1648654630.043448306,0,0.000000
1648654630.066163231,0,0.000000
1648654630.089576062,0,0.000000
1648654630.112280230,0,0.000000
1648654630.135013348,0,0.006000
1648654630.157944462,0,0.000000
1648654630.181101776,0,0.000000
1648654630.203314139,0,0.000000
1648654630.224790583,0,0.000000
1648654630.247255031,0,0.000000
1648654630.269085297,0,0.000000
1648654630.293039277,0,0.000000
1648654630.315243329,0,0.000000
1648654630.336888853,0,0.000000
1648654630.359343084,0,0.000000
1648654630.381613153,0,0.002000
1648654630.405603281,0,0.000000
1648654630.427889750,0,0.000000
1648654630.451356063,0,0.000000
1648654630.472622504,0,0.007000
1648654630.494543416,0,0.000000
1648654630.519436076,0,0.000000
1648654630.543397608,0,0.000000
1648654630.566015739,0,0.003000
1648654630.588394876,0,0.000000
1648654630.611913091,0,0.000000
1648654630.635548892,0,0.000000
1648654630.659199861,0,0.000000
1648654630.681433140,0,0.000000
1648654630.702216481,0,0.000000
1648654630.724448519,0,0.000000
1648654630.744179596,0,0.001000
1648654630.767207618,0,0.000000
1648654630.787040858,0,0.000000
1648654630.809861858,0,0.000000
1648654630.832779164,0,0.000000
1648654630.855847232,0,0.000000
1648654630.879448632,0,0.000000
1648654630.900329431,0,0.000000
1648654630.923578985,0,0.000000
1648654630.947159370,0,0.000000
1648654630.968642328,0,0.000000
1648654630.991281684,0,0.000000
1648654631.013400644,0,0.000000
1648654631.036210056,0,0.000000
1648654631.059347362,0,0.000000
1648654631.082802669,0,0.000000
1648654631.105082658,0,0.000000
1648654631.126912987,0,0.000000
1648654631.150221423,0,0.000000
1648654631.173168490,0,0.000000
1648654631.195804860,0,0.000000
1648654631.219630515,0,0.000000
1648654631.240309198,0,0.003000
1648654631.263811493,0,0.000000
1648654631.286009865,0,0.000000
1648654631.308115455,0,0.000000
1648654631.331888830,0,0.000000
1648654631.353229713,2,0.000000
1648654631.376955173,0,0.000000
1648654631.397539141,0,0.000000
1648654631.419635987,0,0.000000
1648654631.441457855,0,0.000000
1648654631.463997593,0,0.000000
1648654631.485522774,0,0.000000
1648654631.506572948,0,0.000000
1648654631.528237606,0,0.000000
1648654631.551465694,0,0.000000
1648654631.574693416,0,0.000000
1648654631.597477853,0,0.000000
1648654631.620093866,0,0.000000
1648654631.643202411,0,0.000000
1648654631.666511097,1,0.000000
1648654631.688379940,0,0.000000
1648654631.713493846,0,0.000000
1648654631.737185896,0,0.000000
1648654631.759556599,0,0.000000
1648654631.782852730,0,0.000000
1648654631.805820026,0,0.000000
1648654631.827549414,0,0.005000
1648654631.851176239,0,0.000000
1648654631.874072031,0,0.000000
1648654631.895704752,0,0.000000
1648654631.919811766,0,0.000000
1648654631.941005308,0,0.000000
1648654631.963495610,0,0.000000
1648654631.985563536,1,0.013000
1648654632.007683665,0,0.000000
1648654632.030050838,0,0.000000
1648654632.053484713,0,0.000000
1648654632.074892521,0,0.000000
1648654632.098140583,0,0.000000
1648654632.121958013,0,0.000000
1648654632.146572405,0,0.000000
1648654632.168434376,0,0.000000
1648654632.190960806,0,0.000000
1648654632.213483578,0,0.008000
1648654632.235386739,0,0.001000
1648654632.257497658,0,0.000000
1648654632.280544131,0,0.000000
1648654632.304488886,0,0.000000
1648654632.326425428,0,0.000000
1648654632.350177810,0,0.000000
1648654632.374205495,0,0.000000
1648654632.395509242,0,0.000000
1648654632.418922002,0,0.000000
1648654632.441626313,0,0.000000
1648654632.466313612,0,0.000000
1648654632.487898206,0,0.000000
1648654632.510666250,0,0.000000
1648654632.533370417,0,0.000000
1648654632.556324091,0,0.000000
1648654632.579038740,0,0.000000
1648654632.602280347,0,0.000000
1648654632.625912147,0,0.000000
1648654632.648774569,0,0.002000
1648654632.671114274,0,0.000000
1648654632.693387036,0,0.000000
1648654632.718203971,0,0.000000
1648654632.739853912,0,0.000000
1648654632.761764260,0,0.000000
1648654632.783532121,0,0.004000
1648654632.807939414,0,0.000000
1648654632.830220669,0,0.000000
1648654632.853104529,0,0.000000
1648654632.876813786,0,0.000000
1648654632.899759094,0,0.000000
1648654632.923164293,0,0.000000
1648654632.945952435,0,0.000000
1648654632.968437186,0,0.000000
1648654632.992262375,0,0.000000
1648654633.014157519,0,0.000000
1648654633.035588891,0,0.000000
1648654633.059629663,0,0.000000
1648654633.082099194,0,0.000000
1648654633.105382513,0,0.000000
1648654633.130448725,1,0.000000
1648654633.153729753,0,0.000000
1648654633.175419861,0,0.000000
1648654633.197773358,0,0.000000
1648654633.222818389,0,0.000000
1648654633.243844321,0,0.000000
1648654633.265177698,0,0.000000
1648654633.289225091,0,0.006000
1648654633.310823157,0,0.000000
1648654633.330891606,0,0.000000
1648654633.352715807,0,0.000000
1648654633.376998951,0,0.000000
1648654633.399162721,0,0.003000
1648654633.420826324,1,0.000000
1648654633.444312277,0,0.000000
1648654633.465863649,0,0.000000
1648654633.489070003,0,0.000000
1648654633.512869105,0,0.000000
1648654633.533001886,0,0.000000
1648654633.556970143,0,0.000000
1648654633.578815995,0,0.000000
1648654633.601825942,0,0.000000
1648654633.625385875,0,0.000000
1648654633.648467353,0,0.000000
1648654633.669576657,0,0.000000
1648654633.693324850,0,0.000000
1648654633.716326484,0,0.000000
1648654633.740046425,0,0.001000
1648654633.760953326,0,0.000000
1648654633.785356597,0,0.002000
1648654633.806997965,0,0.000000
1648654633.831081893,0,0.000000
1648654633.853181946,0,0.000000
1648654633.876846138,0,0.000000
1648654633.899140044,0,0.000000
1648654633.922736910,0,0.000000
1648654633.945894929,0,0.001000
1648654633.970446652,0,0.000000
1648654633.992847046,0,0.000000
1648654634.017429961,0,0.000000
1648654634.039573522,0,0.000000
1648654634.062004465,0,0.000000
1648654634.085537006,0,0.000000
1648654634.107806066,0,0.000000
1648654634.130200214,0,0.001000
1648654634.152204217,0,0.000000
1648654634.175087133,0,0.000000
1648654634.197985938,0,0.000000
1648654634.219430790,0,0.000000
1648654634.241527713,0,0.000000
1648654634.263213843,0,0.000000
1648654634.286806594,0,0.000000
1648654634.310252866,0,0.000000
1648654634.332195858,0,0.001000
1648654634.357012645,0,0.000000
1648654634.381442258,0,0.000000
1648654634.402878963,1,0.000000
1648654634.426524539,0,0.000000
1648654634.449248370,0,0.000000
1648654634.473064644,0,0.000000
1648654634.494885320,0,0.000000
1648654634.518290088,0,0.001000
1648654634.542335786,0,0.000000
1648654634.563026061,0,0.000000
1648654634.586272868,0,0.000000
1648654634.609290136,0,0.000000
1648654634.632469371,0,0.000000
1648654634.656258345,1,0.000000
1648654634.679070243,0,0.000000
1648654634.700986377,0,0.000000
1648654634.725493134,0,0.001000
1648654634.746645570,0,0.000000
1648654634.767247592,0,0.000000
1648654634.789141174,0,0.000000
1648654634.813153763,0,0.000000
1648654634.833567525,0,0.000000
1648654634.857855970,0,0.008000
1648654634.880257138,0,0.000000
1648654634.902321803,0,0.000000
1648654634.923398876,0,0.000000
1648654634.944140449,0,0.000000
1648654634.967150112,0,0.000000
1648654634.988246343,0,0.001000
1648654635.012320009,0,0.000000
1648654635.034806666,0,0.000000
1648654635.058964533,1,0.000000
1648654635.082936727,0,0.006000
1648654635.106415735,0,0.000000
1648654635.128252454,0,0.000000
1648654635.150773015,0,0.000000
1648654635.171005823,0,0.000000
1648654635.192870373,0,0.000000
1648654635.216854727,0,0.000000
1648654635.239406533,0,0.000000
1648654635.263128644,0,0.000000
1648654635.286257199,0,0.000000
1648654635.307754995,0,0.002000
1648654635.330257672,0,0.008000
1648654635.353433813,0,0.000000
1648654635.377180928,0,0.000000
1648654635.401206805,0,0.000000
1648654635.421089255,0,0.000000
1648654635.444624347,0,0.000000
1648654635.467427822,0,0.000000
1648654635.491296552,0,0.000000
1648654635.513085619,0,0.000000
1648654635.534633134,0,0.006000
1648654635.558046872,0,0.000000
1648654635.580389829,0,0.009000
1648654635.602586612,0,0.000000
1648654635.624755437,0,0.000000
1648654635.645858056,0,0.000000
1648654635.668848694,0,0.000000
1648654635.691299039,0,0.000000
1648654635.713975302,0,0.000000
1648654635.736878192,0,0.000000
1648654635.759150906,0,0.000000
1648654635.778749386,0,0.000000
1648654635.800994599,0,0.000000
1648654635.824699411,0,0.000000
1648654635.848889543,0,0.000000
1648654635.871983313,0,0.000000
1648654635.893032446,0,0.000000
1648654635.916084242,0,0.000000
1648654635.939679563,0,0.000000
1648654635.961376141,0,0.000000
1648654635.983387928,0,0.000000
1648654636.006435817,0,0.000000
1648654636.028674835,0,0.000000
1648654636.051826891,0,0.000000
1648654636.073923214,0,0.000000
1648654636.097230663,0,0.000000
1648654636.119933401,0,0.000000
1648654636.142297070,0,0.000000
1648654636.164847800,1,0.000000
1648654636.188585924,0,0.000000
1648654636.210679800,0,0.000000
1648654636.234267088,0,0.000000
1648654636.256540914,0,0.000000
1648654636.279711152,0,0.000000
1648654636.303698404,1,0.000000
1648654636.325991766,0,0.000000
1648654636.347545708,0,0.000000
1648654636.370245753,0,0.000000
1648654636.393350470,0,0.000000
1648654636.416481872,0,0.000000
1648654636.439717379,0,0.000000
1648654636.463018472,0,0.000000
1648654636.485918276,0,0.000000
1648654636.508169712,0,0.000000
1648654636.530077156,0,0.000000
1648654636.551370299,0,0.000000
1648654636.574453403,1,0.010000
1648654636.596050423,0,0.000000
1648654636.618442128,0,0.000000
1648654636.641828641,0,0.000000
1648654636.666324974,0,0.000000
1648654636.690142862,0,0.000000
1648654636.713601079,0,0.000000
1648654636.736370772,0,0.000000
1648654636.759635170,0,0.000000
1648654636.783309389,0,0.000000
1648654636.805093141,0,0.000000
1648654636.826389713,0,0.000000
1648654636.850064464,0,0.000000
1648654636.871753799,0,0.009000
1648654636.893241411,0,0.000000
1648654636.914273200,1,0.000000
1648654636.937293655,0,0.000000
1648654636.959992955,0,0.000000
1648654636.981927799,0,0.000000
1648654637.005632746,0,0.000000
1648654637.028266174,0,0.013000
1648654637.048557770,0,0.000000
1648654637.071135992,0,0.000000
1648654637.094810035,0,0.000000
1648654637.116962109,0,0.000000
1648654637.138642989,0,0.005000
1648654637.162745529,0,0.000000
1648654637.184891193,0,0.000000
1648654637.207654831,0,0.000000
1648654637.230252963,0,0.000000
1648654637.252797555,0,0.000000
1648654637.273990269,0,0.000000
1648654637.295663471,0,0.000000
1648654637.318322914,0,0.010000
1648654637.341495047,0,0.000000
1648654637.363328605,0,0.000000
1648654637.386479687,0,0.000000
1648654637.409900514,0,0.000000
1648654637.432173132,0,0.000000
1648654637.455486857,0,0.000000
1648654637.478825801,0,0.000000
1648654637.501094152,0,0.001000
1648654637.523320667,0,0.000000
1648654637.546094070,0,0.000000
1648654637.567897869,0,0.004000
1648654637.591853134,0,0.000000
1648654637.614292308,0,0.000000
1648654637.637124550,0,0.000000
1648654637.658143796,0,0.000000
1648654637.680912301,0,0.001000
1648654637.704090364,0,0.000000
1648654637.726024763,0,0.001000
1648654637.749766696,0,0.000000
1648654637.771806849,0,0.000000
1648654637.793887853,0,0.000000
1648654637.817013021,0,0.000000
1648654637.838897926,0,0.000000
1648654637.861633926,0,0.000000
1648654637.882243029,1,0.001000
1648654637.905744598,0,0.000000
1648654637.929933626,0,0.000000
1648654637.953280992,0,0.000000
1648654637.975633916,0,0.000000
1648654637.998062088,0,0.000000
1648654638.021280595,0,0.000000
1648654638.043835874,0,0.000000
1648654638.065949454,0,0.000000
1648654638.087371538,0,0.000000
1648654638.110113295,0,0.000000
1648654638.133156377,0,0.012000
1648654638.156282568,0,0.000000
1648654638.179498213,0,0.000000
1648654638.201264657,0,0.000000
1648654638.222771383,0,0.000000
1648654638.247076166,0,0.000000
1648654638.270206187,0,0.000000
1648654638.292853963,0,0.000000
1648654638.314997404,0,0.000000
1648654638.337544366,0,0.000000
1648654638.360321364,0,0.000000
1648654638.383917129,0,0.000000
1648654638.404665478,0,0.000000
1648654638.427086765,0,0.000000
1648654638.449574067,0,0.000000
1648654638.471054772,0,0.000000
1648654638.493999022,0,0.000000
1648654638.515697142,0,0.000000
1648654638.537784422,0,0.000000
1648654638.561189923,0,0.000000
1648654638.584547269,0,0.000000
1648654638.605972301,0,0.000000
1648654638.628490679,0,0.007000
1648654638.651131666,0,0.000000
1648654638.672614313,0,0.000000
1648654638.696867406,0,0.001000
1648654638.718825201,0,0.006000
1648654638.741396513,0,0.001000
1648654638.761857387,0,0.000000
1648654638.784215606,0,0.000000
1648654638.807253369,0,0.000000
1648654638.829669361,0,0.000000
1648654638.853143680,0,0.000000
1648654638.874374147,0,0.000000
1648654638.898536894,0,0.000000
1648654638.919116667,0,0.000000
1648654638.942272599,0,0.000000
1648654638.964206984,0,0.000000
1648654638.987795257,0,0.000000
1648654639.009146311,0,0.000000
1648654639.030747672,0,0.000000
1648654639.053991534,0,0.000000
1648654639.074662284,0,0.008000
1648654639.097254059,0,0.000000
1648654639.120205945,0,0.005000
1648654639.142128550,0,0.000000
1648654639.165557817,0,0.000000
1648654639.188995753,0,0.007000
1648654639.210380825,1,0.000000
1648654639.233472183,0,0.000000
1648654639.257353575,0,0.000000
1648654639.279160870,0,0.000000
1648654639.300588690,0,0.000000
1648654639.324039821,0,0.000000
1648654639.346548965,0,0.000000
1648654639.369730530,0,0.008000
1648654639.392013727,0,0.000000
1648654639.414730496,0,0.000000
1648654639.438118991,0,0.000000
1648654639.460507219,0,0.000000
1648654639.482291196,0,0.000000
1648654639.503911882,0,0.000000
1648654639.527176400,0,0.000000
1648654639.548698604,0,0.012000
1648654639.571735088,0,0.000000
1648654639.594100572,0,0.000000
1648654639.616789550,0,0.000000
1648654639.638934025,0,0.000000
1648654639.660943434,0,0.000000
1648654639.681768862,0,0.000000
1648654639.704485947,0,0.000000
1648654639.727973755,0,0.000000
1648654639.750003079,0,0.000000
1648654639.772890122,0,0.000000
1648654639.793464529,0,0.003000
1648654639.815002218,0,0.000000
1648654639.837258374,0,0.000000
1648654639.860152524,0,0.001000
1648654639.884381323,0,0.000000
1648654639.906345841,0,0.000000
1648654639.928447594,0,0.000000
1648654639.951967756,0,0.000000
1648654639.976169272,0,0.000000
1648654639.996257865,0,0.000000
1648654640.018081853,0,0.000000
1648654640.040980124,0,0.000000
1648654640.061125022,0,0.000000
1648654640.084447375,0,0.000000
1648654640.108109977,0,0.000000
1648654640.132124265,0,0.000000
1648654640.156415168,0,0.000000
1648654640.179984099,0,0.000000
1648654640.202496086,1,0.000000
1648654640.225129740,0,0.000000
1648654640.248678687,0,0.000000
1648654640.272407887,0,0.000000
1648654640.296424817,0,0.000000
1648654640.319929798,0,0.000000
1648654640.343003874,0,0.003000
1648654640.367321990,0,0.000000
1648654640.389430076,0,0.000000
1648654640.411508900,0,0.000000
1648654640.433741469,0,0.000000
1648654640.456137772,0,0.000000
1648654640.478617076,0,0.005000
1648654640.502074348,0,0.000000
1648654640.525330713,0,0.000000
1648654640.548562362,0,0.000000
1648654640.569373682,0,0.000000
1648654640.590917672,0,0.000000
1648654640.613456535,0,0.000000
1648654640.635760588,0,0.000000
1648654640.659675287,0,0.000000
1648654640.681380746,0,0.000000
1648654640.703626749,0,0.000000
1648654640.727276694,1,0.000000
1648654640.750384756,0,0.000000
1648654640.772884643,0,0.000000
1648654640.795844811,0,0.000000
1648654640.817808852,0,0.000000
1648654640.840891703,0,0.000000
1648654640.862938837,0,0.000000
1648654640.887673488,0,0.000000
1648654640.910346417,0,0.001000
1648654640.932829402,0,0.008000
1648654640.954872922,0,0.000000
1648654640.979651184,0,0.000000
1648654641.001435281,0,0.000000
1648654641.024388983,0,0.008000
1648654641.045672846,0,0.000000
1648654641.068456222,0,0.000000
1648654641.092701923,0,0.000000
1648654641.114058905,0,0.000000
1648654641.136084310,0,0.000000
1648654641.159331619,0,0.000000
1648654641.182500890,0,0.000000
1648654641.204786166,0,0.000000
1648654641.224639510,0,0.000000
1648654641.246655770,0,0.000000
1648654641.269295353,0,0.000000
1648654641.293050495,0,0.000000
1648654641.315760246,0,0.000000
1648654641.337862776,0,0.000000
1648654641.360696620,0,0.000000
1648654641.382203745,0,0.000000
1648654641.404862276,0,0.000000
1648654641.427253523,0,0.000000
1648654641.451282698,0,0.000000
1648654641.472820691,0,0.000000
1648654641.495431781,0,0.000000
1648654641.518218256,0,0.000000
1648654641.541462157,0,0.000000
1648654641.561849478,0,0.005000
1648654641.584539657,0,0.000000
1648654641.607044384,0,0.000000
1648654641.629433515,0,0.000000
1648654641.651825308,0,0.000000
1648654641.674204322,0,0.000000
1648654641.697091485,0,0.000000
1648654641.719522317,0,0.000000
1648654641.742878876,0,0.000000
1648654641.763390628,0,0.000000
1648654641.786315234,1,0.003000
1648654641.806759142,0,0.000000
1648654641.829605427,0,0.000000
1648654641.852327180,0,0.000000
1648654641.873843744,0,0.000000
1648654641.896389675,0,0.000000
1648654641.919818832,0,0.000000
1648654641.942475125,0,0.000000
1648654641.965934514,1,0.000000
1648654641.987824058,0,0.000000
1648654642.011281364,0,0.000000
1648654642.033538978,0,0.000000
1648654642.056275994,0,0.000000
1648654642.079681575,0,0.000000
1648654642.103104494,0,0.000000
1648654642.127537754,0,0.000000
1648654642.150578163,0,0.000000
1648654642.173827518,0,0.000000
1648654642.194634108,0,0.000000
1648654642.217073912,0,0.000000
1648654642.240309455,0,0.000000
1648654642.263666431,0,0.000000
1648654642.287128993,0,0.000000
1648654642.310351298,0,0.000000
1648654642.332290686,0,0.000000
1648654642.355312361,0,0.000000
1648654642.378116997,0,0.000000
1648654642.400960306,0,0.000000
1648654642.424436327,0,0.000000
1648654642.447837128,0,0.000000
1648654642.471483258,0,0.000000
1648654642.494727595,0,0.000000
1648654642.517834562,0,0.000000
1648654642.540336725,0,0.000000
1648654642.562186766,0,0.000000
1648654642.584271871,0,0.000000
1648654642.606908402,0,0.000000
1648654642.631408994,0,0.000000
1648654642.654538050,0,0.000000
1648654642.678044031,0,0.000000
1648654642.699565247,0,0.000000
1648654642.723040797,0,0.000000
1648654642.746817615,0,0.000000
1648654642.769747712,0,0.003000
1648654642.791577203,0,0.000000
1648654642.814020438,0,0.000000
1648654642.837303277,0,0.000000
1648654642.859958872,0,0.000000
1648654642.883412549,0,0.000000
1648654642.905531444,0,0.000000
1648654642.927417340,0,0.000000
1648654642.951326698,0,0.000000
1648654642.974615059,0,0.000000
1648654642.995670125,0,0.000000
1648654643.018236133,1,0.000000
1648654643.041101458,0,0.000000
1648654643.063893853,0,0.000000
1648654643.085527368,0,0.000000
1648654643.108113879,0,0.000000
1648654643.131233077,0,0.000000
1648654643.153862005,0,0.003000
1648654643.174951637,0,0.003000
1648654643.197464693,0,0.000000
1648654643.220068471,0,0.000000
1648654643.242483066,0,0.000000
1648654643.265213256,0,0.000000
1648654643.287662170,1,0.000000
1648654643.310986658,0,0.000000
1648654643.334265121,0,0.000000
1648654643.357010219,0,0.000000
1648654643.379218673,0,0.000000
1648654643.400388705,0,0.000000
1648654643.422900519,0,0.000000
1648654643.445907626,0,0.006000
1648654643.467850436,0,0.000000
1648654643.490841226,0,0.000000
1648654643.512941309,0,0.001000
1648654643.535249546,0,0.000000
1648654643.556906813,0,0.000000
1648654643.579442738,0,0.000000
1648654643.601301478,0,0.000000
1648654643.624221007,0,0.001000
1648654643.646039281,0,0.003000
1648654643.668442441,0,0.002000
1648654643.692508069,0,0.000000
1648654643.714236671,0,0.000000
1648654643.735301952,0,0.000000
1648654643.757017549,0,0.000000
1648654643.778822100,0,0.000000
1648654643.799440405,0,0.000000
1648654643.823199340,0,0.000000
1648654643.845908906,0,0.008000
1648654643.868820173,0,0.000000
1648654643.892299669,0,0.000000
1648654643.915864147,0,0.000000
1648654643.939431666,1,0.000000
1648654643.962469074,0,0.000000
1648654643.985010350,0,0.000000
1648654644.007160919,0,0.000000
1648654644.029333328,0,0.001000
1648654644.050703580,0,0.000000
1648654644.073851618,0,0.000000
1648654644.096890959,0,0.000000
1648654644.121749697,0,0.000000
1648654644.144113542,0,0.000000
1648654644.165493639,0,0.000000
1648654644.188231368,0,0.000000
1648654644.210628273,0,0.000000
1648654644.232759594,0,0.000000
1648654644.254749076,0,0.000000
1648654644.277260657,0,0.000000
1648654644.303290266,0,0.000000
1648654644.325670937,0,0.000000
1648654644.348930482,0,0.000000
1648654644.370895201,0,0.000000
1648654644.393671964,0,0.000000
1648654644.415833924,0,0.000000
1648654644.439313567,0,0.000000
1648654644.459850803,0,0.000000
1648654644.482600959,0,0.000000
1648654644.506321308,0,0.000000
1648654644.528090156,0,0.000000
1648654644.551479089,0,0.003000
1648654644.574408201,0,0.000000
1648654644.598491474,1,0.000000
1648654644.619266405,0,0.000000
1648654644.642895984,0,0.000000
1648654644.663242199,0,0.000000
1648654644.686793350,0,0.000000
1648654644.708734440,0,0.000000
1648654644.731936041,0,0.000000
1648654644.753544757,0,0.000000
1648654644.777124743,0,0.005000
1648654644.799507724,0,0.000000
1648654644.820846714,0,0.000000
1648654644.844847782,0,0.000000
1648654644.867139007,0,0.000000
1648654644.889814765,0,0.000000
1648654644.912933372,0,0.003000
1648654644.935996957,0,0.000000
1648654644.959438052,0,0.000000
1648654644.982179261,0,0.000000
1648654645.005181968,0,0.000000
1648654645.026905900,0,0.000000
1648654645.050048188,0,0.000000
1648654645.073100594,0,0.000000
1648654645.096401323,0,0.001000
1648654645.119644555,0,0.000000
1648654645.142832265,0,0.008000
1648654645.165471147,0,0.000000
1648654645.189780151,0,0.000000
1648654645.211376917,0,0.000000
1648654645.235030940,0,0.005000
1648654645.258213106,0,0.000000
1648654645.280022608,0,0.000000
1648654645.303415036,1,0.011000
1648654645.326463783,0,0.000000
1648654645.349822048,0,0.000000
1648654645.374046381,0,0.000000
1648654645.397130240,0,0.000000
1648654645.420138862,0,0.000000
1648654645.443407137,0,0.000000
1648654645.466020782,0,0.000000
1648654645.489060493,0,0.000000
1648654645.511299111,0,0.000000
1648654645.533407033,0,0.000000
1648654645.555871492,0,0.000000
1648654645.578197720,0,0.000000
1648654645.601487761,0,0.000000
1648654645.623729782,0,0.000000
1648654645.645316108,0,0.000000
1648654645.667844471,0,0.000000
1648654645.690125638,0,0.000000
1648654645.714042011,0,0.000000
1648654645.737893441,1,0.000000
1648654645.759938261,0,0.000000
1648654645.783110733,0,0.000000
1648654645.804383178,0,0.000000
1648654645.825582553,0,0.008000
1648654645.848442067,0,0.000000
1648654645.869956459,0,0.000000
1648654645.891939712,0,0.000000
1648654645.914912462,0,0.000000
1648654645.938161595,0,0.000000
1648654645.960050819,0,0.006000
1648654645.982241501,0,0.000000
1648654646.004603487,0,0.000000
1648654646.025039340,0,0.001000
1648654646.049635253,0,0.000000
1648654646.073245407,0,0.000000
1648654646.095376271,0,0.000000
1648654646.120413319,0,0.000000
1648654646.141476122,0,0.000000
1648654646.163806257,0,0.000000
1648654646.186467607,0,0.000000
1648654646.209082509,0,0.000000
1648654646.230944548,0,0.000000
1648654646.252232075,0,0.000000
1648654646.274664757,0,0.000000
1648654646.297898879,0,0.000000
1648654646.321192793,0,0.000000
1648654646.343971286,0,0.000000
1648654646.367096368,0,0.000000
1648654646.389404673,0,0.000000
1648654646.412329445,0,0.000000
1648654646.436400368,0,0.007000
1648654646.458667146,0,0.000000
1648654646.481753185,0,0.000000
1648654646.504950781,0,0.000000
1648654646.527062265,0,0.000000
1648654646.550352142,0,0.000000
1648654646.574076627,0,0.000000
1648654646.596546125,0,0.000000
1648654646.618864672,0,0.000000
1648654646.641871070,0,0.000000
1648654646.664655366,0,0.000000
1648654646.687064022,0,0.000000
1648654646.711262259,0,0.000000
1648654646.733151849,0,0.003000
1648654646.754385800,0,0.000000
1648654646.777242421,0,0.004000
1648654646.801850534,0,0.000000
1648654646.824074424,0,0.000000
1648654646.845581086,0,0.000000
1648654646.866674880,0,0.000000
1648654646.889076543,0,0.000000
1648654646.911351190,0,0.000000
1648654646.934449076,0,0.000000
1648654646.958014621,0,0.000000
1648654646.979703195,0,0.000000
1648654647.002452640,0,0.000000
1648654647.025456073,0,0.000000
1648654647.050257360,0,0.003000
1648654647.071974135,0,0.011000
1648654647.095023595,0,0.000000
1648654647.116783410,0,0.000000
1648654647.137832728,0,0.000000
1648654647.160174808,0,0.000000
1648654647.183342064,0,0.000000
1648654647.206161670,0,0.000000
1648654647.228791151,0,0.000000
1648654647.248356782,0,0.007000
1648654647.271986580,0,0.000000
1648654647.295502972,0,0.001000
1648654647.319046766,0,0.000000
1648654647.342036356,0,0.000000
1648654647.364177593,0,0.000000
1648654647.386459534,1,0.000000
1648654647.408956897,0,0.000000
1648654647.430943885,0,0.000000
1648654647.453936631,0,0.000000
1648654647.476496121,0,0.000000
1648654647.499231631,0,0.000000
1648654647.520984827,0,0.000000
1648654647.542886777,0,0.000000
1648654647.565946729,0,0.000000
1648654647.586567279,0,0.000000
1648654647.608560548,0,0.000000
1648654647.630907038,0,0.000000
1648654647.651736741,0,0.000000
1648654647.675422132,0,0.000000
1648654647.697827894,0,0.000000
1648654647.721386776,0,0.000000
1648654647.745087601,0,0.000000
1648654647.767267069,0,0.000000
1648654647.791023553,1,0.000000
1648654647.812232333,0,0.000000
1648654647.835808775,0,0.000000
1648654647.860094513,0,0.000000
1648654647.882789125,0,0.003000
1648654647.904076618,0,0.009000
1648654647.926485939,0,0.000000
1648654647.949119229,0,0.000000
1648654647.972449653,0,0.000000
1648654647.995419814,0,0.000000
1648654648.017536271,0,0.000000
1648654648.039363422,0,0.000000
1648654648.063063384,0,0.000000
1648654648.088177511,0,0.001000
1648654648.110564061,0,0.000000
1648654648.135028411,0,0.000000
1648654648.157086170,0,0.001000
1648654648.179558298,0,0.000000
1648654648.200627775,0,0.000000
1648654648.223710196,0,0.000000
1648654648.246396265,0,0.000000
1648654648.269068206,0,0.011000
1648654648.290376030,0,0.001000
1648654648.313215431,0,0.000000
1648654648.335976160,0,0.000000
1648654648.358390740,0,0.000000
1648654648.380801625,0,0.000000
1648654648.401902397,0,0.000000
1648654648.424357736,0,0.000000
1648654648.447166575,0,0.000000
1648654648.468642933,0,0.009000
1648654648.491273755,0,0.003000
1648654648.512704294,0,0.000000
1648654648.533608553,0,0.008000
1648654648.556375659,0,0.000000
1648654648.578296276,0,0.000000
1648654648.601483143,0,0.000000
1648654648.625017626,0,0.000000
1648654648.647904438,0,0.000000
1648654648.671064848,0,0.000000
1648654648.693280987,0,0.000000
1648654648.713987741,0,0.000000
1648654648.735280278,0,0.000000
1648654648.756500632,0,0.000000
1648654648.777830087,0,0.000000
1648654648.799886272,0,0.000000
1648654648.820961981,0,0.000000
1648654648.843023481,0,0.000000
1648654648.865138264,0,0.000000
1648654648.888041502,0,0.000000
1648654648.910170905,0,0.000000
1648654648.933175660,0,0.000000
1648654648.955063420,0,0.000000
1648654648.979032551,0,0.000000
1648654649.000966727,0,0.000000
1648654649.023367195,0,0.000000
1648654649.044871198,0,0.000000
1648654649.067470104,0,0.000000
1648654649.090576831,0,0.000000
1648654649.113005973,0,0.000000
1648654649.136173333,0,0.000000
1648654649.158097945,0,0.000000
1648654649.181115867,0,0.000000
1648654649.202886672,0,0.000000
1648654649.226173588,0,0.000000
1648654649.248480133,0,0.000000
1648654649.271387954,0,0.000000
1648654649.294045286,0,0.000000
1648654649.315418136,0,0.000000
1648654649.337832362,0,0.000000
1648654649.360966778,0,0.000000
1648654649.384177753,0,0.000000
1648654649.408652138,0,0.000000
1648654649.430108630,0,0.000000
1648654649.452440286,0,0.001000
1648654649.475271952,0,0.000000
1648654649.497815946,1,0.000000
1648654649.520332119,0,0.000000
1648654649.543145976,0,0.000000
1648654649.564697421,1,0.000000
1648654649.586403251,0,0.000000
1648654649.607934494,0,0.003000
1648654649.630214384,0,0.000000
1648654649.653565208,0,0.000000
1648654649.677609150,0,0.000000
1648654649.699291185,0,0.000000
1648654649.721946954,0,0.000000
1648654649.743163021,0,0.000000
1648654649.764383316,0,0.000000
1648654649.784828034,0,0.000000
1648654649.807593218,0,0.000000
1648654649.828719573,0,0.000000
1648654649.850938018,0,0.000000
1648654649.873731605,0,0.000000
1648654649.897758461,0,0.000000
1648654649.920385013,0,0.000000
1648654649.942374373,0,0.003000
1648654649.964250652,0,0.000000
1648654649.985334873,1,0.000000
1648654650.008050981,0,0.000000
1648654650.030489404,0,0.000000
1648654650.054400322,0,0.000000
1648654650.075671630,0,0.000000
1648654650.098290850,0,0.000000
1648654650.119258271,0,0.000000
1648654650.142604132,0,0.000000
1648654650.166134564,0,0.000000
1648654650.189019441,0,0.000000
1648654650.211091325,0,0.000000
1648654650.234008913,1,0.000000
1648654650.256262697,0,0.000000
1648654650.277565258,0,0.000000
1648654650.300942690,0,0.000000
1648654650.324290521,0,0.000000
1648654650.346873607,0,0.000000
1648654650.370153518,0,0.000000
1648654650.392160800,0,0.000000
1648654650.415090156,0,0.000000
1648654650.438035974,0,0.000000
1648654650.462874458,0,0.000000
1648654650.485499693,0,0.000000
1648654650.508850736,0,0.000000
1648654650.532279594,0,0.000000
1648654650.554837332,0,0.000000
1648654650.575987171,0,0.000000
1648654650.600039940,0,0.000000
1648654650.622090179,0,0.000000
1648654650.645007865,0,0.000000
1648654650.668112294,0,0.000000
1648654650.689086108,0,0.000000
1648654650.711956705,0,0.001000
1648654650.734823037,0,0.000000
1648654650.757241702,0,0.000000
1648654650.782103060,0,0.000000
1648654650.804637007,0,0.000000
1648654650.825775156,0,0.000000
1648654650.849483031,0,0.000000
1648654650.873360026,0,0.000000
1648654650.894543795,0,0.000000
1648654650.916661271,0,0.000000
1648654650.939157420,0,0.000000
1648654650.961760121,0,0.000000
1648654650.984057895,1,0.000000
1648654651.007489361,1,0.000000
1648654651.029770161,0,0.000000
1648654651.052400556,0,0.000000
1648654651.075590235,0,0.001000
1648654651.096151707,1,0.000000
1648654651.118554060,0,0.000000
1648654651.140363528,0,0.000000
1648654651.162931010,0,0.000000
1648654651.183986409,0,0.000000
1648654651.207151240,0,0.000000
1648654651.228683817,0,0.000000
1648654651.252003006,0,0.000000
1648654651.274032237,1,0.000000
1648654651.297024585,0,0.000000
1648654651.319538608,0,0.000000
1648654651.342225706,0,0.000000
1648654651.363664368,0,0.000000
1648654651.385989017,0,0.000000
1648654651.407886160,0,0.000000
1648654651.430395149,0,0.000000
1648654651.451817895,0,0.001000
1648654651.472872840,0,0.000000
1648654651.494277057,0,0.000000
1648654651.516333099,0,0.000000
1648654651.539672551,0,0.006000
1648654651.562069308,0,0.000000
1648654651.584117534,0,0.000000
1648654651.607600673,0,0.000000
1648654651.628544251,0,0.000000
1648654651.650398238,0,0.000000
1648654651.673359537,1,0.000000
1648654651.696620487,0,0.000000
1648654651.719278756,0,0.000000
1648654651.742544098,0,0.000000
1648654651.764441951,0,0.000000
1648654651.785880583,0,0.000000
1648654651.808012419,0,0.000000
1648654651.830734122,0,0.000000
1648654651.854312601,0,0.000000
1648654651.877464409,0,0.000000
1648654651.900403499,0,0.000000
1648654651.922755745,0,0.000000
1648654651.946320847,0,0.000000
1648654651.969596226,0,0.000000
1648654651.992100335,0,0.000000
1648654652.012442799,0,0.000000
1648654652.035470518,0,0.000000
1648654652.057387357,0,0.000000
1648654652.081149496,0,0.000000
1648654652.104413997,0,0.000000
1648654652.126693755,0,0.000000
1648654652.148541342,0,0.000000
1648654652.169995379,0,0.000000
1648654652.192715281,0,0.000000
1648654652.214826495,0,0.000000
1648654652.236287176,0,0.000000
1648654652.259162923,0,0.000000
1648654652.282373498,0,0.000000
1648654652.303980413,0,0.000000
1648654652.327177720,0,0.000000
1648654652.350019012,0,0.000000
1648654652.372748659,0,0.005000
1648654652.393836935,0,0.000000
1648654652.416260447,0,0.006000
1648654652.437820256,0,0.000000
1648654652.460721102,0,0.000000
1648654652.481698998,0,0.000000
1648654652.504328993,0,0.000000
1648654652.528420557,0,0.002000
1648654652.552234847,0,0.001000
1648654652.575347946,0,0.000000
1648654652.598336356,0,0.000000
1648654652.618671879,0,0.000000
1648654652.640985376,0,0.000000
1648654652.663428912,0,0.000000
1648654652.685601909,0,0.000000
1648654652.706571313,0,0.000000
1648654652.729374057,0,0.000000
1648654652.751183442,0,0.000000
1648654652.774537711,0,0.000000
1648654652.798439730,0,0.001000
1648654652.821168378,0,0.000000
1648654652.844169511,0,0.000000
1648654652.867563103,0,0.000000
1648654652.890097247,0,0.000000
1648654652.912995803,0,0.001000
1648654652.936237788,0,0.000000
1648654652.958324954,0,0.000000
1648654652.981103592,0,0.000000
1648654653.003744091,0,0.000000
1648654653.027195665,0,0.000000
1648654653.049829843,0,0.000000
1648654653.073127576,0,0.005000
1648654653.095975048,0,0.000000
1648654653.117947925,0,0.000000
1648654653.141434376,0,0.000000
1648654653.164576801,0,0.001000
1648654653.186584989,0,0.000000
1648654653.208591083,0,0.000000
1648654653.229414958,0,0.000000
1648654653.251817188,0,0.000000
1648654653.273470642,0,0.000000
1648654653.295440991,0,0.000000
1648654653.318706640,0,0.000000
1648654653.342141052,0,0.000000
1648654653.365087295,1,0.000000
1648654653.388782959,0,0.000000
1648654653.412423760,0,0.003000
1648654653.435405504,0,0.000000
1648654653.458173481,0,0.000000
1648654653.480274562,1,0.000000
1648654653.502615293,0,0.000000
1648654653.526525489,0,0.000000
1648654653.549195600,0,0.000000
1648654653.572146149,0,0.000000
1648654653.594119140,0,0.000000
1648654653.616669086,0,0.000000
1648654653.640529493,0,0.000000
1648654653.663392605,0,0.000000
1648654653.686940877,0,0.000000
1648654653.709945701,0,0.000000
1648654653.731306184,0,0.000000
1648654653.754455019,0,0.000000
1648654653.778223192,0,0.000000
1648654653.799302315,0,0.000000
1648654653.819739492,0,0.000000
1648654653.843630815,0,0.000000
1648654653.866706596,0,0.000000
1648654653.890411067,0,0.000000
1648654653.914396097,0,0.000000
1648654653.936866680,0,0.000000
1648654653.960564022,0,0.000000
1648654653.983629845,0,0.000000
1648654654.007077897,0,0.000000
1648654654.030293821,0,0.003000
1648654654.053457448,0,0.000000
1648654654.075039378,0,0.000000
1648654654.097923929,0,0.000000
1648654654.120776935,0,0.000000
1648654654.142930331,0,0.000000
1648654654.164996658,0,0.000000
1648654654.186325970,0,0.000000
1648654654.209138950,0,0.000000
1648654654.231956115,0,0.000000
1648654654.253041934,0,0.000000
1648654654.274267599,0,0.000000
1648654654.296867255,0,0.000000
1648654654.319409420,0,0.000000
1648654654.341277762,0,0.000000
1648654654.364429920,0,0.000000
1648654654.386942362,0,0.000000
1648654654.407175323,0,0.000000
1648654654.428542693,0,0.000000
1648654654.451603355,0,0.000000
1648654654.473309552,0,0.000000
1648654654.495910824,0,0.000000
1648654654.518053941,0,0.000000
1648654654.541039272,0,0.000000
1648654654.565339757,0,0.000000
1648654654.587166160,0,0.000000
1648654654.609080119,0,0.003000
1648654654.630324035,0,0.000000
1648654654.653687096,0,0.000000
1648654654.676981033,0,0.000000
1648654654.699432054,0,0.000000
1648654654.721693758,0,0.000000
1648654654.743299279,0,0.000000
1648654654.763776999,0,0.000000
1648654654.786988036,0,0.001000
1648654654.808355991,0,0.000000
1648654654.830422624,0,0.000000
1648654654.852612510,0,0.000000
1648654654.874705288,0,0.000000
1648654654.898460015,0,0.000000
1648654654.920733267,0,0.000000
1648654654.943492277,0,0.000000
1648654654.965095393,0,0.000000
1648654654.988372570,0,0.000000
1648654655.011816946,0,0.000000
1648654655.033383885,0,0.000000
1648654655.056790430,0,0.000000
1648654655.080214621,0,0.000000
1648654655.103019121,0,0.000000
1648654655.126121449,0,0.000000
1648654655.148477827,0,0.000000
1648654655.168608066,0,0.000000
1648654655.192145192,0,0.000000
1648654655.214651103,0,0.000000
1648654655.237428193,0,0.000000
1648654655.260440170,0,0.000000
1648654655.283765755,0,0.000000
1648654655.307764044,0,0.000000
1648654655.330835092,1,0.015000
1648654655.353955876,0,0.000000
1648654655.375385027,0,0.000000
1648654655.398788470,1,0.000000
1648654655.422278217,0,0.000000
1648654655.444855057,0,0.000000
1648654655.467829832,0,0.000000
1648654655.490489545,0,0.000000
1648654655.512176248,0,0.000000
1648654655.534142728,0,0.000000
1648654655.556127032,0,0.014000
1648654655.579206491,0,0.000000
1648654655.602495020,1,0.000000
1648654655.624506039,0,0.000000
1648654655.648473363,0,0.001000
1648654655.669332109,0,0.000000
1648654655.691050598,0,0.000000
1648654655.713463864,0,0.000000
1648654655.736628222,0,0.000000
1648654655.759496319,0,0.000000
1648654655.781834860,0,0.000000
1648654655.803406319,0,0.000000
1648654655.826049303,0,0.000000
1648654655.848903660,0,0.000000
1648654655.869995463,0,0.001000
1648654655.891845394,0,0.000000
1648654655.914630952,0,0.000000
1648654655.936895935,0,0.000000
1648654655.958389025,0,0.000000
1648654655.981030438,0,0.000000
1648654656.004253845,0,0.003000
1648654656.025323315,0,0.000000
1648654656.047307661,0,0.000000
1648654656.068965627,0,0.000000
1648654656.091508928,0,0.000000
1648654656.115115356,0,0.004000
1648654656.137716091,1,0.001000
1648654656.161182491,0,0.000000
1648654656.184575627,0,0.000000
1648654656.205460370,0,0.000000
1648654656.228435851,0,0.000000
1648654656.251969005,0,0.000000
1648654656.273358022,0,0.000000
1648654656.295940003,0,0.000000
1648654656.318984418,0,0.000000
1648654656.340463670,0,0.000000
1648654656.361576535,0,0.000000
1648654656.385181938,0,0.000000
1648654656.408885492,0,0.000000
1648654656.429491933,0,0.000000
1648654656.452851291,0,0.000000
1648654656.474668417,0,0.000000
1648654656.496823922,0,0.000000
1648654656.519885327,0,0.000000
1648654656.542823483,0,0.000000
1648654656.565120234,0,0.000000
1648654656.586452464,0,0.000000
1648654656.609992910,0,0.000000
1648654656.632464761,0,0.000000
1648654656.656024473,0,0.000000
1648654656.679039490,0,0.000000
1648654656.702792378,0,0.000000
1648654656.726674735,0,0.000000
1648654656.748357163,0,0.000000
1648654656.770759495,0,0.000000
1648654656.793488658,1,0.000000
1648654656.816926932,0,0.000000
1648654656.841289136,0,0.000000
1648654656.864047977,0,0.000000
1648654656.885331313,0,0.000000
1648654656.909061773,0,0.000000
1648654656.932558996,0,0.000000
1648654656.953282413,0,0.000000
1648654656.976661468,0,0.000000
1648654656.999379833,0,0.000000
1648654657.023081461,0,0.008000
1648654657.045854175,0,0.000000
1648654657.068093001,0,0.003000
1648654657.090736059,0,0.007000
1648654657.113256591,0,0.000000
1648654657.136078994,0,0.000000
1648654657.158237931,0,0.000000
1648654657.182759399,0,0.000000
1648654657.205397985,0,0.000000
1648654657.228722764,0,0.000000
1648654657.251432185,0,0.000000
1648654657.275161495,0,0.000000
1648654657.297059059,0,0.000000
1648654657.320179389,0,0.000000
1648654657.343193867,0,0.000000
1648654657.365697335,0,0.000000
1648654657.387108294,0,0.000000
1648654657.409785142,0,0.000000
1648654657.430978257,0,0.000000
1648654657.453097059,0,0.000000
1648654657.476109288,0,0.001000
1648654657.499799570,0,0.000000
1648654657.523588434,0,0.000000
1648654657.547203654,0,0.000000
1648654657.570551559,0,0.000000
1648654657.592767485,0,0.010000
1648654657.615074937,0,0.000000
1648654657.638469741,0,0.000000
1648654657.661095036,0,0.000000
1648654657.684655981,0,0.000000
1648654657.707192932,0,0.000000
1648654657.729427589,0,0.000000
1648654657.749846510,0,0.000000
1648654657.772947504,0,0.000000
1648654657.795680894,0,0.000000
1648654657.817844770,1,0.010000
1648654657.840372467,0,0.000000
1648654657.861192835,0,0.003000
1648654657.884857844,0,0.000000
1648654657.906626400,0,0.001000
1648654657.930076304,0,0.000000
1648654657.952899807,0,0.003000
1648654657.977797933,0,0.000000
1648654658.000861361,0,0.000000
1648654658.022354466,0,0.000000
1648654658.044244358,0,0.000000
1648654658.066329533,0,0.000000
1648654658.089052328,0,0.000000
1648654658.110155444,0,0.001000
1648654658.131948971,0,0.000000
1648654658.154084495,0,0.000000
1648654658.177177856,0,0.010000
1648654658.200179595,0,0.000000
1648654658.223366680,0,0.000000
1648654658.245898681,0,0.000000
1648654658.269297239,0,0.001000
1648654658.291189029,0,0.000000
1648654658.313906146,0,0.000000
1648654658.336509102,0,0.000000
1648654658.358292428,0,0.000000
1648654658.381311550,0,0.000000
1648654658.404179689,0,0.000000
1648654658.427109055,0,0.000000
1648654658.448413455,0,0.000000
1648654658.470816025,0,0.000000
1648654658.493718042,0,0.001000
1648654658.516342017,0,0.000000
1648654658.537980164,0,0.000000
1648654658.559174787,0,0.000000
1648654658.582531523,0,0.000000
1648654658.605748266,0,0.000000
1648654658.628365671,0,0.000000
1648654658.652338396,0,0.000000
1648654658.674409107,0,0.000000
1648654658.697219599,0,0.000000
1648654658.722353982,0,0.000000
1648654658.744988200,0,0.008000
1648654658.767913767,0,0.000000
1648654658.790286942,0,0.003000
1648654658.814492978,0,0.000000
1648654658.837050138,0,0.000000
1648654658.860173201,0,0.000000
1648654658.882025694,0,0.000000
1648654658.904824845,0,0.000000
1648654658.927736493,0,0.000000
1648654658.950967016,0,0.000000
1648654658.973396209,0,0.002000
1648654658.996221294,0,0.000000
1648654659.019615943,0,0.000000
1648654659.042430057,0,0.000000
1648654659.063967718,0,0.000000
1648654659.086720098,0,0.000000
1648654659.109497043,1,0.000000
1648654659.133822731,0,0.000000
1648654659.157011012,0,0.000000
1648654659.180243401,0,0.001000
1648654659.203966452,0,0.000000
1648654659.227299446,0,0.000000
1648654659.250652818,0,0.001000
1648654659.274409134,0,0.003000
1648654659.296748039,0,0.000000
1648654659.319337534,0,0.000000
1648654659.342221271,0,0.000000
1648654659.365300431,0,0.000000
1648654659.386922252,0,0.001000
1648654659.409239607,0,0.000000
1648654659.431248115,0,0.000000
1648654659.454303212,0,0.007000
1648654659.478144706,0,0.000000
1648654659.501548741,0,0.003000
1648654659.524423743,0,0.000000
1648654659.547816079,0,0.000000
1648654659.570388100,0,0.000000
1648654659.593013269,0,0.000000
1648654659.617302047,0,0.000000
1648654659.639816481,0,0.000000
1648654659.660931753,0,0.000000
1648654659.683089103,1,0.000000
1648654659.704965734,0,0.000000
1648654659.727508329,0,0.000000
1648654659.750431942,0,0.000000
1648654659.772556868,0,0.000000
1648654659.794960498,0,0.000000
1648654659.816432166,1,0.000000
1648654659.839298226,0,0.000000
1648654659.861920762,0,0.000000
1648654659.885576825,0,0.000000
1648654659.908773343,0,0.000000
1648654659.931490167,0,0.000000
1648654659.953668422,0,0.000000
1648654659.975150878,0,0.000000
1648654659.998264529,0,0.000000
1648654660.021702661,1,0.001000
1648654660.043985308,0,0.000000
1648654660.066043759,1,0.000000
1648654660.088808419,0,0.000000
1648654660.113048213,0,0.000000
1648654660.136253091,0,0.000000
1648654660.160272791,0,0.000000
1648654660.183641018,0,0.000000
1648654660.206991805,0,0.000000
1648654660.230444593,0,0.000000
1648654660.252687022,0,0.000000
1648654660.275184143,0,0.000000
1648654660.297987321,0,0.000000
1648654660.320969699,0,0.000000
1648654660.344402650,0,0.000000
1648654660.366390041,0,0.000000
1648654660.387325557,0,0.000000
1648654660.409602463,0,0.000000
1648654660.431466278,0,0.008000
1648654660.453324879,0,0.000000
1648654660.476890745,0,0.000000
1648654660.498336240,0,0.000000
1648654660.520702371,0,0.000000
1648654660.543645396,0,0.000000
1648654660.565560584,0,0.000000
1648654660.587174912,0,0.000000
1648654660.609786683,0,0.000000
1648654660.632323146,0,0.000000
1648654660.655273650,0,0.003000
1648654660.677832017,0,0.000000
1648654660.699360425,0,0.000000
1648654660.722397746,0,0.000000
1648654660.745145787,0,0.000000
1648654660.768489300,0,0.003000
1648654660.791639911,0,0.000000
1648654660.814200028,0,0.000000
1648654660.837203194,0,0.000000
1648654660.860064144,0,0.000000
1648654660.883439427,0,0.000000
1648654660.905992219,0,0.000000
1648654660.929274481,0,0.000000
1648654660.952093511,0,0.000000
1648654660.973599280,0,0.000000
1648654660.996222140,0,0.000000
1648654661.019141128,0,0.000000
1648654661.041053430,0,0.013000
1648654661.063609331,0,0.000000
1648654661.086013900,0,0.001000
1648654661.109340073,1,0.000000
1648654661.131791560,0,0.000000
1648654661.154906584,0,0.000000
1648654661.178170884,0,0.000000
1648654661.201982544,0,0.000000
1648654661.222530924,0,0.000000
1648654661.246055200,0,0.000000
1648654661.268501629,0,0.000000
1648654661.291555027,0,0.000000
1648654661.313621721,0,0.000000
1648654661.337485172,0,0.000000
1648654661.359387640,0,0.000000
1648654661.382635810,0,0.000000
1648654661.405960620,0,0.000000
1648654661.428689993,0,0.000000
1648654661.451101553,0,0.000000
1648654661.473450411,0,0.000000
1648654661.495254086,0,0.000000
1648654661.519092910,0,0.011000
1648654661.540550589,0,0.000000
1648654661.563444841,0,0.000000
1648654661.586423326,0,0.000000
1648654661.608590322,0,0.000000
1648654661.632297980,0,0.000000
1648654661.654891647,0,0.000000
1648654661.678498645,0,0.000000
1648654661.701895847,0,0.000000
1648654661.724877271,0,0.000000
1648654661.747717209,0,0.000000
1648654661.770752021,0,0.000000
1648654661.793381864,0,0.000000
1648654661.816823108,0,0.000000
1648654661.837674792,0,0.000000
1648654661.860907526,0,0.000000
1648654661.883691108,0,0.000000
1648654661.904832592,0,0.000000
1648654661.927794017,0,0.000000
1648654661.951200845,0,0.000000
1648654661.974355932,0,0.000000
1648654661.997140298,0,0.000000
1648654662.019210639,0,0.000000
1648654662.042385264,0,0.000000
1648654662.064964461,0,0.000000
1648654662.087047397,0,0.000000
1648654662.110560498,0,0.003000
1648654662.134471459,0,0.000000
1648654662.158134633,1,0.000000
1648654662.181050393,0,0.000000
1648654662.204040786,0,0.000000
1648654662.226310444,0,0.000000
1648654662.246521189,0,0.000000
1648654662.269347835,0,0.000000
1648654662.290323029,0,0.000000
1648654662.313157130,0,0.000000
1648654662.336250769,0,0.000000
1648654662.359023732,0,0.000000
1648654662.380143914,0,0.000000
1648654662.401942428,0,0.000000
1648654662.422293697,0,0.000000
1648654662.443930107,0,0.000000
1648654662.465896455,0,0.003000
1648654662.487025791,0,0.000000
1648654662.509932437,0,0.000000
1648654662.532194760,0,0.000000
1648654662.553362351,0,0.000000
1648654662.575965831,0,0.000000
1648654662.598185108,0,0.000000
1648654662.621059029,0,0.000000
1648654662.643904993,0,0.000000
1648654662.666125620,1,0.000000
1648654662.687349734,0,0.000000
1648654662.708924009,0,0.000000
1648654662.730698947,0,0.000000
1648654662.753126782,1,0.000000
1648654662.776688345,0,0.000000
1648654662.799842939,0,0.000000
1648654662.822357416,0,0.000000
1648654662.844992280,0,0.000000
1648654662.867225467,0,0.000000
1648654662.889557163,0,0.000000
1648654662.912218764,0,0.000000
1648654662.934614958,0,0.000000
1648654662.956966171,0,0.000000
1648654662.981243711,0,0.000000
1648654663.004202724,0,0.000000
1648654663.027063705,0,0.000000
1648654663.049243264,0,0.000000
1648654663.071459325,0,0.000000
1648654663.092664769,0,0.000000
1648654663.113969076,0,0.000000
1648654663.135725009,0,0.000000
1648654663.157589431,0,0.000000
1648654663.179272818,0,0.014000
1648654663.205085619,0,0.000000
1648654663.227542620,0,0.000000
1648654663.250736973,0,0.000000
1648654663.274076297,0,0.000000
1648654663.296323240,0,0.000000
1648654663.319223717,0,0.000000
1648654663.342450174,0,0.000000
1648654663.366101581,0,0.006000
1648654663.389068264,0,0.000000
1648654663.412044961,0,0.000000
1648654663.434356425,0,0.000000
1648654663.455091165,0,0.000000
1648654663.478265892,0,0.001000
1648654663.501826159,0,0.000000
1648654663.525032679,0,0.000000
1648654663.547859064,0,0.000000
1648654663.570212677,0,0.006000
1648654663.593054438,0,0.000000
1648654663.617092959,0,0.000000
1648654663.639500419,1,0.013000
1648654663.661946299,0,0.000000
1648654663.684879383,0,0.000000
1648654663.706820140,0,0.000000
1648654663.730798011,0,0.000000
1648654663.753831315,0,0.005000
1648654663.776412774,0,0.002000
1648654663.799046865,0,0.000000
1648654663.821197574,0,0.002000
1648654663.842944855,0,0.000000
1648654663.865393205,0,0.000000
1648654663.887497580,0,0.000000
1648654663.909231036,0,0.000000
1648654663.931907673,0,0.000000
1648654663.953943367,0,0.000000
1648654663.976459636,0,0.000000
1648654663.999451202,0,0.000000
1648654664.022381181,0,0.000000
1648654664.044698602,0,0.000000
1648654664.067821661,0,0.000000
1648654664.090196402,0,0.000000
1648654664.112842495,0,0.000000
1648654664.135162974,0,0.000000
1648654664.156628098,0,0.000000
1648654664.180436098,0,0.000000
1648654664.203823821,0,0.000000
1648654664.226231888,0,0.000000
1648654664.249237461,0,0.000000
1648654664.271617464,0,0.000000
1648654664.293846228,0,0.000000
1648654664.318225969,0,0.000000
1648654664.339907744,0,0.008000
1648654664.363347423,0,0.000000
1648654664.385946927,0,0.000000
1648654664.409649759,0,0.000000
1648654664.430190965,0,0.000000
1648654664.453972031,0,0.000000
1648654664.476542054,0,0.000000
1648654664.500426814,0,0.000000
1648654664.522357392,0,0.000000
1648654664.544413284,0,0.000000
1648654664.567268773,0,0.006000
1648654664.590616111,0,0.000000
1648654664.613388166,0,0.000000
1648654664.634785143,0,0.000000
1648654664.658890850,0,0.000000
1648654664.677538259,0,0.000000
1648654664.700200696,0,0.000000
1648654664.723581120,0,0.000000
1648654664.747581300,0,0.000000
1648654664.770688645,0,0.000000
1648654664.791801588,0,0.002000
1648654664.814543894,0,0.000000
1648654664.836570064,0,0.000000
1648654664.859905445,0,0.000000
1648654664.883670581,0,0.000000
1648654664.907094064,0,0.000000
1648654664.930661472,0,0.004000
1648654664.952616393,0,0.000000
1648654664.974809808,0,0.000000
1648654664.997132820,0,0.000000
1648654665.018243372,0,0.000000
1648654665.040901585,0,0.000000
1648654665.062901943,0,0.000000
1648654665.086025954,0,0.000000
1648654665.109033355,0,0.000000
1648654665.130274844,0,0.000000
1648654665.153001530,0,0.000000
1648654665.176136386,0,0.000000
1648654665.197600472,0,0.000000
1648654665.220279666,0,0.000000
1648654665.244253519,1,0.009000
1648654665.266858396,0,0.000000
1648654665.289992311,0,0.000000
1648654665.312698862,0,0.000000
1648654665.333555182,0,0.000000
1648654665.356870746,0,0.000000
1648654665.380156043,0,0.000000
1648654665.404432625,0,0.000000
1648654665.428146721,0,0.000000
1648654665.449404175,1,0.003000
1648654665.472380758,0,0.000000
1648654665.495074947,0,0.000000
1648654665.517912811,0,0.000000
1648654665.541577306,0,0.000000
1648654665.563274081,0,0.000000
1648654665.585181469,0,0.000000
1648654665.607319470,0,0.000000
1648654665.630533713,0,0.000000
1648654665.653422090,0,0.000000
1648654665.676154719,0,0.000000
1648654665.698703360,0,0.000000
1648654665.722095780,0,0.000000
1648654665.743340317,0,0.000000
1648654665.765945744,0,0.000000
1648654665.788692183,1,0.000000
1648654665.811362452,0,0.000000
1648654665.833910453,0,0.000000
1648654665.855881843,0,0.000000
1648654665.878275018,0,0.000000
1648654665.900921696,0,0.001000
1648654665.923430398,0,0.000000
1648654665.945799480,0,0.000000
1648654665.968026450,0,0.000000
1648654665.990931511,1,0.007000
1648654666.013092958,0,0.000000
1648654666.035573167,0,0.000000
1648654666.056459591,0,0.000000
1648654666.079883342,0,0.000000
1648654666.103616657,0,0.000000
1648654666.125255928,0,0.000000
1648654666.148150252,0,0.000000
1648654666.169612484,0,0.000000
1648654666.192210927,0,0.000000
1648654666.216227589,0,0.001000
1648654666.237613115,0,0.000000
1648654666.260353470,0,0.009000
1648654666.282692949,0,0.000000
1648654666.305164259,0,0.000000
1648654666.328974525,0,0.000000
1648654666.351157369,0,0.000000
1648654666.374568084,0,0.000000
1648654666.398358035,0,0.000000
1648654666.421826007,0,0.000000
1648654666.445310872,0,0.002000
1648654666.468199981,0,0.000000
1648654666.492078617,0,0.000000
1648654666.516031193,0,0.000000
1648654666.537986152,0,0.000000
1648654666.560737379,1,0.011000
1648654666.582383524,0,0.000000
1648654666.605418578,0,0.001000
1648654666.629180323,0,0.000000
1648654666.651826895,0,0.000000
1648654666.672169717,0,0.000000
1648654666.694432227,0,0.000000
1648654666.714992286,0,0.000000
1648654666.737782110,0,0.000000
1648654666.761395579,0,0.000000
1648654666.783363361,0,0.000000
1648654666.805389017,0,0.000000
1648654666.829209872,0,0.000000
1648654666.852377286,1,0.000000
1648654666.876364416,0,0.000000
1648654666.897911502,0,0.000000
1648654666.921243488,0,0.000000
1648654666.940999097,0,0.009000
1648654666.963959974,0,0.000000
1648654666.984369211,0,0.000000
1648654667.005488842,0,0.000000
1648654667.029069822,0,0.000000
1648654667.051510804,0,0.003000
1648654667.073319794,0,0.000000
1648654667.096168522,0,0.000000
1648654667.120916958,0,0.000000
1648654667.142208439,0,0.000000
1648654667.164302540,0,0.000000
1648654667.187199299,0,0.000000
1648654667.209618281,0,0.000000
1648654667.232131763,0,0.000000
1648654667.255080491,0,0.000000
1648654667.278464297,0,0.000000
1648654667.301128109,0,0.000000
1648654667.324065738,0,0.000000
1648654667.346379131,0,0.000000
1648654667.370060389,0,0.000000
1648654667.391315437,1,0.001000
1648654667.413907422,0,0.000000
1648654667.438122692,0,0.000000
1648654667.461676260,0,0.003000
1648654667.483656409,0,0.000000
1648654667.507457201,0,0.000000
1648654667.529847623,0,0.006000
1648654667.553772646,1,0.018000
1648654667.576133778,0,0.000000
1648654667.598843287,0,0.000000
1648654667.621379581,0,0.000000
1648654667.644546560,0,0.000000
1648654667.668189703,0,0.000000
1648654667.689926175,0,0.000000
1648654667.713955886,1,0.000000
1648654667.735932809,0,0.000000
1648654667.759025792,0,0.000000
1648654667.780232165,0,0.000000
1648654667.803702733,0,0.000000
1648654667.825697917,0,0.004000
1648654667.849924836,0,0.000000
1648654667.872955037,0,0.000000
1648654667.895056947,0,0.000000
1648654667.918212139,0,0.000000
1648654667.939462208,0,0.000000
1648654667.962627401,0,0.000000
1648654667.985803281,0,0.000000
1648654668.008947599,0,0.000000
1648654668.031467091,0,0.000000
1648654668.054377942,0,0.000000
1648654668.077228792,0,0.000000
1648654668.099687050,0,0.009000
1648654668.123195008,0,0.000000
1648654668.146350583,1,0.013000
1648654668.168894802,0,0.000000
1648654668.190991491,0,0.000000
1648654668.213228582,0,0.000000
1648654668.234426934,0,0.000000
1648654668.257322180,0,0.000000
1648654668.280995610,0,0.000000
1648654668.303866196,0,0.000000
1648654668.327196591,0,0.000000
1648654668.350412775,0,0.000000
1648654668.372732156,0,0.000000
1648654668.395784090,0,0.000000
1648654668.418617473,0,0.000000
1648654668.440613745,0,0.000000
1648654668.462710622,0,0.000000
1648654668.486464308,0,0.000000
1648654668.509230884,0,0.000000
1648654668.532780554,0,0.000000
1648654668.554757974,0,0.000000
1648654668.575889853,0,0.000000
1648654668.598174855,0,0.000000
1648654668.621294872,0,0.000000
1648654668.643291283,1,0.000000
1648654668.666057412,0,0.000000
1648654668.687945355,0,0.000000
1648654668.709544078,0,0.001000
1648654668.731983819,0,0.000000
1648654668.753630687,0,0.005000
1648654668.775437595,0,0.000000
1648654668.798225318,0,0.000000
1648654668.821554816,0,0.000000
1648654668.843118618,0,0.000000
1648654668.866735327,0,0.000000
1648654668.888550474,0,0.000000
1648654668.911028206,1,0.003000
1648654668.934310941,0,0.000000
1648654668.956556221,0,0.000000
1648654668.979306678,0,0.000000
1648654669.002545421,0,0.000000
1648654669.025488770,0,0.000000
1648654669.048411432,0,0.000000
1648654669.072538017,0,0.000000
1648654669.095628244,0,0.007000
1648654669.118142605,0,0.000000
1648654669.142540490,0,0.000000
1648654669.166180800,0,0.000000
1648654669.187952227,0,0.000000
1648654669.210068535,0,0.000000
1648654669.233038319,0,0.000000
1648654669.256510078,0,0.007000
1648654669.277496224,0,0.000000
1648654669.301546195,0,0.000000
1648654669.323597878,0,0.000000
1648654669.346784504,0,0.000000
1648654669.370085090,0,0.000000
1648654669.392927207,1,0.001000
1648654669.414849293,0,0.000000
1648654669.437895319,0,0.000000
1648654669.460736238,0,0.000000
1648654669.483805200,0,0.000000
1648654669.505533539,0,0.000000
1648654669.528325267,0,0.000000
1648654669.550549688,0,0.003000
1648654669.572059865,0,0.000000
1648654669.593875900,0,0.009000
1648654669.617809076,0,0.000000
1648654669.641542399,0,0.000000
1648654669.662476819,0,0.000000
1648654669.685144151,1,0.000000
1648654669.707012663,0,0.000000
1648654669.727470337,0,0.000000
1648654669.747906546,0,0.000000
1648654669.769364942,0,0.000000
1648654669.792148636,0,0.001000
1648654669.814708045,0,0.002000
1648654669.835874441,0,0.000000
1648654669.858888473,0,0.000000
1648654669.881460978,0,0.000000
1648654669.905297084,0,0.000000
1648654669.927882351,0,0.000000
1648654669.950792742,0,0.000000
1648654669.973859160,0,0.000000
1648654669.995095354,0,0.001000
1648654670.019924136,0,0.000000
1648654670.042910492,0,0.005000
1648654670.066141667,0,0.000000
1648654670.089188891,0,0.000000
1648654670.111493184,0,0.000000
1648654670.133977569,0,0.001000
1648654670.156822005,0,0.000000
1648654670.180469649,0,0.000000
1648654670.204205903,0,0.000000
1648654670.227829043,0,0.000000
1648654670.249947659,0,0.000000
1648654670.271367582,1,0.014000
1648654670.294364127,0,0.000000
1648654670.318021737,0,0.000000
1648654670.340781743,0,0.000000
1648654670.365374258,0,0.000000
1648654670.388337410,2,0.001000
1648654670.411394849,0,0.000000
1648654670.435235927,1,0.000000
1648654670.456768856,0,0.000000
1648654670.477078766,0,0.000000
1648654670.500080011,0,0.000000
1648654670.522843312,0,0.000000
1648654670.546796160,0,0.000000
1648654670.570534930,2,0.000000
1648654670.593071771,1,0.000000
1648654670.615591725,0,0.000000
1648654670.637241078,0,0.000000
1648654670.660033834,0,0.001000
1648654670.682733962,0,0.003000
1648654670.705157947,0,0.003000
1648654670.727310709,0,0.000000
1648654670.750220180,0,0.000000
1648654670.775079095,0,0.000000
1648654670.798749301,0,0.000000
1648654670.821628194,0,0.000000
1648654670.842601754,0,0.000000
1648654670.865961363,0,0.000000
1648654670.888088271,0,0.001000
1648654670.910887601,0,0.000000
1648654670.932430109,0,0.000000
1648654670.954967625,1,0.000000
1648654670.977483894,0,0.000000
1648654671.000372369,0,0.000000
1648654671.023134886,0,0.000000
1648654671.047166393,0,0.000000
1648654671.070381202,0,0.000000
1648654671.093065171,0,0.000000
1648654671.116120825,1,0.001000
1648654671.137333966,0,0.000000
1648654671.159395788,0,0.000000
1648654671.182411937,0,0.000000
1648654671.203115158,0,0.000000
1648654671.225572276,0,0.000000
1648654671.248070240,0,0.000000
1648654671.269756749,0,0.000000
1648654671.291420037,0,0.000000
1648654671.313952634,0,0.000000
1648654671.337289425,0,0.000000
1648654671.358977628,0,0.000000
1648654671.382237156,0,0.000000
1648654671.405053644,0,0.000000
1648654671.428448815,0,0.000000
1648654671.451626717,0,0.000000
1648654671.474416177,0,0.000000
1648654671.495454449,0,0.000000
1648654671.519690308,0,0.000000
1648654671.541251216,1,0.000000
1648654671.565154373,1,0.000000
1648654671.585543319,0,0.000000
1648654671.608295181,0,0.000000
1648654671.630464728,0,0.000000
1648654671.651364595,0,0.000000
1648654671.674481076,0,0.000000
1648654671.697618894,1,0.000000
1648654671.718860488,0,0.000000
1648654671.741533314,0,0.000000
1648654671.764210286,0,0.000000
1648654671.787927960,0,0.000000
1648654671.808858469,0,0.000000
1648654671.830779206,0,0.000000
1648654671.854287883,0,0.000000
1648654671.876698959,0,0.000000
1648654671.899475033,0,0.000000
1648654671.922035911,0,0.000000
1648654671.943285584,0,0.000000
1648654671.966642076,0,0.000000
1648654671.987592692,1,0.001000
1648654672.009195606,0,0.000000
1648654672.030804036,0,0.000000
1648654672.052696640,0,0.001000
1648654672.076131416,0,0.000000
1648654672.099413638,0,0.000000
1648654672.123130514,0,0.000000
1648654672.146572376,0,0.000000
1648654672.168556544,0,0.000000
1648654672.192311728,0,0.001000
1648654672.215600767,0,0.000000
1648654672.239083971,0,0.000000
1648654672.261386468,1,0.000000
1648654672.281965796,0,0.000000
1648654672.303981241,0,0.000000
1648654672.326567686,0,0.000000
1648654672.347928544,0,0.000000
1648654672.370470276,0,0.000000
1648654672.391992261,0,0.000000
1648654672.415462049,0,0.000000
1648654672.438320375,0,0.000000
1648654672.460074274,0,0.000000
1648654672.481085313,0,0.000000
1648654672.503309927,0,0.000000
1648654672.527190477,0,0.000000
1648654672.549870245,0,0.000000
1648654672.571686496,0,0.000000
1648654672.594810653,0,0.000000
1648654672.619570879,0,0.000000
1648654672.642977496,0,0.000000
1648654672.667137637,0,0.000000
1648654672.689889599,0,0.000000
1648654672.712054566,0,0.000000
1648654672.736065204,0,0.000000
1648654672.756990952,0,0.000000
1648654672.781385035,0,0.000000
1648654672.801813982,0,0.000000
1648654672.824919259,0,0.004000
1648654672.846470699,0,0.000000
1648654672.869535727,0,0.000000
1648654672.892450458,0,0.000000
1648654672.916550453,0,0.013000
1648654672.937207903,0,0.000000
1648654672.960439411,0,0.000000
1648654672.983503172,0,0.000000
1648654673.004881281,0,0.000000
1648654673.027668897,0,0.005000
1648654673.051455182,0,0.002000
1648654673.073293727,0,0.000000
1648654673.096573345,0,0.000000
1648654673.119875073,0,0.000000
1648654673.141879224,0,0.000000
1648654673.164078320,0,0.000000
1648654673.186569123,0,0.004000
1648654673.210381991,0,0.000000
1648654673.232083996,0,0.000000
1648654673.255597030,0,0.000000
1648654673.277272949,0,0.000000
1648654673.300485238,0,0.000000
1648654673.323928211,0,0.000000
1648654673.345696848,0,0.000000
1648654673.368840419,0,0.000000
1648654673.390117874,0,0.000000
1648654673.413470398,0,0.000000
1648654673.436971529,0,0.001000
1648654673.458940520,0,0.000000
1648654673.481275022,0,0.000000
1648654673.502082948,0,0.012000
1648654673.525473027,0,0.000000
1648654673.549239071,0,0.005000
1648654673.571593263,0,0.000000
1648654673.595522381,0,0.000000
1648654673.618361362,0,0.000000
1648654673.642833804,0,0.000000
1648654673.666445127,0,0.000000
1648654673.689833820,0,0.000000
1648654673.711922009,0,0.007000
1648654673.734443428,0,0.000000
1648654673.757839183,1,0.000000
1648654673.780394288,0,0.000000
1648654673.803448513,1,0.001000
1648654673.826308477,0,0.001000
1648654673.849586107,0,0.000000
1648654673.872645064,0,0.000000
1648654673.894962255,0,0.016000
1648654673.917936052,0,0.005000
1648654673.939680660,0,0.000000
1648654673.964013143,0,0.000000
1648654673.986949613,0,0.012000
1648654674.009533215,0,0.000000
1648654674.031987693,0,0.001000
1648654674.055404084,0,0.000000
1648654674.079111423,1,0.000000
1648654674.103554050,0,0.000000
1648654674.125476589,0,0.000000
1648654674.147527409,0,0.000000
1648654674.168576457,0,0.000000
1648654674.191866224,0,0.000000
1648654674.214839895,0,0.000000
1648654674.239016148,0,0.000000
1648654674.262885452,0,0.000000
1648654674.287048677,0,0.000000
1648654674.309847664,0,0.001000
1648654674.333235421,0,0.000000
1648654674.354720579,0,0.000000
1648654674.377231820,0,0.000000
1648654674.400957439,0,0.000000
1648654674.423759667,0,0.000000
1648654674.447660989,0,0.000000
1648654674.470115414,0,0.004000
1648654674.492457499,0,0.000000
1648654674.514861030,0,0.000000
1648654674.538043864,0,0.000000
1648654674.558365249,0,0.010000
1648654674.581926581,0,0.000000
1648654674.602849515,0,0.000000
1648654674.625280057,0,0.000000
1648654674.649283763,0,0.000000
1648654674.671892898,0,0.000000
1648654674.693091516,0,0.000000
1648654674.714381197,0,0.000000
1648654674.736700086,0,0.006000
1648654674.760050354,0,0.000000
1648654674.783956851,0,0.001000
1648654674.806163429,0,0.000000
1648654674.829498386,0,0.000000
1648654674.853534375,0,0.003000
1648654674.875405184,0,0.000000
1648654674.897243960,0,0.002000
1648654674.919331174,0,0.000000
1648654674.943277421,0,0.000000
1648654674.966091422,0,0.000000
1648654674.989651763,0,0.000000
1648654675.011615128,0,0.000000
1648654675.034459909,0,0.000000
1648654675.057154152,0,0.000000
1648654675.079507574,0,0.000000
1648654675.101964906,1,0.007000
1648654675.125346875,0,0.000000
1648654675.147204305,0,0.000000
1648654675.171043677,0,0.000000
1648654675.193266298,0,0.000000
1648654675.216188969,0,0.000000
1648654675.236950838,0,0.003000
1648654675.259596388,0,0.000000
1648654675.282796947,0,0.000000
1648654675.304225145,0,0.000000
1648654675.326656329,0,0.000000
1648654675.348736788,0,0.000000
1648654675.370529106,0,0.006000
1648654675.393965515,0,0.000000
1648654675.416179286,0,0.003000
1648654675.440219538,0,0.000000
1648654675.461927416,0,0.000000
1648654675.483798627,0,0.000000
1648654675.507408059,0,0.000000
1648654675.529060276,0,0.000000
1648654675.552220615,0,0.006000
1648654675.574931771,0,0.000000
1648654675.598093463,0,0.000000
1648654675.620006390,0,0.000000
1648654675.641863104,0,0.000000
1648654675.665161724,1,0.000000
1648654675.689280124,0,0.001000
1648654675.710618089,0,0.000000
1648654675.732251340,0,0.000000
1648654675.754534864,0,0.000000
1648654675.776445469,0,0.000000
1648654675.798762712,0,0.000000
1648654675.820607595,0,0.000000
1648654675.843202172,1,0.000000
1648654675.866708653,0,0.000000
1648654675.888271074,0,0.000000
1648654675.910569863,0,0.000000
1648654675.932474635,0,0.000000
1648654675.956143798,0,0.000000
1648654675.979136445,0,0.003000
1648654676.002493594,0,0.000000
1648654676.024303682,0,0.000000
1648654676.046975427,0,0.001000
1648654676.068754524,0,0.000000
1648654676.092849769,0,0.000000
1648654676.115883718,0,0.000000
1648654676.138351924,0,0.000000
1648654676.161986965,1,0.007000
1648654676.186325854,0,0.000000
1648654676.208282955,0,0.001000
1648654676.231200109,0,0.007000
1648654676.252137457,0,0.000000
1648654676.274488003,0,0.000000
1648654676.296597287,0,0.000000
1648654676.319271756,0,0.000000
1648654676.341826343,0,0.000000
1648654676.364129813,0,0.001000
1648654676.388119780,0,0.000000
1648654676.410397416,0,0.000000
1648654676.432814144,0,0.003000
1648654676.453849175,0,0.000000
1648654676.477331400,0,0.000000
1648654676.499628270,0,0.000000
1648654676.523219201,0,0.001000
1648654676.546582442,0,0.000000
1648654676.570200736,0,0.000000
1648654676.592224794,0,0.000000
1648654676.615492107,0,0.000000
1648654676.639281289,0,0.003000
1648654676.662393916,0,0.000000
1648654676.684262799,1,0.001000
1648654676.705730656,0,0.000000
1648654676.729509879,0,0.000000
1648654676.752810762,0,0.000000
1648654676.772862702,0,0.004000
1648654676.794795082,0,0.000000
1648654676.818241579,0,0.000000
1648654676.841269530,0,0.000000
1648654676.864460300,0,0.000000
1648654676.887001425,0,0.000000
1648654676.909684037,0,0.000000
1648654676.932175571,0,0.000000
1648654676.955071214,0,0.000000
1648654676.978049835,0,0.000000
1648654676.999955710,0,0.000000
1648654677.022665557,0,0.000000
1648654677.046415398,0,0.000000
1648654677.067966761,0,0.000000
1648654677.091619735,0,0.000000
1648654677.115100579,0,0.000000
1648654677.139380383,0,0.000000
1648654677.162590507,0,0.000000
1648654677.183305675,0,0.000000
1648654677.204199255,0,0.008000
1648654677.225540481,0,0.000000
1648654677.248106357,0,0.000000
1648654677.271450443,0,0.007000
1648654677.291571843,0,0.000000
1648654677.314387501,0,0.000000
1648654677.336700130,0,0.004000
1648654677.360310506,0,0.000000
1648654677.383257356,0,0.000000
1648654677.404929205,0,0.000000
1648654677.427677063,0,0.000000
1648654677.451371693,0,0.000000
1648654677.473980530,0,0.000000
1648654677.495878541,0,0.000000
1648654677.518828053,0,0.000000
1648654677.542029730,0,0.000000
1648654677.563730988,0,0.003000
1648654677.586244868,0,0.000000
1648654677.609695780,0,0.000000
1648654677.633613581,0,0.000000
1648654677.657273068,0,0.000000
1648654677.679951561,0,0.000000
1648654677.702183580,0,0.000000
1648654677.724492424,0,0.000000
1648654677.748277912,0,0.000000
1648654677.770202182,0,0.000000
1648654677.792466697,0,0.000000
1648654677.815423408,0,0.000000
1648654677.839413377,0,0.000000
1648654677.862207582,0,0.000000
1648654677.886058214,0,0.000000
1648654677.908777347,0,0.000000
1648654677.931113422,0,0.000000
1648654677.954381592,0,0.000000
1648654677.977056604,0,0.000000
1648654677.998464231,0,0.000000
1648654678.022108807,0,0.000000
1648654678.044450886,0,0.000000
1648654678.066834063,0,0.000000
1648654678.088142284,0,0.000000
1648654678.111746719,0,0.000000
1648654678.134208198,0,0.000000
1648654678.156659208,0,0.000000
1648654678.179539998,0,0.000000
1648654678.201964756,0,0.000000
1648654678.225251073,0,0.000000
1648654678.248402885,0,0.000000
1648654678.271754711,0,0.000000
1648654678.295649509,0,0.000000
1648654678.317270618,0,0.000000
1648654678.339330896,0,0.000000
1648654678.361923698,0,0.000000
1648654678.383369350,0,0.000000
1648654678.407080019,0,0.001000
1648654678.430104813,0,0.019000
1648654678.451085735,0,0.000000
1648654678.474904383,0,0.000000
1648654678.498471114,0,0.000000
1648654678.520930938,0,0.000000
1648654678.543283294,0,0.000000
1648654678.566884754,0,0.008000
1648654678.588927186,0,0.000000
1648654678.612149808,0,0.000000
1648654678.633600205,0,0.000000
1648654678.657722392,0,0.009000
1648654678.680796914,0,0.000000
1648654678.702930307,0,0.008000
1648654678.725939419,0,0.000000
1648654678.747449289,0,0.000000
1648654678.770526614,1,0.000000
1648654678.793997727,0,0.000000
1648654678.816997278,0,0.000000
1648654678.838315521,0,0.000000
1648654678.862065906,0,0.000000
1648654678.885100411,0,0.000000
1648654678.908916099,0,0.000000
1648654678.930875569,0,0.000000
1648654678.953149098,0,0.000000
1648654678.974217105,0,0.000000
1648654678.997492071,0,0.000000
1648654679.018677189,0,0.000000
1648654679.042634749,0,0.000000
1648654679.065468307,0,0.000000
1648654679.088692657,0,0.000000
1648654679.111805310,0,0.000000
1648654679.135490372,0,0.000000
1648654679.158856493,0,0.000000
1648654679.181029558,0,0.000000
1648654679.205074830,0,0.001000
1648654679.228574427,0,0.000000
1648654679.249808875,0,0.000000
1648654679.272510495,1,0.007000
1648654679.295732706,0,0.001000
1648654679.317211683,0,0.000000
1648654679.339792832,0,0.007000
1648654679.361958882,0,0.000000
1648654679.385724319,0,0.000000
1648654679.409013749,0,0.000000
1648654679.431598181,0,0.000000
1648654679.452866726,0,0.001000
1648654679.474524542,0,0.000000
1648654679.495934155,0,0.000000
1648654679.518454756,0,0.000000
1648654679.539945224,0,0.000000
1648654679.561750995,0,0.000000
1648654679.585080316,0,0.000000
1648654679.607578590,0,0.000000
1648654679.631701066,0,0.000000
1648654679.655793074,0,0.000000
1648654679.678879859,0,0.000000
1648654679.701919593,0,0.006000
1648654679.725235721,0,0.000000
1648654679.747018081,2,0.000000
1648654679.768203293,0,0.000000
1648654679.791429909,0,0.000000
1648654679.814709778,0,0.000000
1648654679.838002708,0,0.000000
1648654679.860758125,0,0.000000
1648654679.883361911,0,0.000000
1648654679.905109891,0,0.000000
1648654679.927578915,0,0.000000
1648654679.950336910,0,0.000000
1648654679.973298571,0,0.005000
1648654679.995474259,0,0.000000
1648654680.018247263,0,0.000000
1648654680.040745649,0,0.000000
1648654680.062989710,0,0.000000
1648654680.086114921,0,0.000000
1648654680.109551286,0,0.000000
1648654680.132576784,0,0.000000
1648654680.155925206,0,0.000000
1648654680.178265651,0,0.000000
1648654680.201052269,0,0.000000
1648654680.223530092,0,0.000000
1648654680.246304269,0,0.000000
1648654680.267830908,0,0.000000
1648654680.291142681,0,0.000000
1648654680.312732072,0,0.000000
1648654680.334112055,0,0.003000
1648654680.356957113,0,0.000000
1648654680.379606185,0,0.000000
1648654680.400472526,0,0.000000
1648654680.423135392,0,0.000000
1648654680.445133705,0,0.000000
1648654680.467944148,0,0.000000
1648654680.489353718,0,0.000000
1648654680.512069533,0,0.000000
1648654680.535441030,0,0.000000
1648654680.558476443,0,0.012000
1648654680.581880724,4,0.016000
1648654680.602642479,0,0.003000
1648654680.625895801,0,0.000000
1648654680.649025702,0,0.005000
1648654680.674443902,0,0.000000
1648654680.698063553,0,0.000000
1648654680.719473916,0,0.000000
1648654680.742874699,0,0.000000
1648654680.763808983,0,0.000000
1648654680.786969155,0,0.000000
1648654680.809313180,0,0.000000
1648654680.832787700,0,0.000000
1648654680.853126941,0,0.000000
1648654680.875873407,0,0.000000
1648654680.898439421,0,0.000000
1648654680.922097612,0,0.008000
1648654680.945097564,0,0.000000
1648654680.968240983,0,0.000000
1648654680.990127200,0,0.000000
1648654681.012357851,0,0.000000
1648654681.034917082,0,0.000000
1648654681.056413116,0,0.000000
1648654681.078749701,0,0.000000
1648654681.100349478,0,0.000000
1648654681.122671519,0,0.000000
1648654681.144129386,0,0.000000
1648654681.166952746,0,0.000000
1648654681.188828862,0,0.000000
1648654681.211351659,0,0.000000
1648654681.232176954,0,0.000000
1648654681.256088764,0,0.000000
1648654681.278038792,0,0.000000
1648654681.301407044,0,0.000000
1648654681.324259362,0,0.000000
1648654681.347266464,0,0.000000
1648654681.369710859,0,0.000000
1648654681.391943086,0,0.000000
1648654681.416238232,0,0.000000
1648654681.437496562,0,0.000000
1648654681.460141669,0,0.000000
1648654681.482867700,0,0.000000
1648654681.505819212,0,0.000000
1648654681.528114972,0,0.000000
1648654681.551784529,0,0.000000
1648654681.574769617,0,0.000000
1648654681.597955310,0,0.000000
1648654681.617943679,0,0.000000
1648654681.641570945,0,0.000000
1648654681.665536605,0,0.000000
1648654681.686536575,0,0.000000
1648654681.708217699,0,0.000000
1648654681.731114020,0,0.000000
1648654681.753794471,1,0.000000
1648654681.775339008,0,0.000000
1648654681.799029224,0,0.000000
1648654681.823217874,0,0.009000
1648654681.844051568,1,0.000000
1648654681.865995261,1,0.000000
1648654681.889500578,0,0.000000
1648654681.912593160,0,0.000000
1648654681.934373103,0,0.001000
1648654681.957643180,0,0.000000
1648654681.980655289,0,0.000000
1648654682.004003055,0,0.000000
1648654682.026282550,0,0.000000
1648654682.050314161,0,0.000000
1648654682.072182851,0,0.004000
1648654682.094410708,0,0.000000
1648654682.117871624,0,0.000000
1648654682.140571802,0,0.000000
1648654682.163906727,0,0.000000
1648654682.188104223,0,0.000000
1648654682.211560254,0,0.006000
1648654682.236044958,0,0.000000
1648654682.259894285,0,0.000000
1648654682.281469612,0,0.000000
1648654682.303465350,0,0.000000
1648654682.324737564,0,0.000000
1648654682.346914581,0,0.001000
1648654682.368923883,0,0.000000
1648654682.391352750,0,0.000000
1648654682.413611053,0,0.000000
1648654682.436437058,0,0.000000
1648654682.460368240,0,0.000000
1648654682.483465562,0,0.000000
1648654682.503908035,0,0.000000
1648654682.526432621,0,0.000000
1648654682.549904866,0,0.000000
1648654682.572198344,0,0.000000
1648654682.595495269,0,0.000000
1648654682.619156233,0,0.000000
1648654682.641807854,0,0.000000
1648654682.664390285,0,0.000000
1648654682.687391759,0,0.000000
1648654682.710284601,0,0.000000
1648654682.733466745,0,0.000000
1648654682.755807737,0,0.000000
1648654682.777254774,0,0.000000
1648654682.800075469,0,0.000000
1648654682.821106470,0,0.000000
1648654682.843184738,0,0.000000
1648654682.866903943,0,0.000000
1648654682.889377828,0,0.000000
1648654682.910389301,0,0.000000
1648654682.933766403,0,0.000000
1648654682.957830212,0,0.000000
1648654682.980908735,0,0.000000
1648654683.004470113,0,0.000000
1648654683.025504835,0,0.000000
1648654683.047983260,0,0.000000
1648654683.071243001,0,0.000000
1648654683.093996239,0,0.000000
1648654683.116639044,0,0.000000
1648654683.139065723,0,0.003000
1648654683.162370341,0,0.000000
1648654683.186177003,0,0.000000
1648654683.209208418,0,0.000000
1648654683.232533891,0,0.000000
1648654683.256007202,0,0.000000
1648654683.278972293,0,0.013000
1648654683.300958453,0,0.001000
1648654683.325007301,0,0.000000
1648654683.346562435,0,0.001000
1648654683.369890199,0,0.000000
1648654683.393158994,0,0.000000
1648654683.415997154,0,0.000000
1648654683.438371746,0,0.000000
1648654683.461392971,0,0.000000
1648654683.485194253,0,0.000000
1648654683.507062487,0,0.000000
1648654683.530699224,0,0.003000
1648654683.554261620,0,0.000000
1648654683.578044249,0,0.000000
1648654683.600786044,0,0.000000
1648654683.623072640,0,0.000000
1648654683.646394007,0,0.000000
1648654683.668400311,0,0.000000
1648654683.691556804,0,0.000000
1648654683.714089251,1,0.000000
1648654683.736054790,0,0.000000
1648654683.759414893,0,0.000000
1648654683.782043177,0,0.000000
1648654683.804715853,0,0.000000
1648654683.826743960,0,0.000000
1648654683.849018536,0,0.000000
1648654683.872488881,0,0.000000
1648654683.896166685,0,0.008000
1648654683.917955277,0,0.003000
1648654683.939290613,0,0.000000
1648654683.962546524,0,0.000000
1648654683.985351123,0,0.000000
1648654684.009150273,0,0.000000
1648654684.032123814,0,0.000000
1648654684.055606940,0,0.000000
1648654684.077737700,0,0.000000
1648654684.100746054,0,0.000000
1648654684.124295390,0,0.003000
1648654684.146214039,0,0.000000
1648654684.170075484,0,0.000000
1648654684.194109508,0,0.000000
1648654684.217279630,0,0.000000
1648654684.238604676,0,0.000000
1648654684.261851457,0,0.000000
1648654684.285253594,0,0.000000
1648654684.307828299,0,0.000000
1648654684.332554378,0,0.000000
1648654684.356229049,0,0.001000
1648654684.377318076,0,0.000000
1648654684.400473129,0,0.000000
1648654684.424672243,0,0.000000
1648654684.446917923,0,0.000000
1648654684.470299000,0,0.000000
1648654684.493202405,0,0.000000
1648654684.516480172,0,0.000000
1648654684.540494359,0,0.000000
1648654684.564321080,0,0.000000
1648654684.586987055,0,0.000000
1648654684.607969813,0,0.000000
1648654684.631010728,0,0.000000
1648654684.654700459,0,0.000000
1648654684.678021076,0,0.000000
1648654684.700752670,0,0.003000
1648654684.723254660,0,0.000000
1648654684.745757604,0,0.000000
1648654684.767703013,0,0.000000
1648654684.789917186,0,0.000000
1648654684.812724556,0,0.000000
1648654684.836078385,0,0.000000
1648654684.859128299,0,0.000000
1648654684.882124813,0,0.000000
1648654684.903172000,0,0.000000
1648654684.925951299,0,0.000000
1648654684.949405265,1,0.000000
1648654684.972440421,0,0.000000
1648654684.994317078,0,0.000000
1648654685.017308617,0,0.000000
1648654685.040232594,0,0.017000
1648654685.062621789,0,0.000000
1648654685.085752354,0,0.000000
1648654685.108417176,0,0.001000
1648654685.131037501,0,0.000000
1648654685.152101360,0,0.000000
1648654685.174450678,0,0.000000
1648654685.198389940,0,0.000000
1648654685.222030184,0,0.000000
1648654685.244626818,0,0.000000
1648654685.267780552,0,0.000000
1648654685.289325229,0,0.000000
1648654685.311479336,0,0.001000
1648654685.334434299,0,0.000000
1648654685.357877198,0,0.000000
1648654685.381396520,0,0.000000
1648654685.403992797,0,0.000000
1648654685.428216073,0,0.000000
1648654685.450627116,0,0.000000
1648654685.472905906,0,0.000000
1648654685.495579783,0,0.000000
1648654685.516257361,0,0.000000
1648654685.539878741,0,0.000000
1648654685.561465596,0,0.000000
1648654685.584601850,0,0.000000
1648654685.605319206,0,0.001000
1648654685.627272150,0,0.001000
1648654685.649955578,0,0.001000
1648654685.671479413,0,0.001000
1648654685.695503075,0,0.001000
1648654685.719855307,0,0.001000
1648654685.743038326,0,0.001000
1648654685.765777826,0,0.001000
1648654685.789331705,0,0.001000
1648654685.811542672,0,0.001000
1648654685.834669468,0,0.001000
1648654685.857851636,0,0.001000
1648654685.879439284,0,0.001000
1648654685.901565674,0,0.001000
1648654685.922859028,0,0.001000
1648654685.945878803,0,0.001000
1648654685.967120788,0,0.001000
1648654685.989532858,0,0.001000
