1648652493.511056907,0,0.001000
1648652493.536048323,0,0.001000
1648652493.557422738,0,0.001000
1648652493.578665816,0,0.001000
1648652493.601072915,0,0.001000
1648652493.622194588,0,0.001000
1648652493.644202469,0,0.001000
1648652493.666524408,0,0.001000
1648652493.688706441,0,0.001000
1648652493.708796392,0,0.001000
1648652493.730577310,0,0.001000
1648652493.752740809,0,0.001000
1648652493.774269213,0,0.001000
1648652493.796305341,0,0.001000
1648652493.818119582,0,0.001000
1648652493.839552564,0,0.001000
1648652493.862282646,0,0.001000
1648652493.884228258,0,0.001000
1648652493.906496885,0,0.000000
1648652493.928404401,18,0.250000
1648652493.951713542,0,0.000000
1648652493.973931594,0,0.000000
1648652493.995761974,3,0.061000
1648652494.017432449,0,0.000000
1648652494.039274617,1,0.000000
1648652494.061674988,0,0.000000
1648652494.083419078,2,0.044000
1648652494.106409375,0,0.000000
1648652494.126754467,1,0.029000
1648652494.148835069,0,0.000000
1648652494.171342029,1,0.014000
1648652494.192577385,0,0.000000
1648652494.213901047,0,0.000000
1648652494.235132154,0,0.000000
1648652494.256302012,0,0.000000
1648652494.275901257,0,0.000000
1648652494.296792548,0,0.000000
1648652494.319908435,0,0.000000
1648652494.340201831,2,0.077000
1648652494.362725877,0,0.000000
1648652494.383376609,0,0.000000
1648652494.405547776,0,0.000000
1648652494.429096026,0,0.000000
1648652494.451791557,0,0.000000
1648652494.473240409,0,0.000000
1648652494.497157382,0,0.000000
1648652494.520385092,0,0.000000
1648652494.542033769,0,0.000000
1648652494.565030251,0,0.000000
1648652494.588108806,1,0.003000
1648652494.610379535,0,0.012000
1648652494.633715889,0,0.000000
1648652494.656169206,0,0.000000
1648652494.678246710,0,0.000000
1648652494.700371120,0,0.000000
1648652494.722034917,0,0.016000
1648652494.744901835,0,0.000000
1648652494.767105584,0,0.000000
1648652494.788919235,1,0.029000
1648652494.810670544,0,0.000000
1648652494.834991953,1,0.014000
1648652494.857331560,0,0.000000
1648652494.880161704,0,0.000000
1648652494.901627351,0,0.000000
1648652494.922752334,0,0.000000
1648652494.944198024,0,0.000000
1648652494.966212973,2,0.045000
1648652494.989067384,0,0.000000
1648652495.010502566,1,0.003000
1648652495.032380699,0,0.000000
1648652495.055443733,0,0.000000
1648652495.076763994,1,0.029000
1648652495.097627501,2,0.011000
1648652495.119586589,0,0.000000
1648652495.140369817,0,0.000000
1648652495.163353906,0,0.000000
1648652495.185480991,3,0.019000
1648652495.206347653,0,0.000000
1648652495.227158906,0,0.000000
1648652495.250932508,0,0.000000
1648652495.272584774,2,0.026000
1648652495.293024557,0,0.000000
1648652495.313612022,1,0.000000
1648652495.334939252,0,0.000000
1648652495.356544323,0,0.000000
1648652495.379502285,0,0.000000
1648652495.402859371,0,0.000000
1648652495.424720264,0,0.020000
1648652495.446439692,0,0.000000
1648652495.468915678,0,0.004000
1648652495.491597644,0,0.000000
1648652495.513269118,0,0.031000
1648652495.536241783,0,0.000000
1648652495.557962909,0,0.000000
1648652495.580099916,0,0.000000
1648652495.602057459,0,0.000000
1648652495.623161439,0,0.000000
1648652495.646141946,0,0.000000
1648652495.669203921,0,0.000000
1648652495.690542380,0,0.000000
1648652495.710129726,0,0.000000
1648652495.732451920,0,0.000000
1648652495.755497243,0,0.000000
1648652495.778156223,0,0.000000
1648652495.799846023,4,0.066000
1648652495.819480524,0,0.000000
1648652495.840467917,0,0.000000
1648652495.865003426,0,0.000000
1648652495.886348053,0,0.000000
1648652495.908500257,0,0.000000
1648652495.929187278,1,0.005000
1648652495.951503372,0,0.000000
1648652495.974721463,0,0.000000
1648652495.997045131,0,0.000000
1648652496.020253059,1,0.001000
1648652496.040916401,0,0.000000
1648652496.062884351,0,0.000000
1648652496.083986845,0,0.000000
1648652496.105942092,0,0.004000
1648652496.129314562,0,0.000000
1648652496.153085081,0,0.000000
1648652496.175369506,0,0.000000
1648652496.197362514,3,0.049000
1648652496.221329412,0,0.000000
1648652496.243941841,3,0.044000
1648652496.264902592,0,0.000000
1648652496.285976249,0,0.000000
1648652496.308080627,0,0.000000
1648652496.329611415,0,0.000000
1648652496.352740090,0,0.000000
1648652496.374624531,0,0.016000
1648652496.393923480,0,0.004000
1648652496.417718587,0,0.000000
1648652496.440723063,0,0.000000
1648652496.462544335,0,0.000000
1648652496.484919339,0,0.000000
1648652496.506918985,0,0.000000
1648652496.527883467,3,0.046000
1648652496.549386909,3,0.012000
1648652496.570449043,0,0.012000
1648652496.594049437,0,0.000000
1648652496.615973950,0,0.000000
1648652496.638716271,0,0.000000
1648652496.660271137,0,0.000000
1648652496.682121278,0,0.000000
1648652496.703543318,0,0.000000
1648652496.725690219,0,0.000000
1648652496.746823310,2,0.019000
1648652496.770829119,0,0.000000
1648652496.792465597,0,0.000000
1648652496.813584089,0,0.000000
1648652496.836329840,0,0.003000
1648652496.858034161,1,0.000000
1648652496.881053191,3,0.039000
1648652496.903569584,3,0.016000
1648652496.926479777,0,0.008000
1648652496.948658874,0,0.000000
1648652496.969021161,0,0.000000
1648652496.988480114,4,0.060000
1648652497.012378731,0,0.000000
1648652497.034083409,0,0.000000
1648652497.057207593,2,0.046000
1648652497.078443860,0,0.013000
1648652497.099055362,0,0.000000
1648652497.119194918,0,0.000000
1648652497.141571631,0,0.000000
1648652497.163292111,0,0.000000
1648652497.186472483,1,0.000000
1648652497.207064343,0,0.000000
1648652497.229033167,0,0.000000
1648652497.251585498,0,0.000000
1648652497.274324060,0,0.000000
1648652497.296326322,0,0.000000
1648652497.318890044,2,0.048000
1648652497.341273942,0,0.000000
1648652497.362209040,2,0.039000
1648652497.383013651,1,0.059000
1648652497.404870497,0,0.000000
1648652497.425285662,0,0.000000
1648652497.447360318,2,0.076000
1648652497.469250546,0,0.000000
1648652497.491076483,0,0.000000
1648652497.512344733,0,0.000000
1648652497.534054750,0,0.000000
1648652497.554542992,0,0.000000
1648652497.575646045,0,0.000000
1648652497.599175656,0,0.000000
1648652497.621450937,2,0.028000
1648652497.644283798,0,0.000000
1648652497.667356978,0,0.000000
1648652497.688100203,0,0.000000
1648652497.709163407,0,0.000000
1648652497.730557221,0,0.000000
1648652497.751549302,0,0.000000
1648652497.772867188,0,0.000000
1648652497.792136938,1,0.031000
1648652497.813440715,3,0.062000
1648652497.833999780,0,0.004000
1648652497.853906530,0,0.000000
1648652497.876699289,0,0.000000
1648652497.899340741,0,0.001000
1648652497.921401969,0,0.000000
1648652497.943862006,0,0.000000
1648652497.966270483,0,0.000000
1648652497.989883901,0,0.000000
1648652498.012011316,0,0.000000
1648652498.034256753,0,0.000000
1648652498.057189389,0,0.000000
1648652498.078902146,2,0.023000
1648652498.102709403,0,0.000000
1648652498.125708878,0,0.000000
1648652498.147952422,0,0.000000
1648652498.169170267,3,0.037000
1648652498.189974926,0,0.000000
1648652498.210407183,0,0.000000
1648652498.231454359,0,0.000000
1648652498.251911926,0,0.000000
1648652498.273647506,0,0.000000
1648652498.295727829,1,0.037000
1648652498.318610738,0,0.001000
1648652498.340643418,0,0.001000
1648652498.361420442,0,0.000000
1648652498.382427050,2,0.013000
1648652498.404914406,0,0.000000
1648652498.427480691,0,0.000000
1648652498.449467751,0,0.000000
1648652498.471470480,0,0.000000
1648652498.492769368,0,0.000000
1648652498.515225883,1,0.000000
1648652498.537446320,0,0.000000
1648652498.559181013,3,0.037000
1648652498.579329605,2,0.034000
1648652498.600211756,0,0.000000
1648652498.621866546,0,0.000000
1648652498.644140894,0,0.000000
1648652498.666297824,0,0.000000
1648652498.685977521,0,0.000000
1648652498.707239718,0,0.000000
1648652498.727980192,2,0.029000
1648652498.751876453,0,0.000000
1648652498.775543584,0,0.000000
1648652498.797356793,1,0.023000
1648652498.817702599,0,0.001000
1648652498.839627209,0,0.005000
1648652498.860258484,1,0.004000
1648652498.882268689,3,0.000000
1648652498.904060521,0,0.000000
1648652498.925130375,2,0.007000
1648652498.947808779,1,0.030000
1648652498.968207580,0,0.000000
1648652498.991345618,0,0.000000
1648652499.014668859,3,0.024000
1648652499.036380585,0,0.000000
1648652499.058443341,0,0.000000
1648652499.080952883,0,0.000000
1648652499.102410067,0,0.000000
1648652499.123203957,1,0.000000
1648652499.145993203,0,0.000000
1648652499.166766001,1,0.012000
1648652499.190038210,0,0.000000
1648652499.210945242,0,0.000000
1648652499.234473213,0,0.000000
1648652499.256311668,0,0.000000
1648652499.278478476,0,0.000000
1648652499.299447781,0,0.000000
1648652499.320882042,0,0.000000
1648652499.340562661,0,0.000000
1648652499.362617124,0,0.000000
1648652499.383269835,0,0.000000
1648652499.405494063,0,0.000000
1648652499.426236836,0,0.000000
1648652499.449553602,1,0.017000
1648652499.472724913,0,0.000000
1648652499.494779326,0,0.000000
1648652499.516025895,0,0.000000
1648652499.537046743,1,0.027000
1648652499.556576506,0,0.000000
1648652499.575377953,5,0.088000
1648652499.598496449,0,0.000000
1648652499.619143902,0,0.000000
1648652499.640599386,0,0.000000
1648652499.662425056,0,0.000000
1648652499.684703579,0,0.000000
1648652499.705992246,0,0.000000
1648652499.728535805,1,0.000000
1648652499.749891518,0,0.000000
1648652499.770934412,0,0.000000
1648652499.793888820,2,0.052000
1648652499.815451548,1,0.064000
1648652499.838051773,0,0.000000
1648652499.858016467,1,0.000000
1648652499.879175358,0,0.000000
1648652499.901012217,0,0.000000
1648652499.923349038,0,0.008000
1648652499.942995494,0,0.000000
1648652499.966298446,0,0.000000
1648652499.988236611,0,0.000000
1648652500.007992366,2,0.025000
1648652500.029475885,0,0.000000
1648652500.052280617,1,0.041000
1648652500.075580784,0,0.006000
1648652500.098119803,2,0.027000
1648652500.120752009,0,0.000000
1648652500.141988795,0,0.000000
1648652500.165217590,0,0.000000
1648652500.187504969,0,0.004000
1648652500.210569268,0,0.000000
1648652500.232305332,0,0.000000
1648652500.252836360,0,0.000000
1648652500.275939099,0,0.005000
1648652500.298069793,0,0.000000
1648652500.319886822,0,0.023000
1648652500.342193447,0,0.000000
1648652500.363701441,0,0.000000
1648652500.386437424,0,0.005000
1648652500.408671060,0,0.000000
1648652500.428025253,0,0.000000
1648652500.448699705,0,0.000000
1648652500.470713365,0,0.003000
1648652500.492099639,0,0.000000
1648652500.514201828,0,0.011000
1648652500.536759385,0,0.000000
1648652500.561024831,0,0.000000
1648652500.583194819,0,0.000000
1648652500.605222868,0,0.000000
1648652500.626477937,0,0.000000
1648652500.647309112,0,0.000000
1648652500.669447188,0,0.000000
1648652500.691596259,0,0.000000
1648652500.713534973,0,0.016000
1648652500.735840003,0,0.000000
1648652500.755486875,0,0.000000
1648652500.778530059,0,0.000000
1648652500.799744727,1,0.016000
1648652500.819720888,0,0.000000
1648652500.842546791,0,0.000000
1648652500.864430113,0,0.000000
1648652500.885403505,0,0.000000
1648652500.906379391,0,0.000000
1648652500.927432954,0,0.000000
1648652500.947252972,0,0.000000
1648652500.970509344,0,0.000000
1648652500.992019798,0,0.000000
1648652501.013248078,0,0.011000
1648652501.034417801,0,0.000000
1648652501.058284325,0,0.000000
1648652501.081615997,0,0.000000
1648652501.104482897,0,0.000000
1648652501.125948015,0,0.008000
1648652501.147658345,0,0.000000
1648652501.168441502,0,0.000000
1648652501.192236303,0,0.000000
1648652501.214606742,1,0.033000
1648652501.233575094,0,0.000000
1648652501.256839942,0,0.000000
1648652501.277241613,0,0.000000
1648652501.299036430,1,0.036000
1648652501.319107720,0,0.000000
1648652501.341444885,0,0.000000
1648652501.363095453,0,0.001000
1648652501.383911391,0,0.000000
1648652501.404376600,0,0.000000
1648652501.426901160,2,0.031000
1648652501.448653776,0,0.000000
1648652501.470345312,0,0.000000
1648652501.493124198,0,0.000000
1648652501.514883743,0,0.000000
1648652501.537189820,0,0.000000
1648652501.558385319,1,0.010000
1648652501.581078818,0,0.000000
1648652501.603602640,0,0.000000
1648652501.624217812,0,0.000000
1648652501.645157343,1,0.023000
1648652501.667965150,0,0.000000
1648652501.688325025,2,0.018000
1648652501.711284595,0,0.000000
1648652501.731830194,0,0.000000
1648652501.754000016,0,0.000000
1648652501.776293695,0,0.016000
1648652501.798026806,0,0.000000
1648652501.818586252,0,0.000000
1648652501.839016901,0,0.000000
1648652501.861186528,1,0.017000
1648652501.883068550,1,0.007000
1648652501.904581283,0,0.000000
1648652501.926290995,0,0.000000
1648652501.948059269,0,0.000000
1648652501.970245529,0,0.000000
1648652501.991759517,0,0.000000
1648652502.014103316,0,0.000000
1648652502.037026770,0,0.000000
1648652502.058610132,0,0.000000
1648652502.080279438,0,0.001000
1648652502.101389054,3,0.046000
1648652502.122535706,0,0.000000
1648652502.142566604,0,0.000000
1648652502.165142343,0,0.000000
1648652502.185462866,0,0.000000
1648652502.207801988,0,0.000000
1648652502.230828160,0,0.000000
1648652502.253378689,0,0.000000
1648652502.274307348,0,0.000000
1648652502.297007676,0,0.000000
1648652502.319551704,0,0.000000
1648652502.341119807,0,0.034000
1648652502.363887301,0,0.000000
1648652502.385510747,3,0.043000
1648652502.407900452,0,0.005000
1648652502.430137025,1,0.000000
1648652502.451711670,3,0.048000
1648652502.473014054,0,0.000000
1648652502.494417149,0,0.000000
1648652502.517880397,0,0.000000
1648652502.539632248,0,0.000000
1648652502.562044139,1,0.033000
1648652502.583340598,1,0.017000
1648652502.602408462,0,0.000000
1648652502.625719156,0,0.000000
1648652502.646075882,0,0.000000
1648652502.668892515,0,0.000000
1648652502.690201433,0,0.000000
1648652502.710432920,0,0.000000
1648652502.731148738,0,0.000000
1648652502.749978536,3,0.049000
1648652502.771461551,0,0.000000
1648652502.792266814,0,0.000000
1648652502.813850487,0,0.000000
1648652502.833981113,0,0.000000
1648652502.855904218,1,0.042000
1648652502.879557465,1,0.008000
1648652502.903361687,0,0.000000
1648652502.925958057,0,0.006000
1648652502.947868133,0,0.000000
1648652502.968368632,2,0.015000
1648652502.990878621,0,0.000000
1648652503.011317209,3,0.043000
1648652503.032768202,0,0.020000
1648652503.053160843,2,0.008000
1648652503.075386346,1,0.016000
1648652503.096218979,0,0.000000
1648652503.116856284,1,0.007000
1648652503.139821389,0,0.000000
1648652503.160341793,0,0.000000
1648652503.181386361,0,0.000000
1648652503.201772910,0,0.000000
1648652503.223152809,2,0.045000
1648652503.244993652,1,0.027000
1648652503.266827181,0,0.000000
1648652503.290396714,1,0.008000
1648652503.311918168,1,0.058000
1648652503.334999458,0,0.000000
1648652503.357077385,0,0.000000
1648652503.380974248,0,0.000000
1648652503.403842713,0,0.000000
1648652503.426354785,0,0.000000
1648652503.447078715,0,0.000000
1648652503.468099759,0,0.000000
1648652503.489812661,0,0.000000
1648652503.511233050,0,0.000000
1648652503.531481205,0,0.000000
1648652503.555086505,2,0.058000
1648652503.576050735,0,0.000000
1648652503.596397955,0,0.000000
1648652503.616564140,1,0.000000
1648652503.640206625,1,0.003000
1648652503.661971881,0,0.000000
1648652503.684425109,2,0.017000
1648652503.707939670,0,0.000000
1648652503.729792389,0,0.000000
1648652503.751088049,0,0.000000
1648652503.772047574,0,0.000000
1648652503.793095012,0,0.000000
1648652503.814936450,0,0.000000
1648652503.835464362,3,0.060000
1648652503.857492918,0,0.000000
1648652503.877998880,0,0.000000
1648652503.899993636,0,0.000000
1648652503.919930018,0,0.025000
1648652503.940682278,0,0.000000
1648652503.962980898,0,0.000000
1648652503.984047189,0,0.000000
1648652504.005218523,2,0.000000
1648652504.026047174,0,0.000000
1648652504.048667633,0,0.000000
1648652504.070452681,0,0.000000
1648652504.091958118,0,0.000000
1648652504.114214183,0,0.000000
1648652504.134260927,0,0.000000
1648652504.154708762,0,0.004000
1648652504.178376817,3,0.053000
1648652504.200243283,0,0.000000
1648652504.223114815,0,0.000000
1648652504.246436613,0,0.000000
1648652504.267917399,0,0.000000
1648652504.290657253,0,0.000000
1648652504.310941003,0,0.000000
1648652504.333571573,0,0.000000
1648652504.354566771,0,0.000000
1648652504.374400966,1,0.000000
1648652504.395908326,0,0.000000
1648652504.416969171,1,0.009000
1648652504.438541751,0,0.000000
1648652504.461123617,0,0.000000
1648652504.482695446,0,0.000000
1648652504.504879491,0,0.000000
1648652504.526410685,0,0.000000
1648652504.547730259,0,0.000000
1648652504.569980698,0,0.000000
1648652504.591620003,0,0.000000
1648652504.613116934,0,0.000000
1648652504.635033728,0,0.000000
1648652504.658809251,0,0.000000
1648652504.682075762,0,0.000000
1648652504.703880137,0,0.000000
1648652504.723941119,0,0.000000
1648652504.744115100,2,0.032000
1648652504.764030526,0,0.000000
1648652504.787936396,2,0.035000
1648652504.808669495,0,0.000000
1648652504.829385019,0,0.000000
1648652504.851603007,3,0.044000
1648652504.874170779,6,0.033000
1648652504.895374831,0,0.000000
1648652504.918478358,0,0.000000
1648652504.942309748,0,0.000000
1648652504.963801400,0,0.000000
1648652504.983886508,0,0.000000
1648652505.003771913,0,0.000000
1648652505.024218153,0,0.000000
1648652505.046747307,2,0.031000
1648652505.069944900,0,0.000000
1648652505.092212879,0,0.000000
1648652505.112959537,1,0.000000
1648652505.134670045,0,0.000000
1648652505.157398792,0,0.000000
1648652505.178705238,0,0.004000
1648652505.199235743,0,0.000000
1648652505.220449392,1,0.034000
1648652505.242700870,0,0.000000
1648652505.263965778,0,0.000000
1648652505.285884586,0,0.000000
1648652505.305936741,0,0.000000
1648652505.328152501,0,0.000000
1648652505.350153525,0,0.036000
1648652505.371745391,0,0.000000
1648652505.391929018,0,0.000000
1648652505.413957785,0,0.033000
1648652505.437060483,0,0.000000
1648652505.459696277,2,0.053000
1648652505.482392602,3,0.031000
1648652505.503958276,0,0.000000
1648652505.524905918,0,0.000000
1648652505.544550173,0,0.000000
1648652505.564767566,0,0.000000
1648652505.585646107,0,0.000000
1648652505.607773421,0,0.000000
1648652505.629930130,0,0.000000
1648652505.653644618,0,0.000000
1648652505.676121968,2,0.035000
1648652505.698477613,2,0.035000
1648652505.719771352,3,0.044000
1648652505.742900777,0,0.003000
1648652505.764309808,0,0.000000
1648652505.786447341,0,0.000000
1648652505.807365731,0,0.000000
1648652505.827961215,1,0.006000
1648652505.851432411,0,0.000000
1648652505.873149873,0,0.000000
1648652505.895620744,0,0.000000
1648652505.917416939,1,0.000000
1648652505.940194920,0,0.022000
1648652505.961502163,1,0.023000
1648652505.983707552,0,0.000000
1648652506.006039142,0,0.000000
1648652506.027530594,1,0.004000
1648652506.049885317,0,0.000000
1648652506.070035622,1,0.015000
1648652506.092211851,0,0.000000
1648652506.114368283,0,0.000000
1648652506.136245781,0,0.000000
1648652506.159066751,0,0.000000
1648652506.179712013,0,0.000000
1648652506.202005877,0,0.000000
1648652506.223354081,0,0.000000
1648652506.243916478,0,0.000000
1648652506.266866964,0,0.001000
1648652506.288354409,0,0.000000
1648652506.309336470,1,0.028000
1648652506.330383748,0,0.000000
1648652506.352893088,4,0.025000
1648652506.373728530,0,0.000000
1648652506.395618100,0,0.000000
1648652506.418994468,0,0.000000
1648652506.439551074,0,0.000000
1648652506.460746232,2,0.024000
1648652506.482792893,0,0.000000
1648652506.505547945,0,0.000000
1648652506.527033270,0,0.000000
1648652506.547462962,0,0.000000
1648652506.570421957,0,0.000000
1648652506.594486823,2,0.028000
1648652506.615694799,2,0.012000
1648652506.636684979,0,0.000000
1648652506.659744824,0,0.000000
1648652506.683499955,0,0.000000
1648652506.703036315,0,0.000000
1648652506.724702150,0,0.017000
1648652506.747968980,0,0.000000
1648652506.769913248,0,0.000000
1648652506.790835514,0,0.000000
1648652506.813740310,0,0.000000
1648652506.836089435,0,0.000000
1648652506.858813545,0,0.000000
1648652506.879757239,0,0.000000
1648652506.903043835,0,0.000000
1648652506.924352774,0,0.000000
1648652506.945136408,0,0.000000
1648652506.965558092,1,0.000000
1648652506.988914843,2,0.025000
1648652507.009769776,0,0.000000
1648652507.031862680,0,0.000000
1648652507.053874190,0,0.000000
1648652507.075256306,0,0.000000
1648652507.095850201,0,0.000000
1648652507.117653445,0,0.000000
1648652507.139605355,0,0.000000
1648652507.160585759,0,0.000000
1648652507.184153836,0,0.000000
1648652507.205583910,0,0.008000
1648652507.227465480,0,0.000000
1648652507.247956536,0,0.000000
1648652507.268377646,0,0.008000
1648652507.289893977,0,0.000000
1648652507.313825210,1,0.032000
1648652507.334392940,3,0.042000
1648652507.353997744,0,0.000000
1648652507.374915520,0,0.000000
1648652507.395006630,0,0.000000
1648652507.415951021,2,0.030000
1648652507.436997189,2,0.041000
1648652507.458702230,0,0.000000
1648652507.478888909,0,0.000000
1648652507.501813542,0,0.000000
1648652507.522039790,0,0.000000
1648652507.543797896,0,0.000000
1648652507.565330469,0,0.000000
1648652507.588892344,0,0.000000
1648652507.610306509,0,0.000000
1648652507.633934878,2,0.020000
1648652507.653697971,0,0.000000
1648652507.675442427,0,0.000000
1648652507.696897113,0,0.000000
1648652507.720897860,0,0.000000
1648652507.741841251,1,0.057000
1648652507.762757469,0,0.000000
1648652507.783170602,1,0.000000
1648652507.802047150,0,0.000000
1648652507.824161927,0,0.008000
1648652507.844728031,3,0.003000
1648652507.866356557,0,0.000000
1648652507.886206901,0,0.000000
1648652507.907467939,1,0.053000
1648652507.929976261,1,0.049000
1648652507.951332266,0,0.000000
1648652507.974123003,0,0.000000
1648652507.994996376,0,0.000000
1648652508.014735333,0,0.000000
1648652508.035498463,0,0.014000
1648652508.056943756,0,0.011000
1648652508.079762265,0,0.000000
1648652508.100932023,0,0.000000
1648652508.121403999,0,0.000000
1648652508.142782127,0,0.000000
1648652508.163434901,0,0.000000
1648652508.184756170,0,0.000000
1648652508.206329820,0,0.000000
1648652508.226978020,0,0.000000
1648652508.247292953,0,0.000000
1648652508.268271389,0,0.000000
1648652508.291878697,0,0.000000
1648652508.314872757,0,0.000000
1648652508.337561939,1,0.005000
1648652508.359795955,0,0.000000
1648652508.380346227,0,0.000000
1648652508.402815248,0,0.003000
1648652508.424747024,0,0.000000
1648652508.445388337,0,0.000000
1648652508.466344198,0,0.000000
1648652508.488743871,0,0.000000
1648652508.509138350,0,0.000000
1648652508.530371026,0,0.000000
1648652508.551478275,0,0.000000
1648652508.573033415,2,0.023000
1648652508.594922719,0,0.000000
1648652508.615794753,0,0.000000
1648652508.640949810,0,0.000000
1648652508.663747852,0,0.000000
1648652508.686179743,0,0.000000
1648652508.707294340,0,0.000000
1648652508.729391938,0,0.000000
1648652508.751284748,0,0.000000
1648652508.774261643,1,0.000000
1648652508.795051113,2,0.035000
1648652508.817025695,0,0.000000
1648652508.837965114,0,0.000000
1648652508.860042721,0,0.000000
1648652508.882060705,2,0.058000
1648652508.903404770,0,0.000000
1648652508.923910046,3,0.020000
1648652508.944348613,0,0.000000
1648652508.966766609,2,0.039000
1648652508.988837948,0,0.000000
1648652509.011008400,0,0.000000
1648652509.031547862,1,0.023000
1648652509.053437329,0,0.000000
1648652509.076264168,0,0.000000
1648652509.097758960,0,0.000000
1648652509.119738409,0,0.009000
1648652509.139530842,0,0.000000
1648652509.161944178,0,0.000000
1648652509.184175360,0,0.009000
1648652509.206856376,0,0.000000
1648652509.228173053,0,0.000000
1648652509.251281591,1,0.035000
1648652509.273231743,0,0.000000
1648652509.292974721,0,0.000000
1648652509.314857473,0,0.000000
1648652509.337914598,0,0.000000
1648652509.359140301,0,0.000000
1648652509.381099307,0,0.037000
1648652509.402303593,0,0.000000
1648652509.424398651,1,0.000000
1648652509.446943056,1,0.009000
1648652509.468214270,2,0.043000
1648652509.489796952,0,0.000000
1648652509.512844165,0,0.000000
1648652509.535919422,1,0.027000
1648652509.557674451,0,0.000000
1648652509.580183196,0,0.000000
1648652509.603083504,0,0.000000
1648652509.625322856,0,0.000000
1648652509.647495697,0,0.000000
1648652509.671089146,0,0.000000
1648652509.691790207,0,0.000000
1648652509.714479503,3,0.074000
1648652509.737301646,0,0.000000
1648652509.758111129,0,0.000000
1648652509.781207554,2,0.003000
1648652509.804910234,1,0.033000
1648652509.827307224,0,0.000000
1648652509.849102069,0,0.000000
1648652509.871097796,0,0.000000
1648652509.894469780,0,0.000000
1648652509.916480976,2,0.036000
1648652509.939423554,0,0.000000
1648652509.960657942,1,0.014000
1648652509.984110282,1,0.026000
1648652510.005955976,0,0.000000
1648652510.027370459,0,0.000000
1648652510.047979060,3,0.049000
1648652510.071251232,0,0.000000
1648652510.092582273,0,0.000000
1648652510.115078393,0,0.000000
1648652510.138048809,0,0.000000
1648652510.159976010,0,0.000000
1648652510.182509737,0,0.000000
1648652510.205181048,2,0.035000
1648652510.228193357,0,0.000000
1648652510.251264908,0,0.000000
1648652510.274410957,1,0.060000
1648652510.295686944,0,0.000000
1648652510.316139857,1,0.058000
1648652510.338487628,2,0.054000
1648652510.361592458,0,0.000000
1648652510.384257225,0,0.000000
1648652510.406210027,1,0.036000
1648652510.428344299,1,0.020000
1648652510.450376656,0,0.000000
1648652510.472956343,0,0.000000
1648652510.496234343,0,0.000000
1648652510.519321275,0,0.000000
1648652510.541349620,1,0.040000
1648652510.562791556,0,0.000000
1648652510.585558967,0,0.000000
1648652510.606862374,0,0.000000
1648652510.629838427,0,0.000000
1648652510.653012455,0,0.000000
1648652510.676365486,0,0.000000
1648652510.699357995,3,0.016000
1648652510.722257176,0,0.000000
1648652510.744346646,0,0.010000
1648652510.765789307,0,0.000000
1648652510.788208261,0,0.000000
1648652510.810537648,1,0.026000
1648652510.832714380,0,0.000000
1648652510.855263668,2,0.014000
1648652510.877400064,0,0.000000
1648652510.900489256,0,0.000000
1648652510.923379816,0,0.000000
1648652510.945984248,1,0.043000
1648652510.966733963,1,0.033000
1648652510.988012876,0,0.000000
1648652511.010170510,0,0.000000
1648652511.032075576,0,0.000000
1648652511.053781260,4,0.030000
1648652511.076208265,0,0.000000
1648652511.097899941,0,0.000000
1648652511.120496007,2,0.000000
1648652511.141670478,1,0.017000
1648652511.163454873,0,0.000000
1648652511.186257487,1,0.015000
1648652511.207966516,0,0.000000
1648652511.230396724,1,0.062000
1648652511.253308666,0,0.000000
1648652511.275938348,0,0.000000
1648652511.298798463,1,0.020000
1648652511.320718333,1,0.000000
1648652511.343554788,2,0.052000
1648652511.365466301,4,0.047000
1648652511.386866182,0,0.000000
1648652511.406941503,0,0.000000
1648652511.430063730,1,0.003000
1648652511.453079067,2,0.036000
1648652511.474395223,2,0.053000
1648652511.496388723,0,0.000000
1648652511.517542652,0,0.000000
1648652511.540208154,0,0.000000
1648652511.562477680,0,0.000000
1648652511.585684276,0,0.000000
1648652511.607280656,0,0.000000
1648652511.630173804,0,0.000000
1648652511.653715188,0,0.000000
1648652511.677170170,0,0.000000
1648652511.699328863,0,0.019000
1648652511.721338126,0,0.000000
1648652511.743940775,1,0.006000
1648652511.765379309,0,0.000000
1648652511.786415879,0,0.000000
1648652511.808548200,0,0.000000
1648652511.829421943,3,0.061000
1648652511.852119291,0,0.000000
1648652511.874312613,2,0.103000
1648652511.896889253,4,0.065000
1648652511.917764946,2,0.062000
1648652511.940436632,0,0.000000
1648652511.961729490,0,0.000000
1648652511.985134510,2,0.029000
1648652512.007620828,0,0.000000
1648652512.029786219,1,0.000000
1648652512.052809239,0,0.000000
1648652512.075376959,5,0.040000
1648652512.098252211,0,0.000000
1648652512.120843912,0,0.000000
1648652512.143745219,0,0.000000
1648652512.165771288,0,0.000000
1648652512.186923003,0,0.000000
1648652512.207057985,2,0.006000
1648652512.227977555,1,0.019000
1648652512.250651188,0,0.000000
1648652512.274164780,2,0.038000
1648652512.296850717,2,0.008000
1648652512.317020587,0,0.000000
1648652512.338111549,0,0.000000
1648652512.361112524,0,0.000000
1648652512.383947260,1,0.010000
1648652512.405358613,0,0.000000
1648652512.426971737,0,0.018000
1648652512.449740786,0,0.000000
1648652512.472305120,1,0.035000
1648652512.493126395,0,0.000000
1648652512.516044706,0,0.000000
1648652512.536902887,0,0.000000
1648652512.559060294,0,0.000000
1648652512.582609411,0,0.000000
1648652512.605260558,0,0.000000
1648652512.628511419,0,0.000000
1648652512.650564094,0,0.000000
1648652512.673553052,0,0.026000
1648652512.696342855,0,0.000000
1648652512.717835431,2,0.027000
1648652512.740467269,0,0.028000
1648652512.762048462,0,0.000000
1648652512.783041785,1,0.014000
1648652512.804913271,0,0.000000
1648652512.827287541,0,0.000000
1648652512.848374262,2,0.036000
1648652512.869159470,1,0.035000
1648652512.891724983,0,0.000000
1648652512.914960726,0,0.000000
1648652512.937984886,0,0.000000
1648652512.961847663,0,0.000000
1648652512.984249051,0,0.000000
1648652513.007925440,0,0.000000
1648652513.030607056,0,0.000000
1648652513.053399845,2,0.020000
1648652513.076426211,1,0.006000
1648652513.099330050,0,0.000000
1648652513.119210487,0,0.000000
1648652513.141369438,0,0.000000
1648652513.161671977,0,0.000000
1648652513.183865578,1,0.018000
1648652513.206260245,0,0.000000
1648652513.229055751,3,0.056000
1648652513.250359420,1,0.027000
1648652513.272220934,0,0.000000
1648652513.295034093,2,0.062000
1648652513.318076530,0,0.000000
1648652513.339448221,0,0.000000
1648652513.361628998,2,0.051000
1648652513.381730902,0,0.000000
1648652513.402964449,2,0.014000
1648652513.425177861,1,0.014000
1648652513.448698671,0,0.000000
1648652513.469339428,0,0.000000
1648652513.491332583,0,0.000000
1648652513.513442962,0,0.000000
1648652513.536422526,0,0.000000
1648652513.559830758,2,0.008000
1648652513.582215979,0,0.000000
1648652513.604494092,0,0.000000
1648652513.626701192,0,0.000000
1648652513.646979210,3,0.046000
1648652513.669362474,0,0.000000
1648652513.691757869,0,0.000000
1648652513.714554529,0,0.000000
1648652513.737533523,1,0.000000
1648652513.757859473,0,0.000000
1648652513.780572822,2,0.034000
1648652513.801811198,1,0.000000
1648652513.824265455,0,0.000000
1648652513.847049170,0,0.000000
1648652513.869245396,0,0.000000
1648652513.892412540,0,0.000000
1648652513.915162512,0,0.000000
1648652513.936652826,0,0.000000
1648652513.959025063,0,0.000000
1648652513.980722109,0,0.000000
1648652514.002337080,1,0.026000
1648652514.025211049,0,0.000000
1648652514.046867994,0,0.000000
1648652514.068583277,0,0.000000
1648652514.091414241,0,0.000000
1648652514.114115840,0,0.000000
1648652514.136351432,2,0.062000
1648652514.157052193,0,0.000000
1648652514.178812613,2,0.007000
1648652514.201623165,3,0.023000
1648652514.223654428,0,0.000000
1648652514.245652642,2,0.035000
1648652514.267480631,0,0.000000
1648652514.288156906,1,0.014000
1648652514.310722849,0,0.000000
1648652514.332579893,2,0.021000
1648652514.354413623,0,0.000000
1648652514.375507758,0,0.000000
1648652514.396752395,1,0.050000
1648652514.419499484,0,0.000000
1648652514.442493277,0,0.000000
1648652514.465349171,0,0.000000
1648652514.488267801,0,0.011000
1648652514.510800822,0,0.000000
1648652514.534086439,0,0.000000
1648652514.555145227,0,0.000000
1648652514.577732066,0,0.000000
1648652514.601121426,0,0.000000
1648652514.622590845,0,0.000000
1648652514.644694036,0,0.006000
1648652514.667484232,0,0.000000
1648652514.690331433,3,0.055000
1648652514.711624943,0,0.000000
1648652514.733332423,0,0.000000
1648652514.756951718,0,0.000000
1648652514.778428489,1,0.026000
1648652514.801070886,0,0.000000
1648652514.824137809,0,0.000000
1648652514.846372296,0,0.000000
1648652514.868471854,0,0.014000
1648652514.891141023,0,0.000000
1648652514.913753355,0,0.000000
1648652514.936164662,0,0.000000
1648652514.959022386,0,0.017000
1648652514.981851495,1,0.022000
1648652515.004622526,1,0.006000
1648652515.027361649,0,0.000000
1648652515.050507227,0,0.000000
1648652515.073314610,0,0.000000
1648652515.097621659,0,0.000000
1648652515.119703251,1,0.003000
1648652515.141145902,0,0.000000
1648652515.162962807,0,0.000000
1648652515.184867441,0,0.000000
1648652515.206705892,0,0.000000
1648652515.227806235,0,0.017000
1648652515.247137981,0,0.000000
1648652515.268324260,2,0.018000
1648652515.289605916,0,0.000000
1648652515.312062229,0,0.021000
1648652515.335340644,0,0.000000
1648652515.359011248,2,0.024000
1648652515.381196403,0,0.000000
1648652515.403945185,3,0.052000
1648652515.427069808,1,0.010000
1648652515.449209960,0,0.000000
1648652515.471849930,3,0.053000
1648652515.493450845,2,0.018000
1648652515.515222394,0,0.000000
1648652515.539021263,2,0.058000
1648652515.559601119,0,0.000000
1648652515.581353741,0,0.000000
1648652515.603479362,0,0.000000
1648652515.626230222,0,0.000000
1648652515.648507883,0,0.000000
1648652515.671018396,1,0.012000
1648652515.693423756,0,0.000000
1648652515.716094880,0,0.000000
1648652515.737022213,0,0.000000
1648652515.759989902,0,0.000000
1648652515.784185337,2,0.000000
1648652515.805922179,0,0.000000
1648652515.828453960,0,0.000000
1648652515.850976427,0,0.000000
1648652515.871312264,2,0.019000
1648652515.893453408,1,0.014000
1648652515.916253263,1,0.024000
1648652515.936805437,0,0.008000
1648652515.959551185,3,0.059000
1648652515.982441167,0,0.000000
1648652516.003688742,2,0.036000
1648652516.026001920,0,0.000000
1648652516.048865775,0,0.021000
1648652516.071196157,0,0.000000
1648652516.092706054,0,0.000000
1648652516.114285717,2,0.014000
1648652516.135234237,0,0.000000
1648652516.158438159,0,0.000000
1648652516.180997881,0,0.000000
1648652516.202495775,0,0.000000
1648652516.225775197,0,0.000000
1648652516.248546100,0,0.000000
1648652516.270208619,4,0.062000
1648652516.291556516,0,0.000000
1648652516.313682466,0,0.000000
1648652516.335398006,3,0.045000
1648652516.358070104,1,0.018000
1648652516.380273123,0,0.000000
1648652516.403035659,0,0.000000
1648652516.424668918,0,0.000000
1648652516.447202522,4,0.025000
1648652516.470454358,1,0.047000
1648652516.491544219,0,0.017000
1648652516.514044754,2,0.000000
1648652516.536958578,0,0.000000
1648652516.559666699,0,0.000000
1648652516.581079245,0,0.000000
1648652516.603921459,0,0.000000
1648652516.626926055,0,0.000000
1648652516.649806081,0,0.000000
1648652516.672089771,0,0.000000
1648652516.695454742,0,0.000000
1648652516.716217757,2,0.021000
1648652516.738863964,1,0.035000
1648652516.760827721,0,0.000000
1648652516.781650998,0,0.014000
1648652516.804461208,0,0.000000
1648652516.826616702,0,0.000000
1648652516.848764401,3,0.063000
1648652516.871206535,6,0.080000
1648652516.893087859,0,0.000000
1648652516.914766859,0,0.000000
1648652516.935729276,3,0.049000
1648652516.958661811,0,0.000000
1648652516.978788754,0,0.000000
1648652517.000468494,0,0.000000
1648652517.022602429,1,0.000000
1648652517.044911977,3,0.062000
1648652517.066360883,0,0.000000
1648652517.088440321,2,0.033000
1648652517.110831154,0,0.000000
1648652517.131491360,0,0.000000
1648652517.154415344,0,0.000000
1648652517.176110243,0,0.000000
1648652517.198126001,0,0.000000
1648652517.221170735,0,0.000000
1648652517.242494085,2,0.024000
1648652517.265165571,0,0.000000
1648652517.288871207,0,0.000000
1648652517.312089383,0,0.000000
1648652517.334963932,0,0.000000
1648652517.357211510,0,0.000000
1648652517.379509283,0,0.000000
1648652517.400870132,0,0.000000
1648652517.421485678,0,0.000000
1648652517.445142874,0,0.000000
1648652517.468323083,0,0.000000
1648652517.491959625,4,0.047000
1648652517.513510209,0,0.000000
1648652517.536287807,0,0.000000
1648652517.557872996,0,0.000000
1648652517.579140847,0,0.000000
1648652517.601649703,2,0.023000
1648652517.624013027,0,0.000000
1648652517.647024512,0,0.000000
1648652517.667658839,3,0.009000
1648652517.690175482,1,0.001000
1648652517.711844354,1,0.062000
1648652517.733396080,2,0.007000
1648652517.755475708,0,0.000000
1648652517.778170968,0,0.000000
1648652517.800965385,0,0.000000
1648652517.823850760,0,0.019000
1648652517.844896120,0,0.000000
1648652517.867142175,0,0.000000
1648652517.888803672,0,0.000000
1648652517.908700856,1,0.017000
1648652517.929388822,0,0.000000
1648652517.951413507,0,0.000000
1648652517.974028546,2,0.016000
1648652517.995909231,0,0.000000
1648652518.018359197,0,0.000000
1648652518.040498896,0,0.000000
1648652518.063407307,0,0.000000
1648652518.086431443,0,0.000000
1648652518.108560210,0,0.008000
1648652518.130001380,0,0.000000
1648652518.150826276,0,0.000000
1648652518.171005569,0,0.000000
1648652518.193008262,0,0.000000
1648652518.214956985,0,0.000000
1648652518.237074699,0,0.000000
1648652518.258569669,0,0.000000
1648652518.281453551,0,0.000000
1648652518.304310547,0,0.000000
1648652518.325763670,0,0.000000
1648652518.347430355,2,0.060000
1648652518.370325668,0,0.000000
1648652518.392718359,2,0.056000
1648652518.414552588,0,0.000000
1648652518.436072590,0,0.019000
1648652518.457986305,0,0.000000
1648652518.480230798,0,0.000000
1648652518.503228819,0,0.000000
1648652518.525198377,0,0.000000
1648652518.547341936,0,0.000000
1648652518.568908146,0,0.000000
1648652518.591374820,3,0.034000
1648652518.612410380,0,0.000000
1648652518.635089079,0,0.000000
1648652518.657304626,0,0.000000
1648652518.679953058,0,0.000000
1648652518.703987099,0,0.000000
1648652518.724895611,0,0.000000
1648652518.747431342,0,0.000000
1648652518.768140521,0,0.000000
1648652518.791576038,0,0.000000
1648652518.812338998,0,0.000000
1648652518.833855730,0,0.000000
1648652518.854393173,0,0.000000
1648652518.876845074,0,0.000000
1648652518.899449139,0,0.000000
1648652518.922453783,1,0.000000
1648652518.944536913,0,0.000000
1648652518.966789370,2,0.050000
1648652518.988531266,0,0.000000
1648652519.010252762,0,0.000000
1648652519.032795659,2,0.059000
1648652519.056117303,0,0.000000
1648652519.080013699,0,0.000000
1648652519.102871486,1,0.011000
1648652519.123984006,0,0.000000
1648652519.147235769,0,0.000000
1648652519.169402500,2,0.032000
1648652519.193050655,0,0.000000
1648652519.214381881,0,0.007000
1648652519.236377781,0,0.000000
1648652519.255035080,2,0.022000
1648652519.276274858,0,0.021000
1648652519.296617837,2,0.028000
1648652519.318600638,0,0.000000
1648652519.340863049,0,0.000000
1648652519.361122247,2,0.059000
1648652519.382663261,0,0.000000
1648652519.405674672,0,0.003000
1648652519.429285379,0,0.000000
1648652519.451664455,0,0.000000
1648652519.475006504,0,0.000000
1648652519.496793318,0,0.000000
1648652519.518389568,3,0.067000
1648652519.540561406,1,0.000000
1648652519.564024048,0,0.000000
1648652519.585961854,1,0.003000
1648652519.608530830,0,0.000000
1648652519.630351548,0,0.000000
1648652519.653634655,3,0.043000
1648652519.676684641,0,0.007000
1648652519.699853750,0,0.000000
1648652519.722241446,0,0.006000
1648652519.745638338,0,0.000000
1648652519.766504274,0,0.010000
1648652519.788345936,1,0.030000
1648652519.811318025,0,0.000000
1648652519.832444180,1,0.000000
1648652519.854070921,0,0.000000
1648652519.877012059,0,0.020000
1648652519.898926218,0,0.000000
1648652519.919877366,1,0.000000
1648652519.941956109,0,0.000000
1648652519.963500389,0,0.000000
1648652519.986894535,0,0.000000
1648652520.009691596,0,0.000000
1648652520.032841916,0,0.000000
1648652520.055665952,0,0.000000
1648652520.078356619,2,0.012000
1648652520.100878548,0,0.003000
1648652520.122784460,0,0.000000
1648652520.144761593,2,0.019000
1648652520.167292657,0,0.000000
1648652520.189460659,5,0.049000
1648652520.210832333,0,0.000000
1648652520.232655317,0,0.000000
1648652520.253767926,0,0.000000
1648652520.274526691,0,0.000000
1648652520.297256650,2,0.057000
1648652520.320086883,0,0.000000
1648652520.342171399,2,0.031000
1648652520.364114668,0,0.000000
1648652520.386821148,2,0.039000
1648652520.409302982,0,0.000000
1648652520.429949910,1,0.001000
1648652520.450060238,2,0.006000
1648652520.472812960,0,0.000000
1648652520.494410893,0,0.000000
1648652520.516941232,0,0.009000
1648652520.538024440,0,0.000000
1648652520.560030009,0,0.000000
1648652520.583196532,1,0.018000
1648652520.605425596,0,0.000000
1648652520.628076997,0,0.000000
1648652520.650039939,0,0.000000
1648652520.672955026,0,0.000000
1648652520.695195148,0,0.000000
1648652520.716896242,0,0.000000
1648652520.737676746,0,0.018000
1648652520.759244183,0,0.035000
1648652520.782180650,0,0.000000
1648652520.801454516,0,0.000000
1648652520.823964769,0,0.003000
1648652520.845868639,0,0.000000
1648652520.866484998,0,0.000000
1648652520.888453517,0,0.000000
1648652520.910467727,0,0.000000
1648652520.932050819,0,0.000000
1648652520.954365209,0,0.000000
1648652520.976139511,1,0.004000
1648652520.997187805,1,0.037000
1648652521.019879943,0,0.000000
1648652521.042700922,0,0.000000
1648652521.065166372,0,0.000000
1648652521.086269934,0,0.000000
1648652521.109075278,0,0.000000
1648652521.129965370,0,0.019000
1648652521.152310158,1,0.031000
1648652521.175223216,0,0.000000
1648652521.196466728,0,0.000000
1648652521.219486455,4,0.026000
1648652521.242504535,0,0.027000
1648652521.264457899,3,0.058000
1648652521.285727668,1,0.000000
1648652521.307346823,0,0.000000
1648652521.329751838,0,0.000000
1648652521.351544093,0,0.000000
1648652521.372631045,0,0.000000
1648652521.394812843,2,0.020000
1648652521.417320559,0,0.000000
1648652521.439018479,2,0.005000
1648652521.460633327,3,0.044000
1648652521.483985888,0,0.000000
1648652521.505536649,0,0.000000
1648652521.528589415,0,0.000000
1648652521.549901894,2,0.026000
1648652521.571217287,2,0.035000
1648652521.593445684,0,0.000000
1648652521.616526580,0,0.000000
1648652521.638388308,1,0.032000
1648652521.660795472,0,0.000000
1648652521.682262486,0,0.000000
1648652521.704476702,0,0.000000
1648652521.725316826,0,0.000000
1648652521.745088037,0,0.011000
1648652521.766036504,0,0.000000
1648652521.788006544,0,0.000000
1648652521.809506507,1,0.000000
1648652521.830745164,0,0.017000
1648652521.852445362,0,0.000000
1648652521.874653592,1,0.061000
1648652521.897092157,0,0.000000
1648652521.918349895,2,0.060000
1648652521.941059728,0,0.000000
1648652521.965100930,0,0.000000
1648652521.985837486,0,0.000000
1648652522.008313344,0,0.000000
1648652522.031355722,2,0.057000
1648652522.052339601,0,0.000000
1648652522.074148343,0,0.000000
1648652522.096415198,0,0.000000
1648652522.119234287,0,0.000000
1648652522.142321805,0,0.000000
1648652522.165144032,0,0.000000
1648652522.187355771,0,0.000000
1648652522.209143867,0,0.000000
1648652522.231752937,0,0.000000
1648652522.252894274,0,0.000000
1648652522.273330125,0,0.000000
1648652522.296534539,2,0.016000
1648652522.317957394,0,0.000000
1648652522.340154694,1,0.062000
1648652522.362347375,0,0.000000
1648652522.384323530,0,0.000000
1648652522.404821227,1,0.007000
1648652522.425620326,0,0.000000
1648652522.447898057,0,0.000000
1648652522.470455044,0,0.000000
1648652522.492973873,0,0.000000
1648652522.515048942,2,0.028000
1648652522.535387527,0,0.000000
1648652522.557812487,0,0.000000
1648652522.578977554,0,0.000000
1648652522.600359014,0,0.000000
1648652522.620964343,0,0.000000
1648652522.642983218,2,0.008000
1648652522.665568975,0,0.012000
1648652522.688684304,0,0.000000
1648652522.713472953,0,0.000000
1648652522.735987127,0,0.000000
1648652522.757633746,0,0.000000
1648652522.780418955,0,0.000000
1648652522.803600314,0,0.017000
1648652522.824415692,0,0.000000
1648652522.847050797,0,0.000000
1648652522.870616760,1,0.014000
1648652522.892949682,0,0.000000
1648652522.914689160,0,0.000000
1648652522.937817952,2,0.038000
1648652522.961024295,2,0.000000
1648652522.985599317,0,0.000000
1648652523.008722274,0,0.000000
1648652523.030263341,0,0.000000
1648652523.053156712,0,0.000000
1648652523.074795220,1,0.031000
1648652523.094920079,0,0.000000
1648652523.116797133,1,0.000000
1648652523.139196235,0,0.000000
1648652523.161672830,0,0.000000
1648652523.184856260,1,0.032000
1648652523.206832900,0,0.007000
1648652523.228987097,1,0.001000
1648652523.251600374,0,0.000000
1648652523.273196470,1,0.020000
1648652523.295050551,1,0.009000
1648652523.316348549,0,0.000000
1648652523.337186547,0,0.000000
1648652523.358124419,0,0.000000
1648652523.381023776,0,0.000000
1648652523.402287062,1,0.017000
1648652523.422058590,1,0.013000
1648652523.444267960,0,0.000000
1648652523.467064794,0,0.000000
1648652523.487564767,0,0.000000
1648652523.509866960,0,0.000000
1648652523.532671533,0,0.001000
1648652523.554892218,0,0.000000
1648652523.576832200,0,0.000000
1648652523.600058342,0,0.000000
1648652523.623094954,1,0.025000
1648652523.644256142,0,0.011000
1648652523.666779787,0,0.000000
1648652523.690550976,0,0.000000
1648652523.712332921,0,0.000000
1648652523.732783906,0,0.000000
1648652523.754179863,0,0.001000
1648652523.777204203,0,0.000000
1648652523.798969783,0,0.000000
1648652523.820480676,0,0.000000
1648652523.843206761,0,0.000000
1648652523.865946395,0,0.000000
1648652523.888926109,0,0.000000
1648652523.911437156,0,0.000000
1648652523.932915917,0,0.000000
1648652523.953768698,0,0.000000
1648652523.975272637,0,0.000000
1648652523.997350881,0,0.007000
1648652524.019758899,1,0.033000
1648652524.042242315,0,0.000000
1648652524.064073620,0,0.000000
1648652524.085116619,0,0.000000
1648652524.107415400,3,0.047000
1648652524.127935413,0,0.000000
1648652524.150185025,0,0.000000
1648652524.172199718,0,0.000000
1648652524.194404693,0,0.000000
1648652524.217460810,2,0.047000
1648652524.237036280,0,0.000000
1648652524.259335035,0,0.000000
1648652524.281961755,0,0.000000
1648652524.304577459,0,0.000000
1648652524.327349428,0,0.000000
1648652524.350566526,0,0.000000
1648652524.369430847,0,0.000000
1648652524.392081016,0,0.000000
1648652524.415669015,0,0.000000
1648652524.437911018,0,0.000000
1648652524.458492098,0,0.000000
1648652524.481997207,2,0.035000
1648652524.502806818,0,0.000000
1648652524.523425223,0,0.000000
1648652524.546309075,0,0.000000
1648652524.568459214,0,0.000000
1648652524.590372631,0,0.000000
1648652524.612483050,0,0.000000
1648652524.634041059,1,0.010000
1648652524.657810944,0,0.000000
1648652524.680822579,4,0.050000
1648652524.702126379,0,0.000000
1648652524.724435295,2,0.026000
1648652524.745339681,0,0.000000
1648652524.766822886,0,0.000000
1648652524.788931649,0,0.000000
1648652524.810190569,1,0.016000
1648652524.832550559,2,0.039000
1648652524.855223371,1,0.000000
1648652524.877652840,0,0.000000
1648652524.899842551,0,0.004000
1648652524.921586680,0,0.000000
1648652524.942378835,0,0.000000
1648652524.965369466,0,0.000000
1648652524.987787277,0,0.000000
1648652525.010695047,0,0.000000
1648652525.032546116,0,0.000000
1648652525.054524420,0,0.000000
1648652525.076236176,0,0.000000
1648652525.100220855,0,0.000000
1648652525.121245882,3,0.065000
1648652525.143411398,0,0.000000
1648652525.165934080,0,0.000000
1648652525.187712238,0,0.000000
1648652525.210012164,0,0.010000
1648652525.232625884,0,0.000000
1648652525.254032229,0,0.000000
1648652525.275574041,0,0.000000
1648652525.299129921,0,0.000000
1648652525.321188973,0,0.024000
1648652525.343224705,0,0.000000
1648652525.365568112,0,0.000000
1648652525.386571285,0,0.000000
1648652525.408467741,0,0.000000
1648652525.430683256,0,0.000000
1648652525.453206811,0,0.000000
1648652525.475535291,1,0.053000
1648652525.496849288,0,0.000000
1648652525.519179971,0,0.000000
1648652525.540876382,0,0.000000
1648652525.562399063,0,0.000000
1648652525.586096740,0,0.000000
1648652525.608409992,0,0.003000
1648652525.631325438,0,0.000000
1648652525.653379528,0,0.000000
1648652525.676276359,0,0.000000
1648652525.697782948,3,0.062000
1648652525.720428001,1,0.000000
1648652525.742033930,0,0.000000
1648652525.764040381,3,0.074000
1648652525.784896803,0,0.000000
1648652525.806139318,0,0.000000
1648652525.827701584,2,0.028000
1648652525.848788914,0,0.000000
1648652525.870810342,0,0.000000
1648652525.891347227,0,0.000000
1648652525.913051158,2,0.021000
1648652525.935636746,1,0.004000
1648652525.958048082,2,0.060000
1648652525.979069478,0,0.000000
1648652526.000755921,0,0.000000
1648652526.023074164,0,0.000000
1648652526.044424489,0,0.000000
1648652526.065917272,1,0.000000
1648652526.087137513,0,0.000000
1648652526.109345719,1,0.018000
1648652526.131071315,0,0.001000
1648652526.153926203,2,0.006000
1648652526.176366260,0,0.000000
1648652526.198287240,0,0.000000
1648652526.219555396,1,0.000000
1648652526.241580140,1,0.009000
1648652526.263378847,0,0.000000
1648652526.284614133,1,0.053000
1648652526.306778352,0,0.000000
1648652526.326886121,1,0.035000
1648652526.348682985,0,0.000000
1648652526.371107490,0,0.000000
1648652526.393404686,0,0.016000
1648652526.416386131,0,0.001000
1648652526.438412902,0,0.000000
1648652526.461054883,0,0.000000
1648652526.484733794,0,0.000000
1648652526.507484675,1,0.030000
1648652526.528489919,0,0.000000
1648652526.550365679,0,0.014000
1648652526.573534845,2,0.005000
1648652526.595967733,0,0.000000
1648652526.618429906,3,0.007000
1648652526.640982438,0,0.000000
1648652526.663635150,0,0.017000
1648652526.685917272,2,0.053000
1648652526.708539399,0,0.000000
1648652526.731410270,0,0.000000
1648652526.754625612,0,0.000000
1648652526.777642438,0,0.000000
1648652526.797077122,0,0.000000
1648652526.816701861,0,0.000000
1648652526.839661543,0,0.000000
1648652526.861490119,0,0.014000
1648652526.883589621,0,0.000000
1648652526.905092812,1,0.060000
1648652526.926746818,0,0.000000
1648652526.948790582,0,0.000000
1648652526.971754583,1,0.023000
1648652526.994339714,0,0.000000
1648652527.015941439,0,0.000000
1648652527.038879134,0,0.000000
1648652527.060411396,0,0.000000
1648652527.083273985,0,0.000000
1648652527.105596033,2,0.073000
1648652527.128015694,0,0.000000
1648652527.148647603,0,0.000000
1648652527.171935464,0,0.000000
1648652527.194410983,1,0.023000
1648652527.216136099,0,0.017000
1648652527.239444537,1,0.033000
1648652527.262440300,0,0.000000
1648652527.285034300,0,0.006000
1648652527.307947834,0,0.004000
1648652527.329526544,1,0.000000
1648652527.349280772,0,0.016000
1648652527.372224591,0,0.000000
1648652527.394898645,0,0.000000
1648652527.417510964,0,0.000000
1648652527.440207381,1,0.015000
1648652527.461590834,3,0.064000
1648652527.483579729,0,0.000000
1648652527.504726637,0,0.037000
1648652527.526979548,0,0.000000
1648652527.549590576,0,0.000000
1648652527.571186440,0,0.000000
1648652527.592381969,0,0.000000
1648652527.615489632,0,0.000000
1648652527.637661286,0,0.000000
1648652527.659928430,0,0.003000
1648652527.682508575,0,0.000000
1648652527.703690513,0,0.000000
1648652527.725350177,0,0.000000
1648652527.747505591,0,0.000000
1648652527.769848615,1,0.020000
1648652527.792304567,0,0.000000
1648652527.814478637,0,0.000000
1648652527.836999864,0,0.000000
1648652527.859704138,0,0.000000
1648652527.883499065,0,0.000000
1648652527.907025812,0,0.025000
1648652527.929783474,0,0.001000
1648652527.951951343,0,0.000000
1648652527.973147519,0,0.000000
1648652527.996017671,0,0.000000
1648652528.018446343,0,0.000000
1648652528.040469011,2,0.039000
1648652528.062654306,3,0.067000
1648652528.085229966,2,0.094000
1648652528.105015968,0,0.000000
1648652528.126976992,0,0.000000
1648652528.147717113,0,0.000000
1648652528.169301528,0,0.000000
1648652528.191450582,0,0.021000
1648652528.211827890,0,0.000000
1648652528.233247337,1,0.010000
1648652528.255862128,0,0.000000
1648652528.278355594,0,0.000000
1648652528.300335896,0,0.000000
1648652528.322300068,0,0.000000
1648652528.344579237,0,0.000000
1648652528.366491227,0,0.008000
1648652528.389363730,1,0.032000
1648652528.411736968,0,0.000000
1648652528.433308243,0,0.000000
1648652528.455371496,0,0.000000
1648652528.478026670,0,0.000000
1648652528.499490094,0,0.019000
1648652528.520591357,0,0.000000
1648652528.543491908,2,0.041000
1648652528.565302768,1,0.028000
1648652528.587469300,0,0.000000
1648652528.610246929,0,0.000000
1648652528.632815326,2,0.022000
1648652528.655220152,0,0.000000
1648652528.677931439,0,0.000000
1648652528.699649351,0,0.000000
1648652528.720429916,0,0.000000
1648652528.742998173,0,0.000000
1648652528.765188615,0,0.000000
1648652528.788069898,0,0.000000
1648652528.809059425,0,0.000000
1648652528.830336754,0,0.000000
1648652528.851437819,0,0.000000
1648652528.874233419,0,0.000000
1648652528.896117000,0,0.000000
1648652528.919367505,0,0.000000
1648652528.942221887,0,0.000000
1648652528.964937744,0,0.000000
1648652528.985441331,0,0.000000
1648652529.007199127,0,0.000000
1648652529.030051866,0,0.000000
1648652529.052432524,0,0.000000
1648652529.073870273,0,0.000000
1648652529.097353940,0,0.000000
1648652529.120163599,0,0.000000
1648652529.141453680,0,0.000000
1648652529.161398409,0,0.000000
1648652529.183574655,2,0.048000
1648652529.206454455,0,0.000000
1648652529.228502253,0,0.000000
1648652529.250342009,0,0.000000
1648652529.272848998,0,0.000000
1648652529.294880844,0,0.000000
1648652529.315918335,0,0.000000
1648652529.338041579,0,0.000000
1648652529.360903161,3,0.052000
1648652529.384203524,1,0.019000
1648652529.406674588,0,0.000000
1648652529.429284223,0,0.000000
1648652529.452581035,0,0.000000
1648652529.474060454,0,0.000000
1648652529.495905525,0,0.000000
1648652529.518734409,0,0.000000
1648652529.541553502,0,0.000000
1648652529.562530109,0,0.000000
1648652529.585052266,0,0.000000
1648652529.608165869,0,0.000000
1648652529.629126214,0,0.000000
1648652529.650760909,0,0.000000
1648652529.673696421,0,0.000000
1648652529.696432252,0,0.001000
1648652529.719077458,0,0.000000
1648652529.738322074,0,0.000000
1648652529.760220641,0,0.000000
1648652529.781311678,0,0.000000
1648652529.802394184,2,0.067000
1648652529.823989529,0,0.000000
1648652529.846870901,0,0.019000
1648652529.868833223,1,0.020000
1648652529.889953145,0,0.000000
1648652529.913056717,0,0.000000
1648652529.936417222,2,0.015000
1648652529.959138469,2,0.049000
1648652529.980992402,0,0.000000
1648652530.003650235,0,0.000000
1648652530.026137014,6,0.045000
1648652530.046664085,0,0.000000
1648652530.067742499,0,0.000000
1648652530.090384827,0,0.000000
1648652530.113114900,0,0.000000
1648652530.134311089,0,0.000000
1648652530.155912788,0,0.009000
1648652530.178664819,0,0.000000
1648652530.199832886,0,0.000000
1648652530.221781884,0,0.000000
1648652530.244958587,3,0.032000
1648652530.267786583,0,0.019000
1648652530.290600794,2,0.029000
1648652530.313698247,1,0.000000
1648652530.333407928,0,0.000000
1648652530.356342221,0,0.000000
1648652530.376887036,0,0.000000
1648652530.397479956,0,0.000000
1648652530.418959929,0,0.000000
1648652530.441889662,1,0.000000
1648652530.464132192,0,0.000000
1648652530.486833848,0,0.000000
1648652530.508819764,3,0.057000
1648652530.528895889,0,0.000000
1648652530.550371201,0,0.000000
1648652530.572785352,2,0.040000
1648652530.595102885,2,0.036000
1648652530.617074031,0,0.016000
1648652530.637815496,2,0.028000
1648652530.660806190,0,0.000000
1648652530.684084586,0,0.000000
1648652530.704216803,0,0.000000
1648652530.726635083,0,0.000000
1648652530.749137250,0,0.000000
1648652530.771094964,2,0.045000
1648652530.794509890,0,0.000000
1648652530.816680112,0,0.000000
1648652530.838930651,0,0.000000
1648652530.861565552,0,0.000000
1648652530.882794073,2,0.019000
1648652530.905065660,0,0.000000
1648652530.926405283,0,0.000000
1648652530.948284175,0,0.000000
1648652530.970255489,0,0.000000
1648652530.992442066,0,0.000000
1648652531.016234403,0,0.000000
1648652531.038714671,0,0.000000
1648652531.060897779,0,0.000000
1648652531.082988821,0,0.000000
1648652531.105812702,0,0.000000
1648652531.125440378,2,0.050000
1648652531.147006456,2,0.039000
1648652531.168722445,0,0.000000
1648652531.190850201,0,0.000000
1648652531.213997200,0,0.000000
1648652531.237171875,2,0.009000
1648652531.258131669,0,0.000000
1648652531.280475095,0,0.000000
1648652531.303062847,0,0.000000
1648652531.325245967,0,0.000000
1648652531.348192002,0,0.000000
1648652531.370405532,0,0.000000
1648652531.393084347,0,0.000000
1648652531.414863421,0,0.000000
1648652531.437543469,0,0.000000
1648652531.459675149,1,0.028000
1648652531.482000148,0,0.000000
1648652531.502391601,0,0.000000
1648652531.524948048,0,0.000000
1648652531.546607504,1,0.012000
1648652531.569928380,4,0.036000
1648652531.591262356,0,0.000000
1648652531.613697003,0,0.000000
1648652531.634773868,0,0.000000
1648652531.657011422,0,0.000000
1648652531.677497477,0,0.000000
1648652531.701300447,0,0.000000
1648652531.722692573,0,0.000000
1648652531.744187976,0,0.000000
1648652531.767957974,0,0.011000
1648652531.789836005,0,0.000000
1648652531.811416070,0,0.000000
1648652531.833925594,0,0.000000
1648652531.856001225,1,0.007000
1648652531.878840243,4,0.049000
1648652531.900204228,1,0.027000
1648652531.921158749,0,0.000000
1648652531.942435556,0,0.016000
1648652531.962930516,0,0.001000
1648652531.983000237,0,0.000000
1648652532.004410313,0,0.000000
1648652532.027409681,0,0.005000
1648652532.048530489,0,0.000000
1648652532.071359541,2,0.064000
1648652532.092338066,1,0.018000
1648652532.113841238,0,0.000000
1648652532.136132855,2,0.013000
1648652532.158189375,1,0.032000
1648652532.181178142,1,0.030000
1648652532.203556788,0,0.000000
1648652532.226231170,0,0.000000
1648652532.248789163,0,0.000000
1648652532.270505917,1,0.050000
1648652532.292474515,0,0.034000
1648652532.314702392,0,0.000000
1648652532.336030071,0,0.000000
1648652532.359783222,0,0.005000
1648652532.381501025,0,0.000000
1648652532.404181620,0,0.001000
1648652532.426537018,3,0.075000
1648652532.448425137,0,0.000000
1648652532.471150470,3,0.055000
1648652532.493002916,1,0.031000
1648652532.513461966,0,0.000000
1648652532.534998540,0,0.000000
1648652532.557202011,0,0.000000
1648652532.579309958,0,0.000000
1648652532.600632470,2,0.043000
1648652532.623796670,0,0.000000
1648652532.647456153,0,0.000000
1648652532.668235626,0,0.000000
1648652532.691004934,0,0.000000
1648652532.713042744,1,0.000000
1648652532.734037876,0,0.000000
1648652532.755648850,0,0.000000
1648652532.775852814,0,0.000000
1648652532.798201616,2,0.023000
1648652532.821450080,0,0.000000
1648652532.843769153,0,0.000000
1648652532.865544613,2,0.026000
1648652532.887973099,0,0.000000
1648652532.908713968,0,0.000000
1648652532.929962895,0,0.000000
1648652532.951876794,0,0.000000
1648652532.974645699,0,0.000000
1648652532.997354019,0,0.000000
1648652533.019141941,0,0.000000
1648652533.041467991,0,0.000000
1648652533.063735039,1,0.001000
1648652533.086188124,0,0.000000
1648652533.109069270,2,0.051000
1648652533.131917172,1,0.013000
1648652533.153765353,0,0.000000
1648652533.174992392,0,0.000000
1648652533.196851937,0,0.000000
1648652533.219852590,0,0.000000
1648652533.242356992,1,0.011000
1648652533.263137493,0,0.000000
1648652533.286239657,0,0.000000
1648652533.307368024,0,0.000000
1648652533.330062716,0,0.006000
1648652533.350665869,0,0.000000
1648652533.372776634,0,0.000000
1648652533.394665339,1,0.050000
1648652533.417480105,0,0.015000
1648652533.438743465,0,0.000000
1648652533.460417589,0,0.000000
1648652533.484201370,0,0.000000
1648652533.506657456,0,0.000000
1648652533.529472407,2,0.022000
1648652533.550975900,1,0.034000
1648652533.572982366,0,0.000000
1648652533.596378501,0,0.000000
1648652533.619347069,0,0.000000
1648652533.641997586,0,0.000000
1648652533.662856154,0,0.000000
1648652533.685531156,0,0.000000
1648652533.708417488,1,0.012000
1648652533.731398849,0,0.000000
1648652533.753581057,0,0.000000
1648652533.775930551,0,0.000000
1648652533.799198779,0,0.000000
1648652533.822043329,0,0.001000
1648652533.844972535,3,0.025000
1648652533.867543041,0,0.000000
1648652533.888039559,0,0.000000
1648652533.910490066,0,0.000000
1648652533.933462558,0,0.000000
1648652533.954433048,0,0.003000
1648652533.974903903,0,0.000000
1648652533.996992913,0,0.000000
1648652534.018671397,0,0.000000
1648652534.042122279,0,0.000000
1648652534.064830607,1,0.032000
1648652534.086857060,0,0.000000
1648652534.108830846,0,0.000000
1648652534.130280869,0,0.000000
1648652534.153382762,0,0.000000
1648652534.176735392,1,0.030000
1648652534.200298933,0,0.000000
1648652534.221665712,0,0.000000
1648652534.244156879,0,0.000000
1648652534.265652488,4,0.064000
1648652534.287318221,0,0.000000
1648652534.309387127,0,0.000000
1648652534.331717937,0,0.000000
1648652534.354183256,2,0.027000
1648652534.377455246,1,0.017000
1648652534.399203558,0,0.000000
1648652534.421832616,0,0.000000
1648652534.444947388,0,0.000000
1648652534.465266530,0,0.000000
1648652534.487737123,0,0.000000
1648652534.510245379,0,0.000000
1648652534.532829541,0,0.000000
1648652534.556431700,1,0.000000
1648652534.578947632,0,0.000000
1648652534.602025127,3,0.008000
1648652534.624233921,0,0.000000
1648652534.646654909,2,0.024000
1648652534.669389544,0,0.000000
1648652534.691500009,0,0.000000
1648652534.713305010,0,0.000000
1648652534.735446021,0,0.000000
1648652534.758578554,5,0.040000
1648652534.781951127,0,0.000000
1648652534.805680885,0,0.000000
1648652534.828296061,3,0.051000
1648652534.850798073,0,0.000000
1648652534.873134262,0,0.000000
1648652534.895534763,0,0.000000
1648652534.918962377,0,0.000000
1648652534.940378711,0,0.000000
1648652534.963137245,3,0.034000
1648652534.986326129,0,0.000000
1648652535.009361195,2,0.052000
1648652535.032377932,1,0.016000
1648652535.054639892,0,0.000000
1648652535.077201602,0,0.000000
1648652535.101128843,0,0.011000
1648652535.123239685,0,0.000000
1648652535.147183813,0,0.000000
1648652535.168171493,0,0.000000
1648652535.191141740,0,0.000000
1648652535.212491049,0,0.000000
1648652535.235440898,0,0.000000
1648652535.256408851,0,0.000000
1648652535.277369392,0,0.000000
1648652535.298933022,0,0.000000
1648652535.320898512,0,0.004000
1648652535.342188784,0,0.000000
1648652535.364399233,0,0.000000
1648652535.386834347,0,0.000000
1648652535.409939191,0,0.010000
1648652535.432425966,2,0.034000
1648652535.454700944,0,0.000000
1648652535.477114924,0,0.006000
1648652535.498924497,2,0.013000
1648652535.520399413,0,0.000000
1648652535.542484204,0,0.000000
1648652535.565235509,0,0.000000
1648652535.588308179,0,0.007000
1648652535.609994089,3,0.058000
1648652535.631678070,0,0.000000
1648652535.655437089,0,0.000000
1648652535.678378843,0,0.000000
1648652535.699984542,0,0.000000
1648652535.721673945,0,0.000000
1648652535.744652387,0,0.000000
1648652535.766735912,2,0.000000
1648652535.788467860,2,0.029000
1648652535.811242705,0,0.000000
1648652535.832928975,0,0.000000
1648652535.855167766,0,0.000000
1648652535.876958248,0,0.000000
1648652535.898419094,0,0.005000
1648652535.919465352,0,0.017000
1648652535.942153021,0,0.019000
1648652535.964876623,0,0.000000
1648652535.985725584,0,0.000000
1648652536.008375770,0,0.000000
1648652536.031042665,2,0.028000
1648652536.053250384,0,0.000000
1648652536.074188695,2,0.036000
1648652536.096985583,2,0.021000
1648652536.120096348,0,0.000000
1648652536.142960754,0,0.000000
1648652536.163549794,0,0.000000
1648652536.185496501,3,0.041000
1648652536.206936132,0,0.000000
1648652536.228756919,0,0.000000
1648652536.250121727,0,0.002000
1648652536.271150878,0,0.000000
1648652536.292841541,0,0.017000
1648652536.314736772,3,0.063000
1648652536.336213977,1,0.036000
1648652536.358038975,0,0.000000
1648652536.379644120,2,0.045000
1648652536.401818597,0,0.000000
1648652536.423142036,0,0.000000
1648652536.446236425,0,0.038000
1648652536.469502907,1,0.007000
1648652536.492094464,1,0.008000
1648652536.514032231,0,0.000000
1648652536.536970056,0,0.017000
1648652536.558393552,0,0.006000
1648652536.580340385,1,0.000000
1648652536.601150080,0,0.025000
1648652536.624179770,0,0.000000
1648652536.646559733,0,0.000000
1648652536.668869121,0,0.000000
1648652536.690499942,1,0.000000
1648652536.712905053,0,0.000000
1648652536.734136656,0,0.000000
1648652536.755642863,0,0.000000
1648652536.778194176,1,0.005000
1648652536.801442683,3,0.029000
1648652536.823957562,0,0.000000
1648652536.846687316,0,0.000000
1648652536.869217305,1,0.019000
1648652536.891560223,0,0.000000
1648652536.912449081,0,0.000000
1648652536.933424169,0,0.000000
1648652536.956772171,2,0.050000
1648652536.978684591,0,0.000000
1648652536.999527299,0,0.000000
1648652537.022885365,0,0.000000
1648652537.044557434,0,0.000000
1648652537.067146592,0,0.000000
1648652537.090523029,0,0.000000
1648652537.113339216,0,0.000000
1648652537.136354716,0,0.000000
1648652537.158937660,0,0.000000
1648652537.181715288,0,0.005000
1648652537.202837955,1,0.016000
1648652537.224336853,0,0.000000
1648652537.247945752,0,0.000000
1648652537.270460944,0,0.000000
1648652537.292622249,0,0.000000
1648652537.314484580,0,0.000000
1648652537.336381886,0,0.000000
1648652537.359669414,0,0.003000
1648652537.382221128,2,0.000000
1648652537.404695008,0,0.000000
1648652537.424552370,0,0.000000
1648652537.445884302,0,0.000000
1648652537.468484609,0,0.000000
1648652537.490639246,0,0.000000
1648652537.512643861,1,0.022000
1648652537.534676769,0,0.000000
1648652537.556453661,0,0.000000
1648652537.577495367,0,0.000000
1648652537.598193260,1,0.047000
1648652537.621267032,0,0.005000
1648652537.644558417,0,0.000000
1648652537.667368247,0,0.000000
1648652537.690087611,5,0.032000
1648652537.711400169,3,0.037000
1648652537.734441177,1,0.036000
1648652537.758462080,0,0.000000
1648652537.780780205,0,0.000000
1648652537.803332149,0,0.000000
1648652537.825860606,0,0.000000
1648652537.847798579,0,0.000000
1648652537.870100455,1,0.021000
1648652537.891726471,0,0.000000
1648652537.915114492,3,0.024000
1648652537.937292675,0,0.000000
1648652537.959484751,0,0.000000
1648652537.982644639,0,0.020000
1648652538.005945362,0,0.000000
1648652538.029977139,0,0.000000
1648652538.051080407,0,0.000000
1648652538.075363028,0,0.000000
1648652538.095558762,0,0.000000
1648652538.119449331,1,0.018000
1648652538.142872824,0,0.000000
1648652538.164077140,0,0.000000
1648652538.187427860,0,0.000000
1648652538.210241875,0,0.000000
1648652538.232747940,1,0.036000
1648652538.255744362,0,0.000000
1648652538.278727055,0,0.000000
1648652538.300483229,2,0.019000
1648652538.323373379,0,0.000000
1648652538.346862656,0,0.000000
1648652538.371257485,0,0.003000
1648652538.393814764,1,0.031000
1648652538.416933962,0,0.003000
1648652538.440262960,0,0.004000
1648652538.462117811,0,0.006000
1648652538.483527504,0,0.000000
1648652538.506216041,0,0.000000
1648652538.528694697,0,0.000000
1648652538.551480635,0,0.000000
1648652538.574464814,0,0.000000
1648652538.596979174,0,0.000000
1648652538.620750137,0,0.000000
1648652538.644458961,0,0.000000
1648652538.665664167,0,0.000000
1648652538.687890251,0,0.000000
1648652538.708901891,0,0.009000
1648652538.730213888,0,0.000000
1648652538.753903442,0,0.000000
1648652538.775316098,0,0.000000
1648652538.797916272,0,0.000000
1648652538.819411294,1,0.009000
1648652538.843274462,0,0.006000
1648652538.863436563,1,0.033000
1648652538.885618539,0,0.000000
1648652538.905859191,0,0.000000
1648652538.927573362,0,0.000000
1648652538.950164434,0,0.000000
1648652538.971779320,0,0.000000
1648652538.993476835,0,0.000000
1648652539.016510092,0,0.000000
1648652539.036971807,0,0.000000
1648652539.058372850,1,0.000000
1648652539.080535252,1,0.052000
1648652539.102955593,1,0.011000
1648652539.126509151,0,0.000000
1648652539.147413845,0,0.000000
1648652539.169039059,2,0.032000
1648652539.191274847,0,0.000000
1648652539.213978509,0,0.001000
1648652539.236756818,0,0.000000
1648652539.258642183,0,0.000000
1648652539.281690051,0,0.000000
1648652539.304106654,4,0.057000
1648652539.326564982,2,0.034000
1648652539.348736805,0,0.000000
1648652539.372343132,0,0.000000
1648652539.395683175,0,0.000000
1648652539.418228093,0,0.000000
1648652539.439241181,0,0.000000
1648652539.461432658,0,0.000000
1648652539.484970146,0,0.000000
1648652539.508084949,1,0.047000
1648652539.529859518,2,0.029000
1648652539.552377933,0,0.000000
1648652539.573120986,0,0.005000
1648652539.596477111,0,0.000000
1648652539.617142177,0,0.000000
1648652539.641820570,0,0.000000
1648652539.663486065,3,0.000000
1648652539.685684233,0,0.000000
1648652539.708455813,0,0.000000
1648652539.730897545,0,0.000000
1648652539.752938000,0,0.000000
1648652539.775531970,0,0.000000
1648652539.798238325,0,0.021000
1648652539.819540148,0,0.000000
1648652539.842413271,0,0.000000
1648652539.865412779,3,0.039000
1648652539.886914446,0,0.000000
1648652539.908769509,0,0.000000
1648652539.931926301,2,0.065000
1648652539.953535333,0,0.000000
1648652539.976432651,0,0.000000
1648652539.999267807,0,0.008000
1648652540.022103490,0,0.000000
1648652540.045135648,0,0.000000
1648652540.067167710,0,0.027000
1648652540.088159206,0,0.000000
1648652540.111272563,0,0.000000
1648652540.134317898,0,0.000000
1648652540.157487744,1,0.016000
1648652540.180142389,0,0.000000
1648652540.203780519,0,0.000000
1648652540.227192693,2,0.060000
1648652540.250739520,0,0.000000
1648652540.275068188,0,0.000000
1648652540.295325052,0,0.000000
1648652540.317012432,0,0.000000
1648652540.338950030,0,0.000000
1648652540.361103626,0,0.000000
1648652540.383109281,0,0.000000
1648652540.405983202,0,0.000000
1648652540.428846941,0,0.000000
1648652540.450681697,2,0.000000
1648652540.473469855,0,0.001000
1648652540.494902565,0,0.022000
1648652540.516364149,0,0.000000
1648652540.539365371,0,0.000000
1648652540.562595701,0,0.000000
1648652540.584243686,1,0.012000
1648652540.607251821,1,0.000000
1648652540.629175547,0,0.000000
1648652540.652241780,0,0.000000
1648652540.674351999,2,0.049000
1648652540.695345280,0,0.000000
1648652540.718035036,0,0.000000
1648652540.741127542,0,0.000000
1648652540.763185930,1,0.052000
1648652540.783559068,0,0.000000
1648652540.806803522,0,0.000000
1648652540.830000490,0,0.000000
1648652540.851581536,0,0.000000
1648652540.873634929,0,0.000000
1648652540.895422066,0,0.000000
1648652540.918042447,1,0.000000
1648652540.940383812,0,0.000000
1648652540.963035659,0,0.000000
1648652540.985005253,0,0.000000
1648652541.007905698,5,0.073000
1648652541.029183766,0,0.000000
1648652541.051416045,1,0.023000
1648652541.075150498,0,0.000000
1648652541.098381349,0,0.000000
1648652541.120602167,0,0.000000
1648652541.143829395,0,0.000000
1648652541.166817700,0,0.000000
1648652541.188474884,0,0.000000
1648652541.211880136,0,0.034000
1648652541.235687914,0,0.000000
1648652541.258555945,3,0.087000
1648652541.282046623,0,0.032000
1648652541.305936843,1,0.020000
1648652541.329207586,3,0.022000
1648652541.351402727,0,0.000000
1648652541.373203751,0,0.000000
1648652541.395354646,0,0.000000
1648652541.417962993,0,0.000000
1648652541.441116192,0,0.000000
1648652541.464860729,0,0.000000
1648652541.488028400,2,0.007000
1648652541.511398187,1,0.019000
1648652541.532532438,0,0.000000
1648652541.553136589,1,0.041000
1648652541.575081987,0,0.000000
1648652541.596995656,1,0.020000
1648652541.619854648,2,0.047000
1648652541.642893974,0,0.000000
1648652541.664227050,0,0.000000
1648652541.688067901,0,0.000000
1648652541.709166183,0,0.000000
1648652541.732891078,0,0.000000
1648652541.755240991,0,0.010000
1648652541.776544980,1,0.038000
1648652541.800108189,0,0.000000
1648652541.823728509,0,0.000000
1648652541.846483141,2,0.063000
1648652541.870981764,2,0.000000
1648652541.892210298,0,0.042000
1648652541.915859577,0,0.000000
1648652541.937958727,2,0.022000
1648652541.960362661,0,0.000000
1648652541.983816116,2,0.045000
1648652542.005402939,3,0.050000
1648652542.029343147,0,0.000000
1648652542.052111130,0,0.000000
1648652542.073859251,2,0.041000
1648652542.094742839,0,0.000000
1648652542.117597792,2,0.037000
1648652542.139408630,0,0.000000
1648652542.161961022,1,0.031000
1648652542.182077565,3,0.059000
1648652542.204056908,0,0.000000
1648652542.226739322,0,0.000000
1648652542.247488760,0,0.000000
1648652542.270640331,2,0.038000
1648652542.293662349,0,0.000000
1648652542.315380008,1,0.000000
1648652542.338481348,2,0.078000
1648652542.360803731,0,0.000000
1648652542.382906916,2,0.027000
1648652542.405715923,0,0.017000
1648652542.427563173,0,0.000000
1648652542.451063143,0,0.000000
1648652542.473200376,0,0.000000
1648652542.495464477,0,0.000000
1648652542.518527989,0,0.000000
1648652542.541785695,0,0.000000
1648652542.564585373,0,0.000000
1648652542.587989909,0,0.000000
1648652542.611405428,0,0.000000
1648652542.634253926,0,0.000000
1648652542.655773940,0,0.000000
1648652542.677818185,2,0.000000
1648652542.701370521,0,0.000000
1648652542.724766438,0,0.000000
1648652542.746196711,0,0.000000
1648652542.768424018,0,0.000000
1648652542.790716918,0,0.000000
1648652542.813499360,0,0.000000
1648652542.834729183,0,0.000000
1648652542.858973111,0,0.000000
1648652542.881443374,0,0.025000
1648652542.903877097,0,0.000000
1648652542.925534312,0,0.000000
1648652542.946959858,0,0.000000
1648652542.968278390,0,0.000000
1648652542.991248366,3,0.021000
1648652543.014376777,2,0.014000
1648652543.037028145,1,0.011000
1648652543.057662151,0,0.000000
1648652543.079372639,0,0.000000
1648652543.102581004,2,0.042000
1648652543.125812653,0,0.000000
1648652543.149089331,0,0.000000
1648652543.172038222,0,0.000000
1648652543.192683759,0,0.000000
1648652543.214394820,1,0.019000
1648652543.238158658,0,0.000000
1648652543.260804100,2,0.022000
1648652543.282841840,0,0.000000
1648652543.304682502,0,0.000000
1648652543.327498265,0,0.000000
1648652543.350945595,0,0.000000
1648652543.374455206,0,0.000000
1648652543.395104398,0,0.000000
1648652543.417649633,0,0.000000
1648652543.439829953,0,0.000000
1648652543.462170075,0,0.007000
1648652543.486200989,2,0.035000
1648652543.507389795,1,0.000000
1648652543.530644692,2,0.071000
1648652543.552072458,0,0.000000
1648652543.574453876,0,0.000000
1648652543.598002509,0,0.000000
1648652543.619323525,0,0.000000
1648652543.642467825,1,0.006000
1648652543.665738049,1,0.019000
1648652543.687051355,0,0.000000
1648652543.706696930,2,0.026000
1648652543.729875911,0,0.000000
1648652543.751022875,0,0.000000
1648652543.773410899,0,0.007000
1648652543.796813434,0,0.000000
1648652543.817577336,0,0.000000
1648652543.840021293,0,0.004000
1648652543.862797677,0,0.000000
1648652543.886011389,2,0.012000
1648652543.907116677,1,0.000000
1648652543.929746381,0,0.000000
1648652543.952758383,0,0.000000
1648652543.973479872,0,0.008000
1648652543.996244300,0,0.000000
1648652544.019324870,1,0.046000
1648652544.042038687,0,0.000000
1648652544.064945951,0,0.000000
1648652544.087171575,4,0.042000
1648652544.109325546,0,0.000000
1648652544.132446549,0,0.000000
1648652544.156743662,0,0.032000
1648652544.179500544,0,0.000000
1648652544.202338843,1,0.000000
1648652544.223812881,0,0.000000
1648652544.247277012,0,0.001000
1648652544.269000508,0,0.000000
1648652544.289870790,2,0.050000
1648652544.313186016,0,0.000000
1648652544.335317870,0,0.000000
1648652544.359321087,0,0.000000
1648652544.382833735,0,0.000000
1648652544.405667191,0,0.000000
1648652544.428855710,0,0.000000
1648652544.451170003,0,0.000000
1648652544.473140401,0,0.000000
1648652544.496360320,0,0.000000
1648652544.520050872,0,0.000000
1648652544.543260708,2,0.069000
1648652544.567257697,0,0.000000
1648652544.589420626,0,0.000000
1648652544.611908241,0,0.000000
1648652544.633092820,0,0.000000
1648652544.654414072,4,0.063000
1648652544.675818266,0,0.005000
1648652544.697372255,0,0.000000
1648652544.719820808,0,0.000000
1648652544.742953294,0,0.000000
1648652544.765580046,0,0.000000
1648652544.788681637,0,0.000000
1648652544.810619293,0,0.022000
1648652544.832970219,0,0.000000
1648652544.854676878,0,0.000000
1648652544.877550129,0,0.000000
1648652544.900118913,0,0.000000
1648652544.922728535,0,0.000000
1648652544.944985428,0,0.000000
1648652544.967641153,0,0.000000
1648652544.989266399,0,0.000000
1648652545.011005847,0,0.000000
1648652545.031608737,0,0.000000
1648652545.053936659,0,0.000000
1648652545.074996336,0,0.000000
1648652545.096970761,3,0.057000
1648652545.119656376,0,0.000000
1648652545.142583546,0,0.000000
1648652545.165314777,0,0.000000
1648652545.186080500,0,0.000000
1648652545.209486490,0,0.000000
1648652545.229997699,0,0.000000
1648652545.252857700,0,0.000000
1648652545.275558066,1,0.000000
1648652545.296492182,0,0.000000
1648652545.319416729,1,0.035000
1648652545.342064982,2,0.023000
1648652545.364012810,0,0.028000
1648652545.386943744,1,0.043000
1648652545.408113427,0,0.000000
1648652545.430593090,2,0.042000
1648652545.453096555,0,0.000000
1648652545.475440329,0,0.000000
1648652545.496777973,1,0.053000
1648652545.518638247,0,0.000000
1648652545.540093671,0,0.000000
1648652545.564242684,1,0.030000
1648652545.586188777,0,0.000000
1648652545.609577613,0,0.000000
1648652545.631904500,1,0.035000
1648652545.654314333,2,0.020000
1648652545.676349155,3,0.080000
1648652545.698923498,0,0.000000
1648652545.721094195,0,0.000000
1648652545.743857177,0,0.000000
1648652545.767358391,1,0.023000
1648652545.789437847,1,0.020000
1648652545.810717000,0,0.013000
1648652545.831326721,0,0.000000
1648652545.851206559,0,0.000000
1648652545.872275321,3,0.018000
1648652545.894731670,0,0.000000
1648652545.917960521,0,0.000000
1648652545.940102947,0,0.000000
1648652545.960489851,0,0.000000
1648652545.983435029,0,0.000000
1648652546.005938414,0,0.000000
1648652546.027296963,0,0.000000
1648652546.050324265,0,0.000000
1648652546.073579693,0,0.000000
1648652546.096299230,3,0.096000
1648652546.116705117,2,0.000000
1648652546.139655894,0,0.000000
1648652546.162367285,0,0.000000
1648652546.183854722,0,0.000000
1648652546.206124473,0,0.000000
1648652546.229049757,1,0.001000
1648652546.252358765,5,0.057000
1648652546.273195763,0,0.000000
1648652546.295145392,2,0.016000
1648652546.316791257,2,0.020000
1648652546.338227947,0,0.000000
1648652546.360803542,0,0.000000
1648652546.382447569,1,0.038000
1648652546.404394594,0,0.000000
1648652546.428206649,0,0.000000
1648652546.450957055,0,0.003000
1648652546.472993919,0,0.000000
1648652546.493870843,1,0.005000
1648652546.515532019,0,0.000000
1648652546.538372957,0,0.000000
1648652546.561247356,0,0.000000
1648652546.584438322,0,0.000000
1648652546.607257551,0,0.011000
1648652546.629821520,0,0.000000
1648652546.651126719,0,0.000000
1648652546.673460480,2,0.044000
1648652546.696336015,0,0.000000
1648652546.719132660,0,0.000000
1648652546.742139733,0,0.000000
1648652546.765226028,0,0.000000
1648652546.787421002,0,0.000000
1648652546.809491204,0,0.000000
1648652546.833230336,1,0.024000
1648652546.853786598,0,0.000000
1648652546.875555981,0,0.000000
1648652546.898370493,0,0.000000
1648652546.920702135,1,0.005000
1648652546.943610213,0,0.000000
1648652546.966898552,0,0.000000
1648652546.988908519,0,0.000000
1648652547.010104535,2,0.000000
1648652547.031664706,1,0.036000
1648652547.053326189,2,0.028000
1648652547.074157123,0,0.000000
1648652547.096927932,0,0.000000
1648652547.120738253,0,0.000000
1648652547.141634608,3,0.053000
1648652547.162292907,0,0.000000
1648652547.182994311,0,0.030000
1648652547.204627926,0,0.000000
1648652547.227285782,0,0.032000
1648652547.251152813,0,0.000000
1648652547.273496162,0,0.000000
1648652547.294343908,0,0.000000
1648652547.317317760,3,0.003000
1648652547.338226977,0,0.000000
1648652547.361685590,3,0.049000
1648652547.385411756,0,0.000000
1648652547.409006191,0,0.000000
1648652547.430869192,0,0.000000
1648652547.454226755,0,0.000000
1648652547.477450451,0,0.000000
1648652547.500193645,0,0.000000
1648652547.520693098,1,0.023000
1648652547.545254040,0,0.000000
1648652547.567566777,0,0.000000
1648652547.588667280,0,0.000000
1648652547.612002827,0,0.000000
1648652547.632238234,1,0.036000
1648652547.654982339,0,0.000000
1648652547.679348688,0,0.005000
1648652547.701203465,0,0.000000
1648652547.723466103,6,0.093000
1648652547.746663416,0,0.009000
1648652547.767074520,0,0.000000
1648652547.790199002,2,0.024000
1648652547.813787551,1,0.000000
1648652547.835831696,0,0.000000
1648652547.858669504,0,0.000000
1648652547.880751324,1,0.000000
1648652547.903914348,1,0.020000
1648652547.926924431,0,0.000000
1648652547.950410212,0,0.016000
1648652547.974245818,0,0.000000
1648652547.996997690,0,0.000000
1648652548.019289173,0,0.000000
1648652548.041095433,0,0.000000
1648652548.063051741,0,0.000000
1648652548.086363460,1,0.001000
1648652548.109116138,1,0.025000
1648652548.132087951,0,0.000000
1648652548.153368257,0,0.000000
1648652548.176690124,0,0.000000
1648652548.199573923,0,0.000000
1648652548.222736965,0,0.000000
1648652548.246356774,0,0.015000
1648652548.269272610,0,0.007000
1648652548.292681932,2,0.000000
1648652548.314096495,1,0.021000
1648652548.336783488,2,0.025000
1648652548.357833954,0,0.000000
1648652548.381312902,2,0.000000
1648652548.402845815,0,0.000000
1648652548.425448765,0,0.000000
1648652548.447431278,0,0.001000
1648652548.470596943,0,0.000000
1648652548.492917318,0,0.000000
1648652548.514821461,3,0.054000
1648652548.537921079,0,0.000000
1648652548.560814556,2,0.000000
1648652548.583538866,0,0.000000
1648652548.604970364,0,0.000000
1648652548.627369770,3,0.050000
1648652548.650319242,3,0.053000
1648652548.672494250,2,0.014000
1648652548.695351992,0,0.000000
1648652548.717955283,0,0.000000
1648652548.739264876,0,0.000000
1648652548.761946997,1,0.000000
1648652548.784564092,0,0.000000
1648652548.807112145,0,0.000000
1648652548.830433162,0,0.000000
1648652548.851796029,0,0.000000
1648652548.873472098,1,0.023000
1648652548.896301002,0,0.000000
1648652548.917254672,1,0.013000
1648652548.940759694,2,0.045000
1648652548.963852527,0,0.000000
1648652548.986639732,1,0.030000
1648652549.010020839,0,0.000000
1648652549.031062306,1,0.004000
1648652549.054342958,1,0.000000
1648652549.075331250,0,0.000000
1648652549.097574633,0,0.019000
1648652549.118240440,1,0.000000
1648652549.140784053,3,0.028000
1648652549.162479318,0,0.000000
1648652549.185490068,1,0.005000
1648652549.208643966,1,0.022000
1648652549.230823699,0,0.000000
1648652549.254450824,0,0.000000
1648652549.277241744,0,0.007000
1648652549.300278181,0,0.000000
1648652549.323559803,0,0.000000
1648652549.347197105,0,0.000000
1648652549.370427434,0,0.001000
1648652549.392337754,0,0.000000
1648652549.413253066,0,0.000000
1648652549.435099378,0,0.000000
1648652549.457712430,2,0.027000
1648652549.479490573,1,0.000000
1648652549.501074480,0,0.000000
1648652549.522068090,0,0.000000
1648652549.544229795,0,0.000000
1648652549.567202335,0,0.000000
1648652549.590047188,0,0.000000
1648652549.612720311,0,0.000000
1648652549.633956056,1,0.045000
1648652549.656482627,0,0.000000
1648652549.678640019,0,0.000000
1648652549.700569429,0,0.000000
1648652549.724520415,0,0.000000
1648652549.746458154,0,0.000000
1648652549.769104092,0,0.000000
1648652549.791273200,0,0.000000
1648652549.812414682,0,0.000000
1648652549.835272101,0,0.000000
1648652549.857439803,0,0.000000
1648652549.880628131,1,0.031000
1648652549.901798704,3,0.016000
1648652549.924546658,0,0.000000
1648652549.945987715,0,0.000000
1648652549.967157236,1,0.029000
1648652549.989495832,0,0.003000
1648652550.012816864,1,0.017000
1648652550.035121203,0,0.000000
1648652550.059140192,3,0.060000
1648652550.080974091,0,0.000000
1648652550.099959372,0,0.000000
1648652550.121847388,1,0.005000
1648652550.144414197,0,0.000000
1648652550.166379551,0,0.000000
1648652550.189705053,1,0.000000
1648652550.212592530,0,0.000000
1648652550.234771732,0,0.000000
1648652550.256278533,2,0.047000
1648652550.277901551,0,0.000000
1648652550.299904478,0,0.000000
1648652550.323505692,3,0.047000
1648652550.346937998,2,0.023000
1648652550.369386398,0,0.000000
1648652550.391485327,0,0.000000
1648652550.413491146,1,0.026000
1648652550.434471224,0,0.000000
1648652550.458395255,3,0.057000
1648652550.482125577,3,0.000000
1648652550.504742053,0,0.000000
1648652550.527375309,0,0.017000
1648652550.550060627,1,0.051000
1648652550.572932982,0,0.003000
1648652550.594542607,0,0.000000
1648652550.618007026,0,0.000000
1648652550.639119922,0,0.011000
1648652550.662147309,0,0.000000
1648652550.684324514,0,0.004000
1648652550.706962911,0,0.000000
1648652550.729573727,0,0.000000
1648652550.752113442,2,0.050000
1648652550.769862931,0,0.000000
1648652550.791650272,0,0.000000
1648652550.814452193,1,0.035000
1648652550.837921921,1,0.059000
1648652550.859956449,0,0.000000
1648652550.881191219,3,0.012000
1648652550.903980777,0,0.000000
1648652550.925578142,1,0.000000
1648652550.947458909,0,0.000000
1648652550.969348854,0,0.000000
1648652550.991510225,0,0.000000
1648652551.014328818,1,0.003000
1648652551.037493008,0,0.000000
1648652551.058827719,1,0.038000
1648652551.082865868,0,0.000000
1648652551.105639902,3,0.029000
1648652551.127809977,2,0.016000
1648652551.149605166,0,0.000000
1648652551.172477319,2,0.000000
1648652551.195837274,3,0.039000
1648652551.217750819,0,0.000000
1648652551.239772240,2,0.030000
1648652551.262938332,0,0.000000
1648652551.286254814,3,0.037000
1648652551.308836279,0,0.000000
1648652551.331631699,0,0.000000
1648652551.354139191,2,0.024000
1648652551.376028044,0,0.000000
1648652551.398564881,4,0.055000
1648652551.421746870,1,0.034000
1648652551.444645618,0,0.000000
1648652551.467353045,0,0.000000
1648652551.490584950,0,0.000000
1648652551.514220110,0,0.024000
1648652551.537740860,0,0.000000
1648652551.559885909,0,0.000000
1648652551.581853384,0,0.000000
1648652551.602644318,0,0.000000
1648652551.625527886,0,0.000000
1648652551.648130292,3,0.043000
1648652551.671421421,1,0.026000
1648652551.695903538,0,0.014000
1648652551.719130581,0,0.000000
1648652551.740026107,0,0.017000
1648652551.763683279,0,0.000000
1648652551.787080535,0,0.000000
1648652551.811032165,0,0.000000
1648652551.833923367,0,0.000000
1648652551.855128297,1,0.008000
1648652551.878222699,0,0.000000
1648652551.901988488,5,0.057000
1648652551.924402396,0,0.000000
1648652551.947200123,0,0.000000
1648652551.971612603,0,0.000000
1648652551.993846243,1,0.000000
1648652552.014033052,1,0.011000
1648652552.036959364,1,0.041000
1648652552.060063327,0,0.000000
1648652552.082918562,0,0.000000
1648652552.105074878,0,0.009000
1648652552.125962971,0,0.000000
1648652552.148194914,2,0.035000
1648652552.172259976,0,0.003000
1648652552.194737987,1,0.043000
1648652552.217204531,1,0.002000
1648652552.239033166,0,0.000000
1648652552.261991068,0,0.000000
1648652552.284682197,0,0.000000
1648652552.306238897,0,0.000000
1648652552.327106523,0,0.000000
1648652552.349479705,0,0.000000
1648652552.371648702,0,0.000000
1648652552.394752338,0,0.000000
1648652552.416574749,0,0.000000
1648652552.438675516,2,0.025000
1648652552.458965483,0,0.000000
1648652552.482021016,2,0.019000
1648652552.504735742,0,0.000000
1648652552.525681429,0,0.000000
1648652552.549462607,0,0.000000
1648652552.571425206,1,0.011000
1648652552.593797423,0,0.007000
1648652552.617505179,0,0.000000
1648652552.639996538,0,0.011000
1648652552.662134688,0,0.000000
1648652552.684808563,0,0.000000
1648652552.707925775,4,0.033000
1648652552.730506163,0,0.000000
1648652552.753960235,0,0.000000
1648652552.775276450,0,0.000000
1648652552.797772114,2,0.023000
1648652552.819412051,0,0.000000
1648652552.841443182,0,0.000000
1648652552.863409041,0,0.000000
1648652552.885201895,0,0.000000
1648652552.908916128,0,0.000000
1648652552.932231985,0,0.000000
1648652552.954119186,0,0.000000
1648652552.977354358,0,0.000000
1648652552.999710662,0,0.000000
1648652553.022838022,2,0.063000
1648652553.043127425,0,0.000000
1648652553.065654594,0,0.000000
1648652553.087720647,0,0.000000
1648652553.109618121,0,0.000000
1648652553.131000955,0,0.012000
1648652553.154461261,0,0.000000
1648652553.177135592,0,0.015000
1648652553.199185820,0,0.001000
1648652553.221929402,0,0.000000
1648652553.246036010,2,0.028000
1648652553.268970411,0,0.000000
1648652553.290466615,0,0.006000
1648652553.313584631,0,0.000000
1648652553.337180182,0,0.000000
1648652553.361162028,0,0.000000
1648652553.383924264,0,0.010000
1648652553.404165185,0,0.000000
1648652553.426342835,1,0.008000
1648652553.449543693,2,0.065000
1648652553.471270702,2,0.011000
1648652553.494358876,0,0.000000
1648652553.517356315,0,0.000000
1648652553.540842218,0,0.000000
1648652553.562468430,0,0.001000
1648652553.586240905,1,0.000000
1648652553.608132826,0,0.000000
1648652553.631297339,0,0.000000
1648652553.652655519,0,0.000000
1648652553.675104347,0,0.000000
1648652553.697944876,0,0.000000
1648652553.720230092,0,0.015000
1648652553.742456877,1,0.019000
1648652553.765621687,1,0.012000
1648652553.787449813,0,0.000000
1648652553.810106712,3,0.006000
1648652553.833303625,1,0.019000
1648652553.855308747,0,0.000000
1648652553.877116397,0,0.000000
1648652553.897566253,0,0.000000
1648652553.920401152,0,0.007000
1648652553.942085241,0,0.000000
1648652553.964711385,0,0.000000
1648652553.986766683,0,0.000000
1648652554.009731730,0,0.000000
1648652554.032734257,4,0.038000
1648652554.055648869,1,0.020000
1648652554.078445346,0,0.000000
1648652554.101380935,6,0.066000
1648652554.122890001,0,0.000000
1648652554.145781526,0,0.000000
1648652554.168341273,0,0.000000
1648652554.189442087,0,0.000000
1648652554.210712302,0,0.000000
1648652554.234186006,0,0.000000
1648652554.256446140,0,0.000000
1648652554.278640139,0,0.000000
1648652554.299351071,0,0.000000
1648652554.321371198,0,0.000000
1648652554.344863125,0,0.000000
1648652554.365808151,0,0.000000
1648652554.387257043,0,0.000000
1648652554.408446969,0,0.000000
