1648650782.462911557,0,0.001000
1648650782.486525183,0,0.001000
1648650782.509397284,0,0.001000
1648650782.530587187,0,0.001000
1648650782.551801938,0,0.001000
1648650782.572606246,0,0.001000
1648650782.594121928,0,0.001000
1648650782.616308837,0,0.001000
1648650782.638899046,0,0.001000
1648650782.661702825,0,0.001000
1648650782.684964985,0,0.001000
1648650782.707568304,0,0.001000
1648650782.728336272,0,0.001000
1648650782.751088043,0,0.001000
1648650782.773904231,0,0.001000
1648650782.795677123,0,0.001000
1648650782.816604813,0,0.001000
1648650782.838932825,0,0.001000
1648650782.861969219,0,0.000000
1648650782.882977072,0,0.000000
1648650782.904580964,2,0.012000
1648650782.927941257,1,0.000000
1648650782.950922172,0,0.000000
1648650782.975823212,3,0.046000
1648650782.997256891,2,0.032000
1648650783.018956043,0,0.003000
1648650783.041074991,0,0.013000
1648650783.065135849,0,0.015000
1648650783.087256965,1,0.000000
1648650783.110350624,0,0.000000
1648650783.132474341,0,0.000000
1648650783.154575528,0,0.000000
1648650783.176597400,0,0.000000
1648650783.200949082,2,0.012000
1648650783.223747056,1,0.005000
1648650783.247176926,2,0.038000
1648650783.269808864,0,0.000000
1648650783.293771870,0,0.000000
1648650783.315720343,0,0.000000
1648650783.338563731,0,0.000000
1648650783.360375243,0,0.000000
1648650783.383357093,0,0.007000
1648650783.406159789,0,0.011000
1648650783.429626942,2,0.016000
1648650783.451835480,1,0.017000
1648650783.474152511,3,0.031000
1648650783.498239919,0,0.000000
1648650783.520996382,0,0.001000
1648650783.542826844,0,0.013000
1648650783.563767533,0,0.000000
1648650783.586304868,0,0.000000
1648650783.609546395,0,0.001000
1648650783.632332272,3,0.019000
1648650783.654794378,0,0.000000
1648650783.679231215,0,0.000000
1648650783.702697345,0,0.000000
1648650783.724080101,1,0.011000
1648650783.747014187,0,0.000000
1648650783.770456998,3,0.016000
1648650783.792068161,3,0.052000
1648650783.817289798,0,0.000000
1648650783.838170939,0,0.000000
1648650783.859092873,3,0.041000
1648650783.881357580,4,0.027000
1648650783.904166071,1,0.018000
1648650783.928667260,0,0.000000
1648650783.950804331,0,0.015000
1648650783.973862519,0,0.007000
1648650783.996736395,0,0.000000
1648650784.019824329,0,0.000000
1648650784.041979783,0,0.009000
1648650784.064975215,0,0.000000
1648650784.087078762,0,0.000000
1648650784.109417017,0,0.000000
1648650784.132709140,0,0.000000
1648650784.153564254,0,0.012000
1648650784.177051442,5,0.057000
1648650784.199682455,2,0.000000
1648650784.222579395,0,0.004000
1648650784.246604087,0,0.001000
1648650784.269753066,1,0.000000
1648650784.291342128,0,0.005000
1648650784.314716754,0,0.008000
1648650784.337788629,0,0.007000
1648650784.360351809,0,0.000000
1648650784.383998779,2,0.030000
1648650784.406989631,3,0.025000
1648650784.430392243,0,0.024000
1648650784.453030094,1,0.011000
1648650784.475571429,0,0.003000
1648650784.497773591,0,0.000000
1648650784.520818822,0,0.000000
1648650784.543821643,0,0.000000
1648650784.566786176,0,0.001000
1648650784.587948824,1,0.011000
1648650784.611984906,1,0.023000
1648650784.634768751,0,0.000000
1648650784.656928006,0,0.000000
1648650784.680060566,0,0.000000
1648650784.701449711,0,0.000000
1648650784.725395668,0,0.000000
1648650784.746404612,1,0.004000
1648650784.769980406,0,0.006000
1648650784.791446741,4,0.038000
1648650784.814471722,1,0.017000
1648650784.836317920,0,0.000000
1648650784.858750687,1,0.000000
1648650784.881890751,1,0.002000
1648650784.904536965,0,0.001000
1648650784.927961886,0,0.000000
1648650784.949385832,0,0.000000
1648650784.972062709,0,0.000000
1648650784.994563624,0,0.006000
1648650785.016900543,0,0.012000
1648650785.041493179,4,0.041000
1648650785.062995352,3,0.026000
1648650785.086365647,2,0.031000
1648650785.109469777,1,0.000000
1648650785.132600871,0,0.000000
1648650785.155007649,0,0.001000
1648650785.178295032,1,0.019000
1648650785.200804636,2,0.012000
1648650785.222987897,2,0.040000
1648650785.245796598,1,0.041000
1648650785.268790175,0,0.001000
1648650785.289800158,0,0.000000
1648650785.312611929,1,0.010000
1648650785.337209190,3,0.035000
1648650785.359046179,2,0.026000
1648650785.382088125,2,0.025000
1648650785.403533695,0,0.000000
1648650785.426938548,1,0.008000
1648650785.450076180,0,0.012000
1648650785.473526390,0,0.000000
1648650785.497795598,1,0.000000
1648650785.521066850,0,0.000000
1648650785.545190044,0,0.004000
1648650785.567796034,1,0.000000
1648650785.588264984,0,0.000000
1648650785.611307978,3,0.031000
1648650785.634824651,0,0.000000
1648650785.656842758,1,0.047000
1648650785.680783068,0,0.014000
1648650785.703156290,0,0.000000
1648650785.726088225,0,0.000000
1648650785.748972741,1,0.017000
1648650785.772986968,1,0.000000
1648650785.796664941,0,0.005000
1648650785.819196837,0,0.000000
1648650785.842311846,1,0.000000
1648650785.864757084,0,0.002000
1648650785.887780300,0,0.007000
1648650785.910975911,0,0.000000
1648650785.933081303,0,0.000000
1648650785.955812695,0,0.000000
1648650785.978615996,0,0.000000
1648650786.000619802,0,0.014000
1648650786.021713663,1,0.011000
1648650786.044548945,2,0.014000
1648650786.066764363,2,0.023000
1648650786.089949517,1,0.024000
1648650786.111062526,2,0.005000
1648650786.134586917,0,0.000000
1648650786.157150560,1,0.008000
1648650786.179624790,3,0.032000
1648650786.201797659,3,0.050000
1648650786.224124410,0,0.000000
1648650786.246647654,0,0.000000
1648650786.269237699,0,0.000000
1648650786.291653945,0,0.000000
1648650786.314178224,0,0.000000
1648650786.334953902,0,0.000000
1648650786.357740824,0,0.000000
1648650786.381050854,0,0.002000
1648650786.404181665,2,0.013000
1648650786.425718035,1,0.000000
1648650786.449067836,0,0.000000
1648650786.472868546,0,0.000000
1648650786.496744501,1,0.003000
1648650786.518380377,2,0.007000
1648650786.542160946,2,0.011000
1648650786.563537075,1,0.005000
1648650786.584988729,1,0.012000
1648650786.607765663,0,0.003000
1648650786.630482234,0,0.000000
1648650786.654798746,0,0.004000
1648650786.678159206,0,0.000000
1648650786.701878589,0,0.000000
1648650786.723676946,0,0.000000
1648650786.745021441,0,0.001000
1648650786.767356598,0,0.003000
1648650786.789088001,0,0.005000
1648650786.812156005,0,0.000000
1648650786.834458657,0,0.009000
1648650786.858897446,0,0.000000
1648650786.882566830,0,0.000000
1648650786.902958910,0,0.000000
1648650786.925868846,0,0.000000
1648650786.948121034,3,0.050000
1648650786.969959230,1,0.011000
1648650786.992559507,3,0.036000
1648650787.015539000,2,0.027000
1648650787.038058283,1,0.009000
1648650787.062757953,2,0.045000
1648650787.085879651,3,0.048000
1648650787.108650695,1,0.021000
1648650787.129882897,2,0.012000
1648650787.154130045,0,0.000000
1648650787.177129700,0,0.002000
1648650787.200215895,0,0.000000
1648650787.222377790,0,0.000000
1648650787.246554394,0,0.000000
1648650787.269102266,0,0.000000
1648650787.292057204,0,0.000000
1648650787.315204451,0,0.000000
1648650787.339374917,0,0.000000
1648650787.361809941,2,0.013000
1648650787.383450874,2,0.024000
1648650787.407317642,2,0.017000
1648650787.429411956,0,0.000000
1648650787.450400191,0,0.000000
1648650787.473488902,0,0.001000
1648650787.495274374,0,0.000000
1648650787.518246442,0,0.000000
1648650787.541499152,0,0.000000
1648650787.565332260,0,0.000000
1648650787.588147758,0,0.007000
1648650787.610872068,1,0.023000
1648650787.631451804,1,0.021000
1648650787.654267597,1,0.004000
1648650787.677375351,2,0.025000
1648650787.701122108,1,0.011000
1648650787.722370293,0,0.000000
1648650787.744809805,0,0.000000
1648650787.767078137,0,0.000000
1648650787.789900256,1,0.013000
1648650787.813012253,0,0.000000
1648650787.835208003,0,0.000000
1648650787.857744511,0,0.000000
1648650787.880218319,0,0.000000
1648650787.900362470,1,0.025000
1648650787.923287030,2,0.014000
1648650787.946148579,0,0.000000
1648650787.968018963,0,0.001000
1648650787.991552771,0,0.000000
1648650788.014534007,0,0.000000
1648650788.036971012,2,0.024000
1648650788.058998962,1,0.013000
1648650788.081356639,1,0.011000
1648650788.105106335,5,0.063000
1648650788.127071919,0,0.000000
1648650788.149997223,0,0.000000
1648650788.173351204,0,0.006000
1648650788.195995907,4,0.051000
1648650788.217361401,1,0.042000
1648650788.241091109,1,0.009000
1648650788.263973243,0,0.000000
1648650788.285038903,0,0.000000
1648650788.306293531,0,0.009000
1648650788.330140732,0,0.000000
1648650788.353449057,0,0.000000
1648650788.375869701,0,0.001000
1648650788.398796493,3,0.000000
1648650788.421115114,4,0.046000
1648650788.443561546,0,0.004000
1648650788.466870595,2,0.024000
1648650788.489328126,0,0.000000
1648650788.509783902,1,0.000000
1648650788.531356756,1,0.009000
1648650788.553856469,0,0.000000
1648650788.576274477,0,0.013000
1648650788.598295396,0,0.000000
1648650788.621009865,0,0.000000
1648650788.644820540,0,0.003000
1648650788.667007384,0,0.000000
1648650788.688680281,2,0.018000
1648650788.709906727,3,0.046000
1648650788.731427855,0,0.000000
1648650788.753232340,0,0.000000
1648650788.775592486,0,0.009000
1648650788.798160099,0,0.001000
1648650788.819320546,1,0.010000
1648650788.840658846,0,0.000000
1648650788.862404925,0,0.002000
1648650788.885180711,0,0.000000
1648650788.908425459,0,0.000000
1648650788.930480815,0,0.000000
1648650788.953112792,0,0.000000
1648650788.976097687,0,0.000000
1648650788.998958521,1,0.007000
1648650789.021474994,1,0.034000
1648650789.045908834,0,0.004000
1648650789.068891452,0,0.008000
1648650789.092876398,0,0.000000
1648650789.115907779,0,0.000000
1648650789.139047986,1,0.024000
1648650789.161121982,2,0.010000
1648650789.183769669,0,0.000000
1648650789.206138089,4,0.029000
1648650789.229057789,1,0.009000
1648650789.250722537,0,0.000000
1648650789.272404121,0,0.000000
1648650789.294106615,0,0.000000
1648650789.318423425,1,0.004000
1648650789.341991324,0,0.000000
1648650789.364937752,0,0.000000
1648650789.387319120,0,0.000000
1648650789.410380773,3,0.060000
1648650789.432149480,0,0.000000
1648650789.454445254,0,0.000000
1648650789.477576498,1,0.019000
1648650789.501950075,1,0.000000
1648650789.523694851,0,0.011000
1648650789.547504257,0,0.000000
1648650789.568132085,0,0.003000
1648650789.590460431,0,0.000000
1648650789.613550084,0,0.000000
1648650789.636154529,8,0.108000
1648650789.657539924,0,0.000000
1648650789.679957940,0,0.001000
1648650789.701562578,0,0.000000
1648650789.724795321,2,0.000000
1648650789.746465318,3,0.033000
1648650789.769327853,0,0.000000
1648650789.791141689,1,0.018000
1648650789.810966580,0,0.007000
1648650789.832296223,0,0.000000
1648650789.855495377,0,0.000000
1648650789.878380385,0,0.000000
1648650789.900948438,0,0.000000
1648650789.924077659,0,0.012000
1648650789.947697895,0,0.001000
1648650789.968428495,0,0.003000
1648650789.990668804,1,0.014000
1648650790.013909599,0,0.022000
1648650790.038563290,4,0.055000
1648650790.060935500,0,0.000000
1648650790.083357808,2,0.003000
1648650790.107891356,0,0.000000
1648650790.130930593,0,0.001000
1648650790.153318068,1,0.000000
1648650790.175424532,0,0.000000
1648650790.198050248,0,0.000000
1648650790.221246856,0,0.000000
1648650790.244753083,0,0.000000
1648650790.267505487,0,0.000000
1648650790.290359038,0,0.000000
1648650790.313773590,0,0.003000
1648650790.337148099,0,0.001000
1648650790.361024567,0,0.000000
1648650790.383784392,0,0.000000
1648650790.405914533,0,0.011000
1648650790.428969625,1,0.007000
1648650790.453138472,3,0.043000
1648650790.477236178,0,0.000000
1648650790.499466939,1,0.016000
1648650790.521010574,0,0.000000
1648650790.546343729,0,0.000000
1648650790.568755875,0,0.000000
1648650790.591733050,0,0.000000
1648650790.614549812,2,0.039000
1648650790.636470302,0,0.000000
1648650790.660786688,3,0.032000
1648650790.683983407,0,0.000000
1648650790.705608800,0,0.000000
1648650790.727986837,0,0.000000
1648650790.750693058,0,0.000000
1648650790.772241593,1,0.000000
1648650790.794952931,1,0.011000
1648650790.813781293,0,0.000000
1648650790.836879020,2,0.016000
1648650790.859733216,4,0.060000
1648650790.883076190,2,0.020000
1648650790.905988642,2,0.022000
1648650790.929211999,0,0.000000
1648650790.950609112,2,0.026000
1648650790.974614533,1,0.012000
1648650790.997816360,2,0.047000
1648650791.019356411,0,0.005000
1648650791.041963375,1,0.016000
1648650791.065187952,0,0.009000
1648650791.086913456,0,0.003000
1648650791.108466779,0,0.005000
1648650791.132387406,0,0.000000
1648650791.154026971,0,0.000000
1648650791.178336292,0,0.005000
1648650791.203373343,0,0.000000
1648650791.225133668,0,0.000000
1648650791.246820702,0,0.000000
1648650791.269301319,0,0.000000
1648650791.291355724,1,0.022000
1648650791.314080363,2,0.016000
1648650791.336932304,1,0.026000
1648650791.359669455,2,0.019000
1648650791.382053657,2,0.023000
1648650791.405019418,5,0.052000
1648650791.427977626,3,0.038000
1648650791.451937950,4,0.049000
1648650791.475110366,3,0.039000
1648650791.498470335,0,0.000000
1648650791.520370684,0,0.000000
1648650791.543882901,1,0.000000
1648650791.566199286,1,0.000000
1648650791.587693140,0,0.000000
1648650791.610362287,0,0.009000
1648650791.633422486,0,0.000000
1648650791.656045021,0,0.003000
1648650791.679321724,0,0.007000
1648650791.700638806,0,0.000000
1648650791.724482446,0,0.000000
1648650791.745680373,0,0.000000
1648650791.768961900,0,0.000000
1648650791.790089716,0,0.006000
1648650791.812331057,1,0.025000
1648650791.836023949,2,0.025000
1648650791.858650961,0,0.000000
1648650791.881464994,0,0.000000
1648650791.904367288,0,0.002000
1648650791.926090507,0,0.000000
1648650791.948159821,0,0.000000
1648650791.971055513,0,0.000000
1648650791.993846657,0,0.000000
1648650792.016546580,0,0.000000
1648650792.039037405,0,0.012000
1648650792.061452076,1,0.011000
1648650792.083478394,3,0.046000
1648650792.106811822,2,0.037000
1648650792.131770832,1,0.055000
1648650792.155583884,0,0.011000
1648650792.179338490,6,0.059000
1648650792.203499311,1,0.006000
1648650792.226277320,1,0.012000
1648650792.249307019,0,0.000000
1648650792.272471238,0,0.000000
1648650792.295864500,0,0.000000
1648650792.318212912,0,0.000000
1648650792.340981393,0,0.000000
1648650792.363491503,1,0.000000
1648650792.385425697,0,0.000000
1648650792.410280613,0,0.000000
1648650792.432620285,0,0.000000
1648650792.453283516,1,0.000000
1648650792.475742365,0,0.010000
1648650792.499035947,6,0.048000
1648650792.522384127,2,0.048000
1648650792.546593508,1,0.005000
1648650792.569353829,0,0.000000
1648650792.592700309,0,0.000000
1648650792.616173389,1,0.000000
1648650792.638532918,0,0.017000
1648650792.661533979,0,0.001000
1648650792.684427154,0,0.000000
1648650792.706802162,0,0.002000
1648650792.730049855,1,0.000000
1648650792.754644197,0,0.002000
1648650792.778458833,0,0.000000
1648650792.801525603,0,0.000000
1648650792.824876674,1,0.000000
1648650792.847146829,1,0.011000
1648650792.870695929,1,0.019000
1648650792.892678307,0,0.009000
1648650792.916550931,0,0.000000
1648650792.937735214,0,0.000000
1648650792.962011085,0,0.000000
1648650792.984844803,0,0.008000
1648650793.007118265,0,0.000000
1648650793.029045947,0,0.016000
1648650793.052502744,0,0.000000
1648650793.075399402,1,0.004000
1648650793.096580044,0,0.011000
1648650793.118769603,0,0.000000
1648650793.139689625,1,0.017000
1648650793.161294078,0,0.001000
1648650793.183595430,1,0.014000
1648650793.206478308,0,0.026000
1648650793.230692764,0,0.000000
1648650793.253507572,1,0.000000
1648650793.276429959,1,0.020000
1648650793.301098664,0,0.000000
1648650793.323980129,0,0.000000
1648650793.347019441,1,0.000000
1648650793.369164206,0,0.000000
1648650793.391978508,0,0.000000
1648650793.415006457,0,0.008000
1648650793.439029994,0,0.000000
1648650793.462049026,0,0.000000
1648650793.484977579,0,0.000000
1648650793.506960568,2,0.035000
1648650793.527918698,1,0.000000
1648650793.549750916,1,0.021000
1648650793.571806777,0,0.000000
1648650793.594509825,0,0.000000
1648650793.618732481,0,0.000000
1648650793.641145841,0,0.000000
1648650793.663728615,0,0.000000
1648650793.686060711,0,0.000000
1648650793.708287502,3,0.033000
1648650793.729957469,2,0.026000
1648650793.753205203,1,0.020000
1648650793.775565694,0,0.000000
1648650793.799265352,0,0.000000
1648650793.820664342,0,0.005000
1648650793.842861528,0,0.007000
1648650793.865339643,0,0.000000
1648650793.888510667,0,0.006000
1648650793.912469543,0,0.000000
1648650793.935827873,0,0.000000
1648650793.958990030,0,0.010000
1648650793.978018898,0,0.011000
1648650793.999199114,1,0.009000
1648650794.022549128,1,0.027000
1648650794.045759058,1,0.017000
1648650794.068743688,0,0.000000
1648650794.091731829,1,0.008000
1648650794.114448281,3,0.030000
1648650794.138286072,0,0.000000
1648650794.159749007,0,0.000000
1648650794.182607245,3,0.043000
1648650794.205369379,4,0.030000
1648650794.228182426,2,0.022000
1648650794.250607796,2,0.020000
1648650794.273317508,0,0.005000
1648650794.296535906,0,0.000000
1648650794.319566701,1,0.019000
1648650794.340740161,0,0.023000
1648650794.362197177,0,0.000000
1648650794.385140310,1,0.000000
1648650794.408295351,0,0.000000
1648650794.430586921,0,0.000000
1648650794.453276790,0,0.000000
1648650794.474649366,0,0.000000
1648650794.496539276,0,0.000000
1648650794.518311206,0,0.000000
1648650794.541097377,3,0.034000
1648650794.562435186,0,0.000000
1648650794.584035030,0,0.011000
1648650794.607870010,1,0.000000
1648650794.630409015,2,0.020000
1648650794.652918266,0,0.011000
1648650794.677000446,0,0.000000
1648650794.700245430,0,0.008000
1648650794.723767909,1,0.000000
1648650794.745847341,0,0.000000
1648650794.770006353,0,0.000000
1648650794.791896474,0,0.000000
1648650794.815402907,0,0.000000
1648650794.839273933,0,0.004000
1648650794.863577054,0,0.000000
1648650794.886800493,0,0.000000
1648650794.907658743,0,0.000000
1648650794.929687313,0,0.001000
1648650794.952574610,1,0.014000
1648650794.974910268,3,0.037000
1648650794.996930555,0,0.003000
1648650795.018799777,0,0.000000
1648650795.040761554,0,0.001000
1648650795.062801020,0,0.008000
1648650795.086562901,0,0.004000
1648650795.107384314,2,0.017000
1648650795.130453779,0,0.000000
1648650795.151565159,0,0.000000
1648650795.175343180,0,0.000000
1648650795.196067959,0,0.000000
1648650795.217539215,0,0.009000
1648650795.240354608,0,0.000000
1648650795.263402987,0,0.000000
1648650795.287111385,0,0.000000
1648650795.310931223,1,0.011000
1648650795.332997657,3,0.039000
1648650795.356330565,3,0.047000
1648650795.379955585,3,0.035000
1648650795.402559952,2,0.027000
1648650795.423587115,0,0.008000
1648650795.445581844,0,0.000000
1648650795.468664729,1,0.001000
1648650795.491981550,0,0.000000
1648650795.514633441,0,0.000000
1648650795.537587893,0,0.008000
1648650795.559936886,1,0.017000
1648650795.581446676,1,0.014000
1648650795.604492170,2,0.013000
1648650795.625891001,1,0.010000
1648650795.647538133,0,0.001000
1648650795.669969918,0,0.010000
1648650795.691051532,0,0.000000
1648650795.714021200,1,0.001000
1648650795.733384554,0,0.000000
1648650795.756071628,4,0.052000
1648650795.778289999,5,0.048000
1648650795.801116347,3,0.024000
1648650795.824256110,0,0.000000
1648650795.847814035,0,0.000000
1648650795.868494636,0,0.005000
1648650795.891695038,0,0.001000
1648650795.915539656,0,0.000000
1648650795.936963038,0,0.000000
1648650795.958997028,1,0.005000
1648650795.981488353,0,0.010000
1648650796.004688272,0,0.000000
1648650796.027178859,0,0.005000
1648650796.050159173,0,0.000000
1648650796.072979370,0,0.005000
1648650796.095830544,1,0.015000
1648650796.118988019,3,0.036000
1648650796.142376867,0,0.000000
1648650796.166213979,1,0.017000
1648650796.186730362,0,0.005000
1648650796.209597583,0,0.005000
1648650796.230472306,0,0.007000
1648650796.251127144,0,0.000000
1648650796.273965322,0,0.000000
1648650796.295092521,5,0.063000
1648650796.318423472,0,0.000000
1648650796.341696687,1,0.000000
1648650796.365753949,0,0.000000
1648650796.388979715,0,0.000000
1648650796.410701889,2,0.011000
1648650796.434930860,0,0.007000
1648650796.458226959,2,0.022000
1648650796.481185681,2,0.013000
1648650796.505060636,0,0.000000
1648650796.528352927,0,0.000000
1648650796.552565956,3,0.037000
1648650796.574458539,0,0.005000
1648650796.595651557,0,0.003000
1648650796.618650188,0,0.009000
1648650796.642469833,0,0.000000
1648650796.664242705,0,0.000000
1648650796.686367686,0,0.017000
1648650796.707841078,1,0.001000
1648650796.730633979,0,0.000000
1648650796.751555972,0,0.000000
1648650796.774726689,3,0.025000
1648650796.795346701,3,0.042000
1648650796.818032856,1,0.026000
1648650796.837787237,2,0.013000
1648650796.859580111,1,0.006000
1648650796.881438565,0,0.002000
1648650796.903197506,0,0.000000
1648650796.925584197,0,0.001000
1648650796.948402116,0,0.000000
1648650796.971808238,1,0.000000
1648650796.993848727,4,0.057000
1648650797.016411639,1,0.026000
1648650797.037138360,2,0.034000
1648650797.061186131,1,0.014000
1648650797.084095946,0,0.008000
1648650797.105455583,2,0.011000
1648650797.126670953,0,0.000000
1648650797.148902483,0,0.000000
1648650797.171366511,0,0.000000
1648650797.192825381,0,0.000000
1648650797.216866293,1,0.023000
1648650797.240554104,0,0.000000
1648650797.261427966,4,0.043000
1648650797.282174461,0,0.000000
1648650797.305204897,0,0.000000
1648650797.327829159,0,0.001000
1648650797.349592398,0,0.000000
1648650797.372419568,0,0.000000
1648650797.396339107,0,0.000000
1648650797.417775006,0,0.023000
1648650797.438020053,1,0.033000
1648650797.461794097,5,0.071000
1648650797.485397085,0,0.000000
1648650797.507135530,1,0.004000
1648650797.528772591,0,0.022000
1648650797.552012750,0,0.004000
1648650797.575436600,2,0.017000
1648650797.598406562,1,0.000000
1648650797.621525900,0,0.000000
1648650797.645881906,0,0.000000
1648650797.668200892,0,0.003000
1648650797.692200938,0,0.002000
1648650797.714168870,0,0.000000
1648650797.737547597,0,0.000000
1648650797.759497688,0,0.006000
1648650797.779481109,0,0.004000
1648650797.801581803,0,0.005000
1648650797.825652299,4,0.060000
1648650797.848542014,0,0.000000
1648650797.871146103,3,0.026000
1648650797.894277054,4,0.046000
1648650797.915581101,1,0.016000
1648650797.939505244,2,0.019000
1648650797.962895562,0,0.013000
1648650797.983980495,0,0.000000
1648650798.005920924,0,0.000000
1648650798.028967910,0,0.006000
1648650798.052509471,0,0.000000
1648650798.076005933,0,0.000000
1648650798.100149137,0,0.000000
1648650798.121935474,2,0.031000
1648650798.143508179,1,0.022000
1648650798.167278197,3,0.032000
1648650798.189831586,2,0.021000
1648650798.212599426,0,0.000000
1648650798.236747222,0,0.000000
1648650798.259498870,0,0.003000
1648650798.280584961,5,0.058000
1648650798.302385667,1,0.011000
1648650798.324953621,1,0.013000
1648650798.347705394,0,0.000000
1648650798.370218857,0,0.007000
1648650798.392818947,1,0.000000
1648650798.416903623,0,0.000000
1648650798.438569835,0,0.003000
1648650798.458586546,0,0.004000
1648650798.480987685,0,0.008000
1648650798.504938366,0,0.003000
1648650798.527003906,0,0.000000
1648650798.550476689,0,0.000000
1648650798.573904432,0,0.000000
1648650798.597008283,0,0.001000
1648650798.619662619,0,0.000000
1648650798.642206738,0,0.000000
1648650798.665789377,0,0.000000
1648650798.689481724,2,0.053000
1648650798.711449369,3,0.036000
1648650798.733395008,1,0.000000
1648650798.755816830,2,0.026000
1648650798.778598416,0,0.000000
1648650798.800243630,1,0.012000
1648650798.822749257,0,0.000000
1648650798.845329799,0,0.000000
1648650798.868953845,1,0.005000
1648650798.889788806,0,0.008000
1648650798.911888838,0,0.000000
1648650798.935013926,0,0.000000
1648650798.958423496,2,0.029000
1648650798.981016442,0,0.000000
1648650799.003065521,0,0.011000
1648650799.026398298,0,0.000000
1648650799.050015784,0,0.004000
1648650799.071997861,1,0.004000
1648650799.095586215,0,0.000000
1648650799.119334574,0,0.000000
1648650799.141870363,2,0.029000
1648650799.163006205,0,0.000000
1648650799.186510328,0,0.000000
1648650799.208693025,0,0.000000
1648650799.230034858,0,0.001000
1648650799.252983062,0,0.000000
1648650799.276487910,1,0.000000
1648650799.299605942,0,0.000000
1648650799.322898964,0,0.011000
1648650799.345927551,0,0.000000
1648650799.367136601,2,0.019000
1648650799.389883074,0,0.006000
1648650799.412685775,2,0.032000
1648650799.436108559,1,0.024000
1648650799.460385688,1,0.011000
1648650799.482383612,0,0.004000
1648650799.505908895,0,0.000000
1648650799.530239326,0,0.004000
1648650799.553635847,3,0.035000
1648650799.577267272,0,0.000000
1648650799.599484138,0,0.000000
1648650799.622661549,0,0.000000
1648650799.645688447,0,0.000000
1648650799.668576890,0,0.003000
1648650799.691782536,0,0.000000
1648650799.712747601,3,0.042000
1648650799.732204384,0,0.000000
1648650799.753283053,0,0.000000
1648650799.775575824,0,0.009000
1648650799.798992361,0,0.000000
1648650799.821034674,0,0.004000
1648650799.842141192,0,0.000000
1648650799.865474832,0,0.000000
1648650799.889206767,0,0.000000
1648650799.910424672,1,0.015000
1648650799.933388000,0,0.000000
1648650799.956410825,5,0.052000
1648650799.978573184,1,0.007000
1648650800.001811155,3,0.023000
1648650800.022974591,3,0.019000
1648650800.046330155,0,0.000000
1648650800.069398575,0,0.000000
1648650800.091590502,0,0.000000
1648650800.114865305,0,0.001000
1648650800.137255363,0,0.005000
1648650800.160412228,0,0.000000
1648650800.182244214,1,0.008000
1648650800.205955368,3,0.034000
1648650800.229247193,2,0.016000
1648650800.252201630,0,0.021000
1648650800.274603892,1,0.015000
1648650800.297423985,1,0.000000
1648650800.320804601,0,0.006000
1648650800.341908149,0,0.000000
1648650800.364787112,0,0.000000
1648650800.387986007,0,0.000000
1648650800.410525113,0,0.000000
1648650800.432757311,0,0.000000
1648650800.456545486,0,0.003000
1648650800.479962290,0,0.000000
1648650800.503050542,0,0.000000
1648650800.525992502,0,0.001000
1648650800.548463161,0,0.004000
1648650800.571143083,0,0.001000
1648650800.594277776,0,0.007000
1648650800.617130803,0,0.000000
1648650800.640073114,0,0.004000
1648650800.663253332,2,0.044000
1648650800.684412765,3,0.024000
1648650800.706595183,1,0.022000
1648650800.727800289,0,0.002000
1648650800.750425808,1,0.016000
1648650800.772217403,0,0.012000
1648650800.795493458,0,0.000000
1648650800.819537866,0,0.007000
1648650800.844260377,1,0.011000
1648650800.865473593,0,0.000000
1648650800.886352625,0,0.000000
1648650800.909260177,0,0.000000
1648650800.931192559,3,0.053000
1648650800.952879336,2,0.027000
1648650800.975862051,1,0.020000
1648650800.997966073,0,0.000000
1648650801.021432406,4,0.047000
1648650801.042179092,0,0.026000
1648650801.066112987,0,0.003000
1648650801.087115371,0,0.011000
1648650801.110743752,0,0.000000
1648650801.133853415,0,0.000000
1648650801.155795076,0,0.003000
1648650801.177419786,0,0.004000
1648650801.199382522,2,0.042000
1648650801.221234638,0,0.014000
1648650801.244778137,3,0.056000
1648650801.267041621,3,0.035000
1648650801.288003995,1,0.000000
1648650801.310888226,0,0.019000
1648650801.335246529,1,0.000000
1648650801.358368289,3,0.041000
1648650801.380979930,0,0.000000
1648650801.402138207,0,0.000000
1648650801.425583857,0,0.000000
1648650801.449212083,0,0.000000
1648650801.469904119,0,0.000000
1648650801.492000628,0,0.000000
1648650801.512900649,2,0.025000
1648650801.534598862,3,0.035000
1648650801.558293668,1,0.007000
1648650801.580856028,0,0.017000
1648650801.603585877,0,0.000000
1648650801.626007132,0,0.000000
1648650801.650766866,0,0.003000
1648650801.673543795,0,0.000000
1648650801.696308251,1,0.000000
1648650801.717360020,0,0.000000
1648650801.740436517,0,0.000000
1648650801.762266961,0,0.000000
1648650801.785873776,1,0.000000
1648650801.809124949,1,0.000000
1648650801.829415645,0,0.001000
1648650801.852213496,0,0.000000
1648650801.873708313,0,0.000000
1648650801.895349141,3,0.026000
1648650801.918372416,0,0.000000
1648650801.941250098,0,0.000000
1648650801.964680065,0,0.000000
1648650801.988540642,0,0.003000
1648650802.013872422,0,0.000000
1648650802.036395301,0,0.005000
1648650802.060460852,0,0.013000
1648650802.084563192,0,0.000000
1648650802.108411313,0,0.000000
1648650802.129886477,0,0.000000
1648650802.152028321,0,0.000000
1648650802.173693220,0,0.004000
1648650802.197108356,4,0.060000
1648650802.220238391,3,0.031000
1648650802.243510387,1,0.006000
1648650802.266557310,2,0.009000
1648650802.287832582,0,0.000000
1648650802.308755200,0,0.005000
1648650802.331815226,0,0.004000
1648650802.355213547,0,0.006000
1648650802.378198698,0,0.000000
1648650802.400066730,0,0.000000
1648650802.422841489,0,0.000000
1648650802.444783484,0,0.000000
1648650802.468251773,0,0.000000
1648650802.490189913,0,0.000000
1648650802.512380305,0,0.000000
1648650802.534495969,0,0.000000
1648650802.556905530,0,0.003000
1648650802.579402313,3,0.038000
1648650802.602285701,0,0.000000
1648650802.625010521,0,0.008000
1648650802.648100155,4,0.040000
1648650802.668919012,3,0.012000
1648650802.689457630,0,0.000000
1648650802.712920546,1,0.019000
1648650802.734970712,0,0.000000
1648650802.756674076,0,0.000000
1648650802.778187136,1,0.026000
1648650802.801885219,2,0.014000
1648650802.824713134,0,0.000000
1648650802.847852799,0,0.000000
1648650802.871236340,0,0.000000
1648650802.892346436,0,0.000000
1648650802.914807140,0,0.006000
1648650802.937402869,0,0.000000
1648650802.960669974,2,0.022000
1648650802.982111475,0,0.000000
1648650803.004427350,0,0.010000
1648650803.027663885,3,0.020000
1648650803.049255219,0,0.010000
1648650803.072178728,1,0.000000
1648650803.095643876,1,0.011000
1648650803.118372048,0,0.000000
1648650803.140287612,0,0.000000
1648650803.163317474,1,0.012000
1648650803.186565768,1,0.011000
1648650803.210314731,0,0.000000
1648650803.233834499,0,0.000000
1648650803.256450889,0,0.000000
1648650803.279345013,0,0.000000
1648650803.301110900,2,0.029000
1648650803.322223252,2,0.025000
1648650803.345380709,1,0.035000
1648650803.369110787,1,0.000000
1648650803.392393175,1,0.000000
1648650803.414744462,1,0.028000
1648650803.438583979,2,0.011000
1648650803.461009673,0,0.000000
1648650803.485091883,0,0.000000
1648650803.506631700,0,0.003000
1648650803.528669864,0,0.000000
1648650803.552509931,2,0.008000
1648650803.575824605,1,0.009000
1648650803.599084138,0,0.000000
1648650803.620556657,0,0.000000
1648650803.643177738,0,0.000000
1648650803.665968132,0,0.000000
1648650803.689109280,3,0.026000
1648650803.711666962,0,0.005000
1648650803.734486832,0,0.005000
1648650803.757656969,1,0.018000
1648650803.780347929,0,0.011000
1648650803.802708746,0,0.000000
1648650803.825416369,0,0.000000
1648650803.847640763,0,0.000000
1648650803.871258994,2,0.001000
1648650803.892417320,1,0.013000
1648650803.916013308,1,0.023000
1648650803.939194921,1,0.043000
1648650803.962243583,0,0.004000
1648650803.983579122,1,0.022000
1648650804.004706110,0,0.024000
1648650804.027534049,0,0.000000
1648650804.050491635,0,0.000000
1648650804.072724825,1,0.012000
1648650804.096788532,1,0.000000
1648650804.121207775,0,0.000000
1648650804.144225630,1,0.024000
1648650804.167412640,2,0.029000
1648650804.189979161,3,0.037000
1648650804.211774795,0,0.000000
1648650804.233935221,1,0.000000
1648650804.256225776,2,0.022000
1648650804.280604997,0,0.000000
1648650804.302054300,1,0.000000
1648650804.325836380,1,0.000000
1648650804.347820723,0,0.000000
1648650804.370796427,0,0.001000
1648650804.395076732,0,0.000000
1648650804.418747177,0,0.000000
1648650804.442784700,0,0.000000
1648650804.465554169,1,0.001000
1648650804.489398600,1,0.011000
1648650804.512744603,1,0.032000
1648650804.535481900,1,0.006000
1648650804.556442882,2,0.014000
1648650804.578074721,0,0.003000
1648650804.600735819,0,0.000000
1648650804.620669075,0,0.000000
1648650804.644351427,0,0.010000
1648650804.666775870,0,0.007000
1648650804.686635504,1,0.019000
1648650804.709855512,1,0.019000
1648650804.732994258,1,0.000000
1648650804.755188971,0,0.000000
1648650804.778350385,2,0.028000
1648650804.801967398,0,0.000000
1648650804.823747543,0,0.000000
1648650804.846782135,0,0.002000
1648650804.869482896,0,0.000000
1648650804.894890551,0,0.000000
1648650804.916933857,1,0.014000
1648650804.937957497,3,0.027000
1648650804.961385050,2,0.032000
1648650804.984403673,2,0.036000
1648650805.006229079,0,0.006000
1648650805.030436397,1,0.003000
1648650805.054425991,2,0.014000
1648650805.077538477,0,0.000000
1648650805.101066938,0,0.000000
1648650805.123035565,0,0.000000
1648650805.143950600,0,0.000000
1648650805.167225189,0,0.000000
1648650805.190964971,0,0.000000
1648650805.214860504,0,0.006000
1648650805.237654281,1,0.016000
1648650805.259822518,2,0.042000
1648650805.282674797,0,0.003000
1648650805.305796826,0,0.000000
1648650805.329207048,0,0.000000
1648650805.351993086,0,0.000000
1648650805.376318966,0,0.000000
1648650805.399874764,2,0.023000
1648650805.422794902,0,0.000000
1648650805.445832216,0,0.000000
1648650805.469562481,2,0.000000
1648650805.492862191,1,0.014000
1648650805.516400540,0,0.001000
1648650805.538509369,4,0.050000
1648650805.561829034,3,0.024000
1648650805.585661106,0,0.000000
1648650805.608479657,1,0.032000
1648650805.631981855,0,0.000000
1648650805.656502710,0,0.000000
1648650805.678577250,2,0.014000
1648650805.700993005,0,0.000000
1648650805.723308061,0,0.002000
1648650805.748007236,1,0.003000
1648650805.771955879,0,0.000000
1648650805.795115337,0,0.001000
1648650805.817526790,0,0.000000
1648650805.840818396,1,0.000000
1648650805.864312247,0,0.000000
1648650805.887504605,0,0.000000
1648650805.910868567,0,0.017000
1648650805.932498817,0,0.001000
1648650805.954482518,0,0.000000
1648650805.976600230,0,0.000000
1648650805.999271431,0,0.000000
1648650806.019910306,1,0.038000
1648650806.043147043,4,0.039000
1648650806.065784997,2,0.014000
1648650806.087749953,1,0.027000
1648650806.109616611,0,0.000000
1648650806.131222281,1,0.022000
1648650806.153658664,2,0.029000
1648650806.176867215,0,0.010000
1648650806.199107272,0,0.000000
1648650806.222182207,1,0.020000
1648650806.245993430,0,0.000000
1648650806.269649234,1,0.000000
1648650806.292048032,0,0.000000
1648650806.316776321,0,0.000000
1648650806.336974091,0,0.000000
1648650806.359477627,0,0.000000
1648650806.383415808,2,0.028000
1648650806.407539466,0,0.000000
1648650806.428502307,1,0.000000
1648650806.450980554,0,0.000000
1648650806.473197348,0,0.000000
1648650806.497395854,0,0.000000
1648650806.521642617,0,0.000000
1648650806.544974944,0,0.008000
1648650806.568241812,0,0.000000
1648650806.591886495,0,0.000000
1648650806.615250979,0,0.000000
1648650806.637322588,1,0.023000
1648650806.661703593,0,0.000000
1648650806.684367729,0,0.000000
1648650806.707212156,0,0.000000
1648650806.727370677,0,0.000000
1648650806.750213973,1,0.001000
1648650806.772847045,0,0.000000
1648650806.795065544,0,0.000000
1648650806.818495937,0,0.000000
1648650806.841955480,0,0.000000
1648650806.863349423,3,0.075000
1648650806.886271088,2,0.000000
1648650806.909372956,2,0.033000
1648650806.931380789,3,0.038000
1648650806.950951767,0,0.002000
1648650806.972444488,1,0.050000
1648650806.994950184,0,0.000000
1648650807.015482758,0,0.000000
1648650807.037755853,0,0.000000
1648650807.060735163,0,0.000000
1648650807.084338000,0,0.000000
1648650807.107113037,0,0.000000
1648650807.129838228,0,0.000000
1648650807.154295946,3,0.053000
1648650807.176655382,1,0.017000
1648650807.199826928,1,0.008000
1648650807.222432156,0,0.008000
1648650807.246019324,1,0.008000
1648650807.270333929,0,0.000000
1648650807.292526997,0,0.000000
1648650807.313489507,0,0.003000
1648650807.337041927,2,0.017000
1648650807.360473796,0,0.001000
1648650807.381024895,0,0.000000
1648650807.404470003,2,0.041000
1648650807.426216657,3,0.041000
1648650807.449392208,3,0.038000
1648650807.473376237,3,0.015000
1648650807.494371492,0,0.009000
1648650807.517290151,0,0.000000
1648650807.540233620,0,0.000000
1648650807.562136548,0,0.000000
1648650807.584968444,0,0.027000
1648650807.608998317,2,0.000000
1648650807.630738596,1,0.012000
1648650807.653422683,0,0.000000
1648650807.675846628,0,0.000000
1648650807.698195401,0,0.006000
1648650807.722136886,0,0.007000
1648650807.745760399,0,0.000000
1648650807.768195718,0,0.000000
1648650807.789851160,2,0.029000
1648650807.813497828,4,0.057000
1648650807.837142570,0,0.029000
1648650807.859924141,3,0.040000
1648650807.883729907,1,0.000000
1648650807.907488775,0,0.008000
1648650807.930270640,0,0.003000
1648650807.952013130,1,0.000000
1648650807.976078922,3,0.028000
1648650807.999121678,0,0.014000
1648650808.022087622,1,0.004000
1648650808.045906021,0,0.000000
1648650808.069564828,0,0.001000
1648650808.092033316,0,0.014000
1648650808.113275794,0,0.027000
1648650808.137198039,0,0.001000
1648650808.160077494,0,0.000000
1648650808.183553088,1,0.012000
1648650808.205672900,5,0.069000
1648650808.228679322,1,0.016000
1648650808.249925671,3,0.066000
1648650808.273376512,5,0.054000
1648650808.296986526,2,0.027000
1648650808.319906774,0,0.000000
1648650808.341569686,0,0.000000
1648650808.364195770,0,0.000000
1648650808.388852995,1,0.018000
1648650808.411421936,0,0.000000
1648650808.435552779,0,0.000000
1648650808.458428014,1,0.001000
1648650808.480323177,0,0.000000
1648650808.504345033,0,0.000000
1648650808.528081982,0,0.000000
1648650808.549806953,0,0.002000
1648650808.572425008,0,0.000000
1648650808.596447554,0,0.000000
1648650808.619558321,0,0.006000
1648650808.641663467,0,0.000000
1648650808.664044167,1,0.007000
1648650808.686697731,1,0.000000
1648650808.708785155,0,0.000000
1648650808.730601316,4,0.028000
1648650808.754012997,0,0.000000
1648650808.775293366,1,0.018000
1648650808.799336530,3,0.016000
1648650808.822822703,0,0.000000
1648650808.844992487,1,0.000000
1648650808.867906117,0,0.004000
1648650808.890351498,0,0.000000
1648650808.914013575,0,0.000000
1648650808.936025462,0,0.000000
1648650808.960433668,0,0.000000
1648650808.981492157,0,0.000000
1648650809.004555059,0,0.000000
1648650809.024935413,0,0.011000
1648650809.047944232,3,0.045000
1648650809.072058462,0,0.004000
1648650809.096202501,3,0.038000
1648650809.118252956,2,0.033000
1648650809.143242266,1,0.019000
1648650809.166402855,2,0.050000
1648650809.190338606,0,0.004000
1648650809.214573614,0,0.000000
1648650809.238012031,0,0.000000
1648650809.261273468,1,0.006000
1648650809.284827196,1,0.000000
1648650809.306279485,0,0.000000
1648650809.329436260,2,0.000000
1648650809.351130719,0,0.000000
1648650809.373240642,0,0.001000
1648650809.398406565,0,0.000000
1648650809.421270724,0,0.000000
1648650809.442971620,0,0.000000
1648650809.466848046,0,0.005000
1648650809.489340337,2,0.017000
1648650809.511877010,0,0.000000
1648650809.535311245,3,0.011000
1648650809.559444534,0,0.003000
1648650809.582745955,1,0.013000
1648650809.605040538,1,0.001000
1648650809.627977660,0,0.000000
1648650809.649303979,0,0.000000
1648650809.671573154,0,0.000000
1648650809.693945798,0,0.000000
1648650809.717178759,0,0.003000
1648650809.739027169,6,0.060000
1648650809.761389259,0,0.000000
1648650809.784864343,2,0.026000
1648650809.807252467,3,0.044000
1648650809.831266239,1,0.000000
1648650809.853857412,1,0.030000
1648650809.878057823,3,0.017000
1648650809.900647902,0,0.000000
1648650809.921832834,0,0.000000
1648650809.944929406,1,0.001000
1648650809.968063583,0,0.001000
1648650809.990375814,0,0.000000
1648650810.013225677,3,0.014000
1648650810.037062766,1,0.021000
1648650810.060694192,0,0.015000
1648650810.083109740,0,0.012000
1648650810.105155823,0,0.004000
1648650810.127721707,0,0.000000
1648650810.151984498,0,0.000000
1648650810.172387116,1,0.006000
1648650810.195920264,0,0.000000
1648650810.218368433,2,0.023000
1648650810.241438607,3,0.033000
1648650810.262649967,2,0.014000
1648650810.285505310,1,0.018000
1648650810.309090776,4,0.029000
1648650810.331859379,3,0.029000
1648650810.355055479,0,0.000000
1648650810.377153346,0,0.006000
1648650810.400889491,1,0.007000
1648650810.421453839,2,0.011000
1648650810.444442724,0,0.000000
1648650810.468667039,0,0.006000
1648650810.490562643,0,0.001000
1648650810.513105216,0,0.000000
1648650810.537407146,0,0.000000
1648650810.559312962,0,0.000000
1648650810.582502544,1,0.021000
1648650810.604430780,2,0.053000
1648650810.627067480,4,0.063000
1648650810.650110204,0,0.000000
1648650810.672484394,1,0.000000
1648650810.695065947,2,0.026000
1648650810.718088517,0,0.007000
1648650810.741807625,0,0.001000
1648650810.764935342,0,0.000000
1648650810.786669887,0,0.000000
1648650810.809345890,0,0.000000
1648650810.832793677,0,0.000000
1648650810.856029504,1,0.000000
1648650810.878267064,0,0.000000
1648650810.901297152,4,0.058000
1648650810.924408102,0,0.000000
1648650810.947372949,0,0.000000
1648650810.969292365,0,0.001000
1648650810.991330979,0,0.000000
1648650811.016080574,0,0.000000
1648650811.038782707,0,0.000000
1648650811.059912666,1,0.001000
1648650811.080759104,0,0.011000
1648650811.103773075,2,0.020000
1648650811.126807046,1,0.029000
1648650811.150198821,2,0.018000
1648650811.172868064,0,0.000000
1648650811.195628610,0,0.000000
1648650811.218965282,0,0.000000
1648650811.241473465,0,0.003000
1648650811.263938458,0,0.000000
1648650811.287613334,0,0.000000
1648650811.309219701,0,0.000000
1648650811.332426349,4,0.047000
1648650811.355143033,2,0.033000
1648650811.377266356,0,0.000000
1648650811.399103431,0,0.000000
1648650811.423169990,1,0.017000
1648650811.445696470,0,0.000000
1648650811.468349986,2,0.014000
1648650811.491423487,0,0.000000
1648650811.515139265,0,0.003000
1648650811.536966622,0,0.000000
1648650811.559433457,0,0.000000
1648650811.581420935,0,0.000000
1648650811.603910534,1,0.010000
1648650811.626920302,0,0.000000
1648650811.651962560,0,0.000000
1648650811.675593092,0,0.000000
1648650811.696989402,0,0.000000
1648650811.720057222,0,0.000000
1648650811.743575015,1,0.000000
1648650811.764888178,4,0.065000
1648650811.788539051,3,0.052000
1648650811.812394798,2,0.023000
1648650811.837084684,1,0.016000
1648650811.859925467,1,0.025000
1648650811.883028417,0,0.000000
1648650811.906704402,0,0.000000
1648650811.929295442,2,0.015000
1648650811.952747252,0,0.000000
1648650811.974138604,0,0.000000
1648650811.996317657,0,0.000000
1648650812.019427390,0,0.000000
1648650812.042269182,2,0.012000
1648650812.064734177,1,0.024000
1648650812.087086657,3,0.029000
1648650812.110715913,0,0.000000
1648650812.133138613,1,0.000000
1648650812.156225129,0,0.000000
1648650812.178916435,1,0.012000
1648650812.201303657,1,0.000000
1648650812.223458067,0,0.000000
1648650812.245231872,0,0.000000
1648650812.268419447,0,0.000000
1648650812.290891593,0,0.000000
1648650812.314162404,0,0.010000
1648650812.335918999,3,0.034000
1648650812.358209488,1,0.010000
1648650812.380938842,0,0.008000
1648650812.403191100,2,0.028000
1648650812.425946849,2,0.016000
1648650812.448449562,1,0.011000
1648650812.471466430,1,0.014000
1648650812.494383399,0,0.012000
1648650812.516825623,0,0.006000
1648650812.540737405,0,0.001000
1648650812.562502212,0,0.000000
1648650812.583608587,0,0.010000
1648650812.605717959,1,0.019000
1648650812.629776422,2,0.017000
1648650812.653276553,4,0.043000
1648650812.676257229,0,0.000000
1648650812.698566456,0,0.000000
1648650812.721254499,2,0.019000
1648650812.742615742,2,0.024000
1648650812.765485017,1,0.014000
1648650812.787579792,0,0.005000
1648650812.812164674,1,0.007000
1648650812.834060297,0,0.003000
1648650812.856541253,0,0.000000
1648650812.881130991,0,0.000000
1648650812.903569626,0,0.000000
1648650812.926023081,0,0.001000
1648650812.948450243,0,0.000000
1648650812.971214109,0,0.000000
1648650812.994386108,1,0.023000
1648650813.018107899,0,0.000000
1648650813.041854900,0,0.000000
1648650813.062364087,0,0.000000
1648650813.085598665,2,0.034000
1648650813.108609893,3,0.029000
1648650813.131442335,0,0.000000
1648650813.155064750,0,0.000000
1648650813.176770893,0,0.004000
1648650813.200378521,2,0.000000
1648650813.224940895,3,0.043000
1648650813.248378854,2,0.007000
1648650813.268812918,0,0.009000
1648650813.293806257,3,0.035000
1648650813.315643957,1,0.017000
1648650813.337095138,1,0.007000
1648650813.361434795,1,0.013000
1648650813.383864496,1,0.020000
1648650813.407161455,3,0.024000
1648650813.431373242,2,0.027000
1648650813.454978130,1,0.009000
1648650813.476935986,0,0.000000
1648650813.500176168,2,0.032000
1648650813.524274970,2,0.016000
1648650813.546835485,0,0.001000
1648650813.570423707,2,0.024000
1648650813.593901747,0,0.000000
1648650813.618121323,0,0.009000
1648650813.641103370,1,0.029000
1648650813.664704697,6,0.065000
1648650813.685554979,0,0.000000
1648650813.709149706,0,0.003000
1648650813.733102340,4,0.046000
1648650813.757735881,0,0.000000
1648650813.779036643,1,0.008000
1648650813.801032153,0,0.000000
1648650813.823433402,0,0.007000
1648650813.846678586,2,0.027000
1648650813.869821160,2,0.012000
1648650813.893428501,1,0.028000
1648650813.916907923,0,0.000000
1648650813.941017674,2,0.029000
1648650813.962020418,0,0.006000
1648650813.985239285,0,0.000000
1648650814.010239147,0,0.000000
1648650814.032936008,0,0.000000
1648650814.054234940,0,0.000000
1648650814.076435984,0,0.000000
1648650814.099393779,1,0.013000
1648650814.120986007,2,0.019000
1648650814.143989854,0,0.000000
1648650814.166816046,1,0.019000
1648650814.188549817,5,0.058000
1648650814.212275152,0,0.000000
1648650814.233504991,1,0.004000
1648650814.257230067,1,0.008000
1648650814.281355580,0,0.000000
1648650814.302799344,0,0.003000
1648650814.325523165,0,0.000000
1648650814.346571068,0,0.000000
1648650814.370930097,0,0.001000
1648650814.391983096,1,0.000000
1648650814.414117355,0,0.000000
1648650814.437560387,0,0.000000
1648650814.461137586,0,0.000000
1648650814.482378476,0,0.000000
1648650814.507056644,0,0.000000
1648650814.529833585,1,0.012000
1648650814.553665602,4,0.061000
1648650814.576565976,2,0.014000
1648650814.599002940,2,0.017000
1648650814.621397807,2,0.014000
1648650814.643051625,1,0.006000
1648650814.666256061,0,0.008000
1648650814.689207002,3,0.041000
1648650814.712968657,2,0.014000
1648650814.734200161,0,0.001000
1648650814.759006183,0,0.010000
1648650814.781904325,1,0.018000
1648650814.802865081,0,0.003000
1648650814.825655836,0,0.003000
1648650814.847345409,0,0.000000
1648650814.870053858,0,0.000000
1648650814.894133319,0,0.000000
1648650814.915865185,2,0.029000
1648650814.938158993,3,0.020000
1648650814.963426996,0,0.000000
1648650814.985040052,0,0.000000
1648650815.007495247,0,0.000000
1648650815.029923160,0,0.000000
1648650815.051408738,0,0.000000
1648650815.074144463,0,0.000000
1648650815.095709361,0,0.000000
1648650815.116704218,0,0.000000
1648650815.140797457,0,0.007000
1648650815.164167460,0,0.000000
1648650815.186063425,0,0.000000
1648650815.209989058,0,0.000000
1648650815.230727006,2,0.023000
1648650815.254082763,1,0.010000
1648650815.278051844,3,0.050000
1648650815.300422602,0,0.000000
1648650815.323283120,0,0.010000
1648650815.347091086,0,0.000000
1648650815.369296859,0,0.000000
1648650815.391565495,1,0.012000
1648650815.413491071,0,0.006000
1648650815.435865201,0,0.000000
1648650815.458689503,0,0.000000
1648650815.483165900,0,0.000000
1648650815.506310813,1,0.001000
1648650815.527573147,0,0.000000
1648650815.549850504,1,0.000000
1648650815.572392490,0,0.001000
1648650815.596565305,0,0.000000
1648650815.619051142,0,0.000000
1648650815.642238104,0,0.000000
1648650815.664793900,0,0.000000
1648650815.687309096,0,0.000000
1648650815.708595113,0,0.000000
1648650815.731894588,0,0.000000
1648650815.753810425,1,0.000000
1648650815.775136953,4,0.045000
1648650815.797829991,1,0.001000
1648650815.819895894,0,0.000000
1648650815.841737271,0,0.000000
1648650815.864480677,0,0.000000
1648650815.886503066,0,0.000000
1648650815.909994645,0,0.000000
1648650815.934026765,0,0.000000
1648650815.956009017,1,0.006000
1648650815.978649391,0,0.012000
1648650816.001809639,4,0.035000
1648650816.022932517,0,0.000000
1648650816.045478868,0,0.000000
1648650816.068428544,0,0.000000
1648650816.092018475,1,0.001000
1648650816.114012940,1,0.000000
1648650816.136639509,0,0.000000
1648650816.159230718,0,0.000000
1648650816.181508943,0,0.000000
1648650816.204478405,1,0.009000
1648650816.227399347,0,0.000000
1648650816.251267360,1,0.006000
1648650816.274599895,3,0.041000
1648650816.298018363,0,0.000000
1648650816.321757849,0,0.000000
1648650816.345765454,0,0.000000
1648650816.371011677,1,0.019000
1648650816.393202946,0,0.000000
1648650816.416116223,3,0.028000
1648650816.441828146,3,0.033000
1648650816.464316710,2,0.009000
1648650816.487259905,0,0.000000
1648650816.509666123,0,0.000000
1648650816.532575194,0,0.003000
1648650816.556664542,0,0.002000
1648650816.577819553,0,0.000000
1648650816.599106336,0,0.000000
1648650816.624555329,0,0.000000
1648650816.646909125,0,0.000000
1648650816.670819161,1,0.008000
1648650816.692738116,0,0.000000
1648650816.715668944,0,0.000000
1648650816.737940547,3,0.059000
1648650816.760877786,0,0.003000
1648650816.784175294,0,0.000000
1648650816.807205414,0,0.000000
1648650816.830450692,2,0.045000
1648650816.851893250,1,0.021000
1648650816.875443951,2,0.022000
1648650816.898642543,2,0.013000
1648650816.921069386,0,0.006000
1648650816.946150770,0,0.000000
1648650816.968034343,2,0.012000
1648650816.991176433,0,0.000000
1648650817.013710008,0,0.000000
1648650817.036997627,1,0.002000
1648650817.060288755,0,0.000000
1648650817.083304783,0,0.000000
1648650817.106553383,0,0.003000
1648650817.128952116,1,0.000000
1648650817.149181450,0,0.003000
1648650817.172324092,0,0.000000
1648650817.195910715,0,0.000000
1648650817.219184968,0,0.003000
1648650817.240606654,1,0.026000
1648650817.262919148,2,0.006000
1648650817.284348744,1,0.020000
1648650817.306817445,0,0.006000
1648650817.330299743,0,0.000000
1648650817.352366547,2,0.035000
1648650817.375077884,3,0.019000
1648650817.398971923,3,0.042000
1648650817.421705927,0,0.009000
1648650817.444033228,0,0.007000
1648650817.466329771,3,0.040000
1648650817.487942285,2,0.021000
1648650817.511985231,0,0.000000
1648650817.534170606,0,0.000000
1648650817.557691473,1,0.000000
1648650817.581008158,0,0.000000
1648650817.604583261,0,0.000000
1648650817.626585349,0,0.000000
1648650817.648370761,0,0.000000
1648650817.673248547,0,0.008000
1648650817.697562116,0,0.007000
1648650817.718727404,2,0.000000
1648650817.741583649,0,0.000000
1648650817.764723911,1,0.000000
1648650817.786033675,0,0.013000
1648650817.811883446,3,0.048000
1648650817.833163564,0,0.026000
1648650817.855947182,0,0.000000
1648650817.879195503,0,0.012000
1648650817.900991063,0,0.000000
1648650817.924636018,0,0.000000
1648650817.947396810,0,0.001000
1648650817.969377025,0,0.000000
1648650817.991491305,0,0.003000
1648650818.012643620,0,0.005000
1648650818.035846303,4,0.030000
1648650818.058340060,1,0.011000
1648650818.079804628,0,0.000000
1648650818.104121038,1,0.013000
1648650818.127126509,0,0.001000
1648650818.152249408,0,0.000000
1648650818.174867716,0,0.000000
1648650818.196096624,0,0.000000
1648650818.218136181,0,0.001000
1648650818.239815617,0,0.000000
1648650818.263745752,1,0.044000
1648650818.284530591,1,0.026000
1648650818.308067730,1,0.022000
1648650818.331140820,2,0.031000
1648650818.353346156,1,0.025000
1648650818.374322000,2,0.022000
1648650818.395943007,0,0.000000
1648650818.417801475,0,0.006000
1648650818.438891746,0,0.000000
1648650818.461486247,0,0.000000
1648650818.483972638,0,0.000000
1648650818.508145584,0,0.000000
1648650818.528168255,0,0.000000
1648650818.551752743,0,0.000000
1648650818.574427529,0,0.020000
1648650818.596019830,3,0.040000
1648650818.619387134,1,0.029000
1648650818.642121321,1,0.000000
1648650818.664428185,2,0.026000
1648650818.687018174,0,0.000000
1648650818.708794105,0,0.000000
1648650818.731080670,0,0.000000
1648650818.754101580,0,0.000000
1648650818.776823177,0,0.000000
1648650818.799556663,0,0.000000
1648650818.823295528,0,0.000000
1648650818.847123570,3,0.051000
1648650818.869286924,0,0.014000
1648650818.891785949,0,0.006000
1648650818.915330350,0,0.013000
1648650818.938226767,0,0.000000
1648650818.961090989,1,0.000000
1648650818.982855019,0,0.000000
1648650819.005423423,0,0.000000
1648650819.027287119,0,0.000000
1648650819.048095892,0,0.001000
1648650819.070261105,0,0.005000
1648650819.094275767,0,0.000000
1648650819.116478612,0,0.000000
1648650819.139947334,0,0.000000
1648650819.163541726,0,0.000000
1648650819.184420411,4,0.061000
1648650819.205302196,0,0.001000
1648650819.227170549,1,0.000000
1648650819.248709135,0,0.000000
1648650819.271484485,3,0.041000
1648650819.293894966,0,0.006000
1648650819.315510773,1,0.000000
1648650819.338547361,0,0.013000
1648650819.362435396,0,0.006000
1648650819.383688865,0,0.000000
1648650819.406124912,1,0.046000
1648650819.426006983,0,0.018000
1648650819.449439125,1,0.018000
1648650819.469968642,0,0.000000
1648650819.493805238,0,0.000000
1648650819.516467755,1,0.000000
1648650819.539333319,0,0.000000
1648650819.561910247,0,0.000000
1648650819.584311764,0,0.000000
1648650819.606958301,0,0.000000
1648650819.630404198,0,0.000000
1648650819.653268810,0,0.000000
1648650819.677443495,0,0.000000
1648650819.700788259,0,0.000000
1648650819.723074769,3,0.025000
1648650819.744657115,1,0.017000
1648650819.767020820,1,0.008000
1648650819.787916482,0,0.000000
1648650819.810292231,2,0.034000
1648650819.832583649,0,0.009000
1648650819.855821957,0,0.000000
1648650819.879113539,0,0.004000
1648650819.902593381,0,0.000000
1648650819.925418333,0,0.000000
1648650819.948001712,3,0.037000
1648650819.969325184,0,0.000000
1648650819.992991669,1,0.011000
1648650820.016508623,0,0.001000
1648650820.039870841,1,0.007000
1648650820.063645784,0,0.000000
1648650820.086859999,0,0.000000
1648650820.109971381,0,0.000000
1648650820.133505286,1,0.000000
1648650820.158334642,0,0.000000
1648650820.179500481,0,0.000000
1648650820.201413840,1,0.013000
1648650820.222943775,0,0.000000
1648650820.243869407,2,0.000000
1648650820.266815478,0,0.005000
1648650820.288775726,1,0.001000
1648650820.311492514,2,0.000000
1648650820.333224514,1,0.000000
1648650820.356765284,0,0.000000
1648650820.378747479,0,0.000000
1648650820.402492721,1,0.000000
1648650820.423657177,0,0.000000
1648650820.446534631,0,0.002000
1648650820.469725515,0,0.004000
1648650820.491106371,2,0.025000
1648650820.513878911,1,0.013000
1648650820.535533725,1,0.006000
1648650820.559413512,1,0.016000
1648650820.582771625,2,0.005000
1648650820.605347273,2,0.018000
1648650820.627997446,0,0.005000
1648650820.650409503,0,0.003000
1648650820.672655177,0,0.000000
1648650820.694387662,1,0.000000
1648650820.716677852,0,0.000000
1648650820.738732080,0,0.000000
1648650820.761562147,0,0.000000
1648650820.784035258,4,0.044000
1648650820.805943903,0,0.010000
1648650820.828526697,2,0.017000
1648650820.851847787,0,0.003000
1648650820.873908964,1,0.015000
1648650820.895984005,1,0.006000
1648650820.918095093,0,0.000000
1648650820.941320666,0,0.000000
1648650820.962088290,0,0.000000
1648650820.985162943,0,0.000000
1648650821.006645987,1,0.018000
1648650821.028774426,2,0.028000
1648650821.050417261,0,0.000000
1648650821.071761020,0,0.000000
1648650821.095263231,0,0.000000
1648650821.119811185,0,0.000000
1648650821.142554857,1,0.012000
1648650821.166319131,0,0.000000
1648650821.189830386,0,0.000000
1648650821.210350419,1,0.000000
1648650821.232893690,0,0.001000
1648650821.256421518,0,0.000000
1648650821.280078075,1,0.000000
1648650821.302763947,2,0.039000
1648650821.324667864,1,0.005000
1648650821.347574366,4,0.048000
1648650821.369229671,3,0.016000
1648650821.392085208,1,0.010000
1648650821.415116916,0,0.000000
1648650821.436166955,0,0.000000
1648650821.459052759,0,0.000000
1648650821.482162896,0,0.000000
1648650821.503592768,1,0.028000
1648650821.526378526,0,0.000000
1648650821.550211254,0,0.001000
1648650821.572777815,0,0.000000
1648650821.595921818,2,0.021000
1648650821.619384296,0,0.000000
1648650821.640683767,0,0.000000
1648650821.663257358,0,0.000000
1648650821.686058886,0,0.000000
1648650821.709846177,0,0.000000
1648650821.732899549,1,0.027000
1648650821.755429993,5,0.054000
1648650821.777454541,0,0.005000
1648650821.800325852,0,0.006000
1648650821.822651988,0,0.025000
1648650821.844809872,0,0.009000
1648650821.866531616,1,0.007000
1648650821.891219688,1,0.015000
1648650821.913731427,0,0.000000
1648650821.935213264,0,0.000000
1648650821.957292919,1,0.023000
1648650821.981533828,1,0.001000
1648650822.004397837,0,0.000000
1648650822.026537261,0,0.000000
1648650822.049678782,0,0.001000
1648650822.072003057,0,0.000000
1648650822.095672574,1,0.011000
1648650822.118198594,0,0.008000
1648650822.141806202,0,0.000000
1648650822.164109940,2,0.015000
1648650822.187654109,1,0.030000
1648650822.210327445,0,0.016000
1648650822.232596961,1,0.004000
1648650822.256686184,7,0.081000
1648650822.279011090,2,0.024000
1648650822.302441511,2,0.036000
1648650822.325772780,0,0.000000
1648650822.346982205,1,0.023000
1648650822.370762013,0,0.015000
1648650822.394758371,1,0.015000
1648650822.419128055,0,0.000000
1648650822.441954022,2,0.008000
1648650822.463851122,0,0.003000
1648650822.488133210,1,0.029000
1648650822.510308068,2,0.020000
1648650822.533009223,0,0.000000
1648650822.555800313,1,0.019000
1648650822.578456456,0,0.000000
1648650822.600370602,0,0.004000
1648650822.624922795,1,0.015000
1648650822.647569874,1,0.003000
1648650822.669668210,2,0.028000
1648650822.691886077,2,0.039000
1648650822.714505166,0,0.000000
1648650822.736670007,0,0.000000
1648650822.760828243,2,0.017000
1648650822.784316859,0,0.008000
1648650822.808600295,0,0.000000
1648650822.832424981,0,0.000000
1648650822.856066119,0,0.001000
1648650822.878907406,0,0.000000
1648650822.899924169,0,0.000000
1648650822.923962542,0,0.000000
1648650822.946600597,0,0.000000
1648650822.970039325,1,0.012000
1648650822.993386264,0,0.000000
1648650823.015934625,2,0.048000
1648650823.040559001,1,0.013000
1648650823.063889328,4,0.042000
1648650823.084824890,0,0.000000
1648650823.108484432,0,0.005000
1648650823.132556204,3,0.033000
1648650823.156438765,2,0.030000
1648650823.178491716,2,0.035000
1648650823.202909808,0,0.000000
1648650823.225589418,2,0.030000
1648650823.249581462,0,0.004000
1648650823.271772244,0,0.001000
1648650823.294339624,0,0.000000
1648650823.317389147,1,0.007000
1648650823.340060220,0,0.000000
1648650823.361306027,0,0.000000
1648650823.384720804,0,0.000000
1648650823.404952281,0,0.012000
1648650823.427273900,1,0.035000
1648650823.450160641,2,0.008000
1648650823.473435388,0,0.000000
1648650823.497058794,0,0.016000
1648650823.521239091,4,0.044000
1648650823.544226949,1,0.003000
1648650823.563678495,0,0.000000
1648650823.588934981,0,0.004000
1648650823.611790786,0,0.000000
1648650823.634801365,0,0.000000
1648650823.655352679,0,0.000000
1648650823.678588216,0,0.000000
1648650823.701493304,1,0.009000
1648650823.723236388,5,0.049000
1648650823.745456272,2,0.036000
1648650823.767788255,3,0.016000
1648650823.791077487,1,0.018000
1648650823.812124055,0,0.000000
1648650823.834957472,0,0.001000
1648650823.857177879,0,0.001000
1648650823.879420892,0,0.000000
1648650823.902947983,0,0.000000
1648650823.925788671,0,0.001000
1648650823.947899382,0,0.000000
1648650823.970337130,0,0.000000
1648650823.992813763,0,0.000000
1648650824.015408284,1,0.013000
1648650824.037977495,0,0.001000
1648650824.058597052,3,0.026000
1648650824.082885347,2,0.023000
1648650824.104854757,0,0.000000
1648650824.128104494,0,0.001000
1648650824.152157125,0,0.000000
1648650824.175227298,0,0.010000
1648650824.196332980,3,0.030000
1648650824.219004052,1,0.007000
1648650824.241306719,0,0.000000
1648650824.266268503,3,0.015000
1648650824.288288964,0,0.006000
1648650824.312281106,1,0.007000
1648650824.336493332,0,0.000000
1648650824.358723092,1,0.001000
1648650824.381370818,0,0.000000
1648650824.402068681,0,0.000000
1648650824.426635111,0,0.000000
1648650824.449927470,0,0.000000
1648650824.472416668,0,0.028000
1648650824.495106303,1,0.032000
1648650824.516107800,0,0.000000
1648650824.539074050,0,0.000000
1648650824.561067042,0,0.000000
1648650824.582486228,0,0.000000
1648650824.606488003,0,0.000000
1648650824.626440950,0,0.001000
1648650824.648288409,0,0.021000
1648650824.672967903,2,0.022000
1648650824.694447796,1,0.014000
1648650824.716450905,1,0.016000
1648650824.737773651,1,0.001000
1648650824.758794821,0,0.000000
1648650824.782285983,0,0.000000
1648650824.802913008,0,0.000000
1648650824.827429928,0,0.000000
1648650824.849889431,2,0.056000
1648650824.871147520,0,0.013000
1648650824.894368303,1,0.006000
1648650824.916890052,2,0.019000
1648650824.938451226,0,0.007000
1648650824.961071805,0,0.002000
1648650824.984489398,0,0.000000
1648650825.006232807,0,0.000000
1648650825.030889104,0,0.001000
1648650825.053866880,0,0.000000
1648650825.075787548,3,0.040000
1648650825.098374271,0,0.000000
1648650825.121505858,1,0.000000
1648650825.144434383,0,0.000000
1648650825.166834169,0,0.000000
1648650825.188226151,0,0.000000
1648650825.210563043,3,0.031000
1648650825.233805375,4,0.054000
1648650825.256905931,2,0.008000
1648650825.279133025,2,0.030000
1648650825.302415000,0,0.000000
1648650825.324304613,1,0.020000
1648650825.347711153,0,0.004000
1648650825.368915936,0,0.005000
1648650825.391456623,1,0.000000
1648650825.415290169,0,0.000000
1648650825.435401581,0,0.000000
1648650825.457295025,0,0.000000
1648650825.481420568,0,0.000000
1648650825.505622440,1,0.004000
1648650825.527487636,0,0.002000
1648650825.548457811,0,0.000000
1648650825.571304664,3,0.031000
1648650825.595426589,2,0.027000
1648650825.617199733,2,0.019000
1648650825.639499803,2,0.011000
1648650825.662474422,0,0.003000
1648650825.683681320,0,0.000000
1648650825.706322209,0,0.001000
1648650825.729149892,0,0.000000
1648650825.751629597,0,0.000000
1648650825.773010555,0,0.001000
1648650825.795217892,0,0.000000
1648650825.818593322,0,0.000000
1648650825.841315571,0,0.000000
1648650825.865060110,0,0.003000
1648650825.888665792,0,0.009000
1648650825.911871327,1,0.000000
1648650825.934177694,1,0.034000
1648650825.957942863,1,0.014000
1648650825.980478258,0,0.011000
1648650826.003122256,3,0.053000
1648650826.026082160,3,0.057000
1648650826.050877767,1,0.014000
1648650826.074076535,0,0.000000
1648650826.094541915,0,0.004000
1648650826.116467902,0,0.000000
1648650826.138673935,1,0.011000
1648650826.161145482,0,0.001000
1648650826.183237325,0,0.000000
1648650826.204728863,0,0.015000
1648650826.225928597,0,0.000000
1648650826.249441261,5,0.045000
1648650826.270252126,2,0.020000
1648650826.293363321,0,0.000000
1648650826.314015992,0,0.000000
1648650826.337960307,1,0.000000
1648650826.361171512,0,0.000000
1648650826.384170592,0,0.000000
1648650826.407669362,0,0.000000
1648650826.430268015,0,0.004000
1648650826.452892996,0,0.000000
1648650826.476131494,0,0.000000
1648650826.500464871,0,0.000000
1648650826.523928557,0,0.000000
1648650826.546356947,0,0.012000
1648650826.570180811,2,0.031000
1648650826.593148645,1,0.024000
1648650826.615870859,1,0.000000
1648650826.638873352,4,0.072000
1648650826.660485891,0,0.006000
1648650826.683416588,1,0.013000
1648650826.704583671,0,0.005000
1648650826.726882545,0,0.000000
1648650826.747714230,0,0.000000
1648650826.770457384,0,0.000000
1648650826.793054354,0,0.000000
1648650826.815968475,0,0.000000
1648650826.839111186,0,0.000000
1648650826.861833826,1,0.016000
1648650826.884123750,0,0.007000
1648650826.906492341,1,0.016000
1648650826.930072954,0,0.000000
1648650826.953676811,0,0.000000
1648650826.975724887,1,0.012000
1648650826.998123127,0,0.009000
1648650827.020782863,0,0.000000
1648650827.041978073,0,0.021000
1648650827.065368273,0,0.000000
1648650827.086017471,0,0.000000
1648650827.108222687,0,0.000000
1648650827.130629911,2,0.020000
1648650827.152799651,2,0.022000
1648650827.176318843,0,0.009000
1648650827.198267856,1,0.018000
1648650827.220732689,0,0.001000
1648650827.244375141,1,0.000000
1648650827.265489742,0,0.000000
1648650827.288326178,1,0.000000
1648650827.311424067,0,0.001000
1648650827.334245099,0,0.000000
1648650827.357189722,0,0.000000
1648650827.378757319,3,0.033000
1648650827.401709828,1,0.003000
1648650827.423839200,3,0.053000
1648650827.445716459,0,0.006000
1648650827.469065483,0,0.000000
1648650827.491474365,0,0.011000
1648650827.514002432,0,0.000000
1648650827.536101425,0,0.000000
1648650827.558329917,0,0.000000
1648650827.579954648,0,0.000000
1648650827.602549733,0,0.000000
1648650827.625332383,2,0.025000
1648650827.647980306,3,0.027000
1648650827.671591963,0,0.004000
1648650827.692135770,0,0.000000
1648650827.715944902,0,0.000000
1648650827.737972765,0,0.000000
1648650827.758470186,1,0.000000
1648650827.781482050,0,0.000000
1648650827.805037163,0,0.000000
1648650827.825977390,0,0.020000
1648650827.846286878,2,0.059000
1648650827.868950969,1,0.001000
1648650827.891334913,0,0.000000
1648650827.914456610,0,0.000000
1648650827.935750744,0,0.000000
1648650827.959954202,0,0.005000
1648650827.982096415,0,0.000000
1648650828.004907918,0,0.006000
1648650828.028502317,0,0.011000
1648650828.050211657,1,0.012000
1648650828.071955576,0,0.009000
1648650828.095124078,0,0.008000
1648650828.118441002,0,0.000000
1648650828.139486743,0,0.006000
1648650828.162182756,0,0.000000
1648650828.184679188,0,0.000000
1648650828.206972634,0,0.000000
1648650828.229310605,0,0.000000
1648650828.251276402,0,0.000000
1648650828.272125188,6,0.065000
1648650828.293667188,1,0.009000
1648650828.317002558,0,0.000000
1648650828.339353648,0,0.005000
1648650828.360192323,0,0.000000
1648650828.381970689,0,0.000000
1648650828.405345365,0,0.000000
1648650828.427558274,0,0.001000
1648650828.449475041,2,0.027000
1648650828.471421021,1,0.015000
1648650828.495245839,1,0.014000
1648650828.517074048,0,0.001000
1648650828.540183240,0,0.000000
1648650828.563472283,2,0.024000
1648650828.586449487,0,0.006000
1648650828.607934801,0,0.001000
1648650828.631370945,0,0.000000
1648650828.655293003,0,0.001000
1648650828.678084768,0,0.000000
1648650828.700304964,0,0.000000
1648650828.722150810,0,0.000000
1648650828.743807279,1,0.000000
1648650828.765938476,1,0.001000
1648650828.787261659,0,0.003000
1648650828.810921682,0,0.000000
1648650828.834074517,0,0.000000
1648650828.858164757,0,0.000000
1648650828.882223218,1,0.001000
1648650828.905215677,0,0.000000
1648650828.928412669,0,0.000000
1648650828.950798684,0,0.000000
1648650828.973370815,0,0.000000
1648650828.996277562,0,0.000000
1648650829.018841044,0,0.012000
1648650829.039657062,4,0.041000
1648650829.062011746,2,0.023000
1648650829.083802130,0,0.000000
1648650829.104580908,0,0.008000
1648650829.126336175,0,0.000000
1648650829.148683096,0,0.001000
1648650829.171395712,0,0.000000
1648650829.193640812,0,0.007000
1648650829.216314446,0,0.000000
1648650829.240266612,0,0.004000
1648650829.261769028,1,0.017000
1648650829.283247761,1,0.004000
1648650829.305296158,1,0.003000
1648650829.326923050,0,0.000000
1648650829.349216989,0,0.004000
1648650829.371550842,1,0.000000
1648650829.392355347,5,0.049000
1648650829.414402985,0,0.020000
1648650829.436886796,0,0.000000
1648650829.459205915,1,0.016000
1648650829.481461106,0,0.000000
1648650829.504623987,0,0.007000
1648650829.528178113,0,0.000000
1648650829.549974334,0,0.000000
1648650829.570560430,1,0.000000
1648650829.592286280,0,0.000000
1648650829.615722050,0,0.002000
1648650829.638140577,0,0.000000
1648650829.660105536,0,0.000000
1648650829.683670139,0,0.000000
1648650829.707976248,0,0.004000
1648650829.729815423,0,0.000000
1648650829.751795739,1,0.016000
1648650829.774230680,0,0.000000
1648650829.797711760,0,0.000000
1648650829.820057897,0,0.000000
1648650829.843503689,3,0.017000
1648650829.867372639,0,0.012000
1648650829.888736715,2,0.033000
1648650829.910199005,0,0.006000
1648650829.932895639,1,0.001000
1648650829.953913834,0,0.000000
1648650829.974746942,0,0.000000
1648650829.996919623,0,0.000000
1648650830.020266931,0,0.000000
1648650830.042658744,0,0.000000
1648650830.063768560,0,0.000000
1648650830.085774521,1,0.000000
1648650830.108691506,0,0.000000
1648650830.129824769,1,0.012000
1648650830.153212170,0,0.000000
1648650830.175300803,0,0.000000
1648650830.199317779,0,0.000000
1648650830.223178349,1,0.011000
1648650830.246701372,3,0.018000
1648650830.269570854,0,0.000000
1648650830.292787164,1,0.015000
1648650830.314234358,1,0.003000
1648650830.336365910,0,0.000000
1648650830.355248666,5,0.064000
1648650830.376578249,0,0.013000
1648650830.397487391,2,0.021000
1648650830.420141443,3,0.032000
1648650830.443425656,3,0.017000
1648650830.466058540,0,0.003000
1648650830.489424791,1,0.012000
1648650830.511953538,2,0.029000
1648650830.534707668,2,0.018000
1648650830.556955437,0,0.000000
1648650830.581161428,1,0.024000
1648650830.604241679,0,0.000000
1648650830.627027691,0,0.000000
1648650830.648173969,0,0.004000
1648650830.672099335,0,0.008000
1648650830.693251797,0,0.000000
1648650830.716799806,0,0.000000
1648650830.738698148,0,0.000000
1648650830.761360275,0,0.000000
1648650830.784395657,2,0.023000
1648650830.807548544,1,0.000000
1648650830.830324677,0,0.000000
1648650830.852557745,0,0.042000
1648650830.876383161,3,0.043000
1648650830.899684392,1,0.028000
1648650830.923221413,1,0.000000
1648650830.946736427,0,0.000000
1648650830.968719710,0,0.000000
1648650830.990393337,0,0.000000
1648650831.011135171,0,0.000000
1648650831.034097119,1,0.000000
1648650831.056978811,0,0.000000
1648650831.079278851,0,0.012000
1648650831.101463970,2,0.053000
1648650831.124663838,0,0.003000
1648650831.147956782,0,0.001000
1648650831.169431069,1,0.000000
1648650831.191150331,1,0.001000
1648650831.213099673,2,0.019000
1648650831.234371386,0,0.000000
1648650831.257018676,0,0.000000
1648650831.276317177,0,0.000000
1648650831.299731817,0,0.000000
1648650831.322678748,0,0.000000
1648650831.343461318,0,0.011000
1648650831.364884412,0,0.000000
1648650831.385374283,0,0.000000
1648650831.408120014,0,0.000000
1648650831.431361374,0,0.000000
1648650831.453884007,0,0.000000
1648650831.476532194,1,0.010000
1648650831.497814070,1,0.022000
1648650831.520079973,4,0.054000
1648650831.543366873,0,0.007000
1648650831.566014175,2,0.065000
1648650831.588214936,3,0.027000
1648650831.609541161,4,0.043000
1648650831.630419546,1,0.030000
1648650831.653279568,3,0.022000
1648650831.674538927,2,0.025000
1648650831.697468580,3,0.045000
1648650831.720503304,0,0.000000
1648650831.743525705,1,0.000000
1648650831.765902756,0,0.000000
1648650831.788056827,0,0.000000
1648650831.811373125,0,0.000000
1648650831.835477423,0,0.002000
1648650831.858662284,0,0.000000
1648650831.881324113,0,0.000000
1648650831.904377210,0,0.000000
1648650831.926525699,0,0.000000
1648650831.949761255,1,0.000000
1648650831.970256258,3,0.038000
1648650831.992703044,1,0.005000
1648650832.014837556,1,0.011000
1648650832.038124089,5,0.039000
1648650832.060858593,2,0.027000
1648650832.083707619,1,0.011000
1648650832.107417115,0,0.002000
1648650832.129192676,0,0.011000
1648650832.153397305,0,0.000000
1648650832.176738772,0,0.000000
1648650832.199954959,0,0.004000
1648650832.222758941,0,0.000000
1648650832.244588981,0,0.000000
1648650832.266929472,0,0.000000
1648650832.290396802,0,0.012000
1648650832.309952211,4,0.045000
1648650832.331540075,1,0.007000
1648650832.352387234,3,0.023000
1648650832.374257648,1,0.011000
1648650832.396111006,0,0.000000
1648650832.418057923,0,0.000000
1648650832.440441911,0,0.000000
1648650832.463377793,0,0.000000
1648650832.486407623,0,0.013000
1648650832.510256058,5,0.037000
1648650832.531951027,3,0.020000
1648650832.554028381,3,0.032000
1648650832.576889334,1,0.001000
1648650832.601126810,1,0.008000
1648650832.623036793,0,0.000000
1648650832.643536564,0,0.000000
1648650832.666106887,1,0.014000
1648650832.687503720,1,0.016000
1648650832.709915501,1,0.010000
1648650832.732804375,2,0.023000
1648650832.753474667,4,0.041000
1648650832.776355903,2,0.022000
1648650832.798795652,2,0.029000
1648650832.823392343,4,0.046000
1648650832.846369443,1,0.028000
1648650832.868362358,0,0.000000
1648650832.890064912,4,0.052000
1648650832.913012286,0,0.004000
1648650832.933396911,0,0.003000
1648650832.956365879,0,0.000000
1648650832.979409554,0,0.000000
1648650833.001876993,0,0.000000
1648650833.021931419,0,0.011000
1648650833.044690260,2,0.058000
1648650833.067293826,0,0.020000
1648650833.090332515,1,0.003000
1648650833.112271975,0,0.000000
1648650833.135990214,0,0.000000
1648650833.156949049,0,0.000000
1648650833.178081636,0,0.000000
1648650833.201398407,0,0.000000
1648650833.223508194,0,0.000000
1648650833.247073214,1,0.002000
1648650833.270395844,0,0.000000
1648650833.293994862,0,0.000000
1648650833.316443732,0,0.000000
1648650833.340009151,0,0.000000
1648650833.361566136,0,0.005000
1648650833.384009656,1,0.000000
1648650833.404214094,0,0.000000
1648650833.427303543,0,0.004000
1648650833.448978843,3,0.051000
1648650833.473195342,3,0.013000
1648650833.495840291,1,0.022000
1648650833.520569627,2,0.029000
1648650833.544309700,2,0.030000
1648650833.566744857,2,0.006000
1648650833.589847004,1,0.037000
1648650833.612717982,0,0.000000
1648650833.635421905,0,0.000000
1648650833.655400724,0,0.000000
1648650833.678553931,0,0.000000
1648650833.700229618,0,0.000000
1648650833.723560419,0,0.000000
1648650833.746317696,0,0.001000
1648650833.767985541,0,0.000000
1648650833.790411314,1,0.000000
1648650833.813816874,0,0.002000
1648650833.835458906,0,0.000000
1648650833.857412927,3,0.034000
1648650833.881051159,2,0.043000
1648650833.905196956,0,0.011000
1648650833.926759277,0,0.002000
1648650833.949216448,0,0.003000
1648650833.971679468,1,0.004000
1648650833.994756121,0,0.003000
1648650834.016831943,0,0.000000
1648650834.039372200,0,0.003000
1648650834.063307924,0,0.001000
1648650834.086373582,0,0.000000
1648650834.107994428,5,0.061000
1648650834.130821114,0,0.000000
1648650834.152858630,1,0.011000
1648650834.175926721,0,0.000000
1648650834.198440976,1,0.006000
1648650834.222355841,1,0.018000
1648650834.244683406,0,0.008000
1648650834.267153942,0,0.000000
1648650834.290666936,0,0.000000
1648650834.314590203,0,0.002000
1648650834.337007581,0,0.000000
1648650834.359337945,1,0.015000
1648650834.380315331,1,0.010000
1648650834.402546442,2,0.033000
1648650834.425900771,2,0.025000
1648650834.447381686,1,0.000000
1648650834.470015193,1,0.024000
1648650834.490571141,0,0.000000
1648650834.514127776,1,0.004000
1648650834.537719385,0,0.000000
1648650834.560355184,0,0.001000
1648650834.583257177,0,0.000000
1648650834.605721746,0,0.000000
1648650834.629073005,0,0.001000
1648650834.651497917,0,0.004000
1648650834.674509582,1,0.003000
1648650834.698088920,0,0.003000
1648650834.720667637,2,0.024000
1648650834.742745435,0,0.000000
1648650834.764288420,0,0.000000
1648650834.787395990,2,0.018000
1648650834.809506289,3,0.023000
1648650834.830474805,2,0.035000
1648650834.852302567,0,0.000000
1648650834.875345060,0,0.000000
1648650834.898409220,0,0.000000
1648650834.921303625,1,0.002000
1648650834.945052268,0,0.000000
1648650834.967428127,0,0.000000
1648650834.988225059,0,0.000000
1648650835.010435034,0,0.000000
1648650835.033351250,2,0.026000
1648650835.054905432,1,0.001000
1648650835.077144153,1,0.012000
1648650835.100365439,3,0.030000
1648650835.123553701,4,0.046000
1648650835.145611340,0,0.019000
1648650835.167603351,2,0.047000
1648650835.190944595,1,0.000000
1648650835.213049225,1,0.008000
1648650835.236968878,0,0.000000
1648650835.259703212,2,0.048000
1648650835.281443527,2,0.001000
1648650835.303643186,4,0.039000
1648650835.326947776,2,0.005000
1648650835.348114729,0,0.008000
1648650835.370924268,0,0.001000
1648650835.392874192,1,0.011000
1648650835.414263755,0,0.000000
1648650835.438296566,1,0.011000
1648650835.459777479,0,0.000000
1648650835.482822076,0,0.000000
1648650835.505449357,0,0.000000
1648650835.528062366,0,0.005000
1648650835.550713750,0,0.000000
1648650835.572952311,0,0.000000
1648650835.594936269,2,0.021000
1648650835.618361179,1,0.006000
1648650835.640374891,0,0.000000
1648650835.661742728,0,0.000000
1648650835.685112818,1,0.021000
1648650835.709101120,0,0.002000
1648650835.732053323,0,0.000000
1648650835.754159967,0,0.000000
1648650835.776954705,0,0.000000
1648650835.798814306,0,0.000000
1648650835.822355607,0,0.000000
1648650835.844308403,1,0.025000
1648650835.865498450,3,0.039000
1648650835.887655676,1,0.006000
1648650835.908979428,0,0.000000
1648650835.930480017,0,0.000000
1648650835.950765184,0,0.000000
1648650835.972747270,0,0.000000
1648650835.996813795,0,0.001000
1648650836.018776276,0,0.000000
1648650836.040871294,0,0.000000
1648650836.061980445,0,0.000000
1648650836.084502217,0,0.000000
1648650836.108200754,0,0.012000
1648650836.129704918,3,0.058000
1648650836.151087793,1,0.020000
1648650836.171710424,2,0.022000
1648650836.192676420,1,0.000000
1648650836.213391391,0,0.000000
1648650836.235289743,0,0.000000
1648650836.257984023,0,0.011000
1648650836.279580187,0,0.004000
1648650836.301913300,0,0.000000
1648650836.323223254,0,0.000000
1648650836.346557232,0,0.005000
1648650836.368177819,1,0.000000
1648650836.392453466,0,0.007000
1648650836.416117432,0,0.000000
1648650836.440503813,0,0.008000
1648650836.463044417,3,0.054000
1648650836.486022544,2,0.016000
1648650836.509566993,0,0.011000
1648650836.534199091,0,0.000000
1648650836.555103501,0,0.000000
1648650836.577720544,0,0.000000
1648650836.600934793,0,0.000000
1648650836.624379637,3,0.058000
1648650836.645739327,0,0.001000
1648650836.667354266,2,0.033000
1648650836.690108304,2,0.035000
1648650836.710964190,0,0.000000
1648650836.731809881,0,0.000000
1648650836.755672766,0,0.000000
1648650836.780259391,0,0.000000
1648650836.805018979,0,0.007000
1648650836.828481752,0,0.000000
1648650836.850259267,0,0.000000
1648650836.873417293,0,0.010000
1648650836.895675066,0,0.004000
1648650836.918016882,0,0.001000
1648650836.940833550,0,0.000000
1648650836.963848284,2,0.022000
1648650836.985020966,5,0.050000
1648650837.009044451,4,0.053000
1648650837.030853062,1,0.008000
1648650837.055034079,0,0.000000
1648650837.079158282,1,0.000000
1648650837.100443201,0,0.000000
1648650837.122678063,0,0.001000
1648650837.144945420,0,0.000000
1648650837.167143511,0,0.000000
1648650837.188241915,3,0.018000
1648650837.210727320,1,0.011000
1648650837.233345561,3,0.024000
1648650837.255730637,1,0.006000
1648650837.278669270,0,0.010000
1648650837.303615606,0,0.019000
1648650837.324832184,1,0.016000
1648650837.347177184,0,0.000000
1648650837.369829600,3,0.051000
1648650837.394805591,5,0.038000
1648650837.419061012,1,0.001000
1648650837.442487368,1,0.001000
1648650837.462674048,0,0.001000
1648650837.484581689,0,0.003000
1648650837.509073621,0,0.000000
1648650837.531189592,0,0.000000
1648650837.552804416,0,0.000000
1648650837.576270741,0,0.000000
1648650837.597989802,0,0.003000
1648650837.619772076,0,0.000000
1648650837.643499445,0,0.000000
1648650837.665405911,0,0.000000
1648650837.687232999,0,0.001000
1648650837.710680282,0,0.000000
1648650837.732480257,0,0.000000
1648650837.755881594,0,0.001000
1648650837.779843266,0,0.000000
1648650837.802147318,0,0.000000
1648650837.824072542,2,0.016000
1648650837.847098133,1,0.017000
1648650837.870904534,0,0.000000
1648650837.893775681,0,0.003000
1648650837.915346318,0,0.000000
1648650837.937930807,0,0.000000
1648650837.961864823,0,0.000000
1648650837.983476291,0,0.000000
1648650838.005572308,3,0.031000
1648650838.028555651,2,0.050000
1648650838.051071229,5,0.050000
1648650838.074560983,1,0.000000
1648650838.097307313,0,0.000000
1648650838.120400665,1,0.000000
1648650838.141972880,0,0.000000
1648650838.165140852,0,0.000000
1648650838.188628155,0,0.000000
1648650838.213310142,0,0.000000
1648650838.234705548,0,0.000000
1648650838.257147330,0,0.000000
1648650838.278488960,0,0.000000
1648650838.301092705,0,0.000000
1648650838.324541270,0,0.000000
1648650838.348416037,0,0.006000
1648650838.370130582,0,0.000000
1648650838.394369528,0,0.000000
1648650838.417376150,0,0.000000
1648650838.440654657,0,0.000000
1648650838.464010508,0,0.000000
1648650838.486169896,0,0.000000
1648650838.509523768,0,0.000000
1648650838.532255253,0,0.004000
1648650838.554870603,3,0.037000
1648650838.577213449,2,0.013000
1648650838.600342225,0,0.006000
1648650838.623660265,0,0.003000
1648650838.646528559,0,0.000000
1648650838.670694810,0,0.000000
1648650838.693593409,0,0.006000
1648650838.714363353,0,0.000000
1648650838.737562845,0,0.000000
1648650838.760490915,0,0.000000
1648650838.783162533,2,0.010000
1648650838.806372699,2,0.013000
1648650838.829723922,0,0.000000
1648650838.852758980,2,0.037000
1648650838.874425362,0,0.000000
1648650838.897028710,0,0.003000
1648650838.919801761,1,0.009000
1648650838.942468780,0,0.000000
1648650838.965470154,0,0.006000
1648650838.986887907,0,0.000000
1648650839.010501821,1,0.000000
1648650839.032657569,0,0.000000
1648650839.054734265,1,0.001000
1648650839.077015094,6,0.060000
1648650839.100388753,3,0.055000
1648650839.121920203,0,0.003000
1648650839.145345373,0,0.000000
1648650839.168567707,1,0.014000
1648650839.191944682,0,0.000000
1648650839.214781136,0,0.000000
1648650839.236684699,0,0.000000
1648650839.259836788,0,0.000000
1648650839.282581480,0,0.005000
1648650839.303179260,0,0.000000
1648650839.324921665,0,0.005000
1648650839.348359982,1,0.015000
1648650839.371230420,0,0.000000
1648650839.393899640,2,0.017000
1648650839.415964552,0,0.000000
1648650839.438691022,1,0.001000
1648650839.461067876,0,0.000000
1648650839.484664540,0,0.000000
1648650839.507683027,0,0.000000
1648650839.531260577,0,0.000000
1648650839.553632421,0,0.000000
1648650839.574824689,0,0.000000
1648650839.596387260,0,0.000000
1648650839.618981994,4,0.068000
1648650839.641327086,1,0.016000
1648650839.665149372,0,0.000000
1648650839.686649455,0,0.006000
1648650839.709210762,0,0.008000
1648650839.732181199,0,0.000000
1648650839.755265389,0,0.000000
1648650839.777364186,0,0.003000
1648650839.799876180,0,0.000000
1648650839.823181505,0,0.000000
1648650839.845472478,0,0.000000
1648650839.866906766,0,0.000000
1648650839.889451632,0,0.000000
1648650839.912887970,0,0.000000
1648650839.934833719,0,0.003000
1648650839.957973303,0,0.000000
1648650839.981545997,0,0.000000
1648650840.003933235,1,0.009000
1648650840.026724259,0,0.000000
1648650840.049291170,1,0.021000
1648650840.070567018,3,0.046000
1648650840.091846803,1,0.000000
1648650840.112440366,1,0.011000
1648650840.133709334,0,0.000000
1648650840.155793087,0,0.001000
1648650840.178425190,1,0.018000
1648650840.200165731,3,0.005000
1648650840.222016439,1,0.005000
1648650840.244361148,1,0.004000
1648650840.267264146,1,0.012000
1648650840.288196694,1,0.003000
1648650840.310893849,0,0.012000
1648650840.331137692,0,0.006000
1648650840.354866798,0,0.000000
1648650840.376847027,0,0.008000
1648650840.400386402,0,0.013000
1648650840.423187911,0,0.000000
1648650840.443965805,0,0.000000
1648650840.467377905,0,0.007000
1648650840.490140365,4,0.065000
1648650840.514040193,1,0.006000
1648650840.535319559,3,0.055000
1648650840.557931797,0,0.007000
1648650840.580049475,0,0.000000
1648650840.603796647,0,0.000000
1648650840.626178663,1,0.000000
1648650840.647985426,0,0.006000
1648650840.671987261,0,0.000000
1648650840.693321056,1,0.010000
1648650840.714732406,0,0.000000
1648650840.737311987,0,0.000000
1648650840.758759470,0,0.000000
1648650840.781205210,4,0.061000
1648650840.802908616,1,0.026000
1648650840.825666010,2,0.010000
1648650840.848725370,0,0.010000
1648650840.871991660,0,0.000000
1648650840.894532227,0,0.000000
1648650840.917486865,1,0.006000
1648650840.940174018,0,0.000000
1648650840.961862171,0,0.006000
1648650840.982775311,0,0.000000
1648650841.004467801,0,0.000000
1648650841.026751805,4,0.059000
1648650841.048951474,1,0.015000
1648650841.070737336,4,0.034000
1648650841.094032826,5,0.046000
1648650841.115993616,0,0.000000
1648650841.138053593,0,0.000000
1648650841.159673053,0,0.000000
1648650841.182663673,0,0.000000
1648650841.203354008,0,0.000000
1648650841.226091826,0,0.000000
1648650841.249441109,0,0.000000
1648650841.272100963,1,0.011000
1648650841.294549453,3,0.041000
1648650841.317503663,1,0.020000
1648650841.338772402,1,0.005000
1648650841.362905948,3,0.044000
1648650841.385389408,0,0.000000
1648650841.408415904,2,0.025000
1648650841.431363043,4,0.032000
1648650841.454666649,3,0.042000
1648650841.477614126,1,0.018000
1648650841.500429207,0,0.001000
1648650841.521655371,0,0.000000
1648650841.543526057,0,0.000000
1648650841.565491503,0,0.003000
1648650841.588698192,0,0.006000
1648650841.609025806,0,0.001000
1648650841.630646225,0,0.000000
1648650841.653137235,0,0.000000
1648650841.677261059,0,0.000000
1648650841.700409371,0,0.000000
1648650841.722715588,0,0.000000
1648650841.745852117,0,0.003000
1648650841.766944561,2,0.016000
1648650841.789469873,2,0.024000
1648650841.812266503,0,0.000000
1648650841.833782333,1,0.018000
1648650841.857747876,0,0.000000
1648650841.881949881,1,0.004000
1648650841.904036512,1,0.014000
1648650841.924723584,0,0.000000
1648650841.945859507,0,0.000000
1648650841.970263503,0,0.000000
1648650841.992476263,0,0.000000
1648650842.015734015,1,0.001000
1648650842.038924159,0,0.007000
1648650842.061731721,3,0.029000
1648650842.082917267,0,0.000000
1648650842.105401643,1,0.015000
1648650842.129223966,0,0.013000
1648650842.153682335,0,0.000000
1648650842.176412741,0,0.003000
1648650842.198852024,0,0.000000
1648650842.221878643,0,0.000000
1648650842.246738908,0,0.000000
1648650842.267821752,0,0.000000
1648650842.289647424,0,0.001000
1648650842.312568991,0,0.008000
1648650842.335293132,1,0.000000
1648650842.358215741,0,0.000000
1648650842.381628767,0,0.002000
1648650842.403535955,0,0.000000
1648650842.426984744,0,0.000000
1648650842.450508644,0,0.001000
1648650842.472494014,0,0.000000
1648650842.495399363,0,0.000000
1648650842.519760235,0,0.010000
1648650842.542299855,1,0.003000
1648650842.565676816,0,0.000000
1648650842.588170813,0,0.000000
1648650842.609560472,1,0.009000
1648650842.632274380,3,0.025000
1648650842.655881363,2,0.038000
1648650842.678630224,0,0.000000
1648650842.701537166,0,0.000000
1648650842.725298938,0,0.000000
1648650842.745497601,0,0.000000
1648650842.767614615,1,0.009000
1648650842.788641402,1,0.011000
1648650842.811949576,3,0.037000
1648650842.833331819,0,0.000000
1648650842.856739478,0,0.000000
1648650842.878648578,5,0.037000
1648650842.901270697,3,0.019000
1648650842.924619742,0,0.000000
1648650842.946491190,0,0.000000
1648650842.970553748,0,0.011000
1648650842.994485726,2,0.006000
1648650843.017678636,0,0.000000
1648650843.040135873,0,0.000000
1648650843.062166334,0,0.000000
1648650843.084464398,0,0.000000
1648650843.105981119,0,0.000000
1648650843.128495155,0,0.000000
1648650843.151491960,0,0.000000
1648650843.174458095,0,0.000000
1648650843.196305869,0,0.000000
1648650843.217525436,0,0.000000
1648650843.240810067,0,0.000000
1648650843.262157751,0,0.000000
1648650843.285147059,0,0.000000
1648650843.308097899,0,0.000000
1648650843.331434323,0,0.000000
1648650843.353085852,0,0.000000
