1648656153.710202896,0,0.000000
1648656153.734094088,0,0.000000
1648656153.755854552,0,0.000000
1648656153.776886204,0,0.000000
1648656153.799050553,0,0.000000
1648656153.819983559,0,0.000000
1648656153.840876176,0,0.000000
1648656153.862550361,0,0.000000
1648656153.884283839,0,0.000000
1648656153.906679746,0,0.000000
1648656153.928244160,0,0.000000
1648656153.950010662,0,0.000000
1648656153.972247469,0,0.000000
1648656153.995288991,0,0.000000
1648656154.017096517,0,0.000000
1648656154.038377429,20,0.341000
1648656154.060824283,45,0.634000
1648656154.083409114,17,0.207000
1648656154.107241645,0,0.000000
1648656154.129222262,0,0.000000
1648656154.151813792,0,0.000000
1648656154.174123730,0,0.003000
1648656154.197560665,1,0.009000
1648656154.219329776,1,0.000000
1648656154.243142307,0,0.004000
1648656154.264321303,0,0.000000
1648656154.286168246,0,0.000000
1648656154.311412587,0,0.000000
1648656154.333860752,0,0.000000
1648656154.356081175,0,0.000000
1648656154.378312802,0,0.000000
1648656154.400317540,0,0.000000
1648656154.420567672,0,0.007000
1648656154.442771356,0,0.000000
1648656154.466366567,0,0.000000
1648656154.489747475,0,0.003000
1648656154.512281564,0,0.000000
1648656154.534450570,0,0.000000
1648656154.556211327,0,0.004000
1648656154.579069457,0,0.000000
1648656154.600105898,0,0.000000
1648656154.623376401,0,0.000000
1648656154.645074699,0,0.000000
1648656154.667801750,0,0.000000
1648656154.691068770,0,0.000000
1648656154.713022283,0,0.004000
1648656154.733834827,0,0.005000
1648656154.756628125,0,0.000000
1648656154.779468486,0,0.000000
1648656154.800852667,0,0.000000
1648656154.824366248,0,0.003000
1648656154.845392493,0,0.000000
1648656154.866890322,0,0.000000
1648656154.887934970,0,0.005000
1648656154.909232719,0,0.000000
1648656154.931732127,0,0.000000
1648656154.951059992,0,0.000000
1648656154.975085435,0,0.000000
1648656154.998288908,0,0.000000
1648656155.021880970,0,0.000000
1648656155.043122173,0,0.000000
1648656155.065085170,0,0.000000
1648656155.086038603,0,0.000000
1648656155.108803655,0,0.006000
1648656155.130809191,1,0.000000
1648656155.154399668,0,0.000000
1648656155.176012321,1,0.000000
1648656155.197671714,0,0.008000
1648656155.220948522,0,0.000000
1648656155.244168807,0,0.008000
1648656155.265293539,0,0.000000
1648656155.286857574,0,0.000000
1648656155.309944317,1,0.003000
1648656155.331736466,0,0.000000
1648656155.351905979,0,0.000000
1648656155.374576741,1,0.004000
1648656155.394772983,0,0.000000
1648656155.416778150,1,0.000000
1648656155.438097674,0,0.000000
1648656155.462557620,0,0.000000
1648656155.483443914,0,0.000000
1648656155.506478506,0,0.000000
1648656155.530942614,0,0.005000
1648656155.554962654,0,0.000000
1648656155.576887673,0,0.000000
1648656155.598405046,0,0.000000
1648656155.620049660,1,0.000000
1648656155.642700834,0,0.000000
1648656155.665258493,0,0.000000
1648656155.687392190,0,0.003000
1648656155.711098086,0,0.000000
1648656155.731263005,0,0.001000
1648656155.753922733,0,0.000000
1648656155.776430263,0,0.000000
1648656155.798296489,0,0.000000
1648656155.821244122,0,0.000000
1648656155.843771844,0,0.000000
1648656155.865551605,0,0.002000
1648656155.888243035,0,0.000000
1648656155.909663935,0,0.000000
1648656155.932108388,0,0.000000
1648656155.956038123,0,0.000000
1648656155.977921804,0,0.000000
1648656156.000070181,0,0.004000
1648656156.021581038,0,0.000000
1648656156.043563075,0,0.000000
1648656156.065264348,0,0.000000
1648656156.085992326,0,0.004000
1648656156.108635312,0,0.000000
1648656156.130404736,0,0.000000
1648656156.154393805,0,0.000000
1648656156.176621752,0,0.000000
1648656156.198768656,1,0.012000
1648656156.220996158,0,0.000000
1648656156.242883387,0,0.000000
1648656156.265559238,1,0.008000
1648656156.286825253,0,0.000000
1648656156.309506388,0,0.000000
1648656156.330025870,0,0.000000
1648656156.349854880,0,0.000000
1648656156.372691277,0,0.003000
1648656156.391771765,0,0.000000
1648656156.413446381,0,0.006000
1648656156.434205739,0,0.001000
1648656156.456357243,0,0.005000
1648656156.477134730,0,0.001000
1648656156.498040595,0,0.005000
1648656156.521090545,0,0.000000
1648656156.542264715,0,0.007000
1648656156.564938813,0,0.000000
1648656156.586300697,0,0.000000
1648656156.609200698,0,0.006000
1648656156.630941413,0,0.000000
1648656156.653946373,0,0.000000
1648656156.678337006,0,0.000000
1648656156.700223278,0,0.000000
1648656156.721462656,1,0.002000
1648656156.744987206,0,0.000000
1648656156.766170500,0,0.000000
1648656156.789992199,0,0.000000
1648656156.814341935,0,0.000000
1648656156.836036455,0,0.000000
1648656156.858207246,0,0.000000
1648656156.880479403,0,0.000000
1648656156.902976997,0,0.000000
1648656156.924633933,1,0.009000
1648656156.947393592,0,0.001000
1648656156.969575346,0,0.000000
1648656156.992238326,1,0.000000
1648656157.014459438,0,0.000000
1648656157.038606022,0,0.000000
1648656157.058256957,0,0.000000
1648656157.079739287,0,0.000000
1648656157.101727415,0,0.000000
1648656157.123804648,0,0.000000
1648656157.146878096,0,0.010000
1648656157.169437684,0,0.001000
1648656157.193181344,0,0.000000
1648656157.214948574,0,0.000000
1648656157.237378215,0,0.014000
1648656157.258358976,0,0.005000
1648656157.279431016,0,0.000000
1648656157.302578359,0,0.000000
1648656157.325949834,0,0.015000
1648656157.347990971,0,0.000000
1648656157.372160167,0,0.000000
1648656157.393174213,0,0.000000
1648656157.416111196,0,0.000000
1648656157.440082215,0,0.000000
1648656157.462194391,0,0.000000
1648656157.484460842,0,0.000000
1648656157.506406246,0,0.000000
1648656157.531136383,0,0.004000
1648656157.553314142,0,0.011000
1648656157.575688962,0,0.000000
1648656157.597037899,0,0.000000
1648656157.618341485,0,0.000000
1648656157.640595145,0,0.000000
1648656157.665190779,0,0.000000
1648656157.689140419,0,0.004000
1648656157.711318717,0,0.000000
1648656157.734040944,1,0.000000
1648656157.756648695,0,0.004000
1648656157.779240950,0,0.002000
1648656157.802397815,0,0.000000
1648656157.824571510,0,0.000000
1648656157.847373673,0,0.000000
1648656157.871286215,0,0.000000
1648656157.895208527,0,0.006000
1648656157.918489934,0,0.000000
1648656157.941352090,0,0.000000
1648656157.961999036,0,0.000000
1648656157.984365373,0,0.000000
1648656158.005410348,0,0.003000
1648656158.028384499,0,0.000000
1648656158.049619328,0,0.000000
1648656158.071844557,0,0.000000
1648656158.092649891,0,0.000000
1648656158.113887208,0,0.000000
1648656158.137227912,0,0.000000
1648656158.159327876,0,0.000000
1648656158.182184152,0,0.000000
1648656158.201871264,0,0.004000
1648656158.224312685,0,0.000000
1648656158.246552262,0,0.000000
1648656158.268379937,0,0.000000
1648656158.290406742,0,0.000000
1648656158.312641515,0,0.000000
1648656158.334265079,0,0.000000
1648656158.356367227,0,0.000000
1648656158.377409821,0,0.000000
1648656158.400697040,0,0.000000
1648656158.423969163,0,0.000000
1648656158.445446651,1,0.010000
1648656158.466567227,0,0.003000
1648656158.488469336,0,0.000000
1648656158.509563431,0,0.000000
1648656158.529394700,0,0.001000
1648656158.551282924,0,0.000000
1648656158.573154256,0,0.001000
1648656158.595023091,0,0.000000
1648656158.616933592,0,0.000000
1648656158.637775737,1,0.001000
1648656158.657597773,0,0.000000
1648656158.680947351,0,0.000000
1648656158.700468337,0,0.000000
1648656158.723783543,0,0.003000
1648656158.745924664,0,0.000000
1648656158.768357142,1,0.005000
1648656158.788891727,0,0.000000
1648656158.809747291,0,0.000000
1648656158.832656930,0,0.000000
1648656158.855124146,0,0.000000
1648656158.875996385,0,0.000000
1648656158.897695990,0,0.000000
1648656158.919054915,0,0.009000
1648656158.940452896,0,0.000000
1648656158.962243478,0,0.000000
1648656158.982714607,0,0.000000
1648656159.004038184,0,0.000000
1648656159.025177713,0,0.000000
1648656159.046207484,0,0.015000
1648656159.066536404,0,0.000000
1648656159.087693108,0,0.000000
1648656159.109193132,0,0.000000
1648656159.130286546,0,0.000000
1648656159.151561039,0,0.000000
1648656159.171999651,0,0.000000
1648656159.193588879,0,0.004000
1648656159.215060817,0,0.000000
1648656159.236685256,0,0.004000
1648656159.256342998,0,0.008000
1648656159.276702112,0,0.000000
1648656159.299442319,0,0.000000
1648656159.319941985,0,0.000000
1648656159.341493200,1,0.000000
1648656159.363711619,0,0.011000
1648656159.385644552,0,0.000000
1648656159.406101601,0,0.000000
1648656159.428333627,0,0.000000
1648656159.449000975,0,0.000000
1648656159.469434424,0,0.000000
1648656159.489380908,0,0.000000
1648656159.509715827,0,0.000000
1648656159.531679116,1,0.006000
1648656159.552163121,0,0.000000
1648656159.573495364,0,0.000000
1648656159.595034006,0,0.000000
1648656159.615529587,1,0.000000
1648656159.638075867,0,0.000000
1648656159.659956580,0,0.000000
1648656159.679114039,0,0.000000
1648656159.699232644,0,0.000000
1648656159.721318883,0,0.000000
1648656159.741285420,0,0.000000
1648656159.762906711,0,0.000000
1648656159.784580607,0,0.011000
1648656159.805303216,0,0.000000
1648656159.827617001,0,0.007000
1648656159.851467557,0,0.000000
1648656159.872509382,0,0.000000
1648656159.894492411,0,0.000000
1648656159.916955664,1,0.000000
1648656159.938578676,0,0.000000
1648656159.961759605,0,0.000000
1648656159.981957955,0,0.000000
1648656160.002594133,1,0.000000
1648656160.024278810,0,0.000000
1648656160.045349821,0,0.000000
1648656160.067713198,0,0.000000
1648656160.090213972,0,0.000000
1648656160.110643045,0,0.000000
1648656160.130466757,1,0.000000
1648656160.151841929,0,0.000000
1648656160.172698006,0,0.007000
1648656160.194840817,0,0.000000
1648656160.219472577,0,0.000000
1648656160.241048109,0,0.000000
1648656160.262147093,0,0.000000
1648656160.283115699,0,0.000000
1648656160.303677225,1,0.000000
1648656160.324059249,0,0.001000
1648656160.344132384,0,0.000000
1648656160.364420687,0,0.000000
1648656160.385476926,0,0.000000
1648656160.405904954,1,0.000000
1648656160.427838036,0,0.000000
1648656160.448071688,0,0.000000
1648656160.469339694,0,0.000000
1648656160.490820701,0,0.000000
1648656160.513687898,0,0.000000
1648656160.536949412,0,0.000000
1648656160.559347813,0,0.000000
1648656160.581381104,2,0.008000
1648656160.601825124,0,0.000000
1648656160.622153315,0,0.000000
1648656160.645193272,0,0.006000
1648656160.666325744,0,0.000000
1648656160.687007262,0,0.000000
1648656160.707880474,0,0.000000
1648656160.730155003,0,0.000000
1648656160.750948695,0,0.005000
1648656160.772969157,0,0.000000
1648656160.794879478,0,0.000000
1648656160.815975717,1,0.000000
1648656160.837956133,0,0.000000
1648656160.859124824,0,0.000000
1648656160.881427721,0,0.000000
1648656160.903752485,0,0.000000
1648656160.924547381,0,0.005000
1648656160.944662307,0,0.000000
1648656160.965759539,0,0.013000
1648656160.988949893,0,0.000000
1648656161.009972122,0,0.000000
1648656161.032094283,0,0.000000
1648656161.053704760,0,0.001000
1648656161.074948026,0,0.018000
1648656161.096904272,0,0.000000
1648656161.116945348,0,0.014000
1648656161.138088358,0,0.000000
1648656161.160737701,0,0.000000
1648656161.182657196,0,0.000000
1648656161.203834724,0,0.000000
1648656161.225321466,0,0.000000
1648656161.248738170,0,0.000000
1648656161.269716709,0,0.003000
1648656161.292532774,0,0.002000
1648656161.314432890,0,0.000000
1648656161.333487389,0,0.006000
1648656161.355091785,0,0.000000
1648656161.376268058,0,0.000000
1648656161.398443114,0,0.000000
1648656161.420384025,0,0.000000
1648656161.441449587,0,0.000000
1648656161.463786079,0,0.000000
1648656161.487342528,0,0.000000
1648656161.507020267,0,0.003000
1648656161.528625859,0,0.000000
1648656161.548722281,0,0.000000
1648656161.569208596,0,0.000000
1648656161.591217224,0,0.000000
1648656161.614152992,0,0.000000
1648656161.633597108,0,0.009000
1648656161.654908107,0,0.000000
1648656161.675133880,0,0.000000
1648656161.698022122,0,0.000000
1648656161.723130212,0,0.000000
1648656161.746893678,0,0.000000
1648656161.766011117,0,0.003000
1648656161.787977034,0,0.000000
1648656161.808419143,1,0.000000
1648656161.829003557,0,0.000000
1648656161.850703854,0,0.003000
1648656161.871759280,0,0.000000
1648656161.893099438,0,0.000000
1648656161.913953787,0,0.000000
1648656161.935471552,0,0.000000
1648656161.956153147,0,0.000000
1648656161.978672536,0,0.000000
1648656162.000953261,0,0.008000
1648656162.020585804,0,0.009000
1648656162.039255730,0,0.002000
1648656162.062676056,0,0.005000
1648656162.083673409,0,0.000000
1648656162.105646970,0,0.000000
1648656162.127214333,0,0.000000
1648656162.148737394,0,0.000000
1648656162.170876118,0,0.000000
1648656162.191883010,0,0.000000
1648656162.212421833,0,0.005000
1648656162.235553155,0,0.004000
1648656162.256347811,0,0.000000
1648656162.278808618,0,0.000000
1648656162.301454710,0,0.007000
1648656162.323125660,0,0.000000
1648656162.343889083,0,0.000000
1648656162.366509470,0,0.000000
1648656162.389106330,0,0.000000
1648656162.408200289,0,0.000000
1648656162.429414168,0,0.001000
1648656162.450987561,0,0.003000
1648656162.473222478,0,0.000000
1648656162.494258517,0,0.000000
1648656162.517482172,0,0.000000
1648656162.537145606,0,0.000000
1648656162.559090079,0,0.000000
1648656162.581435756,1,0.000000
1648656162.601081555,0,0.000000
1648656162.621648311,0,0.004000
1648656162.643993736,0,0.004000
1648656162.664155035,0,0.000000
1648656162.686382256,0,0.000000
1648656162.707429146,0,0.000000
1648656162.727374426,0,0.000000
1648656162.748758228,1,0.010000
1648656162.769982812,0,0.000000
1648656162.791453298,0,0.011000
1648656162.812644682,0,0.000000
1648656162.834267423,0,0.000000
1648656162.858585150,0,0.000000
1648656162.879995094,0,0.000000
1648656162.902003802,0,0.000000
1648656162.924235298,0,0.000000
1648656162.946318544,0,0.000000
1648656162.969346003,0,0.000000
1648656162.990494770,0,0.000000
1648656163.013035604,0,0.000000
1648656163.034086147,0,0.000000
1648656163.054648058,0,0.000000
1648656163.075737736,0,0.009000
1648656163.098591379,0,0.000000
1648656163.120249353,0,0.004000
1648656163.141459266,0,0.000000
1648656163.162701993,0,0.000000
1648656163.183818207,0,0.000000
1648656163.205783828,1,0.000000
1648656163.228354126,0,0.000000
1648656163.247827788,1,0.000000
1648656163.268539463,0,0.000000
1648656163.290198855,0,0.000000
1648656163.311845564,0,0.000000
1648656163.333859607,0,0.004000
1648656163.357383709,0,0.007000
1648656163.379974178,0,0.000000
1648656163.400872853,0,0.005000
1648656163.422319955,0,0.000000
1648656163.443442792,0,0.000000
1648656163.464508684,0,0.000000
1648656163.486123617,0,0.000000
1648656163.508640490,0,0.005000
1648656163.531123126,0,0.000000
1648656163.554242965,0,0.000000
1648656163.575334160,2,0.010000
1648656163.597149485,0,0.000000
1648656163.620025612,0,0.000000
1648656163.641447822,0,0.000000
1648656163.661642234,0,0.000000
1648656163.684176414,0,0.001000
1648656163.706651528,0,0.000000
1648656163.728410170,0,0.000000
1648656163.750141343,0,0.000000
1648656163.771962645,0,0.000000
1648656163.793429260,0,0.000000
1648656163.813463021,0,0.004000
1648656163.833124386,0,0.000000
1648656163.854253468,0,0.000000
1648656163.875829633,0,0.000000
1648656163.895960218,0,0.001000
1648656163.917114210,0,0.000000
1648656163.939966168,1,0.000000
1648656163.961633118,0,0.000000
1648656163.981868464,0,0.004000
1648656164.003248100,0,0.000000
1648656164.025906962,0,0.000000
1648656164.048317334,0,0.000000
1648656164.071970017,0,0.000000
1648656164.095197613,0,0.000000
1648656164.114774854,1,0.000000
1648656164.135797330,0,0.000000
1648656164.157005077,0,0.000000
1648656164.177368592,0,0.000000
1648656164.199706252,0,0.000000
1648656164.221640418,1,0.000000
1648656164.243813357,0,0.000000
1648656164.266405412,0,0.000000
1648656164.288068020,0,0.007000
1648656164.310073418,0,0.000000
1648656164.331130933,0,0.011000
1648656164.352314200,0,0.000000
1648656164.373165221,0,0.000000
1648656164.395337931,0,0.007000
1648656164.416907628,0,0.000000
1648656164.436438183,0,0.000000
1648656164.459053224,0,0.000000
1648656164.482663048,0,0.010000
1648656164.502678321,0,0.000000
1648656164.522299879,0,0.001000
1648656164.543844815,0,0.000000
1648656164.566031527,0,0.000000
1648656164.586952072,1,0.011000
1648656164.609257075,0,0.000000
1648656164.630653554,0,0.000000
1648656164.654209948,0,0.000000
1648656164.676781320,0,0.000000
1648656164.700026888,0,0.000000
1648656164.719999862,0,0.000000
1648656164.741228761,0,0.000000
1648656164.761126848,0,0.005000
1648656164.781715029,0,0.000000
1648656164.804581723,0,0.000000
1648656164.825158784,1,0.005000
1648656164.846033738,0,0.004000
1648656164.868658754,0,0.000000
1648656164.890829105,0,0.003000
1648656164.911959143,0,0.000000
1648656164.933595026,0,0.000000
1648656164.954797004,0,0.000000
1648656164.977086623,0,0.000000
1648656164.998366359,0,0.000000
1648656165.018484522,0,0.000000
1648656165.040368825,0,0.000000
1648656165.061795050,0,0.014000
1648656165.082476064,0,0.000000
1648656165.106010916,0,0.000000
1648656165.128841029,0,0.000000
1648656165.151398315,0,0.000000
1648656165.173232600,0,0.000000
1648656165.195095923,1,0.000000
1648656165.217277347,0,0.001000
1648656165.239052623,0,0.000000
1648656165.261626920,0,0.000000
1648656165.284014839,0,0.000000
1648656165.304026820,0,0.000000
1648656165.323384396,0,0.000000
1648656165.344785598,0,0.000000
1648656165.367288168,0,0.000000
1648656165.388382248,0,0.000000
1648656165.410022454,0,0.000000
1648656165.432213214,0,0.000000
1648656165.454241079,0,0.000000
1648656165.475692236,0,0.000000
1648656165.494236474,0,0.000000
1648656165.515470155,0,0.000000
1648656165.537912303,0,0.004000
1648656165.558940233,0,0.005000
1648656165.579224666,1,0.013000
1648656165.601423991,0,0.001000
1648656165.623022633,0,0.000000
1648656165.642942257,0,0.000000
1648656165.662793708,0,0.000000
1648656165.685286937,0,0.000000
1648656165.707247934,0,0.000000
1648656165.728215552,0,0.000000
1648656165.751097051,0,0.000000
1648656165.772946578,0,0.000000
1648656165.794199490,0,0.000000
1648656165.816356770,0,0.000000
1648656165.837727816,0,0.000000
1648656165.860688356,0,0.000000
1648656165.880754298,0,0.000000
1648656165.901681629,0,0.000000
1648656165.922807883,0,0.000000
1648656165.944483052,1,0.000000
1648656165.967134525,0,0.000000
1648656165.987022849,0,0.000000
1648656166.009885290,0,0.004000
1648656166.031405861,0,0.000000
1648656166.052313276,1,0.000000
1648656166.073732304,0,0.000000
1648656166.096076410,0,0.000000
1648656166.117971430,0,0.000000
1648656166.138665341,0,0.000000
1648656166.160650726,0,0.000000
1648656166.182749977,0,0.000000
1648656166.205253762,0,0.000000
1648656166.226646894,0,0.002000
1648656166.247111785,0,0.013000
1648656166.268333754,0,0.000000
1648656166.288810873,0,0.000000
1648656166.309541419,0,0.000000
1648656166.331156587,0,0.000000
1648656166.353954291,0,0.000000
1648656166.374421555,0,0.000000
1648656166.397464790,1,0.004000
1648656166.417978965,0,0.000000
1648656166.439745521,0,0.000000
1648656166.461859434,0,0.000000
1648656166.481770807,1,0.004000
1648656166.504685264,0,0.000000
1648656166.526547996,1,0.005000
1648656166.547747709,0,0.000000
1648656166.567996275,0,0.000000
1648656166.587783032,0,0.000000
1648656166.609692932,0,0.000000
1648656166.631723623,0,0.003000
1648656166.653712743,0,0.000000
1648656166.675798205,0,0.005000
1648656166.696992803,0,0.000000
1648656166.719474660,0,0.000000
1648656166.739779191,0,0.019000
1648656166.762190654,0,0.000000
1648656166.783082799,0,0.009000
1648656166.804556948,0,0.000000
1648656166.825507467,0,0.000000
1648656166.849506816,0,0.000000
1648656166.871877544,0,0.000000
1648656166.891783886,0,0.000000
1648656166.915059559,0,0.000000
1648656166.936435962,0,0.000000
1648656166.956837757,0,0.004000
1648656166.977988420,0,0.000000
1648656167.000404704,0,0.000000
1648656167.022211675,0,0.005000
1648656167.044427591,0,0.000000
1648656167.066057908,0,0.000000
1648656167.087578025,0,0.000000
1648656167.109325029,0,0.000000
1648656167.131405047,0,0.005000
1648656167.152387751,0,0.000000
1648656167.173827680,0,0.001000
1648656167.196574048,0,0.000000
1648656167.218169296,0,0.012000
1648656167.240063025,0,0.000000
1648656167.261560600,0,0.000000
1648656167.284933223,1,0.000000
1648656167.306385235,0,0.000000
1648656167.329255594,0,0.000000
1648656167.350884711,1,0.000000
1648656167.373224154,0,0.000000
1648656167.394274405,0,0.005000
1648656167.416325463,0,0.014000
1648656167.436058421,0,0.000000
1648656167.457383427,1,0.011000
1648656167.480749006,0,0.000000
1648656167.503946060,0,0.000000
1648656167.526707954,0,0.003000
1648656167.548792806,0,0.000000
1648656167.569997483,0,0.000000
1648656167.591588479,0,0.000000
1648656167.612947961,0,0.000000
1648656167.636338500,0,0.000000
1648656167.658248918,0,0.001000
1648656167.678496959,0,0.000000
1648656167.700218477,0,0.000000
1648656167.723679718,0,0.000000
1648656167.745868957,0,0.000000
1648656167.766296684,0,0.000000
1648656167.787895218,0,0.004000
1648656167.810415833,0,0.000000
1648656167.833006167,0,0.000000
1648656167.855900094,3,0.028000
1648656167.878149261,1,0.000000
1648656167.900010340,1,0.011000
1648656167.920041204,0,0.000000
1648656167.942208972,0,0.000000
1648656167.963856512,0,0.000000
1648656167.986038651,0,0.000000
1648656168.009313973,0,0.000000
1648656168.032411506,0,0.004000
1648656168.054798411,0,0.000000
1648656168.076800700,0,0.000000
1648656168.098617962,0,0.000000
1648656168.120082758,0,0.000000
1648656168.142196971,0,0.011000
1648656168.162810110,0,0.000000
1648656168.183923104,1,0.000000
1648656168.205948089,0,0.013000
1648656168.226252582,0,0.000000
1648656168.247401572,0,0.010000
1648656168.268341745,1,0.000000
1648656168.290131591,0,0.000000
1648656168.311187767,0,0.000000
1648656168.331358562,0,0.010000
1648656168.353579328,0,0.000000
1648656168.374124084,0,0.006000
1648656168.394015492,1,0.010000
1648656168.415603092,0,0.000000
1648656168.435961916,0,0.005000
1648656168.458810550,0,0.000000
1648656168.480653654,0,0.000000
1648656168.501354804,0,0.000000
1648656168.521568498,1,0.000000
1648656168.542206797,0,0.000000
1648656168.563392074,0,0.000000
1648656168.585788653,0,0.000000
1648656168.607926242,0,0.000000
1648656168.629710008,0,0.001000
1648656168.651446712,0,0.000000
1648656168.673323663,0,0.005000
1648656168.695249439,0,0.000000
1648656168.715733160,0,0.004000
1648656168.736534778,0,0.000000
1648656168.758691716,0,0.000000
1648656168.780433698,0,0.005000
1648656168.801801583,0,0.000000
1648656168.822343907,0,0.000000
1648656168.844044663,0,0.000000
1648656168.866355410,1,0.015000
1648656168.888305429,0,0.003000
1648656168.911413302,1,0.000000
1648656168.931013765,0,0.000000
1648656168.952778483,0,0.000000
1648656168.972310369,0,0.000000
1648656168.993333914,1,0.000000
1648656169.015812466,0,0.000000
1648656169.037010459,0,0.000000
1648656169.058372842,0,0.003000
1648656169.080123970,0,0.000000
1648656169.100102296,0,0.000000
1648656169.121485299,0,0.000000
1648656169.141262128,0,0.000000
1648656169.162217075,0,0.000000
1648656169.183094305,0,0.000000
1648656169.204850167,1,0.004000
1648656169.226029385,0,0.001000
1648656169.246648384,0,0.000000
1648656169.268047894,0,0.000000
1648656169.288890069,0,0.000000
1648656169.309463076,0,0.000000
1648656169.329972532,0,0.000000
1648656169.351623514,0,0.000000
1648656169.373945709,0,0.006000
1648656169.394831349,0,0.000000
1648656169.416789608,0,0.000000
1648656169.439713310,0,0.000000
1648656169.462536767,0,0.004000
1648656169.485218006,0,0.004000
1648656169.505648519,0,0.000000
1648656169.526227109,1,0.006000
1648656169.546184784,0,0.003000
1648656169.568057376,0,0.000000
1648656169.589382705,0,0.000000
1648656169.610325759,0,0.000000
1648656169.633144229,0,0.000000
1648656169.657242322,1,0.004000
1648656169.681402282,0,0.000000
1648656169.703644384,0,0.000000
1648656169.724649269,0,0.000000
1648656169.747338257,0,0.000000
1648656169.768035742,0,0.001000
1648656169.789123402,0,0.000000
1648656169.811660074,1,0.000000
1648656169.832253200,0,0.000000
1648656169.853073078,0,0.000000
1648656169.872167644,0,0.000000
1648656169.892376975,0,0.000000
1648656169.913774304,0,0.000000
1648656169.936102573,0,0.011000
1648656169.958987145,0,0.000000
1648656169.978812666,0,0.000000
1648656170.001391681,0,0.001000
1648656170.023012406,0,0.000000
1648656170.044565895,0,0.001000
1648656170.064779667,1,0.000000
1648656170.087613360,0,0.000000
1648656170.109137837,0,0.001000
1648656170.130747889,0,0.000000
1648656170.154116428,0,0.000000
1648656170.173841935,0,0.000000
1648656170.193094500,0,0.000000
1648656170.215350286,0,0.000000
1648656170.237462276,0,0.000000
1648656170.259649384,0,0.006000
1648656170.281136728,0,0.003000
1648656170.302397317,0,0.004000
1648656170.325250403,0,0.000000
1648656170.346367519,0,0.000000
1648656170.367919728,0,0.000000
1648656170.389840764,0,0.004000
1648656170.410505905,0,0.002000
1648656170.432355723,0,0.000000
1648656170.453392562,0,0.000000
1648656170.474710450,1,0.000000
1648656170.496385893,0,0.000000
1648656170.518336277,0,0.000000
1648656170.538873732,0,0.000000
1648656170.559491365,0,0.000000
1648656170.580943625,0,0.000000
1648656170.601219681,0,0.000000
1648656170.622968413,0,0.000000
1648656170.643994136,0,0.000000
1648656170.665508633,0,0.000000
1648656170.687398574,0,0.000000
1648656170.708753638,0,0.000000
1648656170.729867481,0,0.000000
1648656170.751282957,0,0.000000
1648656170.771964701,1,0.013000
1648656170.793532505,0,0.000000
1648656170.815379408,0,0.000000
1648656170.834959788,0,0.000000
1648656170.855391394,0,0.000000
1648656170.877548436,1,0.004000
1648656170.898475851,0,0.000000
1648656170.919996512,0,0.000000
1648656170.941075972,0,0.000000
1648656170.962417778,0,0.000000
1648656170.983885642,0,0.000000
1648656171.005548682,0,0.009000
1648656171.026930695,0,0.000000
1648656171.048200486,0,0.000000
1648656171.070420974,0,0.003000
1648656171.092122664,0,0.000000
1648656171.113186208,0,0.000000
1648656171.134531877,1,0.000000
1648656171.156168255,0,0.000000
1648656171.176955994,0,0.000000
1648656171.197874248,0,0.000000
1648656171.220130960,0,0.000000
1648656171.240856013,0,0.006000
1648656171.261873072,0,0.013000
1648656171.283826348,0,0.000000
1648656171.304990441,0,0.000000
1648656171.326700184,0,0.001000
1648656171.348293940,0,0.000000
1648656171.369479537,1,0.000000
1648656171.390474915,0,0.000000
1648656171.412433932,0,0.000000
1648656171.433239481,0,0.000000
1648656171.453657324,0,0.000000
1648656171.474507772,0,0.000000
1648656171.496911012,0,0.000000
1648656171.516743878,0,0.003000
1648656171.539739577,0,0.011000
1648656171.560557276,0,0.000000
1648656171.581835702,0,0.000000
1648656171.604589115,0,0.005000
1648656171.625466548,0,0.005000
1648656171.647686582,0,0.000000
1648656171.669673520,0,0.000000
1648656171.692935841,0,0.005000
1648656171.714357294,0,0.000000
1648656171.735565125,0,0.000000
1648656171.755986161,0,0.000000
1648656171.778336555,0,0.000000
1648656171.798036306,0,0.000000
1648656171.818156627,0,0.000000
1648656171.840604054,0,0.006000
1648656171.863347859,0,0.000000
1648656171.883795944,0,0.000000
1648656171.905672372,0,0.007000
1648656171.928337107,0,0.000000
1648656171.948857629,1,0.000000
1648656171.972305579,0,0.000000
1648656171.993508892,0,0.003000
1648656172.015769859,0,0.000000
1648656172.036034646,0,0.000000
1648656172.056944979,0,0.000000
1648656172.076240290,0,0.000000
1648656172.098168691,0,0.000000
1648656172.119990267,0,0.000000
1648656172.140612853,0,0.000000
1648656172.160432003,0,0.000000
1648656172.181741217,0,0.005000
1648656172.202832241,0,0.000000
1648656172.223996058,0,0.000000
1648656172.245411378,0,0.000000
1648656172.266050467,0,0.001000
1648656172.287961510,0,0.001000
1648656172.309683927,0,0.000000
1648656172.330247271,0,0.004000
1648656172.351371293,0,0.000000
1648656172.372619988,0,0.000000
1648656172.394399321,0,0.000000
1648656172.414402953,1,0.000000
1648656172.435959379,0,0.000000
1648656172.456229294,0,0.000000
1648656172.478112397,0,0.009000
1648656172.499928648,0,0.000000
1648656172.519170916,0,0.012000
1648656172.541251950,0,0.000000
1648656172.563905773,0,0.010000
1648656172.584910172,0,0.000000
1648656172.608438648,0,0.000000
1648656172.629494203,1,0.010000
1648656172.649246166,0,0.000000
1648656172.671713170,0,0.000000
1648656172.693385561,0,0.000000
1648656172.714595980,0,0.000000
1648656172.735881117,0,0.000000
1648656172.756527852,0,0.000000
1648656172.778415073,0,0.000000
1648656172.800325526,0,0.000000
1648656172.821371100,0,0.000000
1648656172.841588719,0,0.000000
1648656172.862875677,1,0.010000
1648656172.884148311,0,0.000000
1648656172.904489755,1,0.005000
1648656172.923704507,0,0.000000
1648656172.944965783,0,0.000000
1648656172.965526320,0,0.000000
1648656172.986207067,0,0.000000
1648656173.007039654,0,0.000000
1648656173.025842621,0,0.000000
1648656173.045598644,0,0.000000
1648656173.068851043,0,0.000000
1648656173.090977566,1,0.012000
1648656173.112540878,0,0.000000
1648656173.132687821,1,0.000000
1648656173.152881024,0,0.000000
1648656173.175580051,0,0.000000
1648656173.196607810,0,0.000000
1648656173.217471051,0,0.006000
1648656173.239753267,0,0.000000
1648656173.261588333,0,0.000000
1648656173.283431972,0,0.000000
1648656173.305016435,0,0.000000
1648656173.325009101,0,0.000000
1648656173.346716640,0,0.000000
1648656173.367377161,0,0.000000
1648656173.389838232,0,0.003000
1648656173.411321383,0,0.000000
1648656173.432864407,0,0.000000
1648656173.452703997,0,0.000000
1648656173.474806409,0,0.000000
1648656173.496047779,1,0.000000
1648656173.517492691,0,0.000000
1648656173.538479455,0,0.000000
1648656173.561321171,0,0.000000
1648656173.582900355,0,0.000000
1648656173.604170718,0,0.000000
1648656173.626233319,1,0.007000
1648656173.648723664,1,0.000000
1648656173.670642372,0,0.000000
1648656173.691070019,1,0.012000
1648656173.713907319,0,0.000000
1648656173.735040208,0,0.000000
1648656173.754423384,0,0.000000
1648656173.774333770,0,0.000000
1648656173.796651664,0,0.000000
1648656173.818182117,0,0.009000
1648656173.839578897,0,0.000000
1648656173.861448697,0,0.000000
1648656173.882231380,0,0.000000
1648656173.903473476,0,0.000000
1648656173.923121108,0,0.000000
1648656173.944896693,0,0.000000
1648656173.966057556,0,0.000000
1648656173.987398237,0,0.000000
1648656174.007979261,0,0.000000
1648656174.029127464,0,0.000000
1648656174.048240757,1,0.021000
1648656174.070179278,0,0.000000
1648656174.092152381,0,0.000000
1648656174.113119065,0,0.000000
1648656174.134447233,1,0.000000
1648656174.154842535,0,0.000000
1648656174.175956669,0,0.000000
1648656174.195162271,0,0.000000
1648656174.215017988,0,0.001000
1648656174.236693536,0,0.000000
1648656174.258851239,0,0.000000
1648656174.280887016,0,0.000000
1648656174.302920515,0,0.000000
1648656174.322469054,0,0.000000
1648656174.344300081,0,0.000000
1648656174.367114127,1,0.000000
1648656174.389079210,0,0.000000
1648656174.410531025,0,0.000000
1648656174.431680643,0,0.000000
1648656174.455502925,1,0.000000
1648656174.477578502,0,0.000000
1648656174.499071460,0,0.000000
1648656174.520647192,0,0.000000
1648656174.542236766,0,0.000000
1648656174.563123594,0,0.000000
1648656174.586094183,1,0.001000
1648656174.608078010,0,0.000000
1648656174.628372218,0,0.000000
1648656174.649926307,0,0.000000
1648656174.671210690,0,0.000000
1648656174.693709883,1,0.000000
1648656174.717054877,0,0.004000
1648656174.740912571,0,0.000000
1648656174.765017126,0,0.000000
1648656174.784412169,0,0.000000
1648656174.804240296,0,0.000000
1648656174.822851134,0,0.000000
1648656174.843642293,0,0.000000
1648656174.864684406,0,0.000000
1648656174.885956222,1,0.000000
1648656174.908210048,1,0.002000
1648656174.930815594,1,0.000000
1648656174.950385272,0,0.000000
1648656174.971756336,0,0.000000
1648656174.993780699,0,0.005000
1648656175.016205341,0,0.006000
1648656175.039179470,0,0.000000
1648656175.062600132,0,0.009000
1648656175.083157937,0,0.000000
1648656175.105306845,0,0.000000
1648656175.126655247,0,0.000000
1648656175.149075180,0,0.000000
1648656175.169733286,0,0.000000
1648656175.192339758,0,0.000000
1648656175.213890968,0,0.000000
1648656175.235100216,1,0.000000
1648656175.256783681,0,0.000000
1648656175.277710763,0,0.000000
1648656175.299532896,0,0.000000
1648656175.320218499,0,0.000000
1648656175.340500029,0,0.000000
1648656175.363364525,0,0.000000
1648656175.387173115,0,0.000000
1648656175.409733268,0,0.000000
1648656175.430502721,0,0.000000
1648656175.453121258,0,0.000000
1648656175.475340455,0,0.000000
1648656175.495320518,0,0.000000
1648656175.515740520,0,0.000000
1648656175.535545036,1,0.000000
1648656175.556612792,0,0.000000
1648656175.577300040,0,0.005000
1648656175.599559550,0,0.000000
1648656175.621369261,0,0.000000
1648656175.642563113,0,0.000000
1648656175.663889898,0,0.006000
1648656175.685369592,0,0.000000
1648656175.707263945,0,0.000000
1648656175.729392140,0,0.000000
1648656175.749310481,0,0.027000
1648656175.772104926,0,0.001000
1648656175.794066954,0,0.005000
1648656175.815965464,0,0.000000
1648656175.837812942,0,0.004000
1648656175.858885577,0,0.000000
1648656175.879659588,0,0.000000
1648656175.900263274,0,0.000000
1648656175.920926309,0,0.000000
1648656175.942727542,0,0.004000
1648656175.963698906,0,0.000000
1648656175.986192869,1,0.000000
1648656176.006832676,0,0.001000
1648656176.027100689,0,0.000000
1648656176.048855097,0,0.000000
1648656176.069956402,0,0.000000
1648656176.090168991,1,0.000000
1648656176.111729056,0,0.000000
1648656176.133044201,1,0.001000
1648656176.153910155,0,0.000000
1648656176.175407441,0,0.002000
1648656176.196908470,0,0.000000
1648656176.218440523,0,0.000000
1648656176.240664636,0,0.000000
1648656176.261834389,0,0.000000
1648656176.282580547,0,0.000000
1648656176.303973516,0,0.000000
1648656176.325915527,0,0.000000
1648656176.346457023,1,0.000000
1648656176.367580749,0,0.000000
1648656176.388650467,0,0.000000
1648656176.409533039,0,0.000000
1648656176.430939647,0,0.000000
1648656176.453340361,0,0.000000
1648656176.475819240,0,0.000000
1648656176.499121681,0,0.000000
1648656176.519756090,0,0.000000
1648656176.541166713,0,0.000000
1648656176.561941723,0,0.000000
1648656176.585254009,0,0.000000
1648656176.607473598,0,0.000000
1648656176.630895615,0,0.000000
1648656176.653879737,0,0.001000
1648656176.674609701,0,0.000000
1648656176.696082965,0,0.000000
1648656176.718966776,1,0.011000
1648656176.739715242,1,0.009000
1648656176.762036530,0,0.000000
1648656176.782306331,0,0.000000
1648656176.803631019,0,0.000000
1648656176.827039153,2,0.031000
1648656176.848249692,0,0.000000
1648656176.870020158,0,0.000000
1648656176.889813449,0,0.000000
1648656176.912946322,0,0.007000
1648656176.933841075,0,0.000000
1648656176.956249045,0,0.000000
1648656176.978133561,0,0.000000
1648656177.000178463,0,0.000000
1648656177.020866056,0,0.000000
1648656177.042070576,0,0.000000
1648656177.064023886,0,0.005000
1648656177.085927192,0,0.000000
1648656177.107142010,0,0.000000
1648656177.127547890,0,0.000000
1648656177.148528085,0,0.000000
1648656177.169605225,0,0.004000
1648656177.191329818,0,0.000000
1648656177.212385199,0,0.000000
1648656177.233532548,0,0.000000
1648656177.256457945,0,0.000000
1648656177.276131143,0,0.000000
1648656177.296814864,0,0.000000
1648656177.317367074,0,0.009000
1648656177.337665652,0,0.001000
1648656177.359467190,0,0.000000
1648656177.381439857,0,0.000000
1648656177.404113850,0,0.000000
1648656177.427104106,0,0.000000
1648656177.448941327,0,0.005000
1648656177.470614772,0,0.000000
1648656177.493511222,0,0.000000
1648656177.515995386,0,0.000000
1648656177.536132888,0,0.006000
1648656177.558049816,0,0.000000
1648656177.578863752,0,0.000000
1648656177.600484751,0,0.001000
1648656177.622727864,0,0.000000
1648656177.643979724,0,0.012000
1648656177.664109518,0,0.000000
1648656177.685859777,0,0.001000
1648656177.706311586,0,0.000000
1648656177.728427867,0,0.000000
1648656177.749608982,0,0.000000
1648656177.773248701,0,0.000000
1648656177.793647875,0,0.000000
1648656177.813207939,0,0.000000
1648656177.834196181,0,0.000000
1648656177.856975624,0,0.006000
1648656177.879461037,0,0.008000
1648656177.900140492,1,0.004000
1648656177.923019852,0,0.000000
1648656177.944974928,0,0.000000
1648656177.965199818,0,0.000000
1648656177.988197935,0,0.000000
1648656178.010745364,0,0.000000
1648656178.032225512,0,0.000000
1648656178.051420089,0,0.000000
1648656178.073046805,0,0.006000
1648656178.093648863,1,0.000000
1648656178.115117366,0,0.000000
1648656178.135266319,0,0.000000
1648656178.156386683,0,0.000000
1648656178.178181051,0,0.000000
1648656178.199580771,0,0.000000
1648656178.219951404,0,0.012000
1648656178.242208134,0,0.000000
1648656178.263869591,0,0.000000
1648656178.284239981,0,0.000000
1648656178.305115796,0,0.000000
1648656178.325662101,0,0.000000
1648656178.347443287,0,0.000000
1648656178.369147822,0,0.000000
1648656178.390755370,1,0.007000
1648656178.411208775,0,0.000000
1648656178.433482437,0,0.000000
1648656178.454556782,0,0.000000
1648656178.476158664,0,0.011000
1648656178.496698868,0,0.004000
1648656178.518625632,0,0.000000
1648656178.538814164,0,0.000000
1648656178.560316979,0,0.000000
1648656178.582473214,0,0.000000
1648656178.603658235,0,0.000000
1648656178.624832219,0,0.000000
1648656178.645358338,0,0.010000
1648656178.666715408,0,0.000000
1648656178.687971220,0,0.000000
1648656178.709058665,0,0.005000
1648656178.732115579,0,0.000000
1648656178.751997773,0,0.000000
1648656178.772121425,0,0.000000
1648656178.794345610,0,0.000000
1648656178.814290128,0,0.000000
1648656178.835688023,0,0.000000
1648656178.858716248,0,0.009000
1648656178.880763104,0,0.000000
1648656178.903561610,0,0.000000
1648656178.925283966,0,0.000000
1648656178.946472927,1,0.000000
1648656178.967430928,0,0.000000
1648656178.989593070,0,0.000000
1648656179.009982449,1,0.000000
1648656179.030710708,1,0.004000
1648656179.051686423,0,0.000000
1648656179.073774189,0,0.007000
1648656179.095729256,0,0.000000
1648656179.116467142,0,0.000000
1648656179.138267732,0,0.000000
1648656179.159028062,0,0.000000
1648656179.179817148,0,0.000000
1648656179.200332308,0,0.000000
1648656179.222225346,0,0.000000
1648656179.243946408,0,0.000000
1648656179.266443697,0,0.008000
1648656179.290212853,0,0.000000
1648656179.310529729,1,0.002000
1648656179.330919298,0,0.000000
1648656179.353229988,0,0.000000
1648656179.375096873,0,0.000000
1648656179.397445838,0,0.000000
1648656179.419220552,0,0.000000
1648656179.441494184,0,0.005000
1648656179.463817933,0,0.001000
1648656179.485879604,0,0.010000
1648656179.508129931,0,0.000000
1648656179.529738342,0,0.000000
1648656179.548889161,0,0.000000
1648656179.571275763,0,0.000000
1648656179.591821071,0,0.000000
1648656179.613554460,1,0.000000
1648656179.633605907,0,0.000000
1648656179.654603840,0,0.000000
1648656179.675577529,0,0.004000
1648656179.697543682,0,0.000000
1648656179.717932859,1,0.001000
1648656179.739786685,0,0.000000
1648656179.761348932,0,0.000000
1648656179.782901074,1,0.016000
1648656179.804838119,0,0.000000
1648656179.826920422,0,0.000000
1648656179.848142024,0,0.000000
1648656179.869337472,1,0.004000
1648656179.890614038,0,0.000000
1648656179.913387062,0,0.000000
1648656179.935478770,0,0.009000
1648656179.956927355,0,0.000000
1648656179.976921735,1,0.002000
1648656179.997430293,0,0.000000
1648656180.018422033,0,0.000000
1648656180.039069658,0,0.000000
1648656180.058906528,0,0.004000
1648656180.081005077,1,0.000000
1648656180.102118658,0,0.000000
1648656180.122015644,0,0.000000
1648656180.143509636,0,0.000000
1648656180.164807559,0,0.003000
1648656180.183928495,0,0.008000
1648656180.205904110,0,0.006000
1648656180.227139727,0,0.000000
1648656180.247162229,0,0.000000
1648656180.269484181,0,0.000000
1648656180.290037215,0,0.007000
1648656180.310315992,0,0.000000
1648656180.332254850,0,0.000000
1648656180.355588500,1,0.000000
1648656180.377656371,0,0.000000
1648656180.398023948,0,0.000000
1648656180.420076811,0,0.002000
1648656180.441141678,1,0.000000
1648656180.463598780,0,0.000000
1648656180.485131083,0,0.004000
1648656180.505578132,0,0.000000
1648656180.527251523,0,0.000000
1648656180.547852544,0,0.000000
1648656180.567627404,0,0.000000
1648656180.588369759,0,0.000000
1648656180.610023592,0,0.000000
1648656180.630891669,0,0.000000
1648656180.652995381,0,0.000000
1648656180.672910988,0,0.000000
1648656180.694203269,0,0.000000
1648656180.716392185,0,0.000000
1648656180.740290385,0,0.000000
1648656180.762982971,0,0.000000
1648656180.783252236,0,0.000000
1648656180.802155098,0,0.003000
1648656180.824128072,0,0.000000
1648656180.845463494,0,0.008000
1648656180.867870229,0,0.000000
1648656180.890011323,0,0.000000
1648656180.913061284,0,0.015000
1648656180.934473713,0,0.000000
1648656180.955115060,0,0.000000
1648656180.976866050,1,0.000000
1648656180.998571593,0,0.012000
1648656181.018871877,0,0.000000
1648656181.039723397,0,0.000000
1648656181.062374983,0,0.000000
1648656181.082173222,0,0.001000
1648656181.104015841,1,0.007000
1648656181.125169846,0,0.000000
1648656181.144615118,0,0.000000
1648656181.165245053,0,0.012000
1648656181.189984032,0,0.000000
1648656181.210756030,1,0.007000
1648656181.233160266,1,0.009000
1648656181.253749795,0,0.000000
1648656181.275386407,0,0.003000
1648656181.297869709,0,0.006000
1648656181.320530170,0,0.000000
1648656181.342586134,1,0.000000
1648656181.364478731,0,0.001000
1648656181.386380537,0,0.000000
1648656181.407507829,0,0.000000
1648656181.430686519,0,0.006000
1648656181.451197497,0,0.000000
1648656181.472194683,0,0.000000
1648656181.492541452,0,0.000000
1648656181.513928550,0,0.000000
1648656181.533848167,0,0.000000
1648656181.555464203,0,0.000000
1648656181.578198957,0,0.000000
1648656181.600741713,0,0.001000
1648656181.622877163,1,0.000000
1648656181.646334235,0,0.000000
1648656181.668257183,0,0.001000
1648656181.690471010,0,0.000000
1648656181.711356456,0,0.000000
1648656181.730142400,0,0.000000
1648656181.751864681,1,0.000000
1648656181.772574351,0,0.000000
1648656181.795249682,0,0.000000
1648656181.816460692,0,0.009000
1648656181.838426747,1,0.000000
1648656181.860116565,0,0.001000
1648656181.881073500,0,0.001000
1648656181.902281637,0,0.000000
1648656181.924138853,0,0.004000
1648656181.944148431,0,0.000000
1648656181.966961376,0,0.000000
1648656181.989595128,0,0.000000
1648656182.009812454,0,0.000000
1648656182.030378614,0,0.000000
1648656182.051959357,0,0.000000
1648656182.075285101,0,0.000000
1648656182.097157477,0,0.001000
1648656182.118102088,1,0.003000
1648656182.140436510,0,0.000000
1648656182.163771483,0,0.000000
1648656182.186056697,0,0.000000
1648656182.207242851,1,0.001000
1648656182.228563300,0,0.000000
1648656182.251379182,0,0.000000
1648656182.274053542,0,0.000000
1648656182.295374350,0,0.004000
1648656182.318018707,0,0.000000
1648656182.339765055,1,0.000000
1648656182.359824685,1,0.009000
1648656182.381247489,0,0.000000
1648656182.403957488,0,0.000000
1648656182.426140936,0,0.000000
1648656182.446815317,0,0.000000
1648656182.466267367,0,0.000000
1648656182.487882180,0,0.015000
1648656182.510445697,0,0.000000
1648656182.533375588,0,0.000000
1648656182.555984456,0,0.014000
1648656182.578783469,0,0.012000
1648656182.600194362,0,0.003000
1648656182.621766641,0,0.012000
1648656182.643981206,0,0.000000
1648656182.665234275,1,0.000000
1648656182.687848952,0,0.000000
1648656182.709493693,0,0.008000
1648656182.731004206,0,0.000000
1648656182.752856369,0,0.000000
1648656182.775134679,0,0.000000
1648656182.795365360,0,0.000000
1648656182.817743040,0,0.000000
1648656182.838829048,0,0.000000
1648656182.860767030,0,0.000000
1648656182.882974104,0,0.000000
1648656182.905374504,0,0.000000
1648656182.927432501,0,0.000000
1648656182.950734671,0,0.000000
1648656182.971166133,0,0.000000
1648656182.992349460,0,0.000000
1648656183.014757750,1,0.011000
1648656183.036845387,0,0.000000
1648656183.058504561,0,0.000000
1648656183.079423282,1,0.004000
1648656183.100921101,0,0.000000
1648656183.121480424,0,0.000000
1648656183.143183042,1,0.000000
1648656183.165250510,0,0.000000
1648656183.188697308,0,0.000000
1648656183.211496653,0,0.000000
1648656183.233864128,0,0.000000
1648656183.257149356,0,0.000000
1648656183.278324498,0,0.000000
1648656183.299040567,0,0.000000
1648656183.319776900,0,0.000000
1648656183.340010400,0,0.001000
1648656183.361456522,0,0.000000
1648656183.383399914,0,0.000000
1648656183.403988199,0,0.000000
1648656183.425608013,0,0.000000
1648656183.448318002,0,0.000000
1648656183.470189728,0,0.000000
1648656183.492157418,0,0.000000
1648656183.514757088,0,0.000000
1648656183.536860506,0,0.010000
1648656183.557761131,0,0.000000
1648656183.582385975,0,0.000000
1648656183.606357897,0,0.000000
1648656183.625897034,0,0.000000
1648656183.647186892,0,0.000000
1648656183.669245083,1,0.000000
1648656183.690779519,0,0.001000
1648656183.714343166,1,0.000000
1648656183.735917234,1,0.000000
1648656183.757969567,0,0.000000
1648656183.778055309,0,0.000000
1648656183.798352113,0,0.000000
1648656183.817249096,0,0.000000
1648656183.838444068,0,0.000000
1648656183.858129001,0,0.000000
1648656183.880799681,0,0.000000
1648656183.902760120,0,0.000000
1648656183.925071459,0,0.000000
1648656183.945349723,0,0.000000
1648656183.966758344,1,0.006000
1648656183.987375383,0,0.000000
1648656184.009587955,0,0.003000
1648656184.031238813,0,0.000000
1648656184.052629600,0,0.000000
1648656184.075010022,0,0.000000
1648656184.097183542,0,0.005000
1648656184.121017076,0,0.000000
1648656184.143058149,0,0.000000
1648656184.165305333,0,0.000000
1648656184.185656822,0,0.000000
1648656184.207856010,0,0.000000
1648656184.228089289,0,0.000000
1648656184.249407261,0,0.000000
1648656184.270813242,0,0.000000
1648656184.291717672,0,0.000000
1648656184.313790929,0,0.000000
1648656184.336157639,0,0.000000
1648656184.358314423,0,0.000000
1648656184.379231948,1,0.000000
1648656184.401383877,0,0.000000
1648656184.423419058,0,0.000000
1648656184.445344437,0,0.000000
1648656184.466721855,0,0.000000
1648656184.486814098,0,0.000000
1648656184.507736160,0,0.000000
1648656184.526890080,0,0.004000
1648656184.547990121,1,0.012000
1648656184.567920411,0,0.000000
1648656184.587823884,0,0.000000
1648656184.609892997,0,0.000000
1648656184.629608858,0,0.000000
1648656184.650074139,0,0.000000
1648656184.671437459,0,0.004000
1648656184.693798562,0,0.008000
1648656184.714363267,0,0.000000
1648656184.734447018,0,0.000000
1648656184.754275617,0,0.000000
1648656184.775628151,0,0.000000
1648656184.798565403,1,0.004000
1648656184.819186905,0,0.000000
1648656184.841044648,0,0.000000
1648656184.862771346,0,0.000000
1648656184.885576840,0,0.003000
1648656184.906262238,0,0.010000
1648656184.928913168,0,0.000000
1648656184.949703192,0,0.004000
1648656184.972814156,0,0.000000
1648656184.994042494,0,0.000000
1648656185.015977473,0,0.000000
1648656185.038102010,0,0.000000
1648656185.061272045,0,0.000000
1648656185.082257204,0,0.000000
1648656185.103269293,0,0.006000
1648656185.124304942,0,0.000000
1648656185.145133358,0,0.001000
1648656185.167316556,0,0.000000
1648656185.187675953,0,0.000000
1648656185.209221713,0,0.000000
1648656185.230703883,0,0.000000
1648656185.251246773,0,0.000000
1648656185.272738621,0,0.000000
1648656185.294361990,0,0.000000
1648656185.316275329,1,0.004000
1648656185.338699456,0,0.000000
1648656185.359510321,0,0.000000
1648656185.380461497,0,0.000000
1648656185.399690855,0,0.000000
1648656185.420242086,0,0.000000
1648656185.438937852,0,0.000000
1648656185.460283801,0,0.000000
1648656185.481639355,0,0.000000
1648656185.504427889,0,0.000000
1648656185.526130710,0,0.000000
1648656185.549410109,0,0.013000
1648656185.572331894,0,0.000000
1648656185.594171523,0,0.000000
1648656185.616477715,1,0.000000
1648656185.639404346,1,0.000000
1648656185.662754960,0,0.000000
1648656185.683415082,0,0.000000
1648656185.704552196,0,0.002000
1648656185.725101870,0,0.000000
1648656185.748118364,0,0.000000
1648656185.770843440,0,0.000000
1648656185.792385533,0,0.000000
1648656185.812284011,0,0.000000
1648656185.835069915,0,0.000000
1648656185.857386722,0,0.000000
1648656185.880558630,0,0.000000
1648656185.902098025,0,0.002000
1648656185.922602247,0,0.000000
1648656185.942538843,0,0.000000
1648656185.964357273,0,0.000000
1648656185.985577934,0,0.000000
1648656186.008134929,0,0.000000
1648656186.031001004,0,0.001000
1648656186.053083172,0,0.000000
1648656186.074901706,0,0.000000
1648656186.096984135,0,0.000000
1648656186.119150509,0,0.000000
1648656186.141507988,1,0.000000
1648656186.163848095,1,0.006000
1648656186.186560281,0,0.000000
1648656186.205315709,0,0.000000
1648656186.225427535,0,0.000000
1648656186.247383298,0,0.000000
1648656186.270370646,0,0.000000
1648656186.292359086,0,0.000000
1648656186.314384969,0,0.000000
1648656186.336032303,0,0.000000
1648656186.357538898,0,0.001000
1648656186.378727213,0,0.000000
1648656186.399220885,0,0.000000
1648656186.420054514,0,0.000000
1648656186.440062274,0,0.000000
1648656186.461603985,0,0.007000
1648656186.483809069,0,0.000000
1648656186.507332939,0,0.000000
1648656186.529048569,0,0.000000
1648656186.551293937,0,0.000000
1648656186.572822125,0,0.000000
1648656186.595149695,0,0.000000
1648656186.617318740,1,0.000000
1648656186.639671671,0,0.000000
1648656186.660324828,0,0.000000
1648656186.682313929,0,0.000000
1648656186.705534693,0,0.000000
1648656186.727068657,0,0.000000
1648656186.749240889,0,0.000000
1648656186.771650664,0,0.000000
1648656186.791256184,1,0.008000
1648656186.813011266,0,0.000000
1648656186.834321548,0,0.000000
1648656186.856490422,0,0.000000
1648656186.879354838,0,0.000000
1648656186.902884728,0,0.000000
1648656186.924606652,0,0.000000
1648656186.946057126,0,0.000000
1648656186.967146435,0,0.000000
1648656186.990351467,0,0.000000
1648656187.012694777,0,0.004000
1648656187.033436164,2,0.009000
1648656187.053848814,0,0.000000
1648656187.076336584,0,0.000000
1648656187.098542101,0,0.000000
1648656187.120488572,0,0.003000
1648656187.143659242,0,0.004000
1648656187.166851322,0,0.000000
1648656187.187777435,0,0.000000
1648656187.209714072,0,0.000000
1648656187.231715872,0,0.008000
1648656187.253163567,0,0.000000
1648656187.275795154,0,0.000000
1648656187.297015360,0,0.000000
1648656187.319924880,0,0.000000
1648656187.340663930,0,0.000000
1648656187.361246773,0,0.000000
1648656187.383544904,0,0.000000
1648656187.403629940,0,0.008000
1648656187.424766788,0,0.000000
1648656187.447905223,1,0.005000
1648656187.467242452,0,0.000000
1648656187.488796135,1,0.000000
1648656187.510132098,1,0.029000
1648656187.530997385,0,0.000000
1648656187.550223534,1,0.000000
1648656187.571501958,0,0.000000
1648656187.592867501,0,0.001000
1648656187.615913938,0,0.000000
1648656187.638761365,0,0.000000
1648656187.660877819,0,0.000000
1648656187.682252604,0,0.015000
1648656187.703138332,0,0.000000
1648656187.724809617,0,0.000000
1648656187.744923255,0,0.000000
1648656187.766605154,0,0.000000
1648656187.789209577,2,0.019000
1648656187.809703010,0,0.004000
1648656187.831868639,0,0.000000
1648656187.853355088,0,0.004000
1648656187.876237526,0,0.000000
1648656187.898227900,0,0.000000
1648656187.918914372,1,0.001000
1648656187.940591674,0,0.000000
1648656187.961388529,0,0.000000
1648656187.984020522,0,0.000000
1648656188.004420258,0,0.000000
1648656188.024536786,0,0.000000
1648656188.045147771,1,0.000000
1648656188.065485807,0,0.000000
1648656188.086776511,0,0.010000
1648656188.106940127,0,0.012000
1648656188.128464436,0,0.000000
1648656188.150129646,0,0.006000
1648656188.173095557,0,0.007000
1648656188.195112408,0,0.000000
1648656188.218041336,0,0.000000
1648656188.241290825,0,0.000000
1648656188.261898200,0,0.000000
1648656188.282689202,0,0.000000
1648656188.304504871,0,0.001000
1648656188.327014223,0,0.001000
1648656188.348571577,0,0.000000
1648656188.371342069,0,0.000000
1648656188.393407755,0,0.000000
1648656188.414891650,0,0.000000
1648656188.436910471,0,0.000000
1648656188.459592912,0,0.000000
1648656188.480377742,0,0.000000
1648656188.502257130,0,0.000000
1648656188.524720790,0,0.000000
1648656188.546225590,0,0.000000
1648656188.566913297,1,0.000000
1648656188.586560413,0,0.001000
1648656188.607547141,0,0.000000
1648656188.629956841,0,0.000000
1648656188.651601060,0,0.000000
1648656188.673070596,0,0.000000
1648656188.693880427,0,0.000000
1648656188.715093106,0,0.000000
1648656188.735658448,0,0.000000
1648656188.757555591,0,0.000000
1648656188.779295402,0,0.000000
1648656188.801847655,0,0.004000
1648656188.824081605,0,0.000000
1648656188.844955684,0,0.007000
1648656188.867014488,0,0.000000
1648656188.887983064,0,0.000000
1648656188.909048643,0,0.000000
1648656188.931264172,1,0.000000
1648656188.952330174,0,0.000000
1648656188.971027609,0,0.000000
1648656188.992919902,0,0.000000
1648656189.015440651,0,0.008000
1648656189.036141060,0,0.000000
1648656189.057376557,0,0.000000
1648656189.078012883,0,0.000000
1648656189.099362076,0,0.000000
1648656189.120697171,0,0.000000
1648656189.143012829,0,0.005000
1648656189.163229867,0,0.003000
1648656189.185592818,0,0.000000
1648656189.206420743,0,0.011000
1648656189.231511086,0,0.000000
1648656189.254655093,1,0.000000
1648656189.276260950,0,0.000000
1648656189.297606510,0,0.000000
1648656189.320446697,0,0.006000
1648656189.340659150,1,0.012000
1648656189.363533400,0,0.000000
1648656189.387011981,0,0.000000
1648656189.408986186,1,0.000000
1648656189.430736257,0,0.000000
1648656189.452817774,0,0.000000
1648656189.476236487,1,0.000000
1648656189.498850640,0,0.000000
1648656189.521414065,0,0.000000
1648656189.544927992,0,0.000000
1648656189.566840613,0,0.000000
1648656189.587895563,2,0.035000
1648656189.608932389,0,0.000000
1648656189.631056423,0,0.000000
1648656189.653229933,0,0.000000
1648656189.672550204,0,0.000000
1648656189.695653611,0,0.000000
1648656189.718177473,0,0.000000
1648656189.738802057,0,0.000000
1648656189.758270690,0,0.000000
1648656189.780302886,0,0.000000
1648656189.802899122,0,0.004000
1648656189.825253627,0,0.000000
1648656189.849647154,0,0.000000
1648656189.872178425,0,0.000000
1648656189.893355377,1,0.030000
1648656189.915479187,0,0.000000
1648656189.938212247,0,0.008000
1648656189.961537209,0,0.000000
1648656189.983199578,0,0.000000
1648656190.006342069,0,0.000000
1648656190.030337690,0,0.000000
1648656190.053222453,0,0.009000
1648656190.075103650,0,0.000000
1648656190.095863979,1,0.005000
1648656190.117506487,0,0.008000
1648656190.139649936,0,0.000000
1648656190.162597690,0,0.000000
1648656190.185314989,0,0.000000
1648656190.207582029,0,0.000000
1648656190.230468038,1,0.001000
1648656190.253036128,0,0.000000
1648656190.275748786,0,0.000000
1648656190.298887179,0,0.001000
1648656190.318303929,1,0.004000
1648656190.340856876,0,0.001000
1648656190.363453235,0,0.000000
1648656190.383778873,0,0.000000
1648656190.405484358,0,0.000000
1648656190.427536558,0,0.000000
1648656190.449473946,0,0.000000
1648656190.471852894,0,0.004000
1648656190.494961543,0,0.009000
1648656190.517345223,0,0.000000
1648656190.539288434,0,0.000000
1648656190.562241902,0,0.007000
1648656190.584443019,0,0.000000
1648656190.604811884,0,0.000000
1648656190.627786248,0,0.011000
1648656190.651690870,0,0.000000
1648656190.673312400,0,0.000000
1648656190.696771462,0,0.000000
1648656190.718828426,0,0.000000
1648656190.741601199,0,0.000000
1648656190.763680566,0,0.000000
1648656190.787054951,0,0.000000
1648656190.808761032,0,0.000000
1648656190.830845540,0,0.000000
1648656190.853961597,0,0.000000
1648656190.875738619,0,0.000000
1648656190.898340256,0,0.008000
1648656190.920876331,0,0.000000
1648656190.943868060,0,0.000000
1648656190.966190123,0,0.009000
1648656190.987369494,0,0.001000
1648656191.009500900,1,0.005000
1648656191.032069166,0,0.001000
1648656191.053414693,0,0.000000
1648656191.075232025,0,0.000000
1648656191.098570865,0,0.000000
1648656191.121401205,0,0.000000
1648656191.144151161,0,0.004000
1648656191.165386754,0,0.000000
1648656191.188128039,0,0.000000
1648656191.210391725,0,0.000000
1648656191.231010901,0,0.000000
1648656191.253375500,0,0.000000
1648656191.276302722,0,0.000000
1648656191.299096051,0,0.001000
1648656191.321465285,0,0.000000
1648656191.342924999,1,0.009000
1648656191.366039063,0,0.011000
1648656191.389280786,0,0.001000
1648656191.412311193,1,0.006000
1648656191.434562858,0,0.012000
1648656191.455873812,0,0.000000
1648656191.476077186,1,0.005000
1648656191.499242383,0,0.000000
1648656191.522738622,0,0.000000
1648656191.546087847,0,0.000000
1648656191.568740703,0,0.000000
1648656191.590912755,0,0.003000
1648656191.610238340,0,0.000000
1648656191.631181225,0,0.003000
1648656191.653023898,0,0.000000
1648656191.676591908,0,0.005000
1648656191.698708825,0,0.000000
1648656191.718904944,0,0.000000
1648656191.741167866,0,0.000000
1648656191.764249055,0,0.000000
1648656191.786887273,0,0.000000
1648656191.808493568,0,0.003000
1648656191.830436707,0,0.000000
1648656191.851856605,0,0.000000
1648656191.874389406,1,0.006000
1648656191.897371059,0,0.005000
1648656191.918907306,0,0.000000
1648656191.939647729,1,0.000000
1648656191.961496537,0,0.000000
1648656191.983040772,0,0.000000
1648656192.005072075,0,0.001000
1648656192.027964597,0,0.000000
1648656192.050768414,0,0.000000
1648656192.073181791,0,0.000000
1648656192.093192289,0,0.004000
1648656192.115991293,0,0.011000
1648656192.139882268,0,0.010000
1648656192.163134751,0,0.000000
1648656192.186265905,0,0.000000
1648656192.208511194,0,0.000000
1648656192.231152553,0,0.001000
1648656192.253687728,0,0.002000
1648656192.277351800,1,0.000000
1648656192.300151144,1,0.000000
1648656192.321721670,0,0.000000
1648656192.344427864,0,0.001000
1648656192.367343530,0,0.000000
1648656192.387147330,0,0.000000
1648656192.409153307,0,0.000000
1648656192.432039137,0,0.000000
1648656192.454469512,1,0.000000
1648656192.476654774,0,0.000000
1648656192.498289576,0,0.000000
1648656192.521291201,0,0.000000
1648656192.540843189,0,0.000000
1648656192.563772441,0,0.000000
1648656192.586212444,0,0.000000
1648656192.607650676,0,0.000000
1648656192.629482995,1,0.001000
1648656192.652029930,0,0.000000
1648656192.674304857,0,0.000000
1648656192.697055600,0,0.000000
1648656192.719294224,0,0.000000
1648656192.741435315,0,0.007000
1648656192.764808921,0,0.000000
1648656192.784703478,0,0.000000
1648656192.806550755,0,0.000000
1648656192.829652119,0,0.000000
1648656192.852974590,0,0.000000
1648656192.874558515,0,0.000000
1648656192.894778170,0,0.000000
1648656192.916448807,0,0.003000
1648656192.938830282,1,0.000000
1648656192.958866453,0,0.001000
1648656192.982538531,0,0.001000
1648656193.003261647,0,0.000000
1648656193.026038451,1,0.006000
1648656193.050093561,0,0.001000
1648656193.071640587,0,0.000000
1648656193.093495136,0,0.000000
1648656193.115378718,0,0.007000
1648656193.137238268,0,0.000000
1648656193.160218577,0,0.000000
1648656193.183058132,0,0.000000
1648656193.205403096,0,0.000000
1648656193.225984119,0,0.000000
1648656193.247315312,0,0.004000
1648656193.270864172,0,0.000000
1648656193.294009613,0,0.000000
1648656193.316711012,0,0.000000
1648656193.338584921,0,0.000000
1648656193.360895981,0,0.000000
1648656193.384038715,0,0.000000
1648656193.407149346,0,0.000000
1648656193.429819065,0,0.000000
1648656193.452595966,0,0.000000
1648656193.473612420,0,0.000000
1648656193.496018026,0,0.000000
1648656193.518103261,0,0.000000
1648656193.541316184,0,0.000000
1648656193.563892242,0,0.000000
1648656193.586919065,0,0.000000
1648656193.610326262,0,0.000000
1648656193.634213469,0,0.000000
1648656193.655886833,0,0.000000
1648656193.678372263,0,0.012000
1648656193.700464729,0,0.000000
1648656193.721776994,0,0.000000
1648656193.745957388,0,0.000000
1648656193.767864742,0,0.000000
1648656193.789886449,0,0.008000
1648656193.811570476,0,0.000000
1648656193.834877842,0,0.000000
1648656193.857831068,0,0.008000
1648656193.881164636,0,0.006000
1648656193.903964967,0,0.000000
1648656193.926655979,0,0.000000
1648656193.948928383,0,0.008000
1648656193.971425286,0,0.000000
1648656193.995109752,1,0.000000
1648656194.017997523,0,0.003000
1648656194.040779389,0,0.000000
1648656194.062875918,0,0.004000
1648656194.083926780,0,0.000000
1648656194.108248906,1,0.001000
1648656194.129556983,0,0.000000
1648656194.150703243,0,0.011000
1648656194.171343463,0,0.000000
1648656194.193215887,0,0.000000
1648656194.214408183,0,0.001000
1648656194.235486548,0,0.002000
1648656194.255697095,0,0.000000
1648656194.276578780,1,0.000000
1648656194.298563844,0,0.000000
1648656194.322016861,0,0.005000
1648656194.346775364,0,0.007000
1648656194.367802846,0,0.009000
1648656194.389869383,0,0.000000
1648656194.413426892,0,0.000000
1648656194.436555050,0,0.000000
1648656194.460075914,0,0.010000
1648656194.481110389,1,0.004000
1648656194.503074502,0,0.000000
1648656194.524565596,0,0.000000
1648656194.547321972,0,0.000000
1648656194.570757202,0,0.008000
1648656194.593128451,0,0.000000
1648656194.615243551,0,0.005000
1648656194.637172677,0,0.000000
1648656194.658254651,0,0.000000
1648656194.677997010,0,0.010000
1648656194.698295386,0,0.000000
1648656194.718862518,0,0.000000
1648656194.742047867,0,0.000000
1648656194.764173432,0,0.000000
1648656194.785681328,0,0.000000
1648656194.807067780,0,0.000000
1648656194.828009640,0,0.000000
1648656194.849170557,0,0.000000
1648656194.871073623,0,0.005000
1648656194.891055368,0,0.016000
1648656194.913198895,1,0.000000
1648656194.936111250,1,0.000000
1648656194.957361946,0,0.000000
1648656194.980413804,0,0.000000
1648656195.002600353,1,0.000000
1648656195.025253800,0,0.000000
1648656195.048715831,0,0.004000
1648656195.069292066,0,0.000000
1648656195.091130584,0,0.000000
1648656195.112606895,0,0.000000
1648656195.134530913,0,0.000000
1648656195.156827984,0,0.000000
1648656195.178999829,1,0.000000
1648656195.201484198,0,0.000000
1648656195.223086442,0,0.000000
1648656195.245159139,0,0.004000
1648656195.268273761,0,0.004000
1648656195.290897462,1,0.000000
1648656195.314327666,0,0.001000
1648656195.335900982,0,0.001000
1648656195.358882815,0,0.000000
1648656195.380711920,0,0.000000
1648656195.403808555,1,0.000000
1648656195.425429380,0,0.004000
1648656195.447254521,0,0.000000
1648656195.470344750,0,0.000000
1648656195.492703741,0,0.000000
1648656195.516339132,0,0.000000
1648656195.539814824,0,0.000000
1648656195.561443595,0,0.000000
1648656195.584325533,0,0.008000
1648656195.609241717,0,0.000000
1648656195.632935526,0,0.000000
1648656195.655695763,0,0.000000
1648656195.678593009,0,0.000000
1648656195.699552246,0,0.000000
1648656195.722320853,0,0.000000
1648656195.744530861,0,0.000000
1648656195.766241665,1,0.004000
1648656195.790159044,0,0.000000
1648656195.812023260,0,0.000000
1648656195.833983713,0,0.000000
1648656195.856613912,0,0.000000
1648656195.878840608,0,0.000000
1648656195.902578145,0,0.000000
1648656195.924897864,1,0.009000
1648656195.948394462,0,0.000000
1648656195.969244146,0,0.000000
1648656195.992470629,0,0.000000
1648656196.015534087,0,0.000000
1648656196.038760723,0,0.000000
1648656196.060542787,0,0.000000
1648656196.084769351,0,0.000000
1648656196.108756483,0,0.000000
1648656196.130082362,0,0.000000
1648656196.153879331,0,0.003000
1648656196.176086175,0,0.000000
1648656196.197379432,0,0.000000
1648656196.220541713,0,0.000000
1648656196.243406138,0,0.000000
1648656196.266612677,0,0.000000
1648656196.288354972,0,0.000000
1648656196.312037076,0,0.000000
1648656196.332638303,0,0.000000
1648656196.356008688,0,0.000000
1648656196.377832323,0,0.000000
1648656196.399349858,0,0.000000
1648656196.420689369,0,0.000000
1648656196.443134340,0,0.000000
1648656196.464983180,0,0.000000
1648656196.488021554,0,0.000000
1648656196.510253183,0,0.000000
1648656196.533266161,0,0.000000
1648656196.555879775,0,0.000000
1648656196.578843523,0,0.001000
1648656196.599610762,2,0.001000
1648656196.621133783,0,0.000000
1648656196.642449062,0,0.000000
1648656196.662812966,0,0.000000
1648656196.686116232,0,0.000000
1648656196.708561128,0,0.000000
1648656196.731836496,0,0.000000
1648656196.754246769,0,0.014000
1648656196.778238880,0,0.000000
1648656196.800870013,0,0.000000
1648656196.823452005,0,0.000000
1648656196.846767678,0,0.000000
1648656196.870421290,0,0.000000
1648656196.893484315,0,0.000000
1648656196.915740621,0,0.000000
1648656196.938195075,0,0.000000
1648656196.960017405,0,0.000000
1648656196.982790278,0,0.000000
1648656197.005123106,0,0.000000
1648656197.027894877,0,0.004000
1648656197.049524042,1,0.000000
1648656197.071707307,0,0.000000
1648656197.094844653,0,0.004000
1648656197.117992971,0,0.000000
1648656197.141200779,0,0.000000
1648656197.165151586,0,0.005000
1648656197.183104546,0,0.000000
1648656197.204458008,1,0.015000
1648656197.225527651,1,0.000000
1648656197.247543255,0,0.000000
1648656197.269762431,0,0.005000
1648656197.291161854,0,0.000000
1648656197.314452928,1,0.023000
1648656197.337191073,0,0.000000
1648656197.361758235,0,0.000000
1648656197.382946964,0,0.003000
1648656197.405132839,0,0.000000
1648656197.428931910,1,0.016000
1648656197.450429472,1,0.006000
1648656197.472658250,0,0.000000
1648656197.496074485,0,0.000000
1648656197.516992503,0,0.000000
1648656197.538209041,0,0.000000
1648656197.559734082,1,0.003000
1648656197.581253793,0,0.000000
1648656197.604291658,0,0.000000
1648656197.624661341,0,0.000000
1648656197.646323889,0,0.005000
1648656197.669531786,0,0.000000
1648656197.693148548,0,0.000000
1648656197.716251682,0,0.004000
1648656197.736337513,0,0.000000
1648656197.760236842,0,0.006000
1648656197.783159937,0,0.000000
1648656197.805411289,0,0.000000
1648656197.827327742,0,0.001000
1648656197.850356978,0,0.000000
1648656197.873642279,0,0.001000
1648656197.898029622,0,0.000000
1648656197.920243287,1,0.000000
1648656197.941473667,0,0.009000
1648656197.962207795,0,0.012000
1648656197.982610518,0,0.000000
1648656198.002431803,0,0.000000
1648656198.024214681,1,0.000000
1648656198.047920937,0,0.000000
1648656198.070775681,0,0.000000
1648656198.094732927,0,0.006000
1648656198.117254165,0,0.000000
1648656198.139093996,1,0.000000
1648656198.160015813,0,0.000000
1648656198.181285081,0,0.000000
1648656198.202980708,0,0.000000
1648656198.225112722,0,0.000000
1648656198.247536888,0,0.000000
1648656198.268743083,0,0.004000
1648656198.289378244,0,0.000000
1648656198.311462465,0,0.000000
1648656198.334942099,0,0.000000
1648656198.355268490,0,0.000000
1648656198.377560569,1,0.000000
1648656198.400763213,0,0.002000
1648656198.422149875,0,0.000000
1648656198.445902588,0,0.000000
1648656198.467951385,0,0.000000
1648656198.488524296,0,0.000000
1648656198.510178366,0,0.000000
1648656198.531864707,0,0.000000
1648656198.555157738,0,0.000000
1648656198.577598450,0,0.000000
1648656198.599523129,0,0.000000
1648656198.621104970,0,0.000000
1648656198.645010775,0,0.001000
1648656198.666807873,0,0.001000
1648656198.688926094,1,0.000000
1648656198.712844084,0,0.000000
1648656198.733171905,0,0.000000
1648656198.755854235,0,0.000000
1648656198.779283925,0,0.003000
1648656198.799833744,0,0.001000
1648656198.821972422,0,0.000000
1648656198.843050009,0,0.000000
1648656198.864324869,0,0.001000
1648656198.888714665,0,0.000000
1648656198.910044017,0,0.000000
1648656198.934066293,0,0.000000
1648656198.954900258,0,0.000000
1648656198.977291677,0,0.000000
1648656198.999696760,1,0.000000
1648656199.022201165,1,0.005000
1648656199.045483329,0,0.000000
1648656199.067649034,1,0.000000
1648656199.090735893,1,0.027000
1648656199.112909313,0,0.000000
1648656199.136137548,0,0.000000
1648656199.158566058,0,0.000000
1648656199.182212084,0,0.000000
1648656199.205249816,1,0.000000
1648656199.228330031,0,0.000000
1648656199.251148993,0,0.000000
1648656199.274240792,0,0.000000
1648656199.297204293,0,0.003000
1648656199.319945752,0,0.003000
1648656199.343484816,0,0.000000
1648656199.365036774,0,0.000000
1648656199.388456166,0,0.000000
1648656199.411537985,0,0.000000
1648656199.434347841,0,0.000000
1648656199.455958955,0,0.000000
1648656199.478842630,0,0.000000
1648656199.500172956,0,0.003000
1648656199.522453355,0,0.000000
1648656199.543394563,0,0.000000
1648656199.567922845,0,0.000000
1648656199.590531237,0,0.000000
1648656199.613070951,0,0.000000
1648656199.634171577,0,0.000000
1648656199.656893323,0,0.000000
1648656199.679503961,0,0.000000
1648656199.700380684,0,0.005000
1648656199.722738307,0,0.000000
1648656199.744555482,0,0.000000
1648656199.766099691,0,0.000000
1648656199.788737318,0,0.000000
1648656199.809666709,0,0.000000
1648656199.831386883,0,0.008000
1648656199.855252507,0,0.000000
1648656199.878968047,0,0.000000
1648656199.900451683,0,0.005000
1648656199.923875105,0,0.004000
1648656199.945959065,0,0.000000
1648656199.969460556,0,0.004000
1648656199.992699864,0,0.000000
1648656200.015186451,0,0.000000
1648656200.037627863,1,0.000000
1648656200.059395692,0,0.000000
1648656200.082415850,0,0.000000
1648656200.104665824,0,0.008000
1648656200.129550651,0,0.000000
1648656200.149551490,0,0.003000
1648656200.172160577,0,0.000000
1648656200.196286557,0,0.000000
1648656200.217433234,0,0.004000
1648656200.240183694,0,0.000000
1648656200.262196037,0,0.000000
1648656200.286456829,0,0.000000
1648656200.308700171,0,0.000000
1648656200.330672481,0,0.001000
1648656200.354115417,1,0.000000
1648656200.375697799,0,0.000000
1648656200.397616269,0,0.000000
1648656200.419142319,1,0.000000
1648656200.440148793,0,0.000000
1648656200.462526738,0,0.000000
1648656200.485213212,0,0.004000
1648656200.506995017,0,0.000000
1648656200.529073600,0,0.000000
1648656200.551627341,0,0.001000
1648656200.570720298,1,0.000000
1648656200.593767148,0,0.000000
1648656200.616036696,0,0.005000
1648656200.638009590,0,0.003000
1648656200.661160051,0,0.000000
1648656200.683803408,0,0.000000
1648656200.705147567,0,0.000000
1648656200.726934594,1,0.016000
1648656200.749259372,0,0.000000
1648656200.771120130,0,0.000000
1648656200.794175971,0,0.000000
1648656200.815732999,1,0.000000
1648656200.838420160,1,0.004000
1648656200.860788930,0,0.000000
1648656200.881952655,0,0.009000
1648656200.905762065,0,0.000000
1648656200.928277091,0,0.000000
1648656200.951475206,0,0.000000
1648656200.973576971,0,0.000000
1648656200.996542546,0,0.000000
1648656201.019877156,0,0.000000
1648656201.042756411,0,0.000000
1648656201.065203038,0,0.008000
1648656201.088577347,0,0.000000
1648656201.109871737,0,0.000000
1648656201.132429872,0,0.000000
1648656201.153711357,0,0.000000
1648656201.176526255,0,0.005000
1648656201.198318148,1,0.011000
1648656201.221908047,0,0.000000
1648656201.246133133,0,0.000000
1648656201.268405828,0,0.000000
1648656201.289883015,0,0.000000
1648656201.312932070,0,0.005000
1648656201.334911435,0,0.000000
1648656201.357598853,0,0.000000
1648656201.380391035,0,0.000000
1648656201.403722013,1,0.000000
1648656201.425421193,1,0.003000
1648656201.447122129,0,0.000000
1648656201.468369774,0,0.000000
1648656201.491541720,0,0.000000
1648656201.513969902,0,0.005000
1648656201.537026269,0,0.001000
1648656201.561654533,0,0.000000
1648656201.585287320,0,0.000000
1648656201.607299901,0,0.000000
1648656201.629773186,0,0.000000
1648656201.652772849,0,0.000000
1648656201.675459031,0,0.000000
1648656201.698564382,0,0.000000
1648656201.720456984,0,0.000000
1648656201.742159912,0,0.000000
1648656201.765454530,0,0.000000
1648656201.787664331,0,0.000000
1648656201.810322369,0,0.008000
1648656201.832965226,0,0.000000
1648656201.854702178,0,0.000000
1648656201.876187509,1,0.004000
1648656201.899342893,0,0.000000
1648656201.922101471,0,0.000000
1648656201.943708334,0,0.000000
1648656201.966559574,1,0.006000
1648656201.990335132,0,0.002000
1648656202.012953407,0,0.000000
1648656202.035845056,0,0.001000
1648656202.058504760,0,0.003000
1648656202.081221027,0,0.000000
1648656202.104369764,0,0.000000
1648656202.128357721,1,0.001000
1648656202.149879696,0,0.000000
1648656202.170446383,0,0.008000
1648656202.193236182,0,0.000000
1648656202.214897111,0,0.000000
1648656202.236354295,0,0.000000
1648656202.258826245,1,0.001000
1648656202.281048714,0,0.000000
1648656202.303668056,0,0.000000
1648656202.326291582,0,0.001000
1648656202.348981976,0,0.000000
1648656202.372708286,0,0.000000
1648656202.395389528,0,0.003000
1648656202.419433983,0,0.004000
1648656202.440753199,0,0.000000
1648656202.463507079,0,0.000000
1648656202.484727539,0,0.000000
1648656202.508338804,0,0.000000
1648656202.528663155,0,0.000000
1648656202.552227946,0,0.000000
1648656202.574990806,0,0.000000
1648656202.597580321,0,0.000000
1648656202.618856779,0,0.000000
1648656202.640323827,0,0.000000
1648656202.661766129,0,0.000000
1648656202.686030418,0,0.000000
1648656202.708637503,0,0.000000
1648656202.731175274,0,0.000000
1648656202.753453746,0,0.000000
1648656202.775553319,0,0.000000
1648656202.799818335,0,0.000000
1648656202.822247788,0,0.000000
1648656202.843808508,0,0.000000
1648656202.864250550,0,0.004000
1648656202.887743715,0,0.000000
1648656202.910085771,0,0.000000
1648656202.934293326,1,0.000000
1648656202.956377594,0,0.006000
1648656202.975039471,0,0.000000
1648656202.997634252,0,0.000000
1648656203.019343570,0,0.000000
1648656203.040591086,0,0.000000
1648656203.063692292,0,0.000000
1648656203.086444442,0,0.004000
1648656203.109202045,0,0.000000
1648656203.129367719,1,0.005000
1648656203.151907064,0,0.000000
1648656203.174330672,0,0.000000
1648656203.195369941,0,0.000000
1648656203.219125748,0,0.000000
1648656203.242721682,0,0.000000
1648656203.265268232,0,0.000000
1648656203.287705086,0,0.000000
1648656203.310879143,1,0.001000
1648656203.333212692,0,0.000000
1648656203.355734942,0,0.000000
1648656203.377371238,0,0.000000
1648656203.400338671,0,0.007000
1648656203.423187162,0,0.004000
1648656203.443980691,0,0.002000
1648656203.466776915,0,0.000000
1648656203.489499522,0,0.008000
1648656203.512345259,0,0.001000
1648656203.534960257,0,0.000000
1648656203.557508436,0,0.000000
1648656203.579957035,0,0.000000
1648656203.603337955,0,0.001000
1648656203.626530575,0,0.000000
1648656203.650156829,0,0.001000
1648656203.672709138,0,0.001000
1648656203.695008327,0,0.001000
1648656203.719155969,1,0.001000
1648656203.741630506,0,0.000000
1648656203.763893094,0,0.000000
1648656203.785757520,1,0.001000
1648656203.806800438,0,0.000000
1648656203.829317899,0,0.000000
1648656203.852400337,0,0.004000
1648656203.874558179,0,0.000000
1648656203.896287264,0,0.000000
1648656203.918180291,0,0.000000
1648656203.941058880,0,0.000000
1648656203.964149226,1,0.000000
1648656203.986033532,0,0.000000
1648656204.007934513,0,0.000000
1648656204.029783678,0,0.000000
1648656204.053086884,0,0.000000
1648656204.075352937,0,0.000000
1648656204.097361731,0,0.008000
1648656204.119717899,0,0.000000
1648656204.140775481,0,0.000000
1648656204.163484739,0,0.000000
1648656204.186524826,0,0.000000
1648656204.206945172,0,0.000000
1648656204.229563690,0,0.000000
1648656204.251370003,0,0.001000
1648656204.274947916,0,0.005000
1648656204.296740919,0,0.000000
1648656204.318074404,0,0.005000
1648656204.339037425,0,0.000000
1648656204.361059419,0,0.000000
1648656204.384396038,0,0.000000
1648656204.407276648,0,0.000000
1648656204.428553086,0,0.000000
1648656204.451497611,1,0.000000
1648656204.472758145,0,0.000000
1648656204.494069661,1,0.000000
1648656204.517131866,0,0.000000
1648656204.538859793,0,0.006000
1648656204.560878887,0,0.000000
1648656204.584697902,0,0.001000
1648656204.605947964,0,0.008000
1648656204.628183108,0,0.000000
1648656204.651283646,0,0.003000
1648656204.672269917,0,0.000000
1648656204.694476183,0,0.000000
1648656204.714912057,0,0.000000
1648656204.737657136,0,0.000000
1648656204.758199677,0,0.001000
1648656204.780430556,0,0.000000
1648656204.803445238,0,0.000000
1648656204.825092411,0,0.000000
1648656204.846217640,0,0.000000
1648656204.869180468,0,0.000000
1648656204.890790264,0,0.000000
1648656204.914183620,0,0.000000
1648656204.935742805,0,0.001000
1648656204.957088148,0,0.000000
1648656204.979141099,0,0.000000
1648656205.001167510,0,0.002000
1648656205.025412340,0,0.001000
1648656205.045798152,0,0.000000
1648656205.067650793,0,0.000000
1648656205.090964156,0,0.000000
1648656205.112508118,0,0.000000
1648656205.135364236,0,0.008000
1648656205.156790223,1,0.000000
1648656205.180833285,0,0.000000
1648656205.203474340,0,0.000000
1648656205.227475367,0,0.000000
1648656205.249133234,0,0.000000
1648656205.270571577,0,0.000000
1648656205.291701048,0,0.000000
1648656205.314469356,0,0.001000
1648656205.336983209,0,0.001000
1648656205.360006433,0,0.008000
1648656205.381362219,0,0.000000
1648656205.403994477,1,0.006000
1648656205.427260232,0,0.000000
1648656205.449733420,0,0.000000
1648656205.472254601,0,0.000000
1648656205.492132698,0,0.000000
1648656205.514863229,0,0.000000
1648656205.536831761,0,0.009000
1648656205.559455592,0,0.000000
1648656205.582556117,0,0.000000
1648656205.604831364,0,0.015000
1648656205.627113038,0,0.000000
1648656205.651377113,0,0.000000
1648656205.673541223,0,0.000000
1648656205.694813134,0,0.000000
1648656205.716403899,0,0.000000
1648656205.739444744,0,0.001000
1648656205.761196037,0,0.000000
1648656205.784150556,0,0.001000
1648656205.806753703,1,0.000000
1648656205.829722845,0,0.000000
1648656205.852442339,0,0.000000
1648656205.875229390,1,0.000000
1648656205.897565868,0,0.000000
1648656205.922218070,0,0.000000
1648656205.944167767,0,0.000000
1648656205.965203542,0,0.004000
1648656205.987992202,0,0.000000
1648656206.010406097,0,0.000000
1648656206.032815005,0,0.000000
1648656206.054554538,1,0.011000
1648656206.078095147,0,0.000000
1648656206.100961808,0,0.000000
1648656206.123766052,0,0.000000
1648656206.146465253,0,0.000000
1648656206.169100342,0,0.000000
1648656206.189703325,0,0.018000
1648656206.212209161,0,0.000000
1648656206.235396354,0,0.000000
1648656206.258068285,0,0.000000
1648656206.279545715,0,0.000000
1648656206.302153860,0,0.000000
1648656206.323968028,1,0.000000
1648656206.345161279,0,0.000000
1648656206.367066125,0,0.000000
1648656206.388607543,0,0.000000
1648656206.411116339,0,0.001000
1648656206.434501193,0,0.000000
1648656206.456976603,0,0.000000
1648656206.480335942,0,0.000000
1648656206.502599652,0,0.000000
1648656206.524385651,0,0.000000
1648656206.546323944,1,0.007000
1648656206.569305093,0,0.000000
1648656206.592690758,0,0.000000
1648656206.616905362,0,0.000000
1648656206.638231389,0,0.000000
1648656206.661354616,0,0.000000
1648656206.684029678,0,0.000000
1648656206.707542879,0,0.005000
1648656206.729769519,0,0.010000
1648656206.751730950,0,0.000000
1648656206.774033408,0,0.000000
1648656206.796863774,0,0.001000
1648656206.818138689,0,0.001000
1648656206.840951508,0,0.000000
1648656206.864348215,0,0.000000
1648656206.884504529,0,0.000000
1648656206.906257685,0,0.000000
1648656206.930643947,0,0.000000
1648656206.953888590,0,0.000000
1648656206.976712911,0,0.007000
1648656206.998202004,0,0.000000
1648656207.021447619,0,0.001000
1648656207.043813796,1,0.000000
1648656207.067532326,0,0.004000
1648656207.090315289,1,0.000000
1648656207.112172055,0,0.000000
1648656207.134044795,0,0.000000
1648656207.154689706,0,0.000000
1648656207.175425708,0,0.001000
1648656207.197764695,0,0.001000
1648656207.219278158,0,0.000000
1648656207.241661789,0,0.006000
1648656207.265369821,1,0.002000
1648656207.288028923,0,0.000000
1648656207.309984597,0,0.000000
1648656207.333504790,0,0.011000
1648656207.355421197,0,0.000000
1648656207.378678115,0,0.000000
1648656207.400570160,0,0.009000
1648656207.423484351,0,0.001000
1648656207.446907266,0,0.000000
1648656207.469627823,0,0.000000
1648656207.491671680,0,0.000000
1648656207.512647279,0,0.000000
1648656207.536796018,1,0.000000
1648656207.559111944,0,0.000000
1648656207.581288244,0,0.000000
1648656207.603196195,0,0.001000
1648656207.626288042,0,0.000000
1648656207.649770028,0,0.000000
1648656207.670733024,0,0.000000
1648656207.692293059,0,0.000000
1648656207.715923390,0,0.001000
1648656207.738181660,0,0.000000
1648656207.759549453,0,0.000000
1648656207.780224710,0,0.000000
1648656207.802346492,0,0.000000
1648656207.824734774,0,0.000000
1648656207.847150108,0,0.003000
1648656207.870383645,0,0.000000
1648656207.892969991,0,0.000000
1648656207.915606767,0,0.000000
1648656207.936937368,0,0.000000
1648656207.957293684,0,0.000000
1648656207.979873884,0,0.000000
1648656208.002722781,1,0.000000
1648656208.025991632,0,0.000000
1648656208.049214336,0,0.000000
1648656208.071496234,0,0.005000
1648656208.093335616,0,0.000000
1648656208.113902653,0,0.000000
1648656208.136820446,2,0.000000
1648656208.159469534,0,0.000000
1648656208.181480272,0,0.006000
1648656208.201932560,0,0.000000
1648656208.224006367,0,0.000000
1648656208.245491927,0,0.000000
1648656208.268244055,0,0.000000
1648656208.289854579,0,0.000000
1648656208.312677639,0,0.004000
1648656208.335496398,0,0.000000
1648656208.357382595,0,0.000000
1648656208.378982488,0,0.013000
1648656208.401223436,0,0.000000
1648656208.424225964,0,0.000000
1648656208.448571683,0,0.001000
1648656208.470236607,0,0.000000
1648656208.493301523,0,0.004000
1648656208.514064983,0,0.000000
1648656208.537053461,1,0.000000
1648656208.558602946,0,0.004000
1648656208.581723117,0,0.000000
1648656208.603686330,2,0.000000
1648656208.626064767,0,0.000000
1648656208.647892478,0,0.000000
1648656208.671655301,0,0.001000
1648656208.694335464,0,0.000000
1648656208.717992763,0,0.000000
1648656208.739073556,0,0.000000
1648656208.759609431,0,0.000000
1648656208.781249566,0,0.000000
1648656208.802566480,1,0.000000
1648656208.824055735,0,0.000000
1648656208.845962165,0,0.000000
1648656208.866363878,0,0.004000
1648656208.888247224,0,0.000000
1648656208.911035048,0,0.000000
1648656208.932983219,0,0.000000
1648656208.955550169,0,0.000000
1648656208.977358684,0,0.002000
1648656209.000312627,1,0.000000
1648656209.023313496,0,0.004000
1648656209.045856129,0,0.000000
1648656209.068671818,0,0.000000
1648656209.090817571,0,0.000000
1648656209.114240936,0,0.000000
1648656209.135632960,1,0.000000
1648656209.156075108,0,0.000000
1648656209.178222476,0,0.000000
1648656209.201858186,0,0.003000
1648656209.224361160,0,0.000000
1648656209.248382007,0,0.000000
1648656209.270412094,0,0.000000
1648656209.293635921,1,0.000000
1648656209.315162303,0,0.000000
1648656209.337996224,0,0.000000
1648656209.360526513,0,0.000000
1648656209.382399674,0,0.005000
1648656209.404153158,0,0.000000
1648656209.427481082,0,0.001000
1648656209.449557877,0,0.000000
1648656209.472464482,0,0.000000
1648656209.494845009,0,0.000000
1648656209.516741923,0,0.000000
1648656209.538570871,0,0.000000
1648656209.560926286,1,0.000000
1648656209.584332999,0,0.000000
1648656209.606496239,0,0.000000
1648656209.627361437,0,0.000000
1648656209.648974296,0,0.000000
1648656209.672498187,0,0.000000
1648656209.693479457,0,0.000000
1648656209.714800793,0,0.001000
1648656209.737531786,0,0.000000
1648656209.756580919,0,0.000000
1648656209.781086090,0,0.000000
1648656209.802346214,0,0.000000
1648656209.824778680,0,0.000000
1648656209.847186778,0,0.000000
1648656209.869445531,0,0.000000
1648656209.891161397,1,0.007000
1648656209.913189769,0,0.000000
1648656209.935802568,0,0.000000
1648656209.958278562,0,0.000000
1648656209.978882667,0,0.002000
1648656210.000116553,0,0.000000
1648656210.022941649,0,0.000000
1648656210.044226258,0,0.000000
1648656210.065266383,0,0.000000
1648656210.086993067,0,0.000000
1648656210.108200155,0,0.001000
1648656210.131323704,0,0.000000
1648656210.154386936,0,0.000000
1648656210.175096840,0,0.001000
1648656210.196413655,0,0.000000
1648656210.217757592,1,0.000000
1648656210.239018275,0,0.001000
1648656210.261424760,0,0.000000
1648656210.282246952,0,0.000000
1648656210.304438914,0,0.000000
1648656210.326209022,0,0.000000
1648656210.348255298,0,0.000000
1648656210.371691468,0,0.000000
1648656210.393826792,0,0.000000
1648656210.416125807,0,0.000000
1648656210.439421864,0,0.000000
1648656210.463225557,0,0.000000
1648656210.486042529,0,0.000000
1648656210.509876166,1,0.000000
1648656210.532647703,0,0.000000
1648656210.554543063,1,0.000000
1648656210.576071418,0,0.000000
1648656210.598409251,0,0.000000
1648656210.620918866,0,0.000000
1648656210.642080594,0,0.000000
1648656210.665243998,0,0.005000
1648656210.688350355,0,0.000000
1648656210.709037373,0,0.007000
1648656210.731701755,0,0.000000
1648656210.754086622,1,0.004000
1648656210.776358701,0,0.000000
1648656210.799145357,0,0.000000
1648656210.821148686,0,0.001000
1648656210.843117738,0,0.000000
1648656210.864192589,0,0.000000
1648656210.888562534,0,0.007000
1648656210.910966265,0,0.000000
1648656210.934172964,0,0.000000
1648656210.956706667,0,0.000000
1648656210.977877513,0,0.000000
1648656211.000843294,0,0.000000
1648656211.022506470,0,0.008000
1648656211.047397183,0,0.000000
1648656211.068979203,0,0.000000
1648656211.091348336,0,0.000000
1648656211.113336381,0,0.000000
1648656211.136021103,0,0.000000
1648656211.158783016,0,0.000000
1648656211.181859244,0,0.010000
1648656211.204000474,0,0.000000
1648656211.224814325,0,0.000000
1648656211.246042056,0,0.000000
1648656211.267703427,0,0.001000
1648656211.290183484,0,0.000000
1648656211.311685427,0,0.000000
1648656211.332175737,0,0.000000
1648656211.352925858,0,0.000000
1648656211.376673445,0,0.000000
1648656211.396869538,0,0.000000
1648656211.418790549,0,0.001000
1648656211.440556465,0,0.000000
1648656211.464268630,0,0.000000
1648656211.487010687,0,0.000000
1648656211.510128589,0,0.000000
1648656211.532327337,0,0.000000
1648656211.551996570,0,0.000000
1648656211.575374861,0,0.000000
1648656211.597177920,0,0.000000
1648656211.619805362,0,0.001000
1648656211.642872958,1,0.012000
1648656211.664646906,0,0.000000
1648656211.687400158,0,0.000000
1648656211.709876427,0,0.000000
1648656211.731794416,0,0.000000
1648656211.753356784,0,0.000000
1648656211.777190519,0,0.000000
1648656211.798726542,0,0.000000
1648656211.819882183,0,0.000000
1648656211.842865912,0,0.000000
1648656211.865955761,0,0.002000
1648656211.888491983,0,0.000000
1648656211.911450656,0,0.004000
1648656211.934059499,0,0.000000
1648656211.957097768,0,0.000000
1648656211.979445335,0,0.000000
1648656212.000876031,0,0.000000
1648656212.024930693,0,0.000000
1648656212.047500258,1,0.001000
1648656212.069862800,0,0.000000
1648656212.092526667,0,0.000000
1648656212.114451040,0,0.010000
1648656212.136470380,0,0.000000
1648656212.158673396,0,0.000000
1648656212.181049971,0,0.001000
1648656212.203734683,0,0.000000
1648656212.225278964,1,0.005000
1648656212.247500437,0,0.000000
1648656212.268949364,0,0.001000
1648656212.291960685,0,0.001000
1648656212.314302928,0,0.004000
1648656212.336342859,0,0.000000
1648656212.359283928,0,0.000000
1648656212.380134944,0,0.001000
1648656212.403827164,0,0.000000
1648656212.427551268,0,0.000000
1648656212.450061797,0,0.000000
1648656212.473530392,0,0.000000
1648656212.497090425,0,0.001000
1648656212.518911607,0,0.001000
1648656212.541278534,0,0.000000
1648656212.562128662,0,0.000000
1648656212.584164149,0,0.000000
1648656212.603909522,0,0.000000
1648656212.627379090,0,0.001000
1648656212.650068997,0,0.000000
1648656212.672907139,0,0.000000
1648656212.697197109,0,0.000000
1648656212.719005290,0,0.000000
1648656212.741363302,0,0.000000
1648656212.763549382,0,0.003000
1648656212.787659787,0,0.000000
1648656212.809450725,0,0.000000
1648656212.831060675,0,0.000000
1648656212.853803816,0,0.000000
1648656212.874318281,0,0.010000
1648656212.896970728,0,0.000000
1648656212.922263439,0,0.000000
1648656212.945350148,0,0.000000
1648656212.965830654,0,0.004000
1648656212.988755146,0,0.000000
1648656213.010270111,0,0.000000
1648656213.031533669,0,0.000000
1648656213.053225304,0,0.000000
1648656213.076461688,0,0.005000
1648656213.097334582,0,0.000000
1648656213.120972746,0,0.000000
1648656213.142384558,0,0.000000
1648656213.165179606,0,0.000000
1648656213.188480915,0,0.011000
1648656213.211493818,3,0.023000
1648656213.233795406,0,0.000000
1648656213.255976485,0,0.000000
1648656213.276380672,1,0.006000
1648656213.297854796,0,0.000000
1648656213.321075702,0,0.000000
1648656213.344329388,0,0.000000
1648656213.366888148,1,0.000000
1648656213.388681715,0,0.003000
1648656213.412781762,0,0.000000
1648656213.433597771,0,0.000000
1648656213.455805635,0,0.001000
1648656213.478495236,0,0.000000
1648656213.500616926,0,0.000000
1648656213.524406309,0,0.011000
1648656213.545389883,0,0.000000
1648656213.568721814,0,0.000000
1648656213.590653272,0,0.000000
1648656213.613297253,0,0.000000
1648656213.636489976,0,0.000000
1648656213.657159168,0,0.000000
1648656213.679403830,0,0.001000
1648656213.702912195,0,0.000000
1648656213.724861955,0,0.000000
1648656213.747879714,0,0.009000
1648656213.771153443,0,0.007000
1648656213.793353457,0,0.000000
1648656213.816065136,0,0.000000
1648656213.838743136,0,0.000000
1648656213.860006943,0,0.000000
1648656213.880882949,0,0.000000
1648656213.902903064,0,0.000000
1648656213.926591025,0,0.000000
1648656213.948232692,0,0.000000
1648656213.971996072,0,0.010000
1648656213.993340534,0,0.000000
1648656214.017125014,0,0.000000
1648656214.039442605,0,0.000000
1648656214.061890914,1,0.000000
1648656214.085218608,0,0.000000
1648656214.108968899,0,0.001000
1648656214.132413026,0,0.005000
1648656214.156280948,0,0.000000
1648656214.178394656,0,0.000000
1648656214.199371426,0,0.000000
1648656214.221901031,0,0.000000
1648656214.245213843,0,0.000000
1648656214.268151845,0,0.000000
1648656214.290721596,0,0.000000
1648656214.311283627,0,0.000000
1648656214.334548074,0,0.000000
1648656214.357904808,0,0.000000
1648656214.380350135,0,0.000000
1648656214.402323946,0,0.000000
1648656214.424801900,0,0.000000
1648656214.447488393,0,0.000000
1648656214.470192669,0,0.000000
1648656214.493267711,0,0.000000
1648656214.514553488,0,0.000000
1648656214.537105309,0,0.000000
1648656214.559290784,0,0.000000
1648656214.580400822,0,0.000000
1648656214.602473045,0,0.000000
