1648650095.250938370,0,0.001000
1648650095.275605303,0,0.001000
1648650095.298904388,0,0.001000
1648650095.319841635,0,0.001000
1648650095.340585803,0,0.001000
1648650095.362380564,0,0.001000
1648650095.385290239,0,0.001000
1648650095.407140776,0,0.001000
1648650095.429026588,0,0.001000
1648650095.450226796,0,0.001000
1648650095.472804504,0,0.001000
1648650095.495056905,0,0.001000
1648650095.517112936,0,0.001000
1648650095.540546254,0,0.001000
1648650095.563714662,0,0.001000
1648650095.586459520,0,0.001000
1648650095.609624446,0,0.001000
1648650095.630895740,0,0.001000
1648650095.653334832,0,0.081000
1648650095.676094564,0,0.001000
1648650095.697628358,0,0.000000
1648650095.718938276,0,0.000000
1648650095.741041661,3,0.030000
1648650095.764582623,1,0.011000
1648650095.788105759,2,0.016000
1648650095.811480425,0,0.000000
1648650095.833273296,1,0.013000
1648650095.856334332,0,0.000000
1648650095.879364319,0,0.000000
1648650095.900589391,0,0.000000
1648650095.922387470,0,0.000000
1648650095.944505849,0,0.000000
1648650095.966235486,0,0.000000
1648650095.989082167,0,0.000000
1648650096.010501986,0,0.000000
1648650096.032687915,0,0.000000
1648650096.055699508,1,0.000000
1648650096.077509437,0,0.010000
1648650096.100925505,3,0.042000
1648650096.122606585,0,0.023000
1648650096.145884244,0,0.000000
1648650096.167235735,1,0.022000
1648650096.191135758,0,0.000000
1648650096.212218806,1,0.000000
1648650096.233920063,1,0.001000
1648650096.254586608,0,0.000000
1648650096.275381875,0,0.000000
1648650096.299337710,0,0.000000
1648650096.322749616,0,0.000000
1648650096.346106177,0,0.000000
1648650096.368330184,2,0.024000
1648650096.390644650,1,0.019000
1648650096.411416238,0,0.001000
1648650096.433296681,0,0.000000
1648650096.456554707,0,0.007000
1648650096.479724604,0,0.000000
1648650096.502337710,0,0.000000
1648650096.525267743,0,0.000000
1648650096.547243065,0,0.000000
1648650096.568501869,0,0.000000
1648650096.591943220,0,0.000000
1648650096.613706252,0,0.000000
1648650096.637092662,0,0.000000
1648650096.659584606,0,0.000000
1648650096.682962572,0,0.000000
1648650096.704786932,0,0.000000
1648650096.727383086,1,0.012000
1648650096.748850499,1,0.032000
1648650096.770336060,0,0.027000
1648650096.793801492,1,0.019000
1648650096.815231213,0,0.000000
1648650096.838432364,2,0.020000
1648650096.861186154,1,0.011000
1648650096.884243032,2,0.026000
1648650096.906735804,0,0.008000
1648650096.929040136,0,0.008000
1648650096.949445972,0,0.000000
1648650096.971783158,0,0.000000
1648650096.995156089,0,0.001000
1648650097.016741280,0,0.000000
1648650097.036722950,0,0.001000
1648650097.058610164,0,0.000000
1648650097.080389789,2,0.011000
1648650097.102327499,0,0.014000
1648650097.124350795,0,0.003000
1648650097.147465377,0,0.000000
1648650097.171446779,0,0.000000
1648650097.193163070,0,0.000000
1648650097.215283830,0,0.000000
1648650097.238360388,0,0.000000
1648650097.260082395,0,0.000000
1648650097.282858247,0,0.000000
1648650097.306065193,1,0.000000
1648650097.328782342,0,0.000000
1648650097.351030395,0,0.003000
1648650097.374249769,1,0.006000
1648650097.396885548,1,0.003000
1648650097.420104547,1,0.031000
1648650097.442145642,1,0.028000
1648650097.465430188,1,0.007000
1648650097.488062734,0,0.023000
1648650097.511122455,0,0.000000
1648650097.532763422,0,0.003000
1648650097.554387031,0,0.000000
1648650097.577678800,0,0.000000
1648650097.601186576,0,0.000000
1648650097.622987759,0,0.000000
1648650097.646063258,0,0.000000
1648650097.668273700,0,0.003000
1648650097.690876535,0,0.007000
1648650097.713458056,2,0.038000
1648650097.736758844,2,0.032000
1648650097.758546553,2,0.026000
1648650097.781120296,1,0.023000
1648650097.804690794,0,0.007000
1648650097.827572471,1,0.006000
1648650097.849795484,1,0.019000
1648650097.872669548,0,0.001000
1648650097.895999962,0,0.001000
1648650097.918787565,1,0.001000
1648650097.940758387,0,0.000000
1648650097.963910049,0,0.000000
1648650097.985889552,0,0.000000
1648650098.009231545,0,0.000000
1648650098.031644129,0,0.000000
1648650098.055069442,0,0.008000
1648650098.076030211,0,0.000000
1648650098.097784375,1,0.024000
1648650098.120066942,1,0.008000
1648650098.143805169,0,0.006000
1648650098.165376326,0,0.008000
1648650098.188453578,0,0.000000
1648650098.210994977,0,0.013000
1648650098.233770109,0,0.005000
1648650098.257159188,0,0.000000
1648650098.280590715,0,0.000000
1648650098.304172184,0,0.000000
1648650098.327910482,0,0.000000
1648650098.349116755,0,0.000000
1648650098.371945832,0,0.000000
1648650098.392885883,0,0.000000
1648650098.415957410,0,0.000000
1648650098.439148285,0,0.006000
1648650098.460493602,0,0.000000
1648650098.482908683,1,0.001000
1648650098.504760307,1,0.009000
1648650098.527009907,2,0.030000
1648650098.549737413,0,0.010000
1648650098.573389056,0,0.007000
1648650098.596450926,0,0.003000
1648650098.618096374,0,0.000000
1648650098.641140470,0,0.001000
1648650098.663800111,0,0.000000
1648650098.688061085,0,0.000000
1648650098.712471475,0,0.000000
1648650098.735190054,0,0.000000
1648650098.758058061,0,0.000000
1648650098.781067874,0,0.000000
1648650098.804297741,0,0.000000
1648650098.827511352,0,0.000000
1648650098.850186029,0,0.000000
1648650098.873535346,0,0.000000
1648650098.896653305,0,0.000000
1648650098.919915095,1,0.000000
1648650098.941744243,1,0.001000
1648650098.963612317,1,0.019000
1648650098.985675346,0,0.000000
1648650099.008303232,0,0.013000
1648650099.031042728,0,0.000000
1648650099.054204661,1,0.000000
1648650099.078004192,0,0.000000
1648650099.100470922,0,0.000000
1648650099.123754633,1,0.012000
1648650099.146747340,0,0.000000
1648650099.167654104,0,0.000000
1648650099.190426463,0,0.000000
1648650099.213087131,0,0.000000
1648650099.236561967,0,0.000000
1648650099.259393058,0,0.000000
1648650099.282022129,0,0.000000
1648650099.304983839,1,0.008000
1648650099.326489382,0,0.000000
1648650099.349660489,1,0.020000
1648650099.372254091,0,0.000000
1648650099.395321971,1,0.009000
1648650099.416534347,0,0.000000
1648650099.437556680,0,0.015000
1648650099.460994763,0,0.000000
1648650099.484021055,0,0.019000
1648650099.507416609,1,0.000000
1648650099.530336892,0,0.000000
1648650099.552891168,0,0.000000
1648650099.575645645,0,0.001000
1648650099.599135012,0,0.000000
1648650099.622509844,0,0.000000
1648650099.644792231,0,0.000000
1648650099.666837268,0,0.000000
1648650099.688495429,4,0.037000
1648650099.711033991,0,0.003000
1648650099.734167127,0,0.003000
1648650099.757423488,0,0.003000
1648650099.778935925,0,0.000000
1648650099.801736693,0,0.000000
1648650099.822942280,0,0.000000
1648650099.845043011,0,0.000000
1648650099.866876771,0,0.000000
1648650099.889272975,1,0.000000
1648650099.913468953,0,0.000000
1648650099.934501098,0,0.000000
1648650099.957979989,0,0.000000
1648650099.982047829,0,0.000000
1648650100.005044446,0,0.000000
1648650100.029490104,0,0.000000
1648650100.051305557,0,0.000000
1648650100.074473869,0,0.013000
1648650100.095642623,0,0.004000
1648650100.120368503,0,0.000000
1648650100.143650522,0,0.000000
1648650100.166066481,0,0.032000
1648650100.187940716,1,0.000000
1648650100.210259228,0,0.027000
1648650100.232244193,1,0.000000
1648650100.255550419,0,0.000000
1648650100.276112841,1,0.005000
1648650100.298871140,0,0.000000
1648650100.322496561,0,0.000000
1648650100.344853371,0,0.003000
1648650100.367659309,0,0.000000
1648650100.390773336,0,0.000000
1648650100.412572923,0,0.000000
1648650100.436123978,2,0.029000
1648650100.460057327,0,0.002000
1648650100.484340831,1,0.003000
1648650100.507019381,0,0.000000
1648650100.527746955,0,0.008000
1648650100.551173630,0,0.000000
1648650100.573332946,0,0.000000
1648650100.594950323,2,0.014000
1648650100.618467656,1,0.004000
1648650100.640860077,0,0.000000
1648650100.664230541,1,0.007000
1648650100.685964400,0,0.000000
1648650100.709286617,0,0.009000
1648650100.731296471,0,0.000000
1648650100.755022491,1,0.004000
1648650100.777912724,1,0.010000
1648650100.801709143,0,0.003000
1648650100.825485992,1,0.008000
1648650100.848701205,0,0.000000
1648650100.871905025,1,0.019000
1648650100.895879114,0,0.000000
1648650100.917892753,0,0.008000
1648650100.941764173,0,0.015000
1648650100.964541994,0,0.000000
1648650100.986364983,0,0.000000
1648650101.009117532,0,0.006000
1648650101.031073239,0,0.000000
1648650101.054275556,0,0.000000
1648650101.076962773,0,0.001000
1648650101.100007180,0,0.000000
1648650101.122459911,0,0.004000
1648650101.144934577,1,0.000000
1648650101.168398939,0,0.000000
1648650101.191832991,1,0.010000
1648650101.212896109,0,0.000000
1648650101.235205840,0,0.011000
1648650101.256914365,2,0.008000
1648650101.279819979,0,0.000000
1648650101.303378300,1,0.000000
1648650101.326438322,1,0.007000
1648650101.349784104,0,0.004000
1648650101.371069791,0,0.000000
1648650101.393773316,0,0.000000
1648650101.415204614,0,0.000000
1648650101.437370677,0,0.000000
1648650101.460909265,1,0.000000
1648650101.481617254,0,0.000000
1648650101.503907235,0,0.000000
1648650101.526739841,0,0.005000
1648650101.549467985,1,0.000000
1648650101.570911016,0,0.000000
1648650101.593228340,0,0.000000
1648650101.614740945,0,0.000000
1648650101.636553554,1,0.008000
1648650101.658202847,0,0.000000
1648650101.679660903,0,0.000000
1648650101.701607908,0,0.008000
1648650101.722458032,1,0.004000
1648650101.744063082,3,0.046000
1648650101.766827898,2,0.017000
1648650101.790029535,2,0.015000
1648650101.813166329,2,0.017000
1648650101.836622238,0,0.000000
1648650101.859781204,0,0.000000
1648650101.881373221,0,0.000000
1648650101.904462305,1,0.000000
1648650101.926031514,0,0.000000
1648650101.947288278,0,0.001000
1648650101.969281003,0,0.000000
1648650101.991418983,0,0.000000
1648650102.013109256,0,0.000000
1648650102.036122033,0,0.000000
1648650102.058754595,0,0.012000
1648650102.081658810,0,0.000000
1648650102.103467630,0,0.000000
1648650102.124661937,0,0.000000
1648650102.147553255,0,0.000000
1648650102.170784897,0,0.000000
1648650102.193414702,1,0.010000
1648650102.215996915,0,0.000000
1648650102.239205390,0,0.004000
1648650102.261750430,1,0.005000
1648650102.282649102,0,0.000000
1648650102.304945411,0,0.000000
1648650102.327740436,0,0.000000
1648650102.350177242,0,0.000000
1648650102.371005698,0,0.001000
1648650102.394176489,0,0.000000
1648650102.417620306,0,0.000000
1648650102.440359462,1,0.003000
1648650102.463265861,0,0.001000
1648650102.485862371,1,0.000000
1648650102.508092893,0,0.003000
1648650102.531267325,3,0.039000
1648650102.554550924,0,0.000000
1648650102.577589153,0,0.000000
1648650102.601888333,0,0.005000
1648650102.626444450,1,0.007000
1648650102.649487461,1,0.002000
1648650102.671973942,1,0.011000
1648650102.694199837,0,0.000000
1648650102.716385214,0,0.004000
1648650102.738680356,0,0.005000
1648650102.761184671,0,0.000000
1648650102.783759128,1,0.013000
1648650102.806271497,0,0.000000
1648650102.828036922,0,0.000000
1648650102.850023108,0,0.000000
1648650102.872218128,0,0.000000
1648650102.895172940,0,0.000000
1648650102.918063116,0,0.000000
1648650102.939455669,1,0.009000
1648650102.962794450,3,0.035000
1648650102.985816771,0,0.004000
1648650103.008343288,0,0.005000
1648650103.030601603,0,0.000000
1648650103.053277425,0,0.000000
1648650103.076629571,0,0.000000
1648650103.099165307,0,0.001000
1648650103.122344988,0,0.000000
1648650103.143650032,0,0.000000
1648650103.166504593,0,0.000000
1648650103.189700834,0,0.000000
1648650103.211886320,0,0.000000
1648650103.233748048,0,0.000000
1648650103.255600464,2,0.026000
1648650103.277683780,1,0.009000
1648650103.301164467,2,0.012000
1648650103.323488855,0,0.000000
1648650103.345289144,0,0.006000
1648650103.368710225,0,0.002000
1648650103.390289252,0,0.007000
1648650103.413105001,0,0.000000
1648650103.434533165,0,0.000000
1648650103.456351038,0,0.000000
1648650103.478803890,0,0.000000
1648650103.502237688,0,0.004000
1648650103.525027434,0,0.000000
1648650103.548626222,0,0.000000
1648650103.572238116,0,0.009000
1648650103.595010554,0,0.004000
1648650103.617895785,0,0.003000
1648650103.640289694,2,0.019000
1648650103.663557715,1,0.003000
1648650103.685787839,3,0.027000
1648650103.707635212,0,0.000000
1648650103.729322614,0,0.000000
1648650103.752406185,0,0.000000
1648650103.774377896,0,0.000000
1648650103.797541268,0,0.005000
1648650103.817572073,0,0.000000
1648650103.839652844,1,0.016000
1648650103.860666212,0,0.000000
1648650103.882445000,0,0.004000
1648650103.903823189,0,0.009000
1648650103.924911680,1,0.000000
1648650103.948229405,0,0.005000
1648650103.971330089,0,0.000000
1648650103.994020973,0,0.000000
1648650104.016252678,0,0.000000
1648650104.038403750,0,0.000000
1648650104.061109574,0,0.000000
1648650104.083904519,0,0.000000
1648650104.108047223,0,0.000000
1648650104.131799395,0,0.000000
1648650104.155096365,0,0.001000
1648650104.176917816,1,0.012000
1648650104.198134783,1,0.000000
1648650104.221170599,3,0.027000
1648650104.242253604,1,0.010000
1648650104.265016514,1,0.004000
1648650104.288207368,0,0.000000
1648650104.311545822,0,0.000000
1648650104.334034777,0,0.000000
1648650104.356914760,0,0.000000
1648650104.379922084,0,0.000000
1648650104.401114479,0,0.000000
1648650104.423839199,0,0.000000
1648650104.447331445,0,0.000000
1648650104.470616184,0,0.000000
1648650104.494454554,0,0.000000
1648650104.516759243,0,0.000000
1648650104.538969476,0,0.000000
1648650104.561356980,0,0.000000
1648650104.584778260,0,0.035000
1648650104.607882455,0,0.012000
1648650104.630508631,0,0.005000
1648650104.653528652,0,0.000000
1648650104.675808418,1,0.006000
1648650104.697413166,0,0.018000
1648650104.720714132,0,0.004000
1648650104.744013180,0,0.000000
1648650104.767501101,0,0.004000
1648650104.790961928,2,0.006000
1648650104.814039626,1,0.000000
1648650104.836536697,1,0.000000
1648650104.858874389,0,0.000000
1648650104.880747056,0,0.000000
1648650104.903566701,0,0.003000
1648650104.925666070,0,0.000000
1648650104.948193549,0,0.000000
1648650104.968454613,0,0.000000
1648650104.990200381,0,0.000000
1648650105.012419280,1,0.018000
1648650105.034777208,0,0.000000
1648650105.056103994,1,0.007000
1648650105.078319971,0,0.000000
1648650105.101203452,0,0.000000
1648650105.121928305,1,0.000000
1648650105.145373502,0,0.000000
1648650105.168731647,0,0.000000
1648650105.191942922,0,0.000000
1648650105.214370824,0,0.012000
1648650105.235446140,4,0.040000
1648650105.258419907,0,0.000000
1648650105.279925585,0,0.005000
1648650105.302176230,1,0.000000
1648650105.324031901,0,0.000000
1648650105.346893057,0,0.000000
1648650105.370794959,0,0.000000
1648650105.391570794,0,0.000000
1648650105.413882541,0,0.000000
1648650105.435487276,0,0.000000
1648650105.457349248,1,0.000000
1648650105.478365435,0,0.008000
1648650105.501265243,3,0.021000
1648650105.523923454,0,0.014000
1648650105.545290955,0,0.000000
1648650105.568602140,1,0.000000
1648650105.590052460,0,0.000000
1648650105.611316219,0,0.001000
1648650105.633973973,0,0.000000
1648650105.656575914,0,0.000000
1648650105.679853585,0,0.000000
1648650105.703003188,0,0.000000
1648650105.726401608,0,0.000000
1648650105.749009181,0,0.000000
1648650105.770610397,0,0.003000
1648650105.794363490,0,0.000000
1648650105.817747749,1,0.003000
1648650105.839489583,0,0.014000
1648650105.861828225,1,0.020000
1648650105.885042345,1,0.019000
1648650105.908077382,0,0.001000
1648650105.931246718,0,0.000000
1648650105.953393092,0,0.002000
1648650105.977357448,0,0.008000
1648650105.999684734,1,0.001000
1648650106.021330297,0,0.000000
1648650106.042103422,0,0.000000
1648650106.064707484,0,0.000000
1648650106.087397897,0,0.000000
1648650106.109530825,0,0.000000
1648650106.132143709,0,0.000000
1648650106.154668883,0,0.005000
1648650106.177365620,0,0.000000
1648650106.199441688,1,0.000000
1648650106.221318891,0,0.000000
1648650106.244186087,1,0.014000
1648650106.267333967,1,0.008000
1648650106.288731558,0,0.000000
1648650106.312012015,1,0.007000
1648650106.334806403,0,0.004000
1648650106.358660502,0,0.001000
1648650106.381399622,1,0.000000
1648650106.404591424,0,0.012000
1648650106.427657264,0,0.000000
1648650106.451238236,0,0.000000
1648650106.473525887,0,0.000000
1648650106.495877104,0,0.000000
1648650106.517888563,0,0.000000
1648650106.539986908,0,0.000000
1648650106.561654675,0,0.000000
1648650106.584692474,1,0.017000
1648650106.607281204,0,0.008000
1648650106.628970658,1,0.000000
1648650106.651807241,0,0.000000
1648650106.674441842,0,0.000000
1648650106.697071744,0,0.000000
1648650106.721212512,0,0.000000
1648650106.744365646,0,0.015000
1648650106.766895390,0,0.003000
1648650106.789294403,0,0.000000
1648650106.811899824,0,0.000000
1648650106.834214353,0,0.000000
1648650106.855591828,0,0.000000
1648650106.877676754,0,0.000000
1648650106.901259212,0,0.000000
1648650106.924066662,1,0.000000
1648650106.946671758,0,0.000000
1648650106.968676166,0,0.002000
1648650106.990542416,0,0.000000
1648650107.011969432,0,0.000000
1648650107.035954868,0,0.000000
1648650107.058929833,0,0.000000
1648650107.080694711,0,0.000000
1648650107.102391940,0,0.000000
1648650107.125316026,0,0.000000
1648650107.148399099,0,0.000000
1648650107.170373627,0,0.000000
1648650107.192165270,0,0.000000
1648650107.214556147,2,0.007000
1648650107.235859934,0,0.003000
1648650107.258776492,0,0.000000
1648650107.282350851,4,0.037000
1648650107.304051206,0,0.000000
1648650107.326737154,1,0.016000
1648650107.349597996,1,0.006000
1648650107.372401341,0,0.000000
1648650107.395988762,0,0.000000
1648650107.418283834,0,0.000000
1648650107.442263192,0,0.000000
1648650107.465446304,0,0.000000
1648650107.487928578,0,0.000000
1648650107.510112069,1,0.000000
1648650107.532281549,0,0.001000
1648650107.554790141,0,0.000000
1648650107.577941119,0,0.003000
1648650107.600160396,0,0.000000
1648650107.622747204,0,0.000000
1648650107.645012789,0,0.000000
1648650107.667260912,0,0.000000
1648650107.689469404,1,0.004000
1648650107.712400769,0,0.005000
1648650107.735662283,0,0.010000
1648650107.757879733,4,0.032000
1648650107.779397960,2,0.023000
1648650107.804011232,2,0.014000
1648650107.824968930,0,0.000000
1648650107.848831446,0,0.000000
1648650107.871438715,0,0.007000
1648650107.894222887,0,0.007000
1648650107.916784079,0,0.000000
1648650107.938660097,0,0.000000
1648650107.960474703,0,0.000000
1648650107.982428848,0,0.000000
1648650108.004559974,0,0.000000
1648650108.027359925,0,0.000000
1648650108.050422766,1,0.010000
1648650108.072960818,0,0.010000
1648650108.094854212,1,0.019000
1648650108.117509257,1,0.015000
1648650108.139423564,0,0.000000
1648650108.161560172,0,0.010000
1648650108.185655538,0,0.000000
1648650108.207766606,0,0.000000
1648650108.229938426,0,0.000000
1648650108.252579134,0,0.000000
1648650108.274068566,0,0.000000
1648650108.297573965,0,0.000000
1648650108.321233844,0,0.000000
1648650108.344248365,0,0.000000
1648650108.367219006,0,0.000000
1648650108.388387520,0,0.000000
1648650108.411070968,1,0.000000
1648650108.434152398,0,0.000000
1648650108.456480981,0,0.000000
1648650108.478350354,0,0.007000
1648650108.500164927,1,0.000000
1648650108.524260896,0,0.000000
1648650108.544986489,0,0.012000
1648650108.566952311,1,0.013000
1648650108.591019286,0,0.007000
1648650108.614368896,0,0.000000
1648650108.635091886,1,0.000000
1648650108.656992771,0,0.000000
1648650108.678389899,1,0.010000
1648650108.701234955,0,0.000000
1648650108.723048845,0,0.000000
1648650108.744180092,0,0.000000
1648650108.767980919,0,0.000000
1648650108.791036066,0,0.010000
1648650108.813743599,0,0.000000
1648650108.834956104,2,0.021000
1648650108.858601597,0,0.000000
1648650108.882510888,0,0.000000
1648650108.906181319,2,0.032000
1648650108.928658149,4,0.052000
1648650108.950920334,0,0.000000
1648650108.973215376,0,0.013000
1648650108.995701648,0,0.007000
1648650109.016411621,0,0.000000
1648650109.037777274,0,0.008000
1648650109.058916253,0,0.000000
1648650109.082022728,0,0.000000
1648650109.103783013,0,0.000000
1648650109.127163726,0,0.000000
1648650109.148165685,0,0.000000
1648650109.169947131,0,0.000000
1648650109.191664635,1,0.009000
1648650109.214283338,2,0.025000
1648650109.237325385,1,0.000000
1648650109.258636963,0,0.000000
1648650109.281138758,0,0.004000
1648650109.302344900,0,0.000000
1648650109.325853407,0,0.000000
1648650109.347278634,0,0.000000
1648650109.370239121,0,0.000000
1648650109.392781514,0,0.000000
1648650109.414262994,0,0.000000
1648650109.436535652,0,0.000000
1648650109.460547199,0,0.000000
1648650109.483281076,0,0.000000
1648650109.505735763,0,0.000000
1648650109.528079935,2,0.006000
1648650109.551079212,0,0.000000
1648650109.574024653,0,0.007000
1648650109.594414445,0,0.003000
1648650109.616815992,0,0.000000
1648650109.639989202,0,0.006000
1648650109.662574313,0,0.000000
1648650109.684594177,0,0.000000
1648650109.706988014,0,0.000000
1648650109.729937253,0,0.000000
1648650109.752030376,0,0.000000
1648650109.775129401,0,0.000000
1648650109.795796167,0,0.009000
1648650109.818581949,1,0.008000
1648650109.841708003,1,0.011000
1648650109.864417750,1,0.019000
1648650109.886416692,2,0.022000
1648650109.909866876,1,0.005000
1648650109.933114974,1,0.000000
1648650109.956961498,1,0.000000
1648650109.979694811,0,0.000000
1648650110.002230576,0,0.000000
1648650110.024140693,1,0.013000
1648650110.046072563,0,0.000000
1648650110.066073936,0,0.000000
1648650110.088739757,0,0.000000
1648650110.111606960,0,0.000000
1648650110.133596722,0,0.000000
1648650110.156663790,0,0.000000
1648650110.180299568,1,0.000000
1648650110.202093916,0,0.009000
1648650110.224331860,4,0.037000
1648650110.246176302,2,0.021000
1648650110.266281504,0,0.000000
1648650110.289288055,2,0.012000
1648650110.312925438,0,0.000000
1648650110.335137412,0,0.000000
1648650110.356794614,0,0.000000
1648650110.380446815,0,0.000000
1648650110.404634430,0,0.005000
1648650110.426577625,0,0.000000
1648650110.449041357,0,0.000000
1648650110.472842208,0,0.000000
1648650110.496249645,0,0.000000
1648650110.519379326,0,0.000000
1648650110.542660940,0,0.000000
1648650110.563407309,0,0.000000
1648650110.586257489,0,0.000000
1648650110.609865274,0,0.000000
1648650110.632232656,2,0.019000
1648650110.654441354,0,0.003000
1648650110.678668171,1,0.016000
1648650110.701050247,0,0.000000
1648650110.723729229,0,0.003000
1648650110.746977326,1,0.000000
1648650110.769742152,0,0.000000
1648650110.792801788,0,0.000000
1648650110.813508245,0,0.000000
1648650110.835992657,0,0.000000
1648650110.859700059,0,0.000000
1648650110.883200675,1,0.012000
1648650110.905865391,0,0.000000
1648650110.929407977,2,0.031000
1648650110.951913233,1,0.007000
1648650110.973380482,0,0.000000
1648650110.995785032,1,0.012000
1648650111.016789151,0,0.000000
1648650111.039978246,0,0.000000
1648650111.063135156,0,0.005000
1648650111.086638050,0,0.000000
1648650111.109416021,0,0.000000
1648650111.132039808,1,0.000000
1648650111.155200519,0,0.000000
1648650111.178525313,0,0.000000
1648650111.201155896,0,0.001000
1648650111.223146558,0,0.002000
1648650111.246746066,0,0.000000
1648650111.269369921,0,0.000000
1648650111.292082356,1,0.009000
1648650111.315765990,1,0.006000
1648650111.338405030,1,0.016000
1648650111.363146716,0,0.011000
1648650111.386369445,0,0.006000
1648650111.410593477,3,0.032000
1648650111.431982205,2,0.028000
1648650111.455125370,0,0.006000
1648650111.478315080,0,0.000000
1648650111.501271427,0,0.000000
1648650111.524089168,0,0.004000
1648650111.546419725,0,0.000000
1648650111.568582204,0,0.000000
1648650111.592836040,0,0.000000
1648650111.615294056,0,0.000000
1648650111.638117275,0,0.000000
1648650111.661213272,0,0.000000
1648650111.684944855,0,0.000000
1648650111.707675964,0,0.000000
1648650111.730414703,0,0.000000
1648650111.753015643,0,0.000000
1648650111.774765367,1,0.001000
1648650111.796455988,2,0.046000
1648650111.818700119,1,0.001000
1648650111.840954042,0,0.011000
1648650111.864452772,0,0.000000
1648650111.887605048,0,0.000000
1648650111.909585121,0,0.000000
1648650111.933621540,0,0.000000
1648650111.956955298,0,0.000000
1648650111.980049960,0,0.000000
1648650112.004449337,1,0.000000
1648650112.027001691,0,0.000000
1648650112.049907337,0,0.000000
1648650112.072114553,0,0.003000
1648650112.093701531,0,0.000000
1648650112.115355112,0,0.000000
1648650112.137949979,1,0.008000
1648650112.159324404,1,0.019000
1648650112.180137339,0,0.007000
1648650112.202659118,0,0.011000
1648650112.225045212,1,0.014000
1648650112.246116389,0,0.010000
1648650112.269429613,0,0.000000
1648650112.291384333,0,0.000000
1648650112.314764140,0,0.000000
1648650112.337324515,0,0.000000
1648650112.359191836,0,0.000000
1648650112.381906991,0,0.000000
1648650112.404032671,0,0.000000
1648650112.427012819,0,0.000000
1648650112.450071926,0,0.000000
1648650112.473946356,0,0.000000
1648650112.497196713,0,0.000000
1648650112.520216287,0,0.000000
1648650112.542826803,0,0.000000
1648650112.564185549,2,0.017000
1648650112.585708828,0,0.008000
1648650112.608715351,0,0.000000
1648650112.630263188,0,0.000000
1648650112.652566696,0,0.000000
1648650112.675722531,1,0.009000
1648650112.698041193,0,0.000000
1648650112.719941623,0,0.000000
1648650112.742087747,0,0.000000
1648650112.763430344,1,0.001000
1648650112.787204357,0,0.007000
1648650112.809920214,1,0.028000
1648650112.832111609,1,0.025000
1648650112.856451263,0,0.001000
1648650112.879110766,2,0.031000
1648650112.900822205,0,0.000000
1648650112.923182364,0,0.001000
1648650112.945077318,0,0.007000
1648650112.968158043,0,0.006000
1648650112.990023143,0,0.000000
1648650113.013208863,0,0.000000
1648650113.035913267,0,0.000000
1648650113.058505285,0,0.000000
1648650113.081757657,0,0.000000
1648650113.104853487,0,0.000000
1648650113.127544857,0,0.007000
1648650113.149123420,2,0.040000
1648650113.169449553,0,0.000000
1648650113.191869197,0,0.004000
1648650113.212421851,0,0.009000
1648650113.234325934,0,0.000000
1648650113.256759038,0,0.000000
1648650113.280498525,0,0.000000
1648650113.302434974,0,0.000000
1648650113.324419139,0,0.000000
1648650113.346780236,0,0.000000
1648650113.369322432,0,0.000000
1648650113.392212051,0,0.000000
1648650113.414433805,0,0.001000
1648650113.436852775,0,0.000000
1648650113.459544179,0,0.000000
1648650113.483124505,0,0.000000
1648650113.505921242,0,0.003000
1648650113.528913684,0,0.000000
1648650113.552177433,0,0.009000
1648650113.574617247,0,0.006000
1648650113.598233923,1,0.000000
1648650113.620478461,0,0.000000
1648650113.642876909,1,0.012000
1648650113.664389142,2,0.008000
1648650113.688067171,0,0.005000
1648650113.712114424,0,0.000000
1648650113.734643478,3,0.023000
1648650113.756118010,0,0.000000
1648650113.779541666,0,0.000000
1648650113.801805483,0,0.000000
1648650113.823632571,0,0.000000
1648650113.847493547,0,0.000000
1648650113.869465925,0,0.000000
1648650113.890936639,0,0.000000
1648650113.914576822,0,0.000000
1648650113.936888346,0,0.000000
1648650113.960231471,0,0.000000
1648650113.980872233,0,0.000000
1648650114.004742507,1,0.026000
1648650114.027908821,2,0.014000
1648650114.048316765,0,0.000000
1648650114.071036609,0,0.008000
1648650114.093534289,0,0.006000
1648650114.117080429,0,0.000000
1648650114.139642579,0,0.000000
1648650114.160658424,0,0.000000
1648650114.184487790,0,0.000000
1648650114.207081081,0,0.000000
1648650114.231366568,0,0.009000
1648650114.254243906,0,0.000000
1648650114.275040896,1,0.010000
1648650114.297984444,3,0.029000
1648650114.321129140,0,0.003000
1648650114.344168368,2,0.030000
1648650114.369440742,0,0.000000
1648650114.391043768,2,0.000000
1648650114.414246579,0,0.009000
1648650114.436106808,2,0.020000
1648650114.459076738,0,0.000000
1648650114.482230647,0,0.017000
1648650114.504290144,0,0.000000
1648650114.525576423,0,0.000000
1648650114.549684840,0,0.000000
1648650114.572534939,0,0.000000
1648650114.596117728,0,0.000000
1648650114.618446792,0,0.000000
1648650114.639361386,0,0.000000
1648650114.662419868,0,0.004000
1648650114.686161590,0,0.000000
1648650114.708507571,0,0.005000
1648650114.731105255,3,0.020000
1648650114.753874850,1,0.014000
1648650114.777431197,0,0.000000
1648650114.799965009,4,0.044000
1648650114.822873930,0,0.000000
1648650114.846816867,1,0.000000
1648650114.869748408,0,0.000000
1648650114.893181175,0,0.000000
1648650114.915343080,0,0.000000
1648650114.938551737,0,0.000000
1648650114.961185702,0,0.000000
1648650114.984970180,0,0.000000
1648650115.007870321,0,0.000000
1648650115.030273344,0,0.000000
1648650115.051680595,0,0.000000
1648650115.074846027,0,0.000000
1648650115.098206310,0,0.000000
1648650115.120309664,0,0.000000
1648650115.142946649,0,0.011000
1648650115.167596679,2,0.037000
1648650115.189887852,1,0.012000
1648650115.212549481,0,0.000000
1648650115.235154901,0,0.000000
1648650115.259017902,2,0.025000
1648650115.281666741,0,0.000000
1648650115.304783279,0,0.000000
1648650115.326418198,0,0.000000
1648650115.350714325,0,0.000000
1648650115.374496223,0,0.003000
1648650115.397687678,0,0.000000
1648650115.419451845,0,0.000000
1648650115.442409294,0,0.000000
1648650115.463436704,0,0.000000
1648650115.485741810,3,0.040000
1648650115.508203495,2,0.025000
1648650115.530963474,0,0.000000
1648650115.554305013,1,0.018000
1648650115.575427726,0,0.004000
1648650115.596351887,0,0.000000
1648650115.618769825,0,0.000000
1648650115.640956149,0,0.000000
1648650115.664172773,0,0.000000
1648650115.686169557,0,0.000000
1648650115.709507488,0,0.000000
1648650115.731203519,0,0.000000
1648650115.752031428,0,0.000000
1648650115.772876160,0,0.000000
1648650115.795788941,1,0.011000
1648650115.817974713,0,0.006000
1648650115.841173416,0,0.007000
1648650115.862321353,0,0.000000
1648650115.884524850,0,0.000000
1648650115.908454482,0,0.000000
1648650115.932409666,0,0.000000
1648650115.954435218,0,0.000000
1648650115.976173855,0,0.000000
1648650115.998952958,0,0.000000
1648650116.021178178,0,0.000000
1648650116.045187068,0,0.000000
1648650116.067300336,0,0.000000
1648650116.090439463,0,0.000000
1648650116.113621337,0,0.000000
1648650116.134489911,0,0.000000
1648650116.158218219,0,0.000000
1648650116.181741947,0,0.004000
1648650116.202406219,1,0.005000
1648650116.223729994,1,0.004000
1648650116.246045064,0,0.000000
1648650116.268989721,0,0.006000
1648650116.289445736,0,0.000000
1648650116.311411945,0,0.000000
1648650116.331029986,0,0.000000
1648650116.354401196,0,0.010000
1648650116.376294984,0,0.001000
1648650116.398993583,1,0.006000
1648650116.422437830,0,0.000000
1648650116.446181534,0,0.000000
1648650116.470233659,0,0.000000
1648650116.493390807,0,0.000000
1648650116.516211472,1,0.000000
1648650116.537350301,0,0.000000
1648650116.558719145,0,0.000000
1648650116.582540227,0,0.000000
1648650116.605407872,0,0.000000
1648650116.627828738,0,0.000000
1648650116.649283931,0,0.017000
1648650116.672466085,1,0.000000
1648650116.696176163,3,0.027000
1648650116.719671793,1,0.022000
1648650116.742111343,2,0.019000
1648650116.764199655,0,0.012000
1648650116.788276692,1,0.002000
1648650116.812544425,2,0.013000
1648650116.836122689,2,0.023000
1648650116.858828670,0,0.005000
1648650116.881237130,0,0.000000
1648650116.903653616,2,0.022000
1648650116.927051101,0,0.000000
1648650116.948680228,0,0.000000
1648650116.971286258,0,0.000000
1648650116.993802010,0,0.000000
1648650117.017013479,0,0.000000
1648650117.041288517,0,0.000000
1648650117.062476854,0,0.000000
1648650117.085266449,0,0.000000
1648650117.109776536,0,0.000000
1648650117.131786470,0,0.019000
1648650117.152770058,2,0.014000
1648650117.175083083,0,0.008000
1648650117.197447401,0,0.006000
1648650117.220542327,0,0.000000
1648650117.244387890,0,0.000000
1648650117.264792651,0,0.000000
1648650117.287479496,0,0.000000
1648650117.309037803,0,0.005000
1648650117.332109534,0,0.000000
1648650117.355261503,0,0.000000
1648650117.376550148,0,0.000000
1648650117.399571394,0,0.000000
1648650117.422208797,0,0.000000
1648650117.445008653,0,0.000000
1648650117.468218936,0,0.000000
1648650117.490914865,0,0.000000
1648650117.513116573,0,0.000000
1648650117.535963931,1,0.013000
1648650117.559121145,1,0.005000
1648650117.581713910,0,0.000000
1648650117.605426975,0,0.016000
1648650117.629239833,0,0.000000
1648650117.651281754,4,0.028000
1648650117.672956147,2,0.007000
1648650117.696771394,2,0.031000
1648650117.720589077,1,0.010000
1648650117.744220239,0,0.000000
1648650117.767198260,0,0.000000
1648650117.790209226,0,0.015000
1648650117.813457078,1,0.011000
1648650117.838019588,0,0.004000
1648650117.860832676,1,0.010000
1648650117.884479511,1,0.000000
1648650117.909465133,0,0.000000
1648650117.932708551,0,0.000000
1648650117.955458375,0,0.000000
1648650117.977529317,0,0.000000
1648650118.001171051,0,0.000000
1648650118.022471516,0,0.000000
1648650118.044197362,0,0.000000
1648650118.068731243,0,0.004000
1648650118.091199953,0,0.000000
1648650118.113183988,0,0.000000
1648650118.136087649,2,0.024000
1648650118.159550765,1,0.005000
1648650118.182193458,2,0.012000
1648650118.203584453,0,0.000000
1648650118.226336207,1,0.038000
1648650118.248995934,1,0.016000
1648650118.271851897,0,0.000000
1648650118.293080458,0,0.000000
1648650118.315617431,0,0.000000
1648650118.336809408,0,0.000000
1648650118.360205560,0,0.000000
1648650118.382782047,0,0.000000
1648650118.405395299,0,0.000000
1648650118.428813804,0,0.000000
1648650118.451951756,0,0.000000
1648650118.476448563,0,0.000000
1648650118.499498232,0,0.000000
1648650118.522626116,0,0.000000
1648650118.544257395,1,0.023000
1648650118.566125693,1,0.023000
1648650118.590445657,0,0.000000
1648650118.612070885,0,0.000000
1648650118.634083549,0,0.000000
1648650118.655718735,0,0.003000
1648650118.680236266,0,0.000000
1648650118.701354407,0,0.000000
1648650118.724809405,0,0.000000
1648650118.747722574,0,0.003000
1648650118.771350604,0,0.000000
1648650118.792995605,0,0.000000
1648650118.815825744,1,0.011000
1648650118.838061252,0,0.000000
1648650118.861032466,1,0.000000
1648650118.883351622,0,0.004000
1648650118.907186916,3,0.034000
1648650118.930767133,0,0.000000
1648650118.952637953,0,0.000000
1648650118.975951762,0,0.000000
1648650118.997559149,0,0.000000
1648650119.020772459,0,0.000000
1648650119.042249381,0,0.000000
1648650119.065395189,0,0.000000
1648650119.088360735,0,0.000000
1648650119.110854773,0,0.000000
1648650119.133733523,0,0.000000
1648650119.157366834,0,0.002000
1648650119.180049615,2,0.016000
1648650119.201936717,0,0.000000
1648650119.224311886,3,0.040000
1648650119.246976156,1,0.001000
1648650119.272026607,1,0.005000
1648650119.295182500,0,0.008000
1648650119.318835180,1,0.016000
1648650119.342914787,0,0.012000
1648650119.366100869,0,0.000000
1648650119.390368843,1,0.012000
1648650119.412483539,0,0.000000
1648650119.435489734,2,0.006000
1648650119.458764006,0,0.000000
1648650119.481374065,0,0.002000
1648650119.503823503,0,0.000000
1648650119.526716775,0,0.004000
1648650119.547881878,0,0.000000
1648650119.571245226,0,0.000000
1648650119.593077445,0,0.000000
1648650119.615561787,0,0.000000
1648650119.638917331,0,0.003000
1648650119.663103335,3,0.032000
1648650119.684316782,0,0.005000
1648650119.707738499,3,0.029000
1648650119.730274768,0,0.005000
1648650119.751697847,2,0.018000
1648650119.775567404,0,0.008000
1648650119.799245880,0,0.003000
1648650119.820949922,0,0.000000
1648650119.844051182,0,0.000000
1648650119.867224853,0,0.000000
1648650119.891793000,0,0.000000
1648650119.914968190,0,0.000000
1648650119.938806817,0,0.000000
1648650119.962972905,0,0.004000
1648650119.986466740,0,0.000000
1648650120.007941336,0,0.000000
1648650120.032314882,0,0.000000
1648650120.053418866,0,0.001000
1648650120.075780542,0,0.000000
1648650120.098538855,0,0.013000
1648650120.121096983,0,0.000000
1648650120.144179571,0,0.000000
1648650120.166776337,0,0.000000
1648650120.190175295,0,0.015000
1648650120.214159800,2,0.023000
1648650120.233051824,0,0.000000
1648650120.255882013,0,0.000000
1648650120.278404155,0,0.000000
1648650120.300466021,2,0.030000
1648650120.323742285,2,0.013000
1648650120.348089571,0,0.000000
1648650120.371423306,0,0.000000
1648650120.394423040,0,0.003000
1648650120.417854972,0,0.000000
1648650120.440755965,0,0.000000
1648650120.464206529,0,0.000000
1648650120.488405806,0,0.000000
1648650120.512279438,0,0.000000
1648650120.534392425,0,0.000000
1648650120.558538804,0,0.000000
1648650120.580258616,0,0.000000
1648650120.603598841,0,0.000000
1648650120.626342640,0,0.000000
1648650120.647841650,0,0.000000
1648650120.669721395,0,0.000000
1648650120.692796978,0,0.000000
1648650120.715274294,0,0.008000
1648650120.738255925,0,0.004000
1648650120.759914554,1,0.003000
1648650120.782783819,0,0.008000
1648650120.804275783,0,0.000000
1648650120.826525681,0,0.000000
1648650120.850035227,0,0.000000
1648650120.873050513,0,0.000000
1648650120.896560100,0,0.000000
1648650120.918669113,0,0.006000
1648650120.941894972,0,0.003000
1648650120.964332079,0,0.000000
1648650120.987400413,0,0.001000
1648650121.009641885,0,0.000000
1648650121.031863892,0,0.000000
1648650121.054732496,2,0.009000
1648650121.075505273,0,0.003000
1648650121.100562305,0,0.000000
1648650121.122404700,0,0.000000
1648650121.146997148,0,0.000000
1648650121.169434943,0,0.000000
1648650121.192229203,0,0.000000
1648650121.216265820,0,0.010000
1648650121.240352377,0,0.000000
1648650121.264783933,0,0.000000
1648650121.287464747,0,0.000000
1648650121.311906737,1,0.000000
1648650121.334479460,0,0.000000
1648650121.359332214,0,0.000000
1648650121.380723051,0,0.000000
1648650121.403585067,0,0.000000
1648650121.424879405,0,0.000000
1648650121.447387791,0,0.000000
1648650121.471203946,0,0.000000
1648650121.493810535,1,0.016000
1648650121.515321648,0,0.000000
1648650121.536913815,0,0.000000
1648650121.562316719,0,0.000000
1648650121.584791267,0,0.002000
1648650121.607540860,0,0.006000
1648650121.628872952,0,0.000000
1648650121.653802795,0,0.010000
1648650121.675927954,0,0.011000
1648650121.698548764,0,0.000000
1648650121.720994453,0,0.000000
1648650121.743301952,0,0.000000
1648650121.767382112,0,0.000000
1648650121.791115837,0,0.000000
1648650121.812988167,0,0.000000
1648650121.835526442,2,0.018000
1648650121.857882852,1,0.010000
1648650121.881174414,0,0.002000
1648650121.901688870,1,0.029000
1648650121.927316641,1,0.003000
1648650121.949817797,1,0.003000
1648650121.972571039,1,0.003000
1648650121.994465691,1,0.001000
1648650122.017010697,0,0.003000
1648650122.039952749,0,0.004000
1648650122.062458406,1,0.000000
1648650122.084071848,1,0.006000
1648650122.108457601,0,0.000000
1648650122.130478228,0,0.000000
1648650122.153538650,0,0.000000
1648650122.175211910,0,0.000000
1648650122.198068704,0,0.000000
1648650122.221908097,0,0.000000
1648650122.245856535,0,0.000000
1648650122.267748876,0,0.004000
1648650122.291554029,0,0.000000
1648650122.314008783,0,0.000000
1648650122.336483847,0,0.000000
1648650122.359109247,1,0.007000
1648650122.382134392,0,0.000000
1648650122.404773307,0,0.000000
1648650122.427126612,0,0.000000
1648650122.450456850,1,0.017000
1648650122.474050786,0,0.000000
1648650122.495460408,0,0.000000
1648650122.518417893,0,0.000000
1648650122.541664056,0,0.000000
1648650122.564465608,0,0.003000
1648650122.587293921,0,0.000000
1648650122.610042383,0,0.000000
1648650122.635131199,1,0.011000
1648650122.656929097,0,0.015000
1648650122.679935564,0,0.000000
1648650122.702350355,0,0.000000
1648650122.724670703,0,0.000000
1648650122.750585887,0,0.000000
1648650122.773027874,0,0.000000
1648650122.794802448,0,0.000000
1648650122.818293287,0,0.000000
1648650122.841990720,0,0.000000
1648650122.865263238,0,0.000000
1648650122.886592366,0,0.000000
1648650122.910224785,1,0.004000
1648650122.932942158,0,0.000000
1648650122.955016666,0,0.000000
1648650122.978253414,0,0.001000
1648650123.001030605,0,0.000000
1648650123.023689179,0,0.003000
1648650123.046473252,2,0.018000
1648650123.069467323,0,0.013000
1648650123.091696931,1,0.033000
1648650123.116586699,0,0.010000
1648650123.138818564,0,0.000000
1648650123.161540838,0,0.000000
1648650123.184463859,0,0.000000
1648650123.207290181,0,0.000000
1648650123.230295325,0,0.000000
1648650123.254068955,0,0.000000
1648650123.274134222,0,0.003000
1648650123.297805794,0,0.000000
1648650123.321510987,0,0.000000
1648650123.343546544,0,0.000000
1648650123.366836209,0,0.000000
1648650123.390485737,0,0.000000
1648650123.410855695,1,0.006000
1648650123.434324444,1,0.005000
1648650123.457135724,3,0.035000
1648650123.481679633,3,0.038000
1648650123.502572732,1,0.014000
1648650123.526492533,1,0.000000
1648650123.551474747,0,0.000000
1648650123.574201766,0,0.000000
1648650123.597391930,0,0.000000
1648650123.621012301,0,0.001000
1648650123.642646087,0,0.003000
1648650123.665160245,0,0.000000
1648650123.688074518,1,0.005000
1648650123.710905936,0,0.009000
1648650123.735335618,0,0.000000
1648650123.755437623,0,0.000000
1648650123.777369048,0,0.000000
1648650123.800477877,0,0.000000
1648650123.821863144,0,0.000000
1648650123.843816893,0,0.000000
1648650123.868351314,0,0.003000
1648650123.892463479,0,0.000000
1648650123.915282912,0,0.000000
1648650123.938525076,1,0.000000
1648650123.961136987,1,0.013000
1648650123.985149809,0,0.000000
1648650124.008101314,0,0.000000
1648650124.031465147,0,0.000000
1648650124.053842148,0,0.016000
1648650124.075955766,0,0.006000
1648650124.098405907,0,0.000000
1648650124.120716883,0,0.000000
1648650124.143731565,0,0.000000
1648650124.166002745,0,0.000000
1648650124.189312104,0,0.000000
1648650124.212254462,0,0.000000
1648650124.235434837,0,0.000000
1648650124.257506961,0,0.000000
1648650124.280256659,1,0.007000
1648650124.303391989,1,0.000000
1648650124.326456515,1,0.006000
1648650124.349984419,0,0.000000
1648650124.372028618,2,0.032000
1648650124.396585155,0,0.000000
1648650124.419500648,0,0.000000
1648650124.442445855,1,0.000000
1648650124.466578620,1,0.009000
1648650124.490910785,1,0.000000
1648650124.513996143,2,0.019000
1648650124.539272960,1,0.007000
1648650124.557885513,0,0.000000
1648650124.578871593,1,0.006000
1648650124.601123403,0,0.000000
1648650124.624447476,0,0.000000
1648650124.647413968,0,0.000000
1648650124.671135445,0,0.000000
1648650124.694788791,0,0.000000
1648650124.716886697,1,0.004000
1648650124.738082676,2,0.019000
1648650124.760798597,0,0.005000
1648650124.783539112,0,0.000000
1648650124.807444571,0,0.001000
1648650124.831316675,0,0.000000
1648650124.854657331,0,0.000000
1648650124.878436487,1,0.000000
1648650124.899418468,0,0.000000
1648650124.922600376,0,0.000000
1648650124.947879615,0,0.001000
1648650124.970531056,0,0.000000
1648650124.990223720,0,0.000000
1648650125.012593831,0,0.003000
1648650125.036799608,0,0.000000
1648650125.060154667,1,0.007000
1648650125.082734387,1,0.009000
1648650125.105886242,0,0.004000
1648650125.128889150,0,0.004000
1648650125.152470841,0,0.008000
1648650125.174722048,0,0.000000
1648650125.198585138,1,0.008000
1648650125.220227617,2,0.018000
1648650125.242262469,0,0.000000
1648650125.263899761,0,0.000000
1648650125.287100696,0,0.000000
1648650125.311346861,0,0.000000
1648650125.333063229,0,0.000000
1648650125.356586876,0,0.000000
1648650125.379488382,0,0.000000
1648650125.404209865,0,0.000000
1648650125.427871076,0,0.000000
1648650125.451007931,0,0.000000
1648650125.475812889,0,0.000000
1648650125.498659605,0,0.000000
1648650125.522892047,0,0.000000
1648650125.546325787,0,0.000000
1648650125.568049336,0,0.000000
1648650125.590470484,1,0.000000
1648650125.612907146,0,0.000000
1648650125.635391809,1,0.017000
1648650125.657476184,0,0.000000
1648650125.681706583,0,0.003000
1648650125.703188876,0,0.007000
1648650125.725318151,1,0.000000
1648650125.748456328,1,0.000000
1648650125.770825925,0,0.000000
1648650125.794263437,0,0.000000
1648650125.817465142,0,0.000000
1648650125.839486042,0,0.000000
1648650125.865153888,0,0.000000
1648650125.886843628,0,0.000000
1648650125.910612902,0,0.000000
1648650125.934007350,0,0.000000
1648650125.956453775,0,0.000000
1648650125.979379519,0,0.000000
1648650126.002241856,0,0.000000
1648650126.026526552,0,0.003000
1648650126.047390955,0,0.003000
1648650126.070237036,2,0.026000
1648650126.092484488,1,0.007000
1648650126.115439534,0,0.000000
1648650126.138895957,0,0.000000
1648650126.162547547,0,0.000000
1648650126.184858991,0,0.000000
1648650126.208124566,0,0.000000
1648650126.229613878,0,0.000000
1648650126.253615450,0,0.000000
1648650126.275023478,0,0.000000
1648650126.296963546,0,0.000000
1648650126.319067489,0,0.000000
1648650126.341383192,0,0.000000
1648650126.363895870,0,0.000000
1648650126.387824727,1,0.009000
1648650126.411394791,1,0.000000
1648650126.435222846,1,0.002000
1648650126.457303096,0,0.010000
1648650126.482885386,0,0.000000
1648650126.506212104,4,0.036000
1648650126.527093578,1,0.011000
1648650126.550507566,1,0.010000
1648650126.572456945,0,0.004000
1648650126.595889331,0,0.000000
1648650126.619539194,0,0.000000
1648650126.641124116,0,0.004000
1648650126.662246645,0,0.000000
1648650126.685370244,0,0.000000
1648650126.707418420,0,0.000000
1648650126.731394655,0,0.000000
1648650126.753010425,0,0.004000
1648650126.776357299,0,0.000000
1648650126.799440704,1,0.004000
1648650126.820410133,2,0.035000
1648650126.843402896,2,0.032000
1648650126.866124387,0,0.000000
1648650126.889183511,0,0.012000
1648650126.911426298,0,0.000000
1648650126.935130222,0,0.000000
1648650126.959557805,0,0.000000
1648650126.982422792,0,0.000000
1648650127.005720778,0,0.000000
1648650127.027897173,0,0.000000
1648650127.048967906,0,0.000000
1648650127.072907015,0,0.000000
1648650127.096062255,0,0.000000
1648650127.119012912,0,0.000000
1648650127.142223282,0,0.007000
1648650127.163373545,0,0.000000
1648650127.186533008,0,0.000000
1648650127.209239494,0,0.003000
1648650127.233008688,0,0.000000
1648650127.256244338,0,0.011000
1648650127.279348764,0,0.000000
1648650127.302433865,2,0.016000
1648650127.323718985,0,0.011000
1648650127.346911317,0,0.000000
1648650127.369453661,2,0.025000
1648650127.392322783,0,0.000000
1648650127.416047523,0,0.000000
1648650127.438505233,0,0.010000
1648650127.461974647,0,0.003000
1648650127.484597771,0,0.000000
1648650127.507281029,0,0.000000
1648650127.531654497,0,0.000000
1648650127.554450110,0,0.000000
1648650127.577228041,0,0.000000
1648650127.599986441,0,0.000000
1648650127.623348371,0,0.000000
1648650127.647679151,0,0.014000
1648650127.670755999,0,0.000000
1648650127.695440606,0,0.000000
1648650127.718386888,0,0.006000
1648650127.744185709,0,0.000000
1648650127.766228191,0,0.000000
1648650127.789196538,0,0.001000
1648650127.810418450,0,0.000000
1648650127.831835859,0,0.000000
1648650127.855073203,0,0.009000
1648650127.878069991,1,0.019000
1648650127.899054737,0,0.004000
1648650127.925294298,0,0.000000
1648650127.947588032,0,0.002000
1648650127.967727085,0,0.003000
1648650127.990482497,3,0.041000
1648650128.014207842,2,0.016000
1648650128.036725412,0,0.003000
1648650128.059801814,0,0.010000
1648650128.084117713,0,0.000000
1648650128.105543184,0,0.010000
1648650128.129181871,0,0.000000
1648650128.153357714,0,0.010000
1648650128.176874833,0,0.000000
1648650128.200035072,0,0.000000
1648650128.222995600,1,0.000000
1648650128.246206474,0,0.003000
1648650128.267385056,0,0.000000
1648650128.290103885,0,0.000000
1648650128.313458269,0,0.000000
1648650128.336596218,0,0.000000
1648650128.357629938,0,0.000000
1648650128.381641841,0,0.007000
1648650128.403635580,1,0.019000
1648650128.428685060,0,0.000000
1648650128.452659427,0,0.000000
1648650128.476622089,0,0.040000
1648650128.497448928,1,0.021000
1648650128.521054674,1,0.011000
1648650128.544999333,0,0.007000
1648650128.568388355,0,0.000000
1648650128.591131309,0,0.009000
1648650128.613872398,0,0.000000
1648650128.636262354,0,0.005000
1648650128.659472854,0,0.000000
1648650128.681269959,0,0.000000
1648650128.703344716,0,0.000000
1648650128.726432779,0,0.000000
1648650128.749892396,0,0.000000
1648650128.770972093,0,0.000000
1648650128.793686670,0,0.000000
1648650128.816313655,0,0.000000
1648650128.839369161,0,0.000000
1648650128.861498408,0,0.000000
1648650128.885138968,0,0.000000
1648650128.908747041,1,0.011000
1648650128.931959930,1,0.007000
1648650128.956456588,0,0.000000
1648650128.978825458,3,0.055000
1648650129.001079884,0,0.000000
1648650129.025112593,0,0.000000
1648650129.048412127,0,0.000000
1648650129.071483959,0,0.009000
1648650129.094960738,0,0.008000
1648650129.117968285,1,0.000000
1648650129.139655965,0,0.000000
1648650129.164253712,0,0.004000
1648650129.186169759,0,0.000000
1648650129.207096463,0,0.000000
1648650129.230009580,0,0.000000
1648650129.252174313,0,0.000000
1648650129.274342170,0,0.000000
1648650129.297510929,1,0.000000
1648650129.321199469,0,0.000000
1648650129.343938193,0,0.004000
1648650129.366063221,0,0.022000
1648650129.390026741,1,0.013000
1648650129.413096689,1,0.012000
1648650129.436367925,0,0.024000
1648650129.459428781,0,0.002000
1648650129.480220539,0,0.000000
1648650129.503787169,2,0.020000
1648650129.526418731,0,0.000000
1648650129.549310487,0,0.000000
1648650129.573047650,0,0.000000
1648650129.597134658,0,0.000000
1648650129.620142692,0,0.000000
1648650129.641442603,0,0.000000
1648650129.664420395,0,0.000000
1648650129.685171438,1,0.003000
1648650129.708236091,1,0.015000
1648650129.731144837,2,0.024000
1648650129.753748307,0,0.004000
1648650129.775165827,0,0.000000
1648650129.798066394,2,0.012000
1648650129.820442696,0,0.000000
1648650129.844573707,1,0.011000
1648650129.867508078,0,0.000000
1648650129.891305002,0,0.005000
1648650129.913627456,0,0.000000
1648650129.936150323,0,0.001000
1648650129.958964975,0,0.003000
1648650129.981456879,0,0.000000
1648650130.004861397,0,0.000000
1648650130.029029253,0,0.000000
1648650130.050692211,0,0.000000
1648650130.072834672,0,0.000000
1648650130.097302714,0,0.000000
1648650130.120091201,0,0.000000
1648650130.143337517,0,0.000000
1648650130.166180024,0,0.000000
1648650130.189545927,0,0.000000
1648650130.211777520,0,0.003000
1648650130.234423675,0,0.000000
1648650130.259124557,0,0.001000
1648650130.281075215,1,0.017000
1648650130.303897665,1,0.000000
1648650130.327280444,2,0.038000
1648650130.349361702,0,0.006000
1648650130.369994012,0,0.000000
1648650130.393046699,0,0.000000
1648650130.417146036,0,0.000000
1648650130.439530333,0,0.000000
1648650130.461618799,0,0.000000
1648650130.485164718,0,0.000000
1648650130.507546200,0,0.000000
1648650130.531381324,0,0.000000
1648650130.552162933,0,0.010000
1648650130.573662123,1,0.010000
1648650130.597477308,3,0.031000
1648650130.617395794,2,0.020000
1648650130.637811782,0,0.000000
1648650130.661412525,1,0.012000
1648650130.685190810,0,0.004000
1648650130.708001452,0,0.000000
1648650130.730347446,0,0.007000
1648650130.753259765,0,0.000000
1648650130.776569288,0,0.000000
1648650130.801287014,0,0.006000
1648650130.825001430,0,0.000000
1648650130.846534396,0,0.000000
1648650130.868865973,0,0.000000
1648650130.891635078,0,0.000000
1648650130.913956000,0,0.000000
1648650130.937032996,0,0.000000
1648650130.961719830,1,0.021000
1648650130.984655309,3,0.037000
1648650131.006447762,4,0.039000
1648650131.030944643,1,0.025000
1648650131.052667859,1,0.004000
1648650131.075435619,0,0.005000
1648650131.097345162,2,0.013000
1648650131.118958261,0,0.000000
1648650131.141983577,0,0.003000
1648650131.161882504,0,0.000000
1648650131.187229271,0,0.000000
1648650131.208997414,0,0.000000
1648650131.231201260,0,0.000000
1648650131.255129713,0,0.000000
1648650131.280986273,0,0.000000
1648650131.303456075,0,0.001000
1648650131.326997612,0,0.000000
1648650131.350378572,0,0.000000
1648650131.373468849,0,0.000000
1648650131.396616289,0,0.000000
1648650131.419064052,1,0.000000
1648650131.442336224,0,0.000000
1648650131.466427665,1,0.000000
1648650131.487793482,0,0.004000
1648650131.509956689,0,0.000000
1648650131.534072815,0,0.000000
1648650131.558650724,0,0.000000
1648650131.582162636,1,0.020000
1648650131.605534319,2,0.047000
1648650131.629058236,0,0.005000
1648650131.652386721,0,0.005000
1648650131.675456765,5,0.053000
1648650131.698873720,1,0.000000
1648650131.721464875,1,0.000000
1648650131.746425106,0,0.000000
1648650131.768309502,0,0.000000
1648650131.789278410,0,0.000000
1648650131.812550343,0,0.000000
1648650131.836296860,0,0.000000
1648650131.859147031,0,0.000000
1648650131.882681669,0,0.000000
1648650131.905139358,0,0.000000
1648650131.928316715,0,0.000000
1648650131.950403362,0,0.000000
1648650131.974043909,0,0.000000
1648650131.996250724,0,0.000000
1648650132.019486086,0,0.000000
1648650132.041242371,0,0.003000
1648650132.063378659,0,0.000000
1648650132.087848448,0,0.000000
1648650132.110486306,3,0.025000
1648650132.132531598,0,0.000000
1648650132.154023986,0,0.000000
1648650132.177092249,1,0.007000
1648650132.201396630,0,0.008000
1648650132.224282759,0,0.000000
1648650132.244736795,0,0.018000
1648650132.266066204,0,0.000000
1648650132.291070394,0,0.000000
1648650132.313156925,0,0.000000
1648650132.335712072,0,0.000000
1648650132.357594623,0,0.000000
1648650132.381275591,0,0.000000
1648650132.404785459,0,0.000000
1648650132.427870510,0,0.000000
1648650132.450983650,0,0.000000
1648650132.474198196,0,0.001000
1648650132.495620549,0,0.000000
1648650132.517926983,2,0.022000
1648650132.539672845,0,0.000000
1648650132.563073735,1,0.008000
1648650132.586767517,2,0.012000
1648650132.607641020,1,0.000000
1648650132.631969080,0,0.000000
1648650132.655254001,0,0.000000
1648650132.676435964,0,0.000000
1648650132.697859430,0,0.003000
1648650132.721663337,0,0.000000
1648650132.743774829,1,0.010000
1648650132.764498578,0,0.005000
1648650132.787378852,0,0.000000
1648650132.811381385,1,0.000000
1648650132.833836700,1,0.006000
1648650132.856633121,0,0.012000
1648650132.879143683,1,0.017000
1648650132.902463785,0,0.007000
1648650132.927170771,0,0.015000
1648650132.948629312,1,0.000000
1648650132.972373850,1,0.000000
1648650132.994544142,0,0.000000
1648650133.017421777,0,0.000000
1648650133.040327106,0,0.002000
1648650133.064275858,0,0.001000
1648650133.087567612,0,0.000000
1648650133.111046026,0,0.000000
1648650133.136039941,0,0.000000
1648650133.158065765,0,0.000000
1648650133.180320276,0,0.000000
1648650133.204438942,0,0.000000
1648650133.227699745,0,0.000000
1648650133.250192824,0,0.000000
1648650133.272577179,0,0.000000
1648650133.294272872,0,0.000000
1648650133.314430565,0,0.000000
1648650133.335798379,0,0.004000
1648650133.358469526,0,0.000000
1648650133.381285325,0,0.000000
1648650133.404347403,0,0.003000
1648650133.426060979,0,0.000000
1648650133.447903999,0,0.001000
1648650133.471972205,3,0.035000
1648650133.494373027,0,0.000000
1648650133.517668440,0,0.007000
1648650133.540441282,0,0.000000
1648650133.564097070,0,0.000000
1648650133.588647677,0,0.000000
1648650133.609834512,0,0.000000
1648650133.633774669,0,0.000000
1648650133.657606990,0,0.000000
1648650133.681109512,0,0.000000
1648650133.701687599,0,0.000000
1648650133.724894362,0,0.000000
1648650133.746912055,0,0.000000
1648650133.768856212,0,0.000000
1648650133.790369273,0,0.000000
1648650133.812554986,0,0.000000
1648650133.834358582,0,0.003000
1648650133.856037183,1,0.010000
1648650133.880406888,0,0.000000
1648650133.903243005,1,0.019000
1648650133.926280577,0,0.011000
1648650133.950096815,4,0.038000
1648650133.974042254,4,0.043000
1648650133.998903120,1,0.005000
1648650134.021488494,0,0.000000
1648650134.046400470,0,0.004000
1648650134.068357669,0,0.000000
1648650134.091321064,0,0.000000
1648650134.115173512,0,0.001000
1648650134.137482118,0,0.000000
1648650134.160306801,0,0.000000
1648650134.183268992,0,0.000000
1648650134.206173942,0,0.001000
1648650134.228577266,0,0.000000
1648650134.252495450,0,0.000000
1648650134.275315078,0,0.000000
1648650134.298931498,1,0.007000
1648650134.322383495,0,0.000000
1648650134.345453338,0,0.000000
1648650134.366569258,1,0.003000
1648650134.391367971,0,0.000000
1648650134.414492509,0,0.000000
1648650134.435755150,0,0.000000
1648650134.458146966,0,0.000000
1648650134.481370656,1,0.018000
1648650134.502478048,2,0.019000
1648650134.526026948,0,0.000000
1648650134.550104368,0,0.000000
1648650134.572321404,0,0.000000
1648650134.594004217,0,0.000000
1648650134.616872183,0,0.000000
1648650134.639233645,0,0.000000
1648650134.662192323,0,0.000000
1648650134.684601042,0,0.000000
1648650134.707842099,0,0.000000
1648650134.732330322,0,0.000000
1648650134.755784127,0,0.000000
1648650134.780849962,0,0.000000
1648650134.802322292,0,0.001000
1648650134.825816958,2,0.013000
1648650134.850705844,0,0.000000
1648650134.873031927,2,0.015000
1648650134.896724808,0,0.000000
1648650134.921528701,0,0.000000
1648650134.944906320,0,0.000000
1648650134.967692809,0,0.000000
1648650134.990560902,0,0.000000
1648650135.013009543,1,0.005000
1648650135.034755118,0,0.002000
1648650135.057805027,1,0.012000
1648650135.078913648,0,0.000000
1648650135.102834379,3,0.028000
1648650135.126522978,2,0.026000
1648650135.148042269,1,0.020000
1648650135.172038698,1,0.003000
1648650135.194774841,0,0.003000
1648650135.218223577,2,0.006000
1648650135.242535805,0,0.000000
1648650135.266036048,0,0.000000
1648650135.289075722,0,0.000000
1648650135.312427485,0,0.000000
1648650135.335165552,0,0.000000
1648650135.358301894,1,0.010000
1648650135.381579199,0,0.001000
1648650135.405479473,0,0.000000
1648650135.428797649,1,0.013000
1648650135.451263807,2,0.018000
1648650135.473759698,0,0.000000
1648650135.495606123,0,0.000000
1648650135.519375495,1,0.017000
1648650135.544001270,1,0.028000
1648650135.567166328,0,0.004000
1648650135.590120904,0,0.000000
1648650135.613011166,1,0.009000
1648650135.635164881,1,0.000000
1648650135.658071433,3,0.018000
1648650135.681351309,0,0.000000
1648650135.705213264,0,0.000000
1648650135.727880500,0,0.003000
1648650135.750565770,0,0.000000
1648650135.773615576,1,0.000000
1648650135.798451543,0,0.000000
1648650135.821119293,0,0.000000
1648650135.845686312,0,0.000000
1648650135.869532332,0,0.003000
1648650135.894210687,0,0.000000
1648650135.916440784,0,0.000000
1648650135.938470103,1,0.012000
1648650135.962900363,0,0.000000
1648650135.985060222,0,0.000000
1648650136.009581368,0,0.000000
1648650136.031437589,0,0.000000
1648650136.054509617,0,0.001000
1648650136.078102305,0,0.000000
1648650136.100880590,0,0.000000
1648650136.123669123,0,0.000000
1648650136.146080592,0,0.000000
1648650136.169821382,0,0.000000
1648650136.192179089,0,0.000000
1648650136.215875788,0,0.000000
1648650136.238343291,0,0.000000
1648650136.263248148,1,0.005000
1648650136.286467458,0,0.000000
1648650136.309845072,0,0.000000
1648650136.333907114,1,0.000000
1648650136.356393716,2,0.023000
1648650136.379024052,1,0.000000
1648650136.403262248,2,0.044000
1648650136.425963646,1,0.011000
1648650136.448416341,0,0.000000
1648650136.472236455,0,0.000000
1648650136.494999666,0,0.000000
1648650136.516251640,0,0.014000
1648650136.538686299,0,0.000000
1648650136.560598524,0,0.003000
1648650136.584068151,0,0.000000
1648650136.608439156,0,0.000000
1648650136.631160887,0,0.000000
1648650136.652700700,0,0.000000
1648650136.675545725,0,0.000000
1648650136.696188244,0,0.010000
1648650136.719426975,1,0.022000
1648650136.741765769,1,0.000000
1648650136.762983371,4,0.043000
1648650136.786709468,1,0.001000
1648650136.808065655,0,0.000000
1648650136.829809905,0,0.000000
1648650136.853841295,0,0.000000
1648650136.874260332,0,0.000000
1648650136.896571391,0,0.000000
1648650136.918897658,0,0.000000
1648650136.940864422,0,0.009000
1648650136.963419431,0,0.001000
1648650136.987140409,0,0.000000
1648650137.009976566,0,0.000000
1648650137.033103298,0,0.012000
1648650137.055349268,2,0.025000
1648650137.077892235,4,0.062000
1648650137.100481950,1,0.009000
1648650137.121685832,0,0.000000
1648650137.144438187,0,0.014000
1648650137.167426709,1,0.014000
1648650137.190848349,0,0.000000
1648650137.213397230,0,0.000000
1648650137.236703395,0,0.000000
1648650137.260185140,0,0.000000
1648650137.284678927,0,0.000000
1648650137.306675165,0,0.000000
1648650137.327671199,1,0.000000
1648650137.349502246,0,0.000000
1648650137.371874353,0,0.000000
1648650137.395823027,1,0.000000
1648650137.418528665,0,0.003000
1648650137.441854759,0,0.000000
1648650137.465126125,2,0.014000
1648650137.487735173,0,0.040000
1648650137.509534354,2,0.029000
1648650137.531762347,0,0.000000
1648650137.553527158,0,0.000000
1648650137.577416866,2,0.023000
1648650137.599476308,0,0.000000
1648650137.621860705,0,0.000000
1648650137.645013914,0,0.000000
1648650137.669466861,0,0.000000
1648650137.691121354,0,0.000000
1648650137.714053680,0,0.000000
1648650137.735198870,0,0.000000
1648650137.756685339,0,0.019000
1648650137.777511143,0,0.000000
1648650137.801129263,0,0.000000
1648650137.825465900,1,0.006000
1648650137.848404396,0,0.012000
1648650137.870272621,0,0.003000
1648650137.894864450,1,0.000000
1648650137.915570149,0,0.000000
1648650137.937659399,0,0.000000
1648650137.962558047,0,0.004000
1648650137.984772210,1,0.011000
1648650138.008057768,0,0.005000
1648650138.029018512,0,0.000000
1648650138.050898062,0,0.000000
1648650138.074060659,0,0.000000
1648650138.099424997,0,0.001000
1648650138.122871757,0,0.000000
1648650138.145546492,0,0.015000
1648650138.167641353,0,0.007000
1648650138.191663986,0,0.000000
1648650138.214303804,0,0.000000
1648650138.235214680,0,0.000000
1648650138.258259996,0,0.000000
1648650138.279788099,0,0.000000
1648650138.303893917,1,0.008000
1648650138.328080328,1,0.004000
1648650138.350486152,1,0.021000
1648650138.373102352,1,0.000000
1648650138.392543917,0,0.000000
1648650138.415407787,0,0.000000
1648650138.438068347,0,0.000000
1648650138.461763046,0,0.000000
1648650138.485023062,0,0.000000
1648650138.506551907,0,0.000000
1648650138.529941461,1,0.000000
1648650138.552771138,0,0.000000
1648650138.574836548,0,0.000000
1648650138.600127521,0,0.000000
1648650138.623662257,0,0.008000
1648650138.646897413,0,0.000000
1648650138.669876620,0,0.000000
1648650138.692114464,0,0.000000
1648650138.714410362,0,0.005000
1648650138.738173165,0,0.000000
1648650138.761641394,0,0.000000
1648650138.783139556,0,0.000000
1648650138.805860088,1,0.014000
1648650138.829161165,1,0.008000
1648650138.852747567,2,0.013000
1648650138.875950960,2,0.045000
1648650138.897868547,3,0.034000
1648650138.924471075,1,0.003000
1648650138.945906358,1,0.016000
1648650138.968862694,0,0.001000
1648650138.992214760,1,0.008000
1648650139.015369586,0,0.000000
1648650139.039661258,0,0.000000
1648650139.063427645,0,0.000000
1648650139.085485487,0,0.012000
1648650139.107567931,0,0.000000
1648650139.129331622,0,0.000000
1648650139.153212274,0,0.000000
1648650139.174109910,0,0.000000
1648650139.197887644,0,0.000000
1648650139.222759143,0,0.000000
1648650139.245265227,0,0.000000
1648650139.268926565,0,0.004000
1648650139.291869095,1,0.012000
1648650139.315536156,0,0.000000
1648650139.340094185,0,0.000000
1648650139.363707847,0,0.016000
1648650139.386176423,2,0.011000
1648650139.407970412,1,0.025000
1648650139.431107917,1,0.011000
1648650139.452576099,0,0.000000
1648650139.474107630,0,0.000000
1648650139.495805695,0,0.001000
1648650139.517561997,0,0.000000
1648650139.540475117,0,0.000000
1648650139.564206393,0,0.000000
1648650139.587529472,0,0.000000
1648650139.609692972,0,0.000000
1648650139.632799909,0,0.001000
1648650139.654206457,0,0.000000
1648650139.679244691,0,0.000000
1648650139.702360705,0,0.000000
1648650139.724926632,0,0.001000
1648650139.745611577,1,0.030000
1648650139.768846922,0,0.003000
1648650139.791876080,0,0.001000
1648650139.816544694,1,0.028000
1648650139.840176090,2,0.023000
1648650139.862748545,0,0.000000
1648650139.885982681,0,0.004000
1648650139.909894423,2,0.008000
1648650139.932459349,0,0.000000
1648650139.955268738,0,0.000000
1648650139.978966111,0,0.000000
1648650140.001581224,0,0.000000
1648650140.024351779,0,0.000000
1648650140.046462029,0,0.000000
1648650140.066497457,0,0.000000
1648650140.090197179,0,0.006000
1648650140.112902730,0,0.000000
1648650140.136580485,0,0.000000
1648650140.157036468,0,0.000000
1648650140.179251425,0,0.000000
1648650140.200624582,0,0.000000
1648650140.223505006,0,0.019000
1648650140.246018713,3,0.030000
1648650140.269292981,2,0.019000
1648650140.292790875,0,0.007000
1648650140.314322709,0,0.000000
1648650140.338209221,0,0.008000
1648650140.361484688,0,0.000000
1648650140.384772953,1,0.000000
1648650140.407384219,0,0.000000
1648650140.431298459,0,0.000000
1648650140.455315161,0,0.000000
1648650140.475971435,0,0.000000
1648650140.497848292,0,0.000000
1648650140.521109286,0,0.000000
1648650140.544052989,0,0.000000
1648650140.566970747,0,0.000000
1648650140.589650176,0,0.007000
1648650140.611996580,3,0.031000
1648650140.635487059,2,0.039000
1648650140.657903687,2,0.000000
1648650140.679260186,0,0.001000
1648650140.700389096,0,0.000000
1648650140.723433535,0,0.000000
1648650140.746772093,0,0.000000
1648650140.769296738,0,0.000000
1648650140.793096070,0,0.000000
1648650140.817231972,0,0.000000
1648650140.839508052,1,0.000000
1648650140.862373652,0,0.000000
1648650140.884473044,0,0.000000
1648650140.908848363,0,0.000000
1648650140.932139758,0,0.000000
1648650140.956121820,0,0.007000
1648650140.979620040,0,0.000000
1648650141.002301654,0,0.005000
1648650141.025672244,0,0.000000
1648650141.048510476,0,0.000000
1648650141.071543892,1,0.016000
1648650141.094759370,1,0.000000
1648650141.120923246,0,0.000000
1648650141.143959322,0,0.000000
1648650141.167436241,0,0.004000
1648650141.191005801,0,0.000000
1648650141.213358325,4,0.035000
1648650141.235426275,1,0.000000
1648650141.259243944,1,0.014000
1648650141.280999226,0,0.000000
1648650141.301040566,0,0.000000
1648650141.322902129,0,0.000000
1648650141.346404552,0,0.000000
1648650141.367462552,0,0.001000
1648650141.391663701,0,0.000000
1648650141.412687813,0,0.000000
1648650141.436058889,0,0.000000
1648650141.458906871,0,0.000000
1648650141.482118780,0,0.001000
1648650141.504253135,1,0.008000
1648650141.528606970,1,0.003000
1648650141.551409881,0,0.003000
1648650141.575014889,0,0.009000
1648650141.598303438,3,0.043000
1648650141.621506862,1,0.000000
1648650141.644015344,1,0.004000
1648650141.666679249,0,0.011000
1648650141.689905628,0,0.000000
1648650141.711496563,0,0.000000
1648650141.734180343,0,0.000000
1648650141.756470312,0,0.003000
1648650141.779499368,0,0.005000
1648650141.802668487,0,0.000000
1648650141.824116008,0,0.000000
1648650141.846216180,0,0.000000
1648650141.870033966,0,0.000000
1648650141.893377917,0,0.000000
1648650141.916334378,0,0.000000
1648650141.940390217,0,0.000000
1648650141.963102786,0,0.000000
1648650141.986700795,0,0.000000
1648650142.008480809,0,0.000000
1648650142.031609301,0,0.001000
1648650142.054587007,0,0.000000
1648650142.078483970,0,0.023000
1648650142.101377274,2,0.010000
1648650142.123782266,1,0.001000
1648650142.147220556,1,0.008000
1648650142.172861947,1,0.015000
1648650142.193342221,0,0.000000
1648650142.216082288,0,0.000000
1648650142.239213222,0,0.000000
1648650142.261177860,0,0.000000
1648650142.283076452,0,0.000000
1648650142.305252524,0,0.000000
1648650142.328150415,0,0.000000
1648650142.352129096,0,0.000000
1648650142.374904155,0,0.000000
1648650142.397223664,0,0.000000
1648650142.420542011,0,0.003000
1648650142.443256579,0,0.000000
1648650142.465850645,1,0.008000
1648650142.488980689,0,0.000000
1648650142.512409627,1,0.000000
1648650142.535631111,2,0.026000
1648650142.558849168,1,0.008000
1648650142.582948180,1,0.000000
1648650142.606768800,0,0.011000
1648650142.630599051,0,0.005000
1648650142.654709336,0,0.000000
1648650142.676006355,1,0.013000
1648650142.699356530,0,0.000000
1648650142.722769347,0,0.000000
1648650142.744836694,0,0.000000
1648650142.767589307,0,0.000000
1648650142.791145257,0,0.003000
1648650142.814592305,0,0.000000
1648650142.836585299,0,0.000000
1648650142.861422678,0,0.000000
1648650142.884432006,0,0.003000
1648650142.905854120,0,0.000000
1648650142.929291309,0,0.005000
1648650142.953459322,0,0.000000
1648650142.976130777,0,0.000000
1648650142.999364935,0,0.000000
1648650143.022649904,0,0.000000
1648650143.045456455,0,0.000000
1648650143.069740950,0,0.000000
1648650143.091364749,0,0.013000
1648650143.114814069,0,0.000000
1648650143.137462432,0,0.000000
1648650143.162005408,0,0.000000
1648650143.185556862,0,0.008000
1648650143.209909629,0,0.000000
1648650143.231226306,2,0.011000
1648650143.257152462,0,0.002000
1648650143.278975624,1,0.000000
1648650143.303137770,0,0.000000
1648650143.325980677,0,0.000000
1648650143.347396604,0,0.000000
1648650143.370046066,0,0.000000
1648650143.391882724,0,0.000000
1648650143.415195648,0,0.000000
1648650143.439393274,2,0.001000
1648650143.463484868,0,0.000000
1648650143.487688013,0,0.000000
1648650143.509853225,0,0.004000
1648650143.534062039,0,0.000000
1648650143.555083018,0,0.000000
1648650143.578926833,0,0.000000
1648650143.602038883,0,0.000000
1648650143.627311689,0,0.000000
1648650143.648671950,0,0.000000
1648650143.671054216,0,0.000000
1648650143.693852712,1,0.000000
1648650143.716370091,1,0.000000
1648650143.738794364,0,0.000000
1648650143.760901018,0,0.000000
1648650143.784327988,0,0.000000
1648650143.806955618,0,0.000000
1648650143.830326371,0,0.001000
1648650143.853493237,0,0.000000
1648650143.876719224,0,0.000000
1648650143.898833514,1,0.022000
1648650143.921283202,1,0.026000
1648650143.945385278,0,0.000000
1648650143.968456048,1,0.000000
1648650143.991859620,0,0.000000
1648650144.013566772,0,0.000000
1648650144.037089768,2,0.013000
1648650144.060469596,0,0.008000
1648650144.083478537,2,0.016000
1648650144.106445778,0,0.003000
1648650144.129383488,0,0.000000
1648650144.150989044,0,0.005000
1648650144.174610005,0,0.000000
1648650144.196839049,0,0.000000
1648650144.219664934,0,0.000000
1648650144.243305368,0,0.005000
1648650144.267725837,0,0.000000
1648650144.290630551,0,0.006000
1648650144.314104210,0,0.004000
1648650144.336885274,0,0.000000
1648650144.359384093,0,0.000000
1648650144.382937621,0,0.000000
1648650144.405508244,0,0.000000
1648650144.430315578,0,0.000000
1648650144.453342540,0,0.000000
1648650144.475675640,0,0.000000
1648650144.498008234,0,0.008000
1648650144.522794836,0,0.000000
1648650144.547452163,0,0.000000
1648650144.569068188,0,0.000000
1648650144.591769547,0,0.009000
1648650144.613146869,1,0.020000
1648650144.636961781,0,0.000000
1648650144.660994950,1,0.021000
1648650144.684658520,0,0.001000
1648650144.708189522,1,0.010000
1648650144.733167823,2,0.040000
1648650144.756966254,0,0.000000
1648650144.778659896,0,0.000000
1648650144.801758967,0,0.000000
1648650144.825346317,1,0.000000
1648650144.848539505,0,0.004000
1648650144.871001775,0,0.002000
1648650144.893657282,1,0.000000
1648650144.918003103,0,0.000000
1648650144.941954427,0,0.000000
1648650144.963732373,0,0.000000
1648650144.988177573,0,0.000000
1648650145.011230550,0,0.005000
1648650145.033158910,0,0.000000
1648650145.055093884,0,0.000000
1648650145.077424594,0,0.000000
1648650145.100606208,2,0.009000
1648650145.124369934,0,0.000000
1648650145.148356768,0,0.000000
1648650145.171479925,1,0.000000
1648650145.195918334,0,0.000000
1648650145.219238293,0,0.011000
1648650145.240644768,1,0.045000
1648650145.265761887,0,0.005000
1648650145.288480853,1,0.009000
1648650145.312038403,1,0.027000
1648650145.335345363,0,0.000000
1648650145.357835201,3,0.029000
1648650145.381433749,0,0.000000
1648650145.404452248,0,0.011000
1648650145.428030956,0,0.004000
1648650145.451008416,0,0.000000
1648650145.472439021,0,0.000000
1648650145.495972823,0,0.000000
1648650145.519439894,0,0.000000
1648650145.542724938,0,0.000000
1648650145.565399232,0,0.000000
1648650145.587827222,0,0.001000
1648650145.609922576,0,0.000000
1648650145.632842313,0,0.000000
1648650145.654231079,0,0.000000
1648650145.677637492,0,0.000000
1648650145.698539327,1,0.007000
1648650145.720877732,0,0.000000
1648650145.745601007,2,0.017000
1648650145.767719805,0,0.004000
1648650145.789729035,0,0.000000
1648650145.812721571,1,0.006000
1648650145.836156893,0,0.011000
1648650145.859870423,1,0.000000
1648650145.881796311,1,0.000000
1648650145.904924299,0,0.005000
1648650145.928877941,0,0.013000
1648650145.951907524,0,0.000000
1648650145.975328665,0,0.000000
1648650146.000215231,0,0.000000
1648650146.022382776,0,0.000000
1648650146.044708426,0,0.000000
1648650146.066867778,0,0.000000
1648650146.090371197,0,0.000000
1648650146.113449644,0,0.000000
1648650146.136240760,0,0.000000
1648650146.157706468,0,0.000000
1648650146.179877335,0,0.000000
1648650146.203772082,0,0.014000
1648650146.226088260,1,0.012000
1648650146.249301311,0,0.000000
1648650146.271348752,0,0.000000
1648650146.293714125,0,0.003000
1648650146.316818558,0,0.000000
1648650146.340235898,0,0.001000
1648650146.363166241,0,0.000000
1648650146.384982388,0,0.000000
1648650146.407610043,0,0.000000
1648650146.431608108,0,0.000000
1648650146.454427743,0,0.000000
1648650146.478155576,0,0.000000
1648650146.500793824,0,0.000000
1648650146.523151687,0,0.000000
1648650146.545284333,0,0.000000
1648650146.568452920,0,0.000000
1648650146.591875325,0,0.000000
1648650146.615129143,0,0.000000
1648650146.638364289,1,0.011000
1648650146.659545908,0,0.000000
1648650146.682420405,1,0.035000
1648650146.706377993,2,0.022000
1648650146.728768782,4,0.045000
1648650146.751774337,0,0.006000
1648650146.774346361,0,0.000000
1648650146.796127175,1,0.000000
1648650146.818509057,0,0.000000
1648650146.842459281,0,0.000000
1648650146.865307379,0,0.000000
1648650146.889473937,0,0.000000
1648650146.912630621,0,0.000000
1648650146.935208012,0,0.010000
1648650146.959293846,0,0.000000
1648650146.981058006,0,0.000000
1648650147.004234657,0,0.000000
1648650147.026834007,0,0.000000
1648650147.049548288,0,0.000000
1648650147.074217500,0,0.000000
1648650147.098886692,0,0.000000
1648650147.120272577,0,0.000000
1648650147.143011033,0,0.000000
1648650147.166160024,1,0.011000
1648650147.187996382,0,0.000000
1648650147.211195161,0,0.000000
1648650147.234817221,1,0.008000
1648650147.259299126,1,0.016000
1648650147.282323448,1,0.004000
1648650147.304697384,0,0.004000
1648650147.328952773,1,0.000000
1648650147.351675583,0,0.005000
1648650147.374800253,0,0.000000
1648650147.398840028,0,0.000000
1648650147.421502592,0,0.000000
1648650147.444080163,1,0.000000
1648650147.467337596,0,0.000000
1648650147.490941046,0,0.000000
1648650147.512598922,0,0.001000
1648650147.536909460,0,0.000000
1648650147.559857215,0,0.003000
1648650147.583881731,0,0.004000
1648650147.607182704,0,0.000000
1648650147.630013383,0,0.013000
1648650147.652764844,0,0.000000
1648650147.675243661,3,0.037000
1648650147.699036446,2,0.020000
1648650147.721978887,1,0.027000
1648650147.744934633,1,0.000000
1648650147.769503016,2,0.019000
1648650147.792364414,0,0.000000
1648650147.813697897,0,0.003000
1648650147.837222065,0,0.000000
1648650147.860654059,0,0.003000
1648650147.884204680,0,0.000000
1648650147.908068009,0,0.000000
1648650147.930759769,0,0.000000
1648650147.953456278,1,0.000000
1648650147.976794095,1,0.008000
1648650148.000694859,0,0.000000
1648650148.023974517,0,0.000000
1648650148.047546490,0,0.000000
1648650148.070638988,0,0.000000
1648650148.093103675,0,0.000000
1648650148.117404429,0,0.000000
1648650148.138424261,0,0.000000
1648650148.161799910,0,0.003000
1648650148.185324805,0,0.000000
1648650148.209611023,0,0.000000
1648650148.232453452,0,0.000000
1648650148.255157242,0,0.003000
1648650148.277484998,0,0.000000
1648650148.299388397,0,0.005000
1648650148.321850276,0,0.000000
1648650148.346426330,0,0.000000
1648650148.368940692,0,0.000000
1648650148.392244930,0,0.016000
1648650148.412427715,0,0.000000
1648650148.435319472,0,0.000000
1648650148.458800000,1,0.011000
1648650148.482636769,1,0.000000
1648650148.507227663,0,0.000000
1648650148.530495755,2,0.029000
1648650148.554615154,2,0.035000
1648650148.577745688,0,0.000000
1648650148.601176538,0,0.003000
1648650148.624263729,1,0.018000
1648650148.648495634,2,0.030000
1648650148.671204335,1,0.000000
1648650148.694155692,1,0.004000
1648650148.714921997,0,0.006000
1648650148.738039995,0,0.000000
1648650148.761607804,0,0.000000
1648650148.783114056,0,0.000000
1648650148.806076694,0,0.000000
1648650148.829782247,0,0.000000
1648650148.852104459,0,0.000000
1648650148.875357982,0,0.000000
1648650148.895745287,1,0.013000
1648650148.919279319,0,0.000000
1648650148.942730481,0,0.005000
1648650148.966701207,0,0.003000
1648650148.990444721,2,0.024000
1648650149.014192507,0,0.000000
1648650149.037833843,0,0.000000
1648650149.059650695,1,0.022000
1648650149.081933372,2,0.013000
1648650149.104608713,0,0.003000
1648650149.127131974,2,0.017000
1648650149.150343898,0,0.000000
1648650149.173001494,0,0.000000
1648650149.195199762,0,0.000000
1648650149.217739829,0,0.000000
1648650149.239486179,0,0.000000
1648650149.264006253,0,0.000000
1648650149.285328755,0,0.000000
1648650149.305714975,0,0.003000
1648650149.326720789,1,0.011000
1648650149.350328696,0,0.025000
1648650149.371961135,0,0.000000
1648650149.393959841,0,0.000000
1648650149.417099798,0,0.001000
1648650149.439759164,0,0.007000
1648650149.463041472,2,0.029000
1648650149.487893899,0,0.000000
1648650149.512489458,0,0.000000
1648650149.535311461,1,0.001000
1648650149.557779851,0,0.000000
1648650149.581362192,0,0.008000
1648650149.604778241,0,0.000000
1648650149.627259476,0,0.000000
1648650149.649247007,0,0.000000
1648650149.671734156,0,0.000000
1648650149.694135207,0,0.001000
1648650149.718333697,0,0.000000
1648650149.739396735,0,0.000000
1648650149.761326789,0,0.000000
1648650149.784541275,0,0.000000
1648650149.808692676,0,0.000000
1648650149.831936375,0,0.000000
1648650149.853738952,0,0.000000
1648650149.875987560,1,0.004000
1648650149.899276082,0,0.011000
1648650149.921911120,1,0.014000
1648650149.945056925,0,0.000000
1648650149.970000331,0,0.000000
1648650149.992816081,0,0.000000
1648650150.016185934,2,0.021000
1648650150.040230690,1,0.012000
1648650150.061970659,0,0.000000
1648650150.083570503,0,0.000000
1648650150.104867945,0,0.000000
1648650150.127843087,0,0.000000
1648650150.150475696,0,0.000000
1648650150.173815090,0,0.000000
1648650150.196890723,0,0.000000
1648650150.218638075,0,0.000000
1648650150.240609734,0,0.000000
1648650150.264191748,1,0.006000
1648650150.287800427,0,0.000000
1648650150.311552008,0,0.002000
1648650150.335919116,0,0.000000
1648650150.357069710,0,0.000000
1648650150.380115074,2,0.020000
1648650150.404342940,0,0.000000
1648650150.426915716,1,0.005000
1648650150.450152564,1,0.009000
1648650150.473343282,1,0.017000
1648650150.495940872,0,0.001000
1648650150.518600428,1,0.000000
1648650150.541280470,1,0.000000
1648650150.563962225,0,0.000000
1648650150.586968302,0,0.000000
1648650150.608832021,0,0.000000
1648650150.630883563,0,0.000000
1648650150.655363449,0,0.000000
1648650150.678590748,1,0.000000
1648650150.703113262,0,0.000000
1648650150.724488331,0,0.000000
1648650150.747775219,0,0.000000
1648650150.771463850,0,0.000000
1648650150.795114106,0,0.000000
1648650150.817811542,0,0.000000
1648650150.840338660,1,0.004000
1648650150.863609846,1,0.021000
1648650150.885371172,0,0.000000
1648650150.909205119,3,0.008000
1648650150.930453520,0,0.009000
1648650150.952700024,0,0.000000
1648650150.974974170,0,0.000000
1648650150.997998398,0,0.000000
1648650151.019482436,0,0.000000
1648650151.043320250,0,0.000000
1648650151.066390580,0,0.003000
1648650151.089738915,0,0.000000
1648650151.111758607,0,0.000000
1648650151.134184561,0,0.007000
1648650151.156986051,0,0.007000
1648650151.181015390,1,0.016000
1648650151.204095075,0,0.000000
1648650151.227124794,1,0.007000
1648650151.250686940,0,0.000000
1648650151.275646361,0,0.000000
1648650151.299439177,2,0.025000
1648650151.322067029,0,0.000000
1648650151.344567683,0,0.003000
1648650151.368323950,0,0.000000
1648650151.390558925,0,0.001000
1648650151.414708023,0,0.000000
1648650151.436285198,0,0.000000
1648650151.461403031,0,0.000000
1648650151.485039189,0,0.000000
1648650151.506853485,0,0.000000
1648650151.527492864,0,0.000000
1648650151.550854992,1,0.000000
1648650151.574589606,0,0.012000
1648650151.598318341,0,0.000000
1648650151.619975980,0,0.000000
1648650151.642711466,2,0.013000
1648650151.665914202,0,0.000000
1648650151.689089110,0,0.000000
1648650151.713502249,0,0.010000
1648650151.736901545,1,0.013000
1648650151.760395759,1,0.003000
1648650151.781024503,0,0.012000
1648650151.803123635,0,0.000000
1648650151.826871574,0,0.000000
1648650151.848220540,0,0.003000
1648650151.871277693,1,0.014000
1648650151.895716543,0,0.000000
1648650151.918284606,0,0.007000
1648650151.941203382,0,0.000000
1648650151.963475020,0,0.001000
1648650151.986398585,0,0.000000
1648650152.010318901,0,0.000000
1648650152.033052997,0,0.001000
1648650152.055435793,0,0.000000
1648650152.079952593,0,0.000000
1648650152.101069853,0,0.000000
1648650152.124381969,0,0.003000
1648650152.148270869,0,0.000000
1648650152.171788335,0,0.000000
1648650152.194601983,3,0.033000
1648650152.216043104,0,0.029000
1648650152.240179331,1,0.037000
1648650152.263089908,0,0.012000
1648650152.286086171,0,0.000000
1648650152.309428770,0,0.000000
1648650152.330871027,0,0.000000
1648650152.353742441,0,0.011000
1648650152.377383478,0,0.000000
1648650152.401965182,0,0.000000
1648650152.424155415,0,0.000000
1648650152.444011536,0,0.000000
1648650152.466277602,0,0.000000
1648650152.489301633,0,0.000000
1648650152.512960675,1,0.001000
1648650152.536965060,0,0.000000
1648650152.560121697,2,0.003000
1648650152.579959880,0,0.000000
1648650152.602732729,1,0.024000
1648650152.625797796,0,0.002000
1648650152.650539553,0,0.003000
1648650152.672413749,0,0.000000
1648650152.694995027,0,0.000000
1648650152.717535435,0,0.000000
1648650152.739684292,0,0.000000
1648650152.762469605,0,0.000000
1648650152.785499712,0,0.008000
1648650152.808174855,0,0.000000
1648650152.830353061,0,0.000000
1648650152.852257041,0,0.000000
1648650152.875964322,0,0.000000
1648650152.898069047,0,0.000000
1648650152.921568922,0,0.000000
1648650152.943849283,0,0.000000
1648650152.964795968,0,0.000000
1648650152.987839837,0,0.000000
1648650153.012472007,1,0.010000
1648650153.034314453,0,0.000000
1648650153.054912951,0,0.000000
1648650153.077977599,0,0.000000
1648650153.101402754,0,0.000000
1648650153.124983936,0,0.003000
1648650153.149131881,0,0.001000
1648650153.173083581,1,0.000000
1648650153.196292597,0,0.000000
1648650153.220691243,0,0.005000
1648650153.242695470,0,0.000000
1648650153.263873535,0,0.000000
1648650153.286837264,0,0.000000
1648650153.308046960,0,0.000000
1648650153.331685889,0,0.000000
1648650153.352583756,1,0.002000
1648650153.375938104,0,0.000000
1648650153.398993227,0,0.006000
1648650153.420953371,0,0.008000
1648650153.444004409,3,0.040000
1648650153.467035111,2,0.034000
1648650153.490763838,1,0.027000
1648650153.513375575,0,0.000000
1648650153.535664625,1,0.000000
1648650153.558191155,1,0.000000
1648650153.581305338,0,0.000000
1648650153.604111980,0,0.000000
1648650153.627208018,0,0.000000
1648650153.649670614,1,0.000000
1648650153.672431064,0,0.000000
1648650153.694323057,0,0.000000
1648650153.719614577,0,0.008000
1648650153.742254294,0,0.000000
1648650153.763772905,0,0.000000
1648650153.787110763,0,0.000000
1648650153.809871045,0,0.000000
1648650153.834293087,0,0.000000
1648650153.856815230,0,0.000000
1648650153.879657210,0,0.000000
1648650153.902377278,0,0.001000
1648650153.925537159,0,0.004000
1648650153.949050060,0,0.000000
1648650153.973081648,0,0.000000
1648650153.996354924,0,0.000000
1648650154.018718565,0,0.005000
1648650154.041152124,0,0.000000
1648650154.063035247,2,0.016000
1648650154.084090668,0,0.000000
1648650154.106755708,0,0.000000
1648650154.130100777,0,0.000000
1648650154.152467137,0,0.000000
1648650154.175831551,0,0.007000
1648650154.199409428,0,0.000000
1648650154.222998087,0,0.001000
1648650154.246147844,0,0.000000
1648650154.269542406,0,0.000000
1648650154.293094506,0,0.000000
1648650154.315805289,0,0.000000
1648650154.338211479,0,0.000000
1648650154.361549126,0,0.000000
1648650154.382307494,1,0.007000
1648650154.405858849,0,0.000000
1648650154.428475293,0,0.000000
1648650154.452007627,0,0.000000
1648650154.473376663,1,0.025000
1648650154.496099349,0,0.000000
1648650154.517476397,0,0.000000
1648650154.540374454,0,0.003000
1648650154.561567825,0,0.000000
1648650154.584927473,0,0.000000
1648650154.606371219,0,0.000000
1648650154.629946813,0,0.000000
1648650154.653440838,0,0.000000
1648650154.675583030,0,0.000000
1648650154.699419473,1,0.018000
1648650154.721468122,0,0.003000
1648650154.743452101,3,0.023000
1648650154.766488523,1,0.006000
1648650154.790146954,0,0.000000
1648650154.813576754,0,0.000000
1648650154.837907086,0,0.000000
1648650154.861190309,0,0.000000
1648650154.883972854,1,0.018000
1648650154.907212381,0,0.009000
1648650154.929795270,0,0.001000
1648650154.952432681,2,0.000000
1648650154.975384624,0,0.000000
1648650154.997715833,0,0.000000
1648650155.021864000,0,0.000000
1648650155.044635714,0,0.000000
1648650155.067113539,0,0.000000
1648650155.089721425,0,0.000000
1648650155.112713557,0,0.000000
1648650155.136323408,0,0.000000
1648650155.160117107,0,0.000000
1648650155.182188560,0,0.000000
1648650155.204651864,0,0.000000
1648650155.228176131,0,0.000000
1648650155.250664054,0,0.000000
1648650155.270898043,0,0.011000
1648650155.293368565,0,0.000000
1648650155.316752919,0,0.000000
1648650155.341049786,1,0.019000
1648650155.364240103,1,0.008000
1648650155.388218998,3,0.037000
1648650155.412322786,1,0.006000
1648650155.433284338,0,0.003000
1648650155.456343899,0,0.016000
1648650155.479330995,0,0.000000
1648650155.500262799,0,0.000000
1648650155.523345791,0,0.000000
1648650155.547131559,0,0.004000
1648650155.569685768,0,0.000000
1648650155.592689296,0,0.000000
1648650155.616124193,0,0.000000
1648650155.638271113,0,0.000000
1648650155.659834654,0,0.000000
1648650155.682655292,0,0.000000
1648650155.704692128,0,0.000000
1648650155.727801803,0,0.000000
1648650155.750982021,0,0.000000
1648650155.774174962,0,0.000000
1648650155.797106583,0,0.000000
1648650155.820262079,0,0.000000
1648650155.843557339,0,0.000000
1648650155.864271475,0,0.000000
1648650155.886792934,0,0.000000
1648650155.910410474,0,0.000000
1648650155.933420934,0,0.000000
1648650155.956097902,0,0.000000
1648650155.978378814,0,0.000000
1648650156.000021893,0,0.000000
1648650156.021681868,0,0.000000
1648650156.043730538,0,0.000000
1648650156.067028322,0,0.000000
1648650156.090196007,0,0.000000
1648650156.112344835,0,0.000000
1648650156.134188586,0,0.000000
