1648655044.970547338,0,0.000000
1648655044.995178296,0,0.000000
1648655045.017893345,0,0.000000
1648655045.040673406,0,0.000000
1648655045.062541418,0,0.000000
1648655045.083976919,0,0.000000
1648655045.106234350,0,0.000000
1648655045.128885182,0,0.000000
1648655045.150771026,0,0.000000
1648655045.173250761,0,0.000000
1648655045.196095348,0,0.000000
1648655045.218967554,0,0.000000
1648655045.242251093,0,0.000000
1648655045.263153253,0,0.000000
1648655045.284792434,0,0.000000
1648655045.307127235,0,0.000000
1648655045.328490147,0,0.000000
1648655045.350974889,0,0.000000
1648655045.373711950,0,0.000000
1648655045.397192347,0,0.000000
1648655045.419071428,18,0.245000
1648655045.442505748,27,0.396000
1648655045.464520614,0,0.004000
1648655045.485237144,0,0.000000
1648655045.506129893,0,0.000000
1648655045.525334063,0,0.000000
1648655045.545842408,0,0.000000
1648655045.568283599,0,0.000000
1648655045.590870308,1,0.002000
1648655045.611064426,0,0.000000
1648655045.631904530,0,0.000000
1648655045.651264268,0,0.000000
1648655045.673422806,0,0.000000
1648655045.693471905,0,0.000000
1648655045.715401446,0,0.000000
1648655045.733760712,0,0.000000
1648655045.755723689,1,0.000000
1648655045.778892007,0,0.000000
1648655045.802216144,0,0.000000
1648655045.823811214,0,0.000000
1648655045.846268819,0,0.000000
1648655045.868531883,0,0.000000
1648655045.891065486,0,0.000000
1648655045.913070858,0,0.000000
1648655045.936111387,0,0.000000
1648655045.958283466,1,0.000000
1648655045.979252245,0,0.000000
1648655046.001993434,0,0.000000
1648655046.023375745,0,0.000000
1648655046.045656283,0,0.000000
1648655046.070621685,0,0.000000
1648655046.093476285,0,0.000000
1648655046.114529413,0,0.000000
1648655046.137135140,0,0.000000
1648655046.160585492,0,0.000000
1648655046.184410366,0,0.000000
1648655046.207352982,0,0.000000
1648655046.230934970,0,0.000000
1648655046.252155479,0,0.000000
1648655046.272737975,0,0.000000
1648655046.295316134,0,0.000000
1648655046.318283357,0,0.000000
1648655046.339660231,0,0.000000
1648655046.362052149,0,0.012000
1648655046.384105945,0,0.000000
1648655046.406738367,0,0.001000
1648655046.428253563,0,0.005000
1648655046.449323357,0,0.000000
1648655046.472884932,0,0.000000
1648655046.495741568,0,0.000000
1648655046.516500980,0,0.000000
1648655046.538720285,0,0.000000
1648655046.559813782,0,0.004000
1648655046.582654852,0,0.000000
1648655046.605388072,0,0.000000
1648655046.627215204,0,0.000000
1648655046.649459855,0,0.000000
1648655046.671467740,0,0.000000
1648655046.695043001,0,0.000000
1648655046.717541286,0,0.000000
1648655046.738362689,1,0.000000
1648655046.761367971,0,0.000000
1648655046.784019507,0,0.000000
1648655046.806173416,0,0.000000
1648655046.828251383,0,0.000000
1648655046.850160580,0,0.000000
1648655046.872821142,0,0.000000
1648655046.894073223,0,0.000000
1648655046.916599884,1,0.000000
1648655046.940199635,0,0.000000
1648655046.964183626,0,0.009000
1648655046.985704299,0,0.000000
1648655047.009490896,0,0.000000
1648655047.029474469,0,0.000000
1648655047.052005513,0,0.002000
1648655047.075784087,0,0.000000
1648655047.097350534,0,0.007000
1648655047.118271522,0,0.000000
1648655047.138789951,0,0.000000
1648655047.160732202,1,0.016000
1648655047.180885737,0,0.000000
1648655047.203334124,0,0.000000
1648655047.226481224,0,0.000000
1648655047.248874877,0,0.000000
1648655047.270132062,0,0.008000
1648655047.289157585,1,0.021000
1648655047.312309091,0,0.000000
1648655047.333156112,0,0.000000
1648655047.355296220,0,0.000000
1648655047.377042111,0,0.002000
1648655047.399282074,0,0.001000
1648655047.421480293,0,0.000000
1648655047.442506911,0,0.000000
1648655047.465619566,0,0.000000
1648655047.489586536,0,0.001000
1648655047.512412641,1,0.001000
1648655047.530771559,0,0.000000
1648655047.553143136,0,0.000000
1648655047.574375747,0,0.005000
1648655047.596221157,0,0.000000
1648655047.617232257,0,0.000000
1648655047.639368306,0,0.005000
1648655047.659413975,0,0.000000
1648655047.682209757,0,0.000000
1648655047.703145463,0,0.000000
1648655047.725291289,0,0.000000
1648655047.747169774,0,0.000000
1648655047.769206009,0,0.000000
1648655047.790389987,0,0.000000
1648655047.813347647,0,0.000000
1648655047.834044189,0,0.000000
1648655047.855181931,0,0.000000
1648655047.876690025,0,0.000000
1648655047.896136385,0,0.000000
1648655047.919565548,0,0.000000
1648655047.941073125,0,0.000000
1648655047.964252832,1,0.000000
1648655047.987717295,0,0.000000
1648655048.010171165,0,0.004000
1648655048.033439006,0,0.000000
1648655048.055503000,0,0.000000
1648655048.076232448,0,0.000000
1648655048.097762879,0,0.000000
1648655048.119275624,0,0.003000
1648655048.139765730,0,0.000000
1648655048.160871091,1,0.000000
1648655048.184372448,0,0.000000
1648655048.204137265,0,0.000000
1648655048.225911363,0,0.000000
1648655048.245062559,0,0.000000
1648655048.266120212,0,0.000000
1648655048.289074087,0,0.000000
1648655048.310658451,0,0.000000
1648655048.334269899,0,0.000000
1648655048.354996443,0,0.000000
1648655048.377312257,0,0.000000
1648655048.400229562,0,0.002000
1648655048.420923384,0,0.001000
1648655048.443218965,0,0.000000
1648655048.465383441,0,0.000000
1648655048.486711660,0,0.000000
1648655048.506718857,0,0.000000
1648655048.528695709,0,0.001000
1648655048.551387273,0,0.001000
1648655048.574585762,0,0.000000
1648655048.596384785,0,0.006000
1648655048.617846069,0,0.001000
1648655048.641301265,0,0.000000
1648655048.663668662,0,0.013000
1648655048.686188661,0,0.011000
1648655048.707377506,0,0.000000
1648655048.728961631,0,0.000000
1648655048.750078572,0,0.000000
1648655048.772321084,0,0.000000
1648655048.794268071,0,0.000000
1648655048.815891071,1,0.000000
1648655048.838941599,0,0.003000
1648655048.860728777,0,0.000000
1648655048.885568227,0,0.000000
1648655048.908288837,0,0.000000
1648655048.930344765,0,0.000000
1648655048.953811726,0,0.000000
1648655048.975503389,0,0.000000
1648655048.998570429,0,0.000000
1648655049.020812594,0,0.000000
1648655049.042965718,0,0.005000
1648655049.065709172,0,0.000000
1648655049.088265018,0,0.000000
1648655049.109999730,0,0.000000
1648655049.134735971,0,0.000000
1648655049.155383136,0,0.000000
1648655049.176384747,0,0.000000
1648655049.199267144,0,0.000000
1648655049.220995361,0,0.000000
1648655049.244413946,0,0.000000
1648655049.268364662,0,0.000000
1648655049.290429015,0,0.000000
1648655049.313707133,0,0.000000
1648655049.334503409,0,0.000000
1648655049.356234274,0,0.000000
1648655049.378466156,0,0.000000
1648655049.402089692,0,0.001000
1648655049.422934032,0,0.000000
1648655049.445487529,0,0.000000
1648655049.465975903,0,0.000000
1648655049.489162800,0,0.002000
1648655049.510376807,0,0.000000
1648655049.533869996,0,0.000000
1648655049.556242732,0,0.000000
1648655049.579199597,0,0.000000
1648655049.601126988,0,0.000000
1648655049.622712708,0,0.000000
1648655049.644981876,0,0.000000
1648655049.668498671,0,0.000000
1648655049.689121113,0,0.000000
1648655049.711416903,0,0.000000
1648655049.732591995,0,0.000000
1648655049.755033928,0,0.000000
1648655049.775555693,0,0.000000
1648655049.799273350,0,0.000000
1648655049.821927272,0,0.000000
1648655049.841939118,0,0.000000
1648655049.865131122,0,0.000000
1648655049.886039660,0,0.000000
1648655049.909216229,0,0.001000
1648655049.931746653,0,0.000000
1648655049.954733423,0,0.001000
1648655049.975458448,0,0.000000
1648655049.998344945,0,0.000000
1648655050.021190850,0,0.000000
1648655050.042965332,0,0.000000
1648655050.066402982,0,0.000000
1648655050.085908611,0,0.000000
1648655050.108597547,0,0.001000
1648655050.132060113,0,0.000000
1648655050.153973261,0,0.004000
1648655050.176530538,1,0.002000
1648655050.200212938,0,0.001000
1648655050.224111242,0,0.001000
1648655050.245418305,0,0.008000
1648655050.268405946,0,0.002000
1648655050.288283765,0,0.001000
1648655050.310879840,0,0.000000
1648655050.331192298,0,0.000000
1648655050.352845109,0,0.000000
1648655050.374385962,0,0.000000
1648655050.399172379,0,0.000000
1648655050.420790264,1,0.012000
1648655050.444044283,0,0.000000
1648655050.467029338,0,0.000000
1648655050.491331507,0,0.010000
1648655050.514496843,0,0.000000
1648655050.534399334,0,0.001000
1648655050.555900503,0,0.000000
1648655050.579021306,0,0.000000
1648655050.602859327,0,0.000000
1648655050.625049434,0,0.000000
1648655050.647493552,0,0.000000
1648655050.671832382,0,0.000000
1648655050.692828407,0,0.000000
1648655050.716308048,0,0.000000
1648655050.736857908,1,0.009000
1648655050.757510935,0,0.000000
1648655050.779917044,0,0.000000
1648655050.801487194,0,0.001000
1648655050.825190156,0,0.000000
1648655050.849123407,0,0.000000
1648655050.871848164,0,0.001000
1648655050.895930437,0,0.000000
1648655050.920266178,0,0.000000
1648655050.939686276,0,0.000000
1648655050.960068643,0,0.001000
1648655050.982882205,0,0.004000
1648655051.003694666,0,0.000000
1648655051.025903780,0,0.000000
1648655051.048929098,0,0.000000
1648655051.070539585,0,0.001000
1648655051.092954330,0,0.000000
1648655051.116583294,0,0.000000
1648655051.139173942,0,0.000000
1648655051.160295048,0,0.000000
1648655051.182263171,0,0.000000
1648655051.203122142,0,0.000000
1648655051.221502953,0,0.000000
1648655051.245022949,0,0.000000
1648655051.268056280,0,0.000000
1648655051.288948637,0,0.000000
1648655051.310566943,0,0.000000
1648655051.333306140,0,0.000000
1648655051.354016643,0,0.005000
1648655051.376736588,0,0.000000
1648655051.399168933,0,0.000000
1648655051.422812598,0,0.000000
1648655051.445137794,0,0.000000
1648655051.467331321,0,0.000000
1648655051.489606040,0,0.000000
1648655051.512661524,0,0.001000
1648655051.535738113,1,0.001000
1648655051.559907850,0,0.000000
1648655051.583375288,0,0.000000
1648655051.605180791,0,0.000000
1648655051.628628752,0,0.000000
1648655051.651982686,0,0.000000
1648655051.673000121,0,0.000000
1648655051.694805770,0,0.000000
1648655051.718571817,0,0.001000
1648655051.740820416,0,0.000000
1648655051.764607906,1,0.000000
1648655051.786638886,0,0.000000
1648655051.809588492,0,0.003000
1648655051.831770140,0,0.000000
1648655051.853017116,0,0.000000
1648655051.875110878,0,0.000000
1648655051.897153123,0,0.000000
1648655051.917157672,0,0.000000
1648655051.939046950,0,0.000000
1648655051.962618119,0,0.000000
1648655051.985593063,0,0.000000
1648655052.008004436,0,0.000000
1648655052.030133310,0,0.000000
1648655052.051833908,0,0.001000
1648655052.074913147,0,0.006000
1648655052.099445066,0,0.000000
1648655052.122462887,0,0.000000
1648655052.142877845,0,0.003000
1648655052.165490674,0,0.000000
1648655052.185469812,0,0.000000
1648655052.207982177,0,0.000000
1648655052.231448847,0,0.000000
1648655052.254485669,0,0.000000
1648655052.273921766,0,0.000000
1648655052.294970800,0,0.000000
1648655052.319063922,0,0.000000
1648655052.341899205,0,0.000000
1648655052.364522595,0,0.000000
1648655052.386222558,0,0.000000
1648655052.408415063,0,0.000000
1648655052.431130578,0,0.000000
1648655052.454887725,0,0.009000
1648655052.478581384,0,0.000000
1648655052.501005673,0,0.001000
1648655052.523614864,0,0.000000
1648655052.545739220,0,0.001000
1648655052.568047272,0,0.000000
1648655052.588683321,0,0.000000
1648655052.611333463,0,0.000000
1648655052.635356194,0,0.000000
1648655052.656668963,0,0.004000
1648655052.679668602,0,0.000000
1648655052.702296883,0,0.002000
1648655052.727352810,0,0.011000
1648655052.749615109,1,0.000000
1648655052.771821418,0,0.004000
1648655052.793900822,0,0.000000
1648655052.816783153,0,0.000000
1648655052.837595157,0,0.000000
1648655052.859786260,1,0.000000
1648655052.880879797,0,0.000000
1648655052.900623848,0,0.002000
1648655052.922402487,0,0.000000
1648655052.944398250,1,0.000000
1648655052.966488913,0,0.000000
1648655052.989137054,0,0.000000
1648655053.009895633,1,0.000000
1648655053.030626292,0,0.000000
1648655053.053340489,0,0.000000
1648655053.075565501,0,0.000000
1648655053.099077405,0,0.000000
1648655053.121249710,0,0.001000
1648655053.140401252,0,0.000000
1648655053.161076403,0,0.000000
1648655053.183813038,0,0.000000
1648655053.208136904,0,0.000000
1648655053.229248148,0,0.000000
1648655053.253033611,0,0.000000
1648655053.275137799,0,0.000000
1648655053.298413944,0,0.000000
1648655053.319397330,0,0.000000
1648655053.342324247,0,0.000000
1648655053.363500350,0,0.000000
1648655053.384433500,0,0.000000
1648655053.406860819,0,0.000000
1648655053.429860293,0,0.000000
1648655053.453901198,0,0.000000
1648655053.476647163,0,0.004000
1648655053.497828335,0,0.000000
1648655053.521074374,0,0.000000
1648655053.542227286,0,0.000000
1648655053.565815530,0,0.000000
1648655053.588404207,0,0.000000
1648655053.608142026,0,0.000000
1648655053.629299362,0,0.000000
1648655053.651220805,0,0.001000
1648655053.673661963,0,0.000000
1648655053.695048044,0,0.000000
1648655053.717502434,0,0.000000
1648655053.741247729,0,0.000000
1648655053.762716778,0,0.000000
1648655053.786161206,0,0.000000
1648655053.810061409,0,0.000000
1648655053.832430864,0,0.000000
1648655053.855565243,0,0.001000
1648655053.876597368,0,0.000000
1648655053.895918029,0,0.000000
1648655053.918422325,0,0.000000
1648655053.942336628,0,0.000000
1648655053.965205259,0,0.000000
1648655053.988534012,0,0.000000
1648655054.010014634,0,0.000000
1648655054.031896800,0,0.000000
1648655054.053186241,0,0.000000
1648655054.075956882,0,0.000000
1648655054.099077471,0,0.000000
1648655054.120888985,0,0.000000
1648655054.144139024,0,0.001000
1648655054.166677911,0,0.000000
1648655054.190164214,0,0.000000
1648655054.213227563,0,0.000000
1648655054.234691727,0,0.000000
1648655054.257764660,0,0.000000
1648655054.280634706,0,0.000000
1648655054.303463608,0,0.000000
1648655054.325902140,0,0.000000
1648655054.347471079,0,0.000000
1648655054.370385677,0,0.000000
1648655054.393801995,0,0.000000
1648655054.415407854,0,0.000000
1648655054.439534663,0,0.000000
1648655054.461700670,0,0.001000
1648655054.485041326,0,0.000000
1648655054.507250014,0,0.000000
1648655054.530831129,0,0.000000
1648655054.553264119,0,0.003000
1648655054.576333839,1,0.000000
1648655054.598797344,1,0.000000
1648655054.620788002,0,0.000000
1648655054.643075832,0,0.000000
1648655054.665827045,0,0.014000
1648655054.689154789,0,0.001000
1648655054.711100927,0,0.000000
1648655054.732496901,0,0.000000
1648655054.754847290,0,0.001000
1648655054.776833747,0,0.000000
1648655054.799165265,0,0.005000
1648655054.820822509,0,0.000000
1648655054.843332361,0,0.000000
1648655054.864668078,0,0.000000
1648655054.886588925,0,0.000000
1648655054.906981532,0,0.000000
1648655054.929552205,0,0.000000
1648655054.953736378,0,0.000000
1648655054.977411288,0,0.000000
1648655055.000149409,1,0.000000
1648655055.021272653,0,0.000000
1648655055.042371294,0,0.000000
1648655055.063939008,0,0.000000
1648655055.085822269,0,0.000000
1648655055.107673381,0,0.000000
1648655055.130986549,0,0.000000
1648655055.152481390,0,0.000000
1648655055.175744111,0,0.000000
1648655055.197477531,2,0.000000
1648655055.218968114,0,0.000000
1648655055.240901452,0,0.000000
1648655055.261310134,0,0.007000
1648655055.283985074,0,0.000000
1648655055.306095919,0,0.000000
1648655055.328319685,1,0.002000
1648655055.349458568,0,0.000000
1648655055.369143284,0,0.000000
1648655055.391849403,0,0.001000
1648655055.414652987,0,0.000000
1648655055.438744782,0,0.001000
1648655055.459858836,0,0.000000
1648655055.482066102,0,0.000000
1648655055.504834903,0,0.001000
1648655055.526136798,0,0.000000
1648655055.548947836,0,0.000000
1648655055.571211294,0,0.000000
1648655055.593114194,0,0.000000
1648655055.616471460,0,0.000000
1648655055.639395006,0,0.000000
1648655055.659625278,0,0.000000
1648655055.680667675,0,0.000000
1648655055.703312521,0,0.000000
1648655055.723356672,1,0.000000
1648655055.743180804,0,0.001000
1648655055.765862750,0,0.000000
1648655055.786986947,0,0.000000
1648655055.808905727,0,0.000000
1648655055.830085881,0,0.000000
1648655055.852375086,0,0.000000
1648655055.875503862,0,0.001000
1648655055.899314427,0,0.000000
1648655055.922703140,0,0.000000
1648655055.943788000,0,0.000000
1648655055.966368241,0,0.000000
1648655055.989527458,0,0.000000
1648655056.011355424,0,0.000000
1648655056.034942593,0,0.000000
1648655056.056859796,0,0.000000
1648655056.081206326,0,0.000000
1648655056.105744055,0,0.000000
1648655056.126160470,0,0.000000
1648655056.148167933,0,0.004000
1648655056.171192322,0,0.001000
1648655056.193432857,0,0.001000
1648655056.216480010,0,0.000000
1648655056.238341327,0,0.000000
1648655056.260496634,1,0.000000
1648655056.281992925,0,0.000000
1648655056.303154227,0,0.000000
1648655056.325636064,0,0.000000
1648655056.349553842,0,0.000000
1648655056.372370229,0,0.000000
1648655056.394981076,0,0.000000
1648655056.416929706,0,0.000000
1648655056.440187725,0,0.012000
1648655056.462226719,0,0.000000
1648655056.483331868,0,0.000000
1648655056.504045096,0,0.000000
1648655056.525856907,0,0.000000
1648655056.546727515,0,0.000000
1648655056.567947875,0,0.000000
1648655056.590321152,0,0.000000
1648655056.613932118,0,0.000000
1648655056.636568221,0,0.000000
1648655056.658991764,0,0.000000
1648655056.679370780,0,0.000000
1648655056.702649578,0,0.000000
1648655056.724065179,0,0.002000
1648655056.747123858,0,0.000000
1648655056.768376377,1,0.000000
1648655056.791997213,0,0.000000
1648655056.813328035,0,0.001000
1648655056.836128650,0,0.000000
1648655056.858125243,0,0.000000
1648655056.878221624,0,0.000000
1648655056.899865621,0,0.000000
1648655056.921573559,0,0.000000
1648655056.943489233,0,0.000000
1648655056.965769894,0,0.000000
1648655056.987492713,0,0.000000
1648655057.009420488,0,0.000000
1648655057.031810216,0,0.000000
1648655057.051855828,0,0.001000
1648655057.072388096,0,0.000000
1648655057.094076705,0,0.000000
1648655057.116822349,0,0.000000
1648655057.139450765,0,0.000000
1648655057.161159846,0,0.000000
1648655057.182447331,0,0.000000
1648655057.202717891,0,0.000000
1648655057.223811224,0,0.000000
1648655057.246426489,0,0.000000
1648655057.268263022,0,0.000000
1648655057.290750138,0,0.000000
1648655057.311486075,0,0.000000
1648655057.334457974,0,0.000000
1648655057.356543032,0,0.000000
1648655057.379281879,0,0.000000
1648655057.400508376,0,0.000000
1648655057.421943496,0,0.000000
1648655057.444727847,0,0.000000
1648655057.466715442,0,0.001000
1648655057.489059308,0,0.000000
1648655057.509390176,0,0.001000
1648655057.531212560,0,0.000000
1648655057.554564727,0,0.000000
1648655057.578629373,0,0.000000
1648655057.601470256,0,0.002000
1648655057.624608886,0,0.000000
1648655057.646900675,0,0.000000
1648655057.667207516,0,0.001000
1648655057.689331698,0,0.000000
1648655057.711079370,0,0.000000
1648655057.733463910,0,0.000000
1648655057.755814071,0,0.000000
1648655057.779203229,0,0.000000
1648655057.801058014,0,0.000000
1648655057.823322990,0,0.000000
1648655057.847088836,0,0.000000
1648655057.869185853,0,0.000000
1648655057.892045420,0,0.000000
1648655057.913794329,0,0.000000
1648655057.934678609,0,0.000000
1648655057.955984490,0,0.005000
1648655057.977358077,0,0.000000
1648655058.000299876,0,0.000000
1648655058.024028694,0,0.000000
1648655058.046088457,0,0.000000
1648655058.067449202,0,0.000000
1648655058.090462260,0,0.000000
1648655058.112936234,0,0.000000
1648655058.135148566,0,0.004000
1648655058.156561046,0,0.000000
1648655058.178236234,1,0.000000
1648655058.201189400,0,0.000000
1648655058.223282619,0,0.000000
1648655058.244049254,0,0.000000
1648655058.266189073,0,0.000000
1648655058.289688702,0,0.002000
1648655058.310848279,0,0.000000
1648655058.333825995,0,0.000000
1648655058.355445663,0,0.000000
1648655058.377913006,0,0.000000
1648655058.400114371,0,0.000000
1648655058.423101394,1,0.000000
1648655058.446330333,0,0.000000
1648655058.468813754,1,0.000000
1648655058.490940034,0,0.001000
1648655058.514321161,0,0.000000
1648655058.537964091,0,0.000000
1648655058.561604044,0,0.000000
1648655058.585006024,1,0.000000
1648655058.607212721,0,0.000000
1648655058.627887733,0,0.000000
1648655058.648629887,0,0.009000
1648655058.671537410,0,0.000000
1648655058.693056074,0,0.000000
1648655058.714670717,0,0.000000
1648655058.738020554,0,0.000000
1648655058.758582726,0,0.000000
1648655058.780062354,0,0.000000
1648655058.803331143,0,0.003000
1648655058.824474581,0,0.000000
1648655058.846964747,0,0.000000
1648655058.869974660,0,0.000000
1648655058.892534676,0,0.000000
1648655058.915889709,0,0.000000
1648655058.937582589,0,0.000000
1648655058.959652857,0,0.000000
1648655058.980286620,0,0.000000
1648655059.001901886,0,0.000000
1648655059.023458053,0,0.000000
1648655059.046215309,0,0.000000
1648655059.068884251,1,0.000000
1648655059.090492087,0,0.000000
1648655059.113399440,0,0.006000
1648655059.135905658,0,0.000000
1648655059.156616214,0,0.000000
1648655059.177249086,0,0.000000
1648655059.200684120,0,0.000000
1648655059.222237747,0,0.000000
1648655059.245309584,0,0.000000
1648655059.268796416,0,0.000000
1648655059.292134009,0,0.000000
1648655059.316041705,0,0.000000
1648655059.337989370,0,0.000000
1648655059.360415376,0,0.000000
1648655059.381700726,0,0.000000
1648655059.403485880,0,0.000000
1648655059.424369726,0,0.000000
1648655059.447149935,0,0.000000
1648655059.468129103,0,0.001000
1648655059.489949915,1,0.000000
1648655059.513880232,0,0.000000
1648655059.534499579,0,0.000000
1648655059.557942135,0,0.000000
1648655059.580449513,0,0.000000
1648655059.601427381,0,0.010000
1648655059.624356680,0,0.000000
1648655059.645779170,0,0.000000
1648655059.666401220,0,0.000000
1648655059.688225014,0,0.000000
1648655059.710815153,0,0.000000
1648655059.731881164,0,0.000000
1648655059.755154904,0,0.000000
1648655059.776907397,0,0.000000
1648655059.799294548,0,0.000000
1648655059.819958571,1,0.000000
1648655059.843116983,0,0.000000
1648655059.864403028,0,0.000000
1648655059.887143052,1,0.000000
1648655059.910047462,0,0.000000
1648655059.932275325,0,0.000000
1648655059.952488477,0,0.000000
1648655059.976178476,0,0.000000
1648655059.997947831,0,0.000000
1648655060.020979634,0,0.000000
1648655060.042448845,0,0.000000
1648655060.062380918,0,0.000000
1648655060.085006852,0,0.000000
1648655060.107782869,0,0.001000
1648655060.129483221,0,0.000000
1648655060.153022295,0,0.000000
1648655060.175167432,0,0.000000
1648655060.196243868,0,0.000000
1648655060.218957099,0,0.001000
1648655060.241819753,0,0.000000
1648655060.264582644,0,0.000000
1648655060.286962909,0,0.000000
1648655060.307826162,0,0.007000
1648655060.330014806,0,0.000000
1648655060.350192252,0,0.000000
1648655060.370194139,0,0.000000
1648655060.392715722,0,0.000000
1648655060.415331241,0,0.001000
1648655060.436333447,0,0.000000
1648655060.459482730,0,0.000000
1648655060.480211617,0,0.000000
1648655060.502953934,0,0.003000
1648655060.526838907,0,0.000000
1648655060.548731478,0,0.000000
1648655060.570667803,0,0.000000
1648655060.591103950,0,0.007000
1648655060.613112491,0,0.000000
1648655060.634649396,0,0.005000
1648655060.657889346,0,0.016000
1648655060.680645428,0,0.000000
1648655060.703660894,0,0.000000
1648655060.726347025,1,0.000000
1648655060.746941192,0,0.000000
1648655060.768433385,0,0.001000
1648655060.792216027,0,0.000000
1648655060.813475829,0,0.000000
1648655060.836185144,0,0.000000
1648655060.860020408,0,0.000000
1648655060.881785859,0,0.000000
1648655060.902793878,0,0.000000
1648655060.924745280,0,0.000000
1648655060.947751322,0,0.007000
1648655060.971899746,0,0.001000
1648655060.996150745,0,0.000000
1648655061.017713218,0,0.010000
1648655061.040805695,0,0.000000
1648655061.062586512,0,0.000000
1648655061.082945085,0,0.000000
1648655061.105454498,0,0.000000
1648655061.128224673,0,0.000000
1648655061.150565327,0,0.000000
1648655061.172705514,0,0.000000
1648655061.193725241,0,0.000000
1648655061.215924036,0,0.000000
1648655061.239279670,0,0.000000
1648655061.260651532,1,0.011000
1648655061.282268455,0,0.000000
1648655061.305681972,0,0.000000
1648655061.326963059,0,0.000000
1648655061.349951784,0,0.000000
1648655061.372401017,0,0.000000
1648655061.394578625,0,0.000000
1648655061.415309451,0,0.000000
1648655061.436659674,0,0.000000
1648655061.459176433,0,0.000000
1648655061.482011040,0,0.002000
1648655061.502405569,0,0.000000
1648655061.524024694,0,0.000000
1648655061.547072814,0,0.000000
1648655061.569756691,0,0.000000
1648655061.588792095,0,0.000000
1648655061.610091973,0,0.000000
1648655061.631927178,0,0.000000
1648655061.653162468,0,0.000000
1648655061.675843705,0,0.000000
1648655061.697985777,0,0.004000
1648655061.719871728,0,0.000000
1648655061.740258831,0,0.001000
1648655061.763196813,0,0.000000
1648655061.785294113,0,0.000000
1648655061.806471481,0,0.000000
1648655061.828993335,0,0.000000
1648655061.849863655,0,0.000000
1648655061.871831649,0,0.000000
1648655061.895002317,0,0.000000
1648655061.918702698,0,0.006000
1648655061.939359970,0,0.000000
1648655061.962433069,0,0.000000
1648655061.984060897,0,0.000000
1648655062.005630158,0,0.000000
1648655062.028036464,0,0.000000
1648655062.051659382,0,0.006000
1648655062.071909689,0,0.000000
1648655062.095138466,0,0.000000
1648655062.116378529,0,0.000000
1648655062.138868384,0,0.000000
1648655062.158031343,0,0.000000
1648655062.181742117,0,0.000000
1648655062.204223791,0,0.000000
1648655062.226503184,0,0.000000
1648655062.249439816,0,0.000000
1648655062.271415238,0,0.000000
1648655062.293444662,0,0.000000
1648655062.314048136,0,0.000000
1648655062.336801603,0,0.000000
1648655062.360560372,0,0.001000
1648655062.383462989,0,0.000000
1648655062.403849044,0,0.000000
1648655062.423093697,0,0.000000
1648655062.446573582,0,0.000000
1648655062.468413281,0,0.001000
1648655062.489746978,0,0.000000
1648655062.512726991,0,0.000000
1648655062.533638713,1,0.001000
1648655062.555250809,0,0.000000
1648655062.577876283,0,0.000000
1648655062.599358321,1,0.000000
1648655062.622491959,0,0.000000
1648655062.645143500,0,0.000000
1648655062.668283141,0,0.000000
1648655062.690656603,0,0.000000
1648655062.713545742,0,0.007000
1648655062.734483891,0,0.000000
1648655062.756713529,0,0.000000
1648655062.780032942,0,0.000000
1648655062.802832351,0,0.000000
1648655062.826204537,0,0.000000
1648655062.847022372,0,0.000000
1648655062.867729153,0,0.000000
1648655062.890049107,0,0.000000
1648655062.911363405,0,0.000000
1648655062.933368341,0,0.000000
1648655062.955841919,0,0.000000
1648655062.978925853,0,0.000000
1648655063.002586794,0,0.000000
1648655063.025084575,0,0.004000
1648655063.045570093,0,0.001000
1648655063.068792003,0,0.000000
1648655063.093477539,0,0.000000
1648655063.115500450,0,0.000000
1648655063.137647681,0,0.000000
1648655063.160175495,0,0.000000
1648655063.184113886,0,0.000000
1648655063.205955811,0,0.010000
1648655063.228778202,0,0.000000
1648655063.249327365,0,0.000000
1648655063.272798217,0,0.000000
1648655063.294701329,0,0.000000
1648655063.318172519,0,0.000000
1648655063.339942437,0,0.000000
1648655063.361301609,0,0.001000
1648655063.382688142,0,0.000000
1648655063.408130663,0,0.000000
1648655063.430980172,0,0.005000
1648655063.455506768,1,0.000000
1648655063.476971285,0,0.000000
1648655063.499457409,0,0.000000
1648655063.522134563,0,0.000000
1648655063.545224364,0,0.000000
1648655063.566908086,0,0.000000
1648655063.589917074,0,0.000000
1648655063.612156755,0,0.007000
1648655063.637005397,0,0.000000
1648655063.659457879,0,0.000000
1648655063.682082875,0,0.000000
1648655063.705095498,0,0.000000
1648655063.727843289,0,0.000000
1648655063.747717897,0,0.000000
1648655063.768700466,0,0.000000
1648655063.791000007,0,0.006000
1648655063.813137969,0,0.000000
1648655063.835902797,1,0.000000
1648655063.858924302,0,0.000000
1648655063.880971582,0,0.000000
1648655063.904983451,0,0.000000
1648655063.925154476,0,0.000000
1648655063.948097835,0,0.000000
1648655063.969412310,0,0.000000
1648655063.992510842,0,0.000000
1648655064.014475890,0,0.001000
1648655064.037366332,0,0.000000
1648655064.060505269,0,0.004000
1648655064.083302917,0,0.000000
1648655064.105644179,0,0.000000
1648655064.126612980,0,0.000000
1648655064.149763909,1,0.000000
1648655064.172763546,0,0.000000
1648655064.196792067,0,0.000000
1648655064.219793870,0,0.000000
1648655064.240841134,0,0.000000
1648655064.260969033,0,0.000000
1648655064.284875930,0,0.000000
1648655064.306455396,0,0.000000
1648655064.327985392,0,0.000000
1648655064.350564554,0,0.000000
1648655064.371975116,0,0.000000
1648655064.394346630,0,0.000000
1648655064.417253550,0,0.000000
1648655064.439956623,0,0.000000
1648655064.462196582,0,0.000000
1648655064.484625600,0,0.000000
1648655064.506104446,0,0.000000
1648655064.528592624,0,0.000000
1648655064.550874743,0,0.000000
1648655064.572777187,0,0.000000
1648655064.594393693,0,0.010000
1648655064.615911541,0,0.000000
1648655064.638850692,0,0.000000
1648655064.663049783,1,0.000000
1648655064.685636915,0,0.000000
1648655064.706742803,0,0.000000
1648655064.729838580,0,0.000000
1648655064.751200160,0,0.001000
1648655064.774848719,0,0.001000
1648655064.795894119,1,0.001000
1648655064.820234732,0,0.004000
1648655064.843470594,0,0.000000
1648655064.867979452,0,0.000000
1648655064.889818803,0,0.000000
1648655064.911450795,0,0.000000
1648655064.934197070,0,0.000000
1648655064.955682497,1,0.000000
1648655064.978377200,0,0.000000
1648655065.000092684,0,0.000000
1648655065.022283330,0,0.000000
1648655065.044134815,0,0.000000
1648655065.067961693,0,0.000000
1648655065.091005087,0,0.000000
1648655065.112929224,0,0.000000
1648655065.134581423,0,0.000000
1648655065.157404197,0,0.000000
1648655065.180186184,0,0.000000
1648655065.202043534,0,0.000000
1648655065.224019694,0,0.005000
1648655065.246079462,0,0.000000
1648655065.269425264,0,0.000000
1648655065.292860948,0,0.000000
1648655065.316348923,0,0.000000
1648655065.337962801,0,0.000000
1648655065.357946141,0,0.000000
1648655065.379355592,0,0.000000
1648655065.401821819,0,0.000000
1648655065.423303409,0,0.000000
1648655065.445182263,0,0.000000
1648655065.466871339,0,0.000000
1648655065.487618553,0,0.000000
1648655065.508956033,0,0.000000
1648655065.530222080,0,0.001000
1648655065.551849124,0,0.000000
1648655065.574826399,0,0.000000
1648655065.597194706,0,0.001000
1648655065.621162969,0,0.000000
1648655065.642802497,0,0.000000
1648655065.665201377,0,0.000000
1648655065.686218723,0,0.000000
1648655065.707715534,0,0.000000
1648655065.727547421,0,0.000000
1648655065.751655538,0,0.000000
1648655065.773193968,0,0.000000
1648655065.795194562,0,0.000000
1648655065.816487048,1,0.005000
1648655065.839111347,0,0.000000
1648655065.860311148,0,0.000000
1648655065.883629902,0,0.000000
1648655065.904071781,0,0.000000
1648655065.926543906,0,0.000000
1648655065.948705592,0,0.001000
1648655065.970910612,0,0.000000
1648655065.992969504,0,0.000000
1648655066.016493976,0,0.000000
1648655066.039850337,0,0.000000
1648655066.060158863,0,0.000000
1648655066.082787170,0,0.000000
1648655066.105704731,0,0.000000
1648655066.127337814,1,0.001000
1648655066.149441033,0,0.000000
1648655066.172966095,0,0.001000
1648655066.193344252,0,0.000000
1648655066.216424720,0,0.002000
1648655066.239785905,0,0.006000
1648655066.261466070,0,0.000000
1648655066.283176462,0,0.000000
1648655066.306187071,0,0.000000
1648655066.329215557,0,0.001000
1648655066.352654405,0,0.000000
1648655066.373588175,0,0.000000
1648655066.396073301,0,0.000000
1648655066.420173729,0,0.000000
1648655066.441745289,0,0.000000
1648655066.463520529,0,0.000000
1648655066.485606190,0,0.002000
1648655066.508414637,0,0.001000
1648655066.532063876,1,0.000000
1648655066.554856802,0,0.000000
1648655066.577578616,0,0.000000
1648655066.598566946,0,0.000000
1648655066.622933986,0,0.000000
1648655066.646689551,0,0.000000
1648655066.668644708,0,0.000000
1648655066.691591420,0,0.000000
1648655066.714545891,1,0.000000
1648655066.737397633,0,0.000000
1648655066.760338789,0,0.000000
1648655066.782280521,0,0.000000
1648655066.805286656,0,0.000000
1648655066.826413702,0,0.000000
1648655066.850241975,0,0.000000
1648655066.873139158,0,0.000000
1648655066.892966130,0,0.000000
1648655066.915870866,0,0.000000
1648655066.937355668,0,0.000000
1648655066.957961773,0,0.000000
1648655066.981846326,0,0.007000
1648655067.004182419,0,0.007000
1648655067.026529567,0,0.005000
1648655067.050190292,0,0.000000
1648655067.072461054,0,0.000000
1648655067.094052429,0,0.000000
1648655067.117074132,0,0.000000
1648655067.138190045,0,0.000000
1648655067.160589699,0,0.000000
1648655067.181687380,0,0.000000
1648655067.204208973,0,0.000000
1648655067.226245689,0,0.000000
1648655067.247883553,0,0.000000
1648655067.269728414,0,0.000000
1648655067.290827980,1,0.000000
1648655067.313747988,0,0.000000
1648655067.335995430,0,0.000000
1648655067.355691479,0,0.000000
1648655067.377262469,1,0.000000
1648655067.398346264,0,0.000000
1648655067.421783760,0,0.000000
1648655067.443588990,0,0.000000
1648655067.463490794,0,0.000000
1648655067.485862076,0,0.000000
1648655067.510149539,0,0.000000
1648655067.532267815,0,0.000000
1648655067.555775509,0,0.000000
1648655067.578285691,0,0.000000
1648655067.599803350,0,0.000000
1648655067.621900667,0,0.000000
1648655067.644806621,0,0.013000
1648655067.668490419,2,0.008000
1648655067.689936124,0,0.000000
1648655067.710250662,0,0.000000
1648655067.731017909,0,0.000000
1648655067.752852224,0,0.000000
1648655067.775126874,0,0.000000
1648655067.795560028,1,0.000000
1648655067.817712355,0,0.000000
1648655067.841430482,0,0.000000
1648655067.863331150,0,0.000000
1648655067.886823385,0,0.000000
1648655067.910852856,0,0.006000
1648655067.931832968,0,0.000000
1648655067.953531380,0,0.000000
1648655067.977250056,0,0.000000
1648655068.000975787,0,0.000000
1648655068.024321442,0,0.004000
1648655068.048255469,0,0.000000
1648655068.068322810,0,0.004000
1648655068.090002088,0,0.000000
1648655068.112625535,0,0.000000
1648655068.136251192,0,0.000000
1648655068.158073708,0,0.000000
1648655068.182138053,0,0.000000
1648655068.205208377,0,0.006000
1648655068.227236869,0,0.004000
1648655068.249162768,0,0.000000
1648655068.270619756,0,0.000000
1648655068.293501641,0,0.001000
1648655068.316225617,0,0.000000
1648655068.339094093,0,0.000000
1648655068.361682472,1,0.008000
1648655068.383788830,0,0.009000
1648655068.406456582,0,0.000000
1648655068.427158598,0,0.000000
1648655068.448880549,0,0.000000
1648655068.471780137,0,0.000000
1648655068.494392118,0,0.000000
1648655068.516094252,0,0.000000
1648655068.537195975,0,0.000000
1648655068.560158948,0,0.000000
1648655068.581992089,0,0.001000
1648655068.602998772,0,0.000000
1648655068.626924070,0,0.000000
1648655068.648913251,1,0.001000
1648655068.672037680,0,0.000000
1648655068.695691600,0,0.000000
1648655068.717294479,0,0.000000
1648655068.738177033,1,0.001000
1648655068.760301659,0,0.000000
1648655068.782818324,0,0.000000
1648655068.807044193,0,0.000000
1648655068.828652734,0,0.000000
1648655068.850797957,0,0.013000
1648655068.872065756,0,0.000000
1648655068.894922740,0,0.001000
1648655068.917072688,0,0.000000
1648655068.940441776,0,0.007000
1648655068.960931514,0,0.000000
1648655068.984189329,0,0.000000
1648655069.004476855,0,0.000000
1648655069.027983451,0,0.000000
1648655069.050683144,0,0.000000
1648655069.073103562,0,0.000000
1648655069.096596550,0,0.000000
1648655069.119631100,0,0.000000
1648655069.141344077,0,0.000000
1648655069.163463930,0,0.000000
1648655069.185439430,0,0.000000
1648655069.208180012,0,0.000000
1648655069.228649611,0,0.000000
1648655069.250897774,0,0.000000
1648655069.274463775,0,0.000000
1648655069.296899044,0,0.000000
1648655069.318008036,0,0.000000
1648655069.341167084,0,0.000000
1648655069.363627927,0,0.000000
1648655069.386145390,0,0.000000
1648655069.408376242,0,0.000000
1648655069.431416976,0,0.001000
1648655069.452486680,0,0.000000
1648655069.474148471,0,0.000000
1648655069.496066483,0,0.000000
1648655069.517681894,1,0.000000
1648655069.538145021,0,0.000000
1648655069.559602398,0,0.000000
1648655069.581544141,0,0.000000
1648655069.603478407,0,0.000000
1648655069.625676380,0,0.000000
1648655069.645530413,0,0.000000
1648655069.664953976,0,0.000000
1648655069.686381788,0,0.000000
1648655069.709153026,0,0.000000
1648655069.730606085,0,0.000000
1648655069.752932448,0,0.000000
1648655069.774639787,0,0.001000
1648655069.798948540,0,0.000000
1648655069.822601641,0,0.001000
1648655069.843675561,0,0.008000
1648655069.865849591,0,0.000000
1648655069.888317894,0,0.000000
1648655069.912073136,0,0.000000
1648655069.934903315,0,0.001000
1648655069.957554675,0,0.008000
1648655069.976278809,0,0.000000
1648655070.000312982,0,0.000000
1648655070.021480128,0,0.000000
1648655070.043478508,0,0.000000
1648655070.065123417,0,0.000000
1648655070.086944665,0,0.000000
1648655070.110573332,0,0.000000
1648655070.133978891,0,0.000000
1648655070.154885900,0,0.000000
1648655070.177390294,0,0.001000
1648655070.197564571,0,0.001000
1648655070.219442418,0,0.008000
1648655070.239998882,0,0.000000
1648655070.263105390,0,0.000000
1648655070.284129730,0,0.000000
1648655070.306383533,0,0.000000
1648655070.327194158,0,0.000000
1648655070.349449609,1,0.000000
1648655070.372641549,0,0.000000
1648655070.393947103,0,0.000000
1648655070.416763853,0,0.000000
1648655070.438496365,0,0.000000
1648655070.462384330,0,0.007000
1648655070.485938722,0,0.000000
1648655070.508479318,0,0.002000
1648655070.528609629,1,0.001000
1648655070.551018780,0,0.000000
1648655070.574079358,0,0.000000
1648655070.596770333,0,0.000000
1648655070.618521862,0,0.000000
1648655070.640773511,0,0.000000
1648655070.663549246,1,0.000000
1648655070.686581631,0,0.000000
1648655070.709700662,0,0.000000
1648655070.731796431,0,0.000000
1648655070.754620217,0,0.000000
1648655070.775739653,0,0.000000
1648655070.797010944,0,0.000000
1648655070.818072598,0,0.000000
1648655070.840714824,0,0.000000
1648655070.863444220,0,0.000000
1648655070.887912503,0,0.000000
1648655070.910040562,1,0.000000
1648655070.931852935,0,0.000000
1648655070.952834128,0,0.003000
1648655070.977072727,0,0.000000
1648655070.999254112,0,0.000000
1648655071.020899844,0,0.000000
1648655071.044200883,0,0.000000
1648655071.066402618,0,0.000000
1648655071.088401696,0,0.000000
1648655071.111916057,0,0.000000
1648655071.133423912,0,0.000000
1648655071.153775072,0,0.000000
1648655071.174469923,0,0.009000
1648655071.197281580,0,0.000000
1648655071.219872403,0,0.000000
1648655071.242784068,0,0.000000
1648655071.264388099,0,0.000000
1648655071.286651885,0,0.000000
1648655071.308413434,0,0.002000
1648655071.330258174,0,0.016000
1648655071.351767035,0,0.000000
1648655071.374057320,0,0.000000
1648655071.397092162,1,0.000000
1648655071.417499713,0,0.000000
1648655071.439301605,0,0.008000
1648655071.462584206,0,0.000000
1648655071.484673324,0,0.000000
1648655071.505364916,0,0.000000
1648655071.527770547,0,0.000000
1648655071.549019276,0,0.000000
1648655071.570553115,0,0.001000
1648655071.592064687,0,0.000000
1648655071.615154165,0,0.001000
1648655071.636104800,0,0.000000
1648655071.657065853,0,0.000000
1648655071.678485605,1,0.007000
1648655071.698829350,0,0.000000
1648655071.721123872,0,0.000000
1648655071.743936471,0,0.000000
1648655071.766337938,0,0.000000
1648655071.786103082,0,0.000000
1648655071.808761030,0,0.000000
1648655071.833056063,0,0.000000
1648655071.854825880,0,0.000000
1648655071.877857951,0,0.000000
1648655071.900247471,0,0.000000
1648655071.921681911,0,0.000000
1648655071.941851970,0,0.000000
1648655071.964932527,0,0.000000
1648655071.986445010,0,0.000000
1648655072.010366292,0,0.000000
1648655072.031485506,0,0.000000
1648655072.055249223,0,0.007000
1648655072.077195256,0,0.000000
1648655072.099051132,0,0.000000
1648655072.120536319,0,0.000000
1648655072.142559051,0,0.000000
1648655072.164696420,0,0.000000
1648655072.187365836,0,0.000000
1648655072.210959429,0,0.001000
1648655072.234260549,0,0.000000
1648655072.256426773,0,0.000000
1648655072.277286046,1,0.000000
1648655072.300048109,1,0.002000
1648655072.322915515,0,0.000000
1648655072.344125917,0,0.001000
1648655072.365192251,0,0.000000
1648655072.387390454,0,0.000000
1648655072.411203395,0,0.000000
1648655072.433776279,0,0.000000
1648655072.457107391,1,0.000000
1648655072.479811840,0,0.000000
1648655072.501355072,0,0.000000
1648655072.523503206,0,0.000000
1648655072.546055396,0,0.001000
1648655072.568554857,0,0.000000
1648655072.591424552,0,0.000000
1648655072.614691577,0,0.000000
1648655072.637402587,0,0.000000
1648655072.657905597,0,0.008000
1648655072.679794250,0,0.000000
1648655072.702853077,0,0.000000
1648655072.726860182,0,0.000000
1648655072.748126839,0,0.000000
1648655072.771148276,0,0.000000
1648655072.791277201,0,0.000000
1648655072.812379281,0,0.000000
1648655072.836994984,0,0.001000
1648655072.859253454,0,0.000000
1648655072.881651537,0,0.000000
1648655072.902931536,0,0.000000
1648655072.924880343,0,0.000000
1648655072.947414779,0,0.000000
1648655072.968892081,0,0.000000
1648655072.989225470,0,0.000000
1648655073.011496128,0,0.000000
1648655073.034567006,0,0.000000
1648655073.057257583,0,0.000000
1648655073.081400397,0,0.001000
1648655073.102501339,0,0.000000
1648655073.125793084,0,0.001000
1648655073.147658914,0,0.000000
1648655073.169921854,0,0.000000
1648655073.192969031,0,0.000000
1648655073.212596504,0,0.000000
1648655073.235012025,0,0.000000
1648655073.257173681,0,0.002000
1648655073.277939935,0,0.000000
1648655073.301277218,0,0.000000
1648655073.324877828,0,0.000000
1648655073.347796752,0,0.000000
1648655073.369224629,0,0.000000
1648655073.390864885,0,0.000000
1648655073.413186164,0,0.000000
1648655073.436633297,0,0.000000
1648655073.458536080,0,0.000000
1648655073.480911659,0,0.000000
1648655073.501423108,0,0.000000
1648655073.523204546,0,0.000000
1648655073.544993606,1,0.000000
1648655073.567212655,0,0.000000
1648655073.589068582,0,0.000000
1648655073.610775974,0,0.000000
1648655073.633229442,0,0.000000
1648655073.654719696,0,0.000000
1648655073.677203321,0,0.000000
1648655073.701163963,0,0.000000
1648655073.722085089,0,0.000000
1648655073.743293101,0,0.000000
1648655073.765208818,0,0.000000
1648655073.786134002,0,0.004000
1648655073.808820194,0,0.000000
1648655073.831651979,0,0.000000
1648655073.853899138,0,0.000000
1648655073.877087709,0,0.000000
1648655073.900663879,1,0.000000
1648655073.923791139,0,0.000000
1648655073.945395839,0,0.000000
1648655073.966311349,0,0.000000
1648655073.989089948,0,0.000000
1648655074.009852417,0,0.011000
1648655074.032189960,0,0.000000
1648655074.053547856,0,0.000000
1648655074.075480567,0,0.000000
1648655074.099271241,0,0.000000
1648655074.119454218,0,0.000000
1648655074.143188486,0,0.000000
1648655074.164080353,0,0.000000
1648655074.185563709,0,0.011000
1648655074.206128320,0,0.000000
1648655074.229278560,0,0.000000
1648655074.250232380,0,0.000000
1648655074.272560035,0,0.000000
1648655074.293960148,0,0.000000
1648655074.315559557,0,0.000000
1648655074.336944035,0,0.001000
1648655074.360176382,0,0.000000
1648655074.381926262,0,0.001000
1648655074.405622970,0,0.004000
1648655074.425837371,0,0.000000
1648655074.447885421,0,0.000000
1648655074.470664317,0,0.000000
1648655074.491250693,0,0.000000
1648655074.512030493,0,0.000000
1648655074.533078243,0,0.000000
1648655074.554214178,0,0.001000
1648655074.575569484,0,0.000000
1648655074.594987639,0,0.000000
1648655074.615494790,0,0.000000
1648655074.637720457,0,0.003000
1648655074.658488620,0,0.001000
1648655074.679711256,0,0.000000
1648655074.702919176,0,0.000000
1648655074.725989800,0,0.004000
1648655074.747803118,0,0.000000
1648655074.768346639,0,0.000000
1648655074.791368444,0,0.001000
1648655074.813794847,0,0.000000
1648655074.835572353,0,0.000000
1648655074.857525865,0,0.000000
1648655074.879185717,0,0.000000
1648655074.899244344,0,0.000000
1648655074.920562040,1,0.000000
1648655074.941983623,0,0.000000
1648655074.963641651,0,0.000000
1648655074.987065920,0,0.001000
1648655075.009326558,0,0.000000
1648655075.030796278,0,0.000000
1648655075.055282963,0,0.000000
1648655075.079191997,0,0.000000
1648655075.100678404,0,0.000000
1648655075.123954241,0,0.000000
1648655075.145642039,0,0.000000
1648655075.166853506,0,0.000000
1648655075.191028612,0,0.000000
1648655075.212088059,0,0.003000
1648655075.236192407,0,0.000000
1648655075.257282623,0,0.000000
1648655075.280875857,0,0.000000
1648655075.303858331,0,0.000000
1648655075.326473328,0,0.000000
1648655075.346208270,0,0.000000
1648655075.367697911,0,0.000000
1648655075.389153346,0,0.000000
1648655075.411132950,0,0.000000
1648655075.432880343,0,0.000000
1648655075.456064944,0,0.000000
1648655075.478202358,0,0.000000
1648655075.499763564,0,0.000000
1648655075.521360379,0,0.000000
1648655075.543229441,0,0.000000
1648655075.566105282,0,0.000000
1648655075.587000705,0,0.000000
1648655075.610446947,0,0.000000
1648655075.632366055,0,0.002000
1648655075.654054479,0,0.000000
1648655075.675340819,0,0.000000
1648655075.697048519,0,0.000000
1648655075.721439245,0,0.000000
1648655075.744705253,0,0.000000
1648655075.764270654,0,0.000000
1648655075.787261171,0,0.001000
1648655075.809284982,0,0.000000
1648655075.832166635,0,0.005000
1648655075.854765770,0,0.000000
1648655075.877175328,0,0.000000
1648655075.900010862,0,0.000000
1648655075.921940636,0,0.004000
1648655075.943937319,0,0.000000
1648655075.965134413,0,0.000000
1648655075.986868729,0,0.000000
1648655076.009796913,0,0.000000
1648655076.032182317,0,0.000000
1648655076.056131968,0,0.000000
1648655076.078220182,0,0.000000
1648655076.101383950,0,0.000000
1648655076.121788680,1,0.000000
1648655076.144479756,0,0.000000
1648655076.168208997,0,0.000000
1648655076.190354045,0,0.001000
1648655076.213154758,0,0.000000
1648655076.235248539,0,0.000000
1648655076.255279269,0,0.005000
1648655076.278484923,0,0.000000
1648655076.300100876,0,0.000000
1648655076.321396068,0,0.000000
1648655076.344606037,0,0.000000
1648655076.366511292,1,0.000000
1648655076.389594114,0,0.000000
1648655076.411592793,0,0.000000
1648655076.432688641,0,0.000000
1648655076.454222426,0,0.000000
1648655076.478033836,0,0.000000
1648655076.498511006,0,0.000000
1648655076.522017229,0,0.000000
1648655076.543131089,0,0.001000
1648655076.564014467,0,0.009000
1648655076.587721569,0,0.000000
1648655076.608320404,0,0.000000
1648655076.629501341,0,0.000000
1648655076.649336209,0,0.000000
1648655076.672481747,0,0.000000
1648655076.697274307,0,0.000000
1648655076.717582933,0,0.000000
1648655076.740484064,0,0.000000
1648655076.762189651,0,0.000000
1648655076.782057840,0,0.000000
1648655076.804800543,0,0.000000
1648655076.827620206,0,0.000000
1648655076.849889024,0,0.001000
1648655076.871176559,0,0.000000
1648655076.892907594,0,0.000000
1648655076.915826974,0,0.000000
1648655076.939873835,0,0.000000
1648655076.962269688,0,0.000000
1648655076.986377474,0,0.000000
1648655077.009135702,0,0.000000
1648655077.032242581,0,0.000000
1648655077.055331253,0,0.000000
1648655077.078498552,0,0.001000
1648655077.101172569,0,0.000000
1648655077.123636601,0,0.000000
1648655077.145168886,0,0.000000
1648655077.168318107,0,0.000000
1648655077.190074318,0,0.000000
1648655077.212358830,0,0.000000
1648655077.236844692,0,0.000000
1648655077.259124331,0,0.001000
1648655077.281895609,0,0.001000
1648655077.306153531,0,0.000000
1648655077.326144575,0,0.000000
1648655077.346167406,1,0.001000
1648655077.367970068,0,0.000000
1648655077.389326417,0,0.000000
1648655077.412921093,0,0.000000
1648655077.434884490,0,0.000000
1648655077.454670005,0,0.000000
1648655077.475750600,0,0.000000
1648655077.496441363,0,0.000000
1648655077.518239553,0,0.002000
1648655077.540972602,0,0.000000
1648655077.563407630,0,0.000000
1648655077.583950337,0,0.009000
1648655077.607882304,0,0.000000
1648655077.629542880,0,0.000000
1648655077.652881218,0,0.000000
1648655077.675852222,0,0.000000
1648655077.697100931,0,0.000000
1648655077.719863688,0,0.000000
1648655077.739922774,0,0.002000
1648655077.761745377,0,0.000000
1648655077.782745745,0,0.000000
1648655077.807209981,0,0.000000
1648655077.829098664,0,0.000000
1648655077.850797189,0,0.000000
1648655077.873227384,0,0.000000
1648655077.895474228,0,0.000000
1648655077.916888904,0,0.000000
1648655077.940572398,0,0.000000
1648655077.961339562,0,0.000000
1648655077.983434623,0,0.000000
1648655078.007358044,0,0.000000
1648655078.029588587,0,0.000000
1648655078.052186092,0,0.000000
1648655078.073810541,0,0.001000
1648655078.097075632,0,0.000000
1648655078.119349403,0,0.000000
1648655078.141573207,0,0.000000
1648655078.163060544,0,0.000000
1648655078.186505913,0,0.000000
1648655078.208537616,0,0.000000
1648655078.230311407,0,0.000000
1648655078.250426234,0,0.001000
1648655078.274008623,0,0.000000
1648655078.297373343,0,0.000000
1648655078.318977995,0,0.000000
1648655078.342114615,0,0.009000
1648655078.364416069,0,0.000000
1648655078.387251701,0,0.000000
1648655078.410069499,0,0.000000
1648655078.432499862,0,0.000000
1648655078.452754552,0,0.001000
1648655078.477317116,0,0.000000
1648655078.501312426,0,0.000000
1648655078.523738626,0,0.000000
1648655078.544387688,0,0.000000
1648655078.564769372,0,0.000000
1648655078.586959180,0,0.000000
1648655078.610914235,0,0.000000
1648655078.631032146,0,0.000000
1648655078.653837762,0,0.000000
1648655078.675750740,0,0.000000
1648655078.699077529,0,0.000000
1648655078.719699618,0,0.000000
1648655078.741034217,0,0.000000
1648655078.763347935,0,0.000000
1648655078.785764035,0,0.000000
1648655078.808210483,0,0.000000
1648655078.829125887,0,0.000000
1648655078.850531443,1,0.000000
1648655078.872398729,0,0.000000
1648655078.894678057,0,0.000000
1648655078.917693662,0,0.015000
1648655078.941187951,0,0.000000
1648655078.962737863,0,0.004000
1648655078.984578972,0,0.000000
1648655079.006764444,0,0.002000
1648655079.028119279,0,0.000000
1648655079.050440554,0,0.000000
1648655079.073297161,0,0.001000
1648655079.097177431,0,0.005000
1648655079.118658501,0,0.000000
1648655079.140814079,0,0.002000
1648655079.163408883,0,0.000000
1648655079.185859550,0,0.000000
1648655079.209150952,0,0.000000
1648655079.231314773,0,0.000000
1648655079.254321780,0,0.000000
1648655079.278769890,0,0.000000
1648655079.301100099,0,0.000000
1648655079.322427657,0,0.001000
1648655079.346236905,0,0.004000
1648655079.368420285,0,0.000000
1648655079.391005761,0,0.000000
1648655079.415304300,0,0.000000
1648655079.438178030,0,0.000000
1648655079.457614795,0,0.000000
1648655079.479704481,0,0.000000
1648655079.498915048,0,0.000000
1648655079.521961950,0,0.000000
1648655079.544868778,0,0.000000
1648655079.566951724,0,0.000000
1648655079.587858097,0,0.000000
1648655079.611238168,0,0.000000
1648655079.632790357,0,0.000000
1648655079.656305270,0,0.000000
1648655079.679127603,0,0.001000
1648655079.699806483,0,0.000000
1648655079.722689231,0,0.004000
1648655079.745038590,0,0.000000
1648655079.766882954,0,0.000000
1648655079.787508483,0,0.000000
1648655079.810032392,0,0.000000
1648655079.831942943,0,0.001000
1648655079.856256257,0,0.000000
1648655079.880291605,0,0.000000
1648655079.900299580,0,0.000000
1648655079.924385227,0,0.000000
1648655079.947702322,0,0.000000
1648655079.969413121,0,0.001000
1648655079.990946546,0,0.004000
1648655080.012170788,0,0.000000
1648655080.035911638,0,0.000000
1648655080.057327499,0,0.001000
1648655080.081300440,0,0.000000
1648655080.103147788,0,0.000000
1648655080.124717490,0,0.000000
1648655080.146620514,0,0.000000
1648655080.168944823,0,0.000000
1648655080.190883841,0,0.000000
1648655080.212391308,0,0.000000
1648655080.234642365,0,0.000000
1648655080.256327463,0,0.000000
1648655080.277640504,0,0.000000
1648655080.301390963,0,0.000000
1648655080.325034919,0,0.000000
1648655080.348360435,0,0.000000
1648655080.370597815,0,0.000000
1648655080.394380768,0,0.000000
1648655080.415561780,0,0.008000
1648655080.436981642,0,0.000000
1648655080.461326682,0,0.000000
1648655080.483749803,0,0.002000
1648655080.505280384,0,0.000000
1648655080.528396995,0,0.000000
1648655080.549965324,0,0.000000
1648655080.570961618,0,0.000000
1648655080.592984172,0,0.001000
1648655080.615971659,0,0.000000
1648655080.637975350,0,0.000000
1648655080.662080797,0,0.000000
1648655080.686539905,0,0.000000
1648655080.707206336,0,0.000000
1648655080.731109675,0,0.001000
1648655080.753610106,0,0.000000
1648655080.775948642,0,0.001000
1648655080.798478100,0,0.000000
1648655080.821873585,0,0.001000
1648655080.846165515,0,0.000000
1648655080.867201479,0,0.000000
1648655080.889731234,0,0.000000
1648655080.912720002,0,0.000000
1648655080.935938193,0,0.000000
1648655080.958344423,0,0.000000
1648655080.980331789,0,0.000000
1648655081.003079444,0,0.000000
1648655081.024821352,0,0.000000
1648655081.046467547,0,0.009000
1648655081.069207045,0,0.000000
1648655081.090657104,0,0.000000
1648655081.109412105,0,0.001000
1648655081.130175820,0,0.000000
1648655081.152578632,0,0.000000
1648655081.175379383,0,0.000000
1648655081.197698455,0,0.000000
1648655081.218417870,0,0.000000
1648655081.239584523,0,0.000000
1648655081.261281148,0,0.000000
1648655081.281954289,0,0.001000
1648655081.303037248,0,0.000000
1648655081.325260766,0,0.000000
1648655081.349205878,0,0.000000
1648655081.371097364,0,0.000000
1648655081.393372378,0,0.000000
1648655081.415372903,0,0.000000
1648655081.437090251,0,0.000000
1648655081.460452503,0,0.010000
1648655081.482836118,0,0.000000
1648655081.506919385,0,0.000000
1648655081.530431522,0,0.000000
1648655081.550784889,0,0.000000
1648655081.573274132,0,0.000000
1648655081.595117419,0,0.000000
1648655081.615046841,0,0.000000
1648655081.638089020,0,0.000000
1648655081.663002020,0,0.000000
1648655081.686565930,0,0.000000
1648655081.708110580,0,0.000000
1648655081.729575655,0,0.000000
1648655081.752117962,0,0.000000
1648655081.772292534,0,0.000000
1648655081.793740583,0,0.000000
1648655081.817028408,0,0.001000
1648655081.840411222,0,0.000000
1648655081.864217476,0,0.000000
1648655081.886770382,1,0.001000
1648655081.911125878,0,0.000000
1648655081.932260569,0,0.000000
1648655081.955121512,0,0.006000
1648655081.977952286,0,0.000000
1648655082.001175254,0,0.000000
1648655082.023448475,0,0.000000
1648655082.044385854,0,0.000000
1648655082.064596141,0,0.000000
1648655082.087132206,0,0.000000
1648655082.109497161,1,0.011000
1648655082.133485441,0,0.000000
1648655082.154462848,0,0.000000
1648655082.175503988,0,0.000000
1648655082.198397878,0,0.000000
1648655082.221711059,0,0.001000
1648655082.242510145,0,0.000000
1648655082.265081932,0,0.000000
1648655082.288121341,0,0.000000
1648655082.310388725,0,0.001000
1648655082.334289507,0,0.000000
1648655082.356769484,0,0.000000
1648655082.379040300,0,0.000000
1648655082.402333094,0,0.000000
1648655082.423776631,0,0.000000
1648655082.444782339,0,0.000000
1648655082.465326018,0,0.000000
1648655082.488360637,0,0.000000
1648655082.510086074,0,0.000000
1648655082.531247888,0,0.000000
1648655082.554047553,0,0.000000
1648655082.578086409,1,0.006000
1648655082.600894459,0,0.000000
1648655082.621118276,0,0.000000
1648655082.644244526,0,0.000000
1648655082.664349870,0,0.000000
1648655082.685544375,0,0.000000
1648655082.708468919,0,0.000000
1648655082.730710314,1,0.000000
1648655082.754190918,0,0.000000
1648655082.775903507,0,0.000000
1648655082.796133863,0,0.000000
1648655082.816881591,0,0.000000
1648655082.838534091,0,0.000000
1648655082.859855978,0,0.000000
1648655082.883434405,0,0.000000
1648655082.905236771,0,0.000000
1648655082.926765179,0,0.000000
1648655082.947482756,0,0.000000
1648655082.967996449,0,0.011000
1648655082.989416581,0,0.000000
1648655083.008501423,0,0.000000
1648655083.030258675,0,0.000000
1648655083.055280420,0,0.000000
1648655083.078405368,1,0.000000
1648655083.101721922,0,0.000000
1648655083.125722640,0,0.000000
1648655083.148611332,0,0.004000
1648655083.169854574,0,0.000000
1648655083.193054926,0,0.000000
1648655083.213582858,0,0.000000
1648655083.235138886,0,0.000000
1648655083.257229710,0,0.000000
1648655083.280574002,0,0.000000
1648655083.303779908,0,0.001000
1648655083.324912440,0,0.001000
1648655083.346546345,0,0.000000
1648655083.367873999,0,0.000000
1648655083.390568878,0,0.000000
1648655083.411472482,0,0.000000
1648655083.435312568,0,0.000000
1648655083.457160280,0,0.000000
1648655083.480064006,0,0.000000
1648655083.500356119,0,0.000000
1648655083.523304093,0,0.000000
1648655083.543254684,0,0.000000
1648655083.566338540,0,0.000000
1648655083.589239114,0,0.000000
1648655083.609588516,0,0.000000
1648655083.631649801,0,0.000000
1648655083.654276356,1,0.004000
1648655083.678433829,0,0.000000
1648655083.700401665,0,0.000000
1648655083.725307992,0,0.000000
1648655083.746399520,0,0.000000
1648655083.768314675,0,0.000000
1648655083.790048675,0,0.000000
1648655083.811146631,0,0.000000
1648655083.833408686,0,0.000000
1648655083.856773881,0,0.000000
1648655083.879472657,0,0.000000
1648655083.900424134,0,0.011000
1648655083.923575313,0,0.000000
1648655083.946554175,0,0.000000
1648655083.968549371,0,0.000000
1648655083.991419000,1,0.001000
1648655084.013192907,0,0.000000
1648655084.035380861,0,0.000000
1648655084.057525847,0,0.000000
1648655084.080007392,0,0.000000
1648655084.100575809,0,0.000000
1648655084.124504329,0,0.000000
1648655084.146840471,0,0.000000
1648655084.168438782,0,0.000000
1648655084.191695256,0,0.000000
1648655084.215662705,1,0.000000
1648655084.237326400,0,0.007000
1648655084.261692396,0,0.000000
1648655084.282508899,0,0.000000
1648655084.303410261,0,0.000000
1648655084.327106384,0,0.000000
1648655084.349445437,0,0.000000
1648655084.370491013,0,0.000000
1648655084.391121102,0,0.000000
1648655084.412105901,0,0.000000
1648655084.432361432,0,0.000000
1648655084.455823704,0,0.001000
1648655084.478005366,0,0.000000
1648655084.502284832,0,0.000000
1648655084.524858542,0,0.000000
1648655084.545560365,0,0.001000
1648655084.566002449,0,0.005000
1648655084.588071954,0,0.000000
1648655084.610039389,0,0.000000
1648655084.630904165,0,0.000000
1648655084.656041855,0,0.000000
1648655084.678358282,0,0.000000
1648655084.701525041,0,0.001000
1648655084.722635810,0,0.000000
1648655084.746613940,0,0.000000
1648655084.771041486,0,0.000000
1648655084.794898991,0,0.000000
1648655084.817247403,0,0.000000
1648655084.840988703,0,0.000000
1648655084.864499954,0,0.002000
1648655084.886321161,0,0.000000
1648655084.908142408,0,0.000000
1648655084.930074326,0,0.000000
1648655084.952562191,0,0.000000
1648655084.973662219,0,0.000000
1648655084.997761979,0,0.002000
1648655085.018806362,0,0.000000
1648655085.042181785,0,0.000000
1648655085.064250178,0,0.000000
1648655085.086858842,0,0.000000
1648655085.108259110,0,0.000000
1648655085.131000715,0,0.002000
1648655085.152641865,0,0.000000
1648655085.175412755,0,0.000000
1648655085.197679014,1,0.000000
1648655085.220135873,0,0.000000
1648655085.242501732,0,0.002000
1648655085.265724253,0,0.000000
1648655085.288029975,0,0.000000
1648655085.309041789,0,0.000000
1648655085.331689362,0,0.000000
1648655085.353690817,0,0.000000
1648655085.375143056,0,0.000000
1648655085.397827607,0,0.000000
1648655085.420864385,0,0.001000
1648655085.444484968,1,0.001000
1648655085.468592359,1,0.013000
1648655085.491420931,0,0.000000
1648655085.512610329,0,0.000000
1648655085.533244129,0,0.000000
1648655085.557583427,1,0.000000
1648655085.580417040,0,0.000000
1648655085.602145413,0,0.000000
1648655085.623136957,0,0.000000
1648655085.646334950,0,0.000000
1648655085.668454592,0,0.000000
1648655085.690788290,0,0.000000
1648655085.710880845,0,0.000000
1648655085.733157474,0,0.000000
1648655085.754606045,0,0.000000
1648655085.775733585,0,0.000000
1648655085.798198224,0,0.000000
1648655085.820914268,0,0.000000
1648655085.843234890,0,0.000000
1648655085.864241652,0,0.000000
1648655085.887977895,0,0.000000
1648655085.909832552,0,0.000000
1648655085.930870327,0,0.001000
1648655085.951681134,0,0.000000
1648655085.974838075,0,0.000000
1648655085.995961577,0,0.006000
1648655086.018444020,0,0.000000
1648655086.041258929,0,0.005000
1648655086.064427013,0,0.000000
1648655086.085599360,0,0.000000
1648655086.107444237,0,0.000000
1648655086.130691301,0,0.003000
1648655086.151885001,0,0.000000
1648655086.172842145,0,0.000000
1648655086.194545068,0,0.000000
1648655086.216134067,1,0.000000
1648655086.238371147,0,0.000000
1648655086.258438190,0,0.000000
1648655086.280751332,0,0.000000
1648655086.304551943,0,0.000000
1648655086.328998059,0,0.000000
1648655086.351760799,0,0.000000
1648655086.372569870,0,0.000000
1648655086.395146186,0,0.000000
1648655086.415286439,0,0.000000
1648655086.439338941,0,0.000000
1648655086.461593925,0,0.000000
1648655086.484337585,0,0.000000
1648655086.505897021,0,0.000000
1648655086.527119155,0,0.000000
1648655086.549331610,0,0.000000
1648655086.572167974,0,0.000000
1648655086.594435496,0,0.000000
1648655086.618400403,0,0.000000
1648655086.641073545,0,0.000000
1648655086.663054280,0,0.000000
1648655086.685212736,0,0.000000
1648655086.705969604,0,0.000000
1648655086.726055058,0,0.000000
1648655086.749171074,0,0.000000
1648655086.769929419,0,0.001000
1648655086.792666741,0,0.000000
1648655086.813777277,0,0.000000
1648655086.835656524,0,0.000000
1648655086.859012515,0,0.000000
1648655086.879859352,0,0.000000
1648655086.903263773,0,0.001000
1648655086.925011953,0,0.000000
1648655086.948404801,0,0.000000
1648655086.970326964,0,0.000000
1648655086.992584178,0,0.000000
1648655087.015156074,0,0.000000
1648655087.037375893,0,0.001000
1648655087.059977017,0,0.000000
1648655087.083065452,1,0.008000
1648655087.105249242,0,0.008000
1648655087.128173124,0,0.000000
1648655087.150869853,0,0.000000
1648655087.173489090,0,0.006000
1648655087.196571471,0,0.000000
1648655087.219626420,0,0.001000
1648655087.240445226,0,0.001000
1648655087.263001327,0,0.000000
1648655087.284220172,0,0.008000
1648655087.306920443,0,0.000000
1648655087.329258361,0,0.000000
1648655087.351458761,0,0.000000
1648655087.371820929,0,0.004000
1648655087.393495686,0,0.000000
1648655087.417431031,0,0.000000
1648655087.440248977,0,0.000000
1648655087.463059826,0,0.000000
1648655087.485810944,0,0.000000
1648655087.508624418,0,0.000000
1648655087.531339109,0,0.000000
1648655087.551998130,0,0.000000
1648655087.574407479,0,0.000000
1648655087.596257010,0,0.000000
1648655087.619165354,0,0.000000
1648655087.642639961,0,0.000000
1648655087.664109904,0,0.000000
1648655087.685745100,0,0.000000
1648655087.709511137,0,0.000000
1648655087.732064019,0,0.000000
1648655087.752228217,0,0.000000
1648655087.773880961,0,0.000000
1648655087.794526239,0,0.008000
1648655087.817476867,1,0.000000
1648655087.840241781,1,0.000000
1648655087.863369177,0,0.000000
1648655087.885014296,0,0.000000
1648655087.906196750,0,0.000000
1648655087.928258261,0,0.000000
1648655087.950530339,0,0.000000
1648655087.972172905,0,0.000000
1648655087.993916519,0,0.000000
1648655088.015037898,0,0.003000
1648655088.036057540,1,0.000000
1648655088.058237891,1,0.000000
1648655088.080136147,0,0.000000
1648655088.104019582,0,0.000000
1648655088.125955091,0,0.000000
1648655088.146087283,0,0.000000
1648655088.168210881,0,0.001000
1648655088.190022669,0,0.000000
1648655088.209875189,0,0.000000
1648655088.232566997,0,0.000000
1648655088.254886370,1,0.000000
1648655088.277507040,0,0.000000
1648655088.299750616,0,0.000000
1648655088.322380598,0,0.000000
1648655088.345131477,0,0.000000
1648655088.366831711,0,0.000000
1648655088.388574553,0,0.000000
1648655088.410934544,0,0.001000
1648655088.431970237,0,0.000000
1648655088.453329256,0,0.000000
1648655088.473878016,0,0.000000
1648655088.496170842,0,0.000000
1648655088.518699815,0,0.000000
1648655088.539510369,0,0.000000
1648655088.562265266,0,0.004000
1648655088.584794774,0,0.000000
1648655088.606630461,0,0.000000
1648655088.629380312,0,0.000000
1648655088.650814177,0,0.001000
1648655088.672655310,0,0.000000
1648655088.695071466,0,0.000000
1648655088.714782270,0,0.000000
1648655088.736713433,0,0.000000
1648655088.759258273,0,0.000000
1648655088.781390876,0,0.000000
1648655088.804427343,0,0.000000
1648655088.827294507,0,0.000000
1648655088.850738418,0,0.003000
1648655088.872399856,0,0.000000
1648655088.896291702,0,0.000000
1648655088.919146421,1,0.001000
1648655088.942170330,0,0.000000
1648655088.965929664,1,0.004000
1648655088.988149626,0,0.000000
1648655089.010181249,0,0.000000
1648655089.031734346,0,0.006000
1648655089.054414805,0,0.000000
1648655089.076187922,0,0.000000
1648655089.099899606,1,0.000000
1648655089.122128090,0,0.000000
1648655089.144831351,0,0.000000
1648655089.165274255,0,0.000000
1648655089.185689106,0,0.000000
1648655089.206675986,0,0.000000
1648655089.230325676,0,0.001000
1648655089.252580046,0,0.000000
1648655089.276108586,0,0.000000
1648655089.298077579,0,0.000000
1648655089.320134435,0,0.000000
1648655089.341670237,0,0.000000
1648655089.364972017,0,0.000000
1648655089.386725618,0,0.000000
1648655089.407453779,0,0.000000
1648655089.431808042,0,0.000000
1648655089.453943301,0,0.000000
1648655089.477727070,1,0.000000
1648655089.499031107,0,0.000000
1648655089.522334703,0,0.000000
1648655089.545098869,0,0.000000
1648655089.568842350,0,0.000000
1648655089.589265481,0,0.000000
1648655089.614187764,0,0.000000
1648655089.637293254,0,0.000000
1648655089.658734157,0,0.000000
1648655089.681216914,0,0.000000
1648655089.701959689,0,0.008000
1648655089.722742500,1,0.000000
1648655089.744067100,0,0.000000
1648655089.763415592,0,0.000000
1648655089.784843780,0,0.000000
1648655089.806240266,0,0.000000
1648655089.828411278,0,0.000000
1648655089.852068193,1,0.000000
1648655089.874324485,0,0.000000
1648655089.896201183,0,0.000000
1648655089.918438085,0,0.000000
1648655089.941365660,0,0.000000
1648655089.965687957,0,0.010000
1648655089.986137648,0,0.000000
1648655090.008856270,0,0.000000
1648655090.028434325,0,0.003000
1648655090.051197567,0,0.000000
1648655090.074245629,0,0.000000
1648655090.093636780,0,0.000000
1648655090.114744321,0,0.000000
1648655090.135968531,0,0.000000
1648655090.158722892,0,0.009000
1648655090.181948981,0,0.000000
1648655090.202686552,0,0.000000
1648655090.223150850,0,0.000000
1648655090.245081485,0,0.000000
1648655090.267999551,0,0.000000
1648655090.288962008,0,0.000000
1648655090.310627703,0,0.000000
1648655090.331920135,0,0.000000
1648655090.354069853,0,0.000000
1648655090.377313999,0,0.000000
1648655090.398439248,0,0.000000
1648655090.420284978,0,0.000000
1648655090.441151290,0,0.000000
1648655090.463059353,1,0.001000
1648655090.483673406,0,0.006000
1648655090.506626324,0,0.005000
1648655090.528755385,0,0.001000
1648655090.551589770,0,0.000000
1648655090.574481390,0,0.000000
1648655090.598492665,0,0.000000
1648655090.620919068,0,0.000000
1648655090.644184399,0,0.001000
1648655090.667104110,0,0.000000
1648655090.687752428,0,0.000000
1648655090.709535923,0,0.005000
1648655090.733908726,0,0.000000
1648655090.755585289,0,0.000000
1648655090.779385163,0,0.000000
1648655090.800893093,0,0.008000
1648655090.822664215,0,0.000000
1648655090.845339643,0,0.000000
1648655090.866322370,0,0.000000
1648655090.888986329,0,0.000000
1648655090.911232505,0,0.000000
1648655090.933480317,0,0.000000
1648655090.955930023,0,0.000000
1648655090.978083327,0,0.000000
1648655091.001159400,0,0.000000
1648655091.023223717,0,0.000000
1648655091.047319066,0,0.000000
1648655091.068159467,0,0.000000
1648655091.090266176,0,0.000000
1648655091.113055536,0,0.005000
1648655091.135008789,0,0.000000
1648655091.158930125,0,0.000000
1648655091.181458370,0,0.000000
1648655091.203983409,0,0.000000
1648655091.225473173,0,0.000000
1648655091.248860701,0,0.000000
1648655091.271274381,0,0.000000
1648655091.294280321,0,0.003000
1648655091.314791679,0,0.000000
1648655091.337308385,1,0.000000
1648655091.361152978,0,0.000000
1648655091.383398046,0,0.000000
1648655091.405322635,0,0.001000
1648655091.427717707,1,0.000000
1648655091.448378923,0,0.000000
1648655091.469743648,0,0.000000
1648655091.492314234,0,0.001000
1648655091.515302869,0,0.011000
1648655091.538171324,0,0.000000
1648655091.561701632,0,0.005000
1648655091.583065929,0,0.000000
1648655091.605235346,0,0.000000
1648655091.626837987,0,0.000000
1648655091.648714809,0,0.000000
1648655091.671097459,0,0.000000
1648655091.693694096,0,0.001000
1648655091.715368636,0,0.000000
1648655091.735717312,0,0.000000
1648655091.757480073,0,0.000000
1648655091.779354929,0,0.000000
1648655091.801991318,0,0.000000
1648655091.824655987,0,0.000000
1648655091.848577788,0,0.000000
1648655091.871731735,0,0.002000
1648655091.894225155,0,0.004000
1648655091.917405074,0,0.000000
1648655091.939641431,0,0.000000
1648655091.961289573,0,0.000000
1648655091.985086176,0,0.001000
1648655092.007597090,0,0.000000
1648655092.028977338,0,0.000000
1648655092.052506722,0,0.000000
1648655092.075069923,0,0.000000
1648655092.097425551,0,0.000000
1648655092.118832383,0,0.000000
1648655092.140067635,0,0.000000
1648655092.162658028,0,0.001000
1648655092.185651103,0,0.000000
1648655092.208774001,0,0.000000
1648655092.228669214,0,0.000000
1648655092.250745606,0,0.001000
1648655092.273943469,0,0.000000
1648655092.295085456,0,0.000000
1648655092.318145781,0,0.000000
1648655092.339662591,0,0.000000
1648655092.363949745,0,0.000000
1648655092.385636215,0,0.000000
1648655092.405384624,0,0.000000
1648655092.426329509,0,0.000000
1648655092.450076874,0,0.014000
1648655092.473097154,0,0.000000
1648655092.495026958,0,0.000000
1648655092.518535904,0,0.000000
1648655092.541880507,0,0.000000
1648655092.563497860,0,0.000000
1648655092.584506448,0,0.000000
1648655092.606717337,0,0.000000
1648655092.629236315,0,0.000000
1648655092.649446020,0,0.000000
1648655092.671666105,0,0.000000
1648655092.695456416,0,0.004000
1648655092.718261122,0,0.000000
1648655092.739267899,0,0.000000
1648655092.761786442,0,0.000000
1648655092.784701380,0,0.000000
1648655092.809183122,0,0.000000
1648655092.831026114,0,0.000000
1648655092.852716409,1,0.000000
1648655092.874794031,0,0.000000
1648655092.897771578,0,0.000000
1648655092.919792571,1,0.000000
1648655092.942476454,0,0.000000
1648655092.965253505,0,0.000000
1648655092.986843453,0,0.000000
1648655093.010037442,0,0.000000
1648655093.032961403,0,0.000000
1648655093.055624655,0,0.000000
1648655093.077627359,0,0.000000
1648655093.101336908,0,0.000000
1648655093.123737082,0,0.000000
1648655093.146166528,0,0.001000
1648655093.169426699,0,0.000000
1648655093.191167559,0,0.000000
1648655093.212694292,0,0.004000
1648655093.235153072,0,0.000000
1648655093.256304479,0,0.004000
1648655093.279025719,0,0.000000
1648655093.303043105,0,0.001000
1648655093.324711644,0,0.000000
1648655093.346699832,0,0.000000
1648655093.368654973,0,0.000000
1648655093.391072204,0,0.000000
1648655093.412363368,0,0.000000
1648655093.436468739,0,0.000000
1648655093.460450216,0,0.000000
1648655093.481709956,0,0.000000
1648655093.503205520,0,0.000000
1648655093.524197254,0,0.000000
1648655093.546558778,0,0.000000
1648655093.567675465,0,0.004000
1648655093.589293845,0,0.000000
1648655093.612791078,0,0.000000
1648655093.634893637,0,0.000000
1648655093.657803525,0,0.000000
1648655093.681534577,0,0.000000
1648655093.704386227,0,0.000000
1648655093.727492828,0,0.000000
1648655093.751289908,0,0.000000
1648655093.771156460,0,0.000000
1648655093.793206050,0,0.003000
1648655093.817060364,0,0.000000
1648655093.839626682,0,0.000000
1648655093.861602570,0,0.005000
1648655093.883452286,0,0.000000
1648655093.905060753,0,0.000000
1648655093.927309613,0,0.006000
1648655093.950134477,0,0.000000
1648655093.973287508,0,0.000000
1648655093.995637336,0,0.000000
1648655094.017320922,0,0.000000
1648655094.039378876,0,0.000000
1648655094.062017540,0,0.004000
1648655094.084845324,1,0.000000
1648655094.107220617,0,0.000000
1648655094.129602074,0,0.000000
1648655094.149859520,0,0.000000
1648655094.172842187,0,0.013000
1648655094.194980235,0,0.000000
1648655094.218587495,0,0.001000
1648655094.241849583,0,0.000000
1648655094.264931510,0,0.000000
1648655094.286238585,0,0.000000
1648655094.307592518,0,0.000000
1648655094.329620107,0,0.000000
1648655094.351696475,0,0.002000
1648655094.374480271,0,0.000000
1648655094.396860054,0,0.000000
1648655094.420010692,0,0.000000
1648655094.441971709,1,0.000000
1648655094.463831453,0,0.000000
1648655094.484312648,0,0.004000
1648655094.507393409,0,0.000000
1648655094.529683286,0,0.000000
1648655094.552428537,0,0.000000
1648655094.575196669,0,0.000000
1648655094.596807683,0,0.000000
1648655094.618692217,0,0.000000
1648655094.641801367,0,0.000000
1648655094.662822215,0,0.000000
1648655094.685449128,0,0.000000
1648655094.706388013,0,0.001000
1648655094.728100457,0,0.001000
1648655094.749449583,0,0.000000
1648655094.772551290,0,0.001000
1648655094.793477106,0,0.000000
1648655094.816633491,0,0.000000
1648655094.839611188,0,0.000000
1648655094.862251035,0,0.000000
1648655094.884267253,0,0.000000
1648655094.907308626,0,0.000000
1648655094.928034012,0,0.000000
1648655094.951177096,0,0.001000
1648655094.973848820,0,0.000000
1648655094.994692024,0,0.000000
1648655095.017178829,0,0.000000
1648655095.038795625,0,0.000000
1648655095.060177649,0,0.000000
1648655095.081235752,0,0.000000
1648655095.102104153,1,0.000000
1648655095.124839566,0,0.000000
1648655095.145278032,0,0.000000
1648655095.168356424,0,0.000000
1648655095.191591469,0,0.000000
1648655095.215104933,0,0.000000
1648655095.236681864,0,0.000000
1648655095.258245230,0,0.000000
1648655095.280792681,0,0.000000
1648655095.302412887,0,0.000000
1648655095.325457602,0,0.000000
1648655095.347406520,0,0.000000
1648655095.369933902,0,0.000000
1648655095.391671766,0,0.007000
1648655095.412629243,1,0.000000
1648655095.434727842,0,0.000000
1648655095.457602459,0,0.000000
1648655095.480622175,0,0.000000
1648655095.503373376,0,0.000000
1648655095.527116813,0,0.000000
1648655095.548443302,0,0.000000
1648655095.570410075,0,0.010000
1648655095.593320921,0,0.000000
1648655095.615041587,0,0.000000
1648655095.636966995,3,0.045000
1648655095.659464994,0,0.000000
1648655095.682472552,0,0.000000
1648655095.704740420,0,0.000000
1648655095.727141769,0,0.000000
1648655095.748534157,0,0.000000
1648655095.769934287,0,0.000000
1648655095.792347982,0,0.000000
1648655095.814303203,0,0.000000
1648655095.837297124,1,0.000000
1648655095.860480787,0,0.000000
1648655095.882621941,0,0.000000
1648655095.904482267,0,0.000000
1648655095.926663316,0,0.000000
1648655095.950253115,0,0.000000
1648655095.971336966,0,0.000000
1648655095.992075092,0,0.000000
1648655096.013694439,0,0.000000
1648655096.037379424,0,0.000000
1648655096.060353725,0,0.000000
1648655096.080793612,0,0.000000
1648655096.101897694,0,0.000000
1648655096.122156581,0,0.000000
1648655096.144120429,2,0.000000
1648655096.164174658,0,0.001000
1648655096.187142250,0,0.000000
1648655096.210527128,0,0.000000
1648655096.234124816,0,0.001000
1648655096.257237503,0,0.011000
1648655096.279068585,0,0.000000
1648655096.302210623,0,0.000000
1648655096.325075586,0,0.000000
1648655096.346231514,0,0.000000
1648655096.369479479,0,0.001000
1648655096.392023249,0,0.000000
1648655096.414600806,0,0.000000
1648655096.435681431,0,0.000000
1648655096.459097036,0,0.000000
1648655096.482000039,0,0.000000
1648655096.504351828,1,0.000000
1648655096.526753175,0,0.000000
1648655096.549233011,0,0.000000
1648655096.570751874,0,0.000000
1648655096.592668475,0,0.000000
1648655096.614149988,1,0.000000
1648655096.637234857,0,0.000000
1648655096.656821597,0,0.000000
1648655096.679085819,1,0.005000
1648655096.701164278,0,0.000000
1648655096.722993203,0,0.000000
1648655096.746222790,0,0.016000
1648655096.767975266,0,0.000000
1648655096.790595573,0,0.000000
1648655096.813798636,0,0.000000
1648655096.835894911,0,0.000000
1648655096.858473944,0,0.001000
1648655096.880535088,0,0.000000
1648655096.903098747,0,0.000000
1648655096.925106175,0,0.000000
1648655096.946355837,0,0.000000
1648655096.969409235,0,0.000000
1648655096.991798636,0,0.000000
1648655097.014393277,0,0.000000
1648655097.037528247,0,0.000000
1648655097.063272225,0,0.000000
1648655097.087410737,0,0.000000
1648655097.110908991,0,0.000000
1648655097.132187284,0,0.000000
1648655097.156171735,0,0.000000
1648655097.179804730,0,0.000000
1648655097.201203311,0,0.001000
1648655097.223483384,0,0.000000
1648655097.247495996,0,0.001000
1648655097.270309149,0,0.000000
1648655097.292623078,0,0.000000
1648655097.314250655,0,0.000000
1648655097.338814029,0,0.000000
1648655097.361845454,0,0.000000
1648655097.382443111,1,0.008000
1648655097.404386479,0,0.000000
1648655097.428081165,0,0.000000
1648655097.449263269,0,0.000000
1648655097.469547251,0,0.000000
1648655097.490050497,0,0.000000
1648655097.511718127,0,0.000000
1648655097.534445306,0,0.000000
1648655097.557120124,0,0.000000
1648655097.580360874,0,0.000000
1648655097.601825658,0,0.000000
1648655097.623853316,0,0.000000
1648655097.644823265,0,0.000000
1648655097.664920774,0,0.000000
1648655097.686361571,0,0.001000
1648655097.708753251,0,0.000000
1648655097.732092536,0,0.000000
1648655097.754759158,0,0.000000
1648655097.774835960,0,0.000000
1648655097.797591803,0,0.000000
1648655097.818611006,0,0.000000
1648655097.841048349,0,0.000000
1648655097.861960840,0,0.000000
1648655097.882962229,0,0.000000
1648655097.903281169,0,0.000000
1648655097.926601198,0,0.009000
1648655097.948465913,0,0.000000
1648655097.969078378,0,0.000000
1648655097.989978007,0,0.000000
1648655098.012140997,0,0.000000
1648655098.032651423,0,0.006000
1648655098.055868167,0,0.000000
1648655098.077737830,0,0.000000
1648655098.099935693,0,0.000000
1648655098.119872989,0,0.000000
1648655098.141261438,0,0.000000
1648655098.163939237,0,0.000000
1648655098.186982042,0,0.000000
1648655098.210334008,0,0.000000
1648655098.232380345,1,0.000000
1648655098.253915543,0,0.000000
1648655098.277855288,0,0.000000
1648655098.302287908,0,0.004000
1648655098.321334772,0,0.000000
1648655098.342034715,0,0.001000
1648655098.366271667,0,0.000000
1648655098.387638604,0,0.000000
1648655098.410643184,0,0.000000
1648655098.433034369,0,0.000000
1648655098.456320367,0,0.000000
1648655098.476495198,0,0.000000
1648655098.499575143,0,0.000000
1648655098.521268091,0,0.001000
1648655098.544209563,0,0.000000
1648655098.566427802,0,0.000000
1648655098.588553004,0,0.000000
1648655098.611356309,0,0.000000
1648655098.633043293,0,0.000000
1648655098.655027698,0,0.000000
1648655098.678923097,0,0.000000
1648655098.701166813,0,0.000000
1648655098.723381651,0,0.005000
1648655098.745051598,0,0.000000
1648655098.766072071,0,0.000000
1648655098.788161566,0,0.000000
1648655098.809990203,0,0.000000
1648655098.828729254,0,0.000000
1648655098.852234109,0,0.000000
1648655098.873520653,0,0.000000
1648655098.896161238,0,0.000000
1648655098.917878211,0,0.000000
1648655098.940589362,0,0.000000
1648655098.962325246,0,0.017000
1648655098.983169137,0,0.001000
1648655099.003606671,0,0.000000
1648655099.025336325,0,0.000000
1648655099.049162686,0,0.000000
1648655099.073187318,0,0.000000
1648655099.093417873,0,0.000000
1648655099.115715217,0,0.000000
1648655099.140267527,0,0.000000
1648655099.163301336,0,0.007000
1648655099.185654659,0,0.000000
1648655099.208206024,0,0.000000
1648655099.230366397,0,0.001000
1648655099.253676143,0,0.000000
1648655099.278067308,0,0.000000
1648655099.298403473,1,0.000000
1648655099.321909626,0,0.001000
1648655099.343894734,0,0.000000
1648655099.365646542,0,0.000000
1648655099.387593443,0,0.000000
1648655099.408714290,0,0.000000
1648655099.431934323,0,0.000000
1648655099.455931356,0,0.000000
1648655099.477854524,0,0.001000
1648655099.499271201,0,0.000000
1648655099.520919417,0,0.001000
1648655099.543863482,0,0.000000
1648655099.567042372,0,0.000000
1648655099.589142002,0,0.000000
1648655099.611615354,0,0.000000
1648655099.635045245,0,0.000000
1648655099.658079231,0,0.000000
1648655099.679989628,0,0.000000
1648655099.701043545,0,0.000000
1648655099.722797628,0,0.000000
1648655099.743386520,0,0.000000
1648655099.763715501,0,0.001000
1648655099.788180541,0,0.000000
1648655099.810815129,0,0.000000
1648655099.833163097,0,0.000000
1648655099.853746734,0,0.001000
1648655099.876636729,0,0.000000
1648655099.900009428,0,0.000000
1648655099.923628628,0,0.000000
1648655099.946899132,0,0.000000
1648655099.968402298,0,0.000000
1648655099.989478808,0,0.000000
1648655100.013384942,0,0.000000
1648655100.034323945,0,0.000000
1648655100.056976819,1,0.000000
1648655100.078781935,0,0.000000
1648655100.100229769,0,0.000000
1648655100.122889382,0,0.001000
1648655100.146251660,0,0.000000
1648655100.168930644,0,0.001000
1648655100.190979717,0,0.001000
1648655100.212391328,0,0.000000
1648655100.234068242,0,0.000000
1648655100.254215086,0,0.000000
1648655100.275016342,0,0.000000
1648655100.298216727,0,0.001000
1648655100.321729144,0,0.000000
1648655100.340657177,0,0.000000
1648655100.363068240,0,0.000000
1648655100.386308382,0,0.000000
1648655100.408017422,0,0.000000
1648655100.430020191,0,0.000000
1648655100.451550559,0,0.000000
1648655100.473251234,0,0.008000
1648655100.496015137,0,0.000000
1648655100.516460279,0,0.000000
1648655100.534932131,0,0.000000
1648655100.555854305,0,0.005000
1648655100.578304768,0,0.000000
1648655100.601093836,0,0.007000
1648655100.621145517,0,0.000000
1648655100.642250676,0,0.000000
1648655100.665003518,0,0.000000
1648655100.687240507,0,0.000000
1648655100.709356466,0,0.000000
1648655100.731707633,0,0.000000
1648655100.753702464,0,0.001000
1648655100.776949692,0,0.000000
1648655100.799010915,0,0.000000
1648655100.821963240,0,0.000000
1648655100.844936554,0,0.000000
1648655100.866736149,0,0.000000
1648655100.889781411,0,0.000000
1648655100.910803971,0,0.000000
1648655100.933596843,0,0.000000
1648655100.956407157,0,0.000000
1648655100.977988487,0,0.001000
1648655100.998735744,0,0.000000
1648655101.020659090,0,0.000000
1648655101.041168914,0,0.000000
1648655101.062366335,0,0.000000
1648655101.084693525,0,0.000000
1648655101.108308761,0,0.005000
1648655101.131139953,0,0.000000
1648655101.153780503,0,0.000000
1648655101.174886292,0,0.000000
1648655101.198333352,0,0.011000
1648655101.221473883,0,0.001000
1648655101.241795669,0,0.001000
1648655101.265301499,0,0.000000
1648655101.286850665,0,0.000000
1648655101.308536722,0,0.000000
1648655101.331667936,0,0.000000
1648655101.355320013,0,0.000000
1648655101.378040411,0,0.000000
1648655101.401755075,0,0.000000
1648655101.422865623,0,0.000000
1648655101.445468582,0,0.000000
1648655101.468112467,0,0.000000
1648655101.490658970,0,0.000000
1648655101.513485851,0,0.000000
1648655101.535591932,0,0.000000
1648655101.557011279,0,0.001000
1648655101.579078140,0,0.000000
1648655101.603174282,0,0.001000
1648655101.625012089,0,0.008000
1648655101.647365189,0,0.000000
1648655101.668923269,0,0.000000
1648655101.688232832,0,0.000000
1648655101.709765059,0,0.000000
1648655101.732751959,0,0.000000
1648655101.755281302,0,0.000000
1648655101.778238719,0,0.005000
1648655101.800042110,0,0.001000
1648655101.823838688,0,0.000000
1648655101.845865557,0,0.000000
1648655101.868480781,0,0.000000
1648655101.891768335,0,0.000000
1648655101.913711532,0,0.000000
1648655101.936123360,0,0.000000
1648655101.958298677,0,0.000000
1648655101.981136426,0,0.005000
1648655102.003849392,0,0.000000
1648655102.027343746,0,0.000000
1648655102.047811827,0,0.000000
1648655102.068015486,0,0.000000
1648655102.090092843,0,0.000000
1648655102.115240372,0,0.000000
1648655102.138288738,0,0.000000
1648655102.160265425,0,0.000000
1648655102.183113019,0,0.004000
1648655102.207904711,0,0.000000
1648655102.229115201,0,0.000000
1648655102.252305620,0,0.000000
1648655102.275213126,0,0.000000
1648655102.297039404,0,0.000000
1648655102.317407641,0,0.000000
1648655102.338792008,0,0.000000
1648655102.362013004,0,0.000000
1648655102.385050620,0,0.000000
1648655102.407491774,0,0.007000
1648655102.426845877,1,0.000000
1648655102.448939646,1,0.000000
1648655102.471710715,0,0.000000
1648655102.492906070,0,0.001000
1648655102.514915649,0,0.000000
1648655102.536144673,0,0.000000
1648655102.558808445,0,0.001000
1648655102.582398803,0,0.000000
1648655102.602475629,0,0.000000
1648655102.626074509,0,0.000000
1648655102.648366912,0,0.000000
1648655102.671395874,1,0.001000
1648655102.692960211,0,0.000000
1648655102.714381279,0,0.000000
1648655102.736869044,0,0.001000
1648655102.757869331,0,0.000000
1648655102.780063397,0,0.001000
1648655102.802326281,0,0.000000
1648655102.824686788,0,0.001000
1648655102.845301629,0,0.000000
1648655102.868743857,0,0.000000
1648655102.890213063,0,0.000000
1648655102.912154287,0,0.005000
1648655102.934482690,0,0.001000
1648655102.958976304,0,0.000000
1648655102.980328804,0,0.001000
1648655103.004152361,0,0.000000
1648655103.026923976,0,0.000000
1648655103.049433432,0,0.000000
1648655103.072389221,0,0.000000
1648655103.094506401,0,0.000000
1648655103.116774494,0,0.000000
1648655103.140296161,0,0.001000
1648655103.163509029,0,0.000000
1648655103.185559649,0,0.000000
1648655103.207896706,0,0.000000
1648655103.231828164,0,0.000000
1648655103.250359612,0,0.000000
1648655103.272909332,0,0.000000
1648655103.296360351,0,0.000000
1648655103.318163140,0,0.009000
1648655103.339596837,0,0.000000
1648655103.361397741,0,0.001000
1648655103.383661375,0,0.002000
1648655103.406275452,0,0.000000
1648655103.430455904,1,0.000000
1648655103.451826951,0,0.003000
1648655103.474805972,0,0.000000
1648655103.496685323,0,0.000000
1648655103.518154343,0,0.001000
1648655103.539689792,0,0.000000
1648655103.561898022,0,0.000000
1648655103.584233000,0,0.000000
1648655103.607014980,0,0.000000
1648655103.630555570,0,0.002000
1648655103.651898624,0,0.000000
1648655103.675249742,0,0.000000
1648655103.697758546,0,0.000000
1648655103.718827225,0,0.000000
1648655103.739082923,0,0.003000
1648655103.761113686,0,0.000000
1648655103.782224466,0,0.007000
1648655103.803636260,0,0.000000
1648655103.827770111,0,0.000000
1648655103.850345750,0,0.000000
1648655103.872631623,0,0.000000
1648655103.893717645,0,0.000000
1648655103.916288139,0,0.001000
1648655103.938914141,0,0.000000
1648655103.961177373,1,0.001000
1648655103.983021266,1,0.008000
1648655104.006122109,0,0.000000
1648655104.027308132,0,0.000000
1648655104.049898357,0,0.000000
1648655104.069703050,0,0.000000
1648655104.091527640,0,0.002000
1648655104.112640350,0,0.000000
1648655104.135093737,0,0.000000
1648655104.157809626,0,0.000000
1648655104.179494197,1,0.000000
1648655104.202324792,0,0.001000
1648655104.223722522,0,0.000000
1648655104.244988589,0,0.005000
1648655104.266649671,0,0.000000
1648655104.286905571,0,0.001000
1648655104.310661741,0,0.000000
1648655104.333866188,0,0.000000
1648655104.354352973,0,0.000000
1648655104.379464822,0,0.000000
1648655104.403953527,0,0.000000
1648655104.425576910,0,0.000000
1648655104.447463988,0,0.005000
1648655104.468642388,1,0.013000
1648655104.491299191,0,0.000000
1648655104.513195696,0,0.000000
1648655104.537242941,1,0.000000
1648655104.557812152,0,0.005000
1648655104.578972307,1,0.000000
1648655104.601013579,0,0.000000
1648655104.624184145,0,0.000000
1648655104.646765406,0,0.004000
1648655104.669373701,0,0.004000
1648655104.691718664,0,0.000000
1648655104.714039131,1,0.000000
1648655104.734384811,0,0.000000
1648655104.757077431,0,0.000000
1648655104.779967533,0,0.000000
1648655104.803300905,0,0.003000
1648655104.826146449,0,0.000000
1648655104.849006770,0,0.001000
1648655104.867736014,0,0.000000
1648655104.888769561,0,0.000000
1648655104.910496435,0,0.005000
1648655104.930740124,0,0.001000
1648655104.953102998,0,0.000000
1648655104.974935645,0,0.000000
1648655104.996826156,0,0.016000
1648655105.018772904,0,0.000000
1648655105.040919091,0,0.006000
1648655105.064835790,0,0.001000
1648655105.085625439,0,0.000000
1648655105.107868793,0,0.000000
1648655105.130099692,0,0.000000
1648655105.153342150,0,0.002000
1648655105.174711487,0,0.000000
1648655105.197524029,0,0.000000
1648655105.219533029,0,0.001000
1648655105.242596965,0,0.000000
1648655105.264476388,1,0.000000
1648655105.287134649,0,0.007000
1648655105.309588996,0,0.011000
1648655105.331863967,0,0.000000
1648655105.353915020,0,0.000000
1648655105.375781436,0,0.000000
1648655105.398873619,0,0.002000
1648655105.423291566,0,0.000000
1648655105.444751289,0,0.000000
1648655105.467036983,0,0.000000
1648655105.489380040,0,0.000000
1648655105.511474820,0,0.000000
1648655105.532157739,0,0.000000
1648655105.555911469,0,0.000000
1648655105.576601601,0,0.000000
1648655105.598817720,0,0.000000
1648655105.620825048,0,0.001000
1648655105.643151693,0,0.001000
1648655105.666115681,0,0.001000
1648655105.688508100,0,0.001000
1648655105.710626739,0,0.001000
1648655105.733119049,0,0.001000
1648655105.755353020,0,0.001000
1648655105.778458158,0,0.001000
1648655105.801857229,0,0.001000
1648655105.824680179,0,0.001000
1648655105.846402101,0,0.001000
1648655105.868326523,0,0.001000
