1648650028.158867592,0,0.000000
1648650028.182928524,0,0.000000
1648650028.204841729,0,0.000000
1648650028.226999456,0,0.000000
1648650028.249264145,0,0.000000
1648650028.271443595,0,0.000000
1648650028.292053861,0,0.000000
1648650028.314669862,0,0.000000
1648650028.336323696,0,0.000000
1648650028.358303619,0,0.000000
1648650028.380891575,0,0.000000
1648650028.403000697,0,0.000000
1648650028.424647772,0,0.000000
1648650028.447040754,0,0.000000
1648650028.467468062,0,0.000000
1648650028.490544976,0,0.000000
1648650028.512123928,0,0.000000
1648650028.532505293,0,0.000000
1648650028.555475063,0,0.000000
1648650028.579326033,0,0.012000
1648650028.603223877,0,0.000000
1648650028.625164697,1,0.020000
1648650028.648009501,0,0.000000
1648650028.669460216,0,0.000000
1648650028.692028747,0,0.000000
1648650028.714716053,0,0.000000
1648650028.734945562,3,0.086000
1648650028.757805354,0,0.000000
1648650028.780942743,3,0.042000
1648650028.802843246,0,0.000000
1648650028.826917292,0,0.000000
1648650028.848463811,0,0.000000
1648650028.870760505,2,0.021000
1648650028.891535935,3,0.035000
1648650028.913917330,0,0.012000
1648650028.937457116,0,0.006000
1648650028.958337210,0,0.000000
1648650028.981347977,1,0.001000
1648650029.003036591,0,0.001000
1648650029.026186265,0,0.000000
1648650029.048846152,1,0.025000
1648650029.071945883,3,0.046000
1648650029.095046175,1,0.022000
1648650029.116996660,0,0.000000
1648650029.140755718,0,0.000000
1648650029.163156652,0,0.000000
1648650029.184451311,0,0.004000
1648650029.207200462,0,0.022000
1648650029.229622745,1,0.004000
1648650029.251827990,0,0.011000
1648650029.272821207,1,0.078000
1648650029.294065096,0,0.008000
1648650029.317161513,0,0.000000
1648650029.339850875,0,0.026000
1648650029.361658391,0,0.000000
1648650029.385129865,0,0.000000
1648650029.407552819,2,0.054000
1648650029.431632318,2,0.036000
1648650029.454364504,1,0.040000
1648650029.476732652,3,0.028000
1648650029.498216033,0,0.028000
1648650029.522191886,0,0.000000
1648650029.545101158,0,0.008000
1648650029.567552739,0,0.000000
1648650029.591011586,0,0.004000
1648650029.614209064,0,0.001000
1648650029.637669528,0,0.000000
1648650029.660087873,0,0.000000
1648650029.681169849,0,0.000000
1648650029.704520974,0,0.000000
1648650029.726502335,0,0.000000
1648650029.748059806,0,0.000000
1648650029.769747143,0,0.000000
1648650029.792546553,1,0.039000
1648650029.814428197,0,0.004000
1648650029.836256377,1,0.014000
1648650029.859320656,0,0.000000
1648650029.880378852,0,0.000000
1648650029.903501907,0,0.000000
1648650029.927201406,0,0.000000
1648650029.950477416,2,0.018000
1648650029.971957753,1,0.033000
1648650029.993428886,2,0.080000
1648650030.017524010,0,0.000000
1648650030.039473628,0,0.000000
1648650030.062277211,0,0.010000
1648650030.084617429,0,0.010000
1648650030.108245875,1,0.010000
1648650030.131507460,0,0.000000
1648650030.154353483,0,0.000000
1648650030.177394823,0,0.000000
1648650030.201014355,0,0.000000
1648650030.222986492,0,0.000000
1648650030.247318867,0,0.000000
1648650030.269843052,0,0.000000
1648650030.292946875,0,0.000000
1648650030.315816512,0,0.000000
1648650030.337318525,0,0.000000
1648650030.359829548,0,0.000000
1648650030.381732080,0,0.000000
1648650030.404829435,0,0.000000
1648650030.427038902,0,0.000000
1648650030.450910767,1,0.009000
1648650030.473414123,0,0.026000
1648650030.496192886,0,0.000000
1648650030.517402238,0,0.036000
1648650030.540677347,0,0.000000
1648650030.563505533,0,0.014000
1648650030.585639103,0,0.001000
1648650030.607257990,2,0.052000
1648650030.631482519,0,0.065000
1648650030.654432082,0,0.000000
1648650030.677272902,0,0.000000
1648650030.698160531,0,0.000000
1648650030.721237175,0,0.000000
1648650030.742894623,0,0.011000
1648650030.764674398,0,0.016000
1648650030.787252667,0,0.000000
1648650030.809978574,1,0.020000
1648650030.833285117,0,0.000000
1648650030.855456524,0,0.004000
1648650030.875594222,0,0.000000
1648650030.898388707,0,0.017000
1648650030.921244506,0,0.000000
1648650030.942940213,0,0.015000
1648650030.965659984,0,0.000000
1648650030.988467503,0,0.000000
1648650031.009835574,1,0.023000
1648650031.033249940,0,0.000000
1648650031.056238137,0,0.000000
1648650031.078977087,1,0.011000
1648650031.101085436,0,0.003000
1648650031.124097892,1,0.018000
1648650031.146779734,1,0.009000
1648650031.170017507,0,0.000000
1648650031.191393037,0,0.004000
1648650031.212132295,1,0.039000
1648650031.235643447,2,0.035000
1648650031.258073462,0,0.000000
1648650031.279665845,0,0.069000
1648650031.302101063,0,0.000000
1648650031.324817550,0,0.001000
1648650031.347271957,0,0.000000
1648650031.370479197,1,0.027000
1648650031.393493627,0,0.022000
1648650031.416292326,0,0.026000
1648650031.439172669,0,0.000000
1648650031.461852595,3,0.042000
1648650031.483124301,0,0.001000
1648650031.504035294,0,0.000000
1648650031.527022426,0,0.000000
1648650031.548984139,0,0.020000
1648650031.572294092,1,0.000000
1648650031.592963328,0,0.000000
1648650031.616971442,0,0.000000
1648650031.640298449,2,0.040000
1648650031.662251580,0,0.000000
1648650031.685478646,0,0.000000
1648650031.709083582,1,0.007000
1648650031.732085512,0,0.000000
1648650031.754692017,1,0.012000
1648650031.778229977,2,0.051000
1648650031.800345007,1,0.046000
1648650031.823296349,0,0.031000
1648650031.845112166,0,0.000000
1648650031.867472152,0,0.000000
1648650031.890954899,1,0.037000
1648650031.913120517,0,0.000000
1648650031.934560325,0,0.000000
1648650031.956242139,1,0.024000
1648650031.979338056,0,0.000000
1648650032.001841056,3,0.054000
1648650032.023968458,2,0.026000
1648650032.045422879,1,0.033000
1648650032.066639753,0,0.000000
1648650032.089081739,0,0.004000
1648650032.112065982,0,0.000000
1648650032.135847807,2,0.056000
1648650032.158641217,0,0.000000
1648650032.181672335,0,0.000000
1648650032.204196330,1,0.016000
1648650032.226753263,1,0.023000
1648650032.248544251,0,0.000000
1648650032.271238038,0,0.012000
1648650032.293904985,0,0.014000
1648650032.317253417,0,0.000000
1648650032.339711400,0,0.000000
1648650032.363016147,0,0.000000
1648650032.383454508,0,0.000000
1648650032.406763755,1,0.024000
1648650032.429021308,0,0.000000
1648650032.451448713,0,0.000000
1648650032.473952781,0,0.000000
1648650032.496858936,0,0.001000
1648650032.518324905,1,0.026000
1648650032.541207833,0,0.000000
1648650032.562609682,0,0.000000
1648650032.585009423,0,0.000000
1648650032.607440519,0,0.000000
1648650032.630187668,2,0.024000
1648650032.653948505,1,0.012000
1648650032.675193986,1,0.019000
1648650032.697722711,0,0.000000
1648650032.720527680,1,0.041000
1648650032.744093419,3,0.107000
1648650032.765803329,0,0.047000
1648650032.788524396,0,0.000000
1648650032.810938679,0,0.035000
1648650032.833951112,1,0.014000
1648650032.854802591,2,0.061000
1648650032.877664908,0,0.021000
1648650032.899155573,0,0.000000
1648650032.922074349,0,0.004000
1648650032.944450904,0,0.000000
1648650032.968034958,0,0.016000
1648650032.990707240,0,0.008000
1648650033.013338022,2,0.017000
1648650033.037318396,0,0.000000
1648650033.060844760,0,0.000000
1648650033.083261202,0,0.000000
1648650033.106225862,0,0.013000
1648650033.127400023,2,0.015000
1648650033.148714898,0,0.000000
1648650033.171626582,1,0.049000
1648650033.193962939,0,0.001000
1648650033.216784878,1,0.045000
1648650033.239565223,0,0.000000
1648650033.261478454,0,0.000000
1648650033.284632976,1,0.023000
1648650033.308093870,2,0.018000
1648650033.331224707,1,0.014000
1648650033.351426398,1,0.001000
1648650033.373360373,0,0.000000
1648650033.396050759,0,0.000000
1648650033.419765626,0,0.001000
1648650033.441417275,0,0.000000
1648650033.463099403,0,0.000000
1648650033.487171861,2,0.077000
1648650033.510499825,1,0.048000
1648650033.532662829,1,0.013000
1648650033.558090340,2,0.039000
1648650033.580070304,0,0.000000
1648650033.601906140,0,0.000000
1648650033.625231055,0,0.011000
1648650033.648976233,0,0.000000
1648650033.671888766,0,0.001000
1648650033.694094010,2,0.011000
1648650033.716304458,0,0.000000
1648650033.737296550,0,0.004000
1648650033.759064928,4,0.068000
1648650033.783304023,0,0.000000
1648650033.805850005,0,0.000000
1648650033.828110390,0,0.000000
1648650033.851919741,0,0.010000
1648650033.872587156,1,0.063000
1648650033.894604295,0,0.000000
1648650033.918320624,0,0.001000
1648650033.940444269,2,0.051000
1648650033.963407235,0,0.000000
1648650033.986048444,0,0.025000
1648650034.007580136,1,0.000000
1648650034.029101719,0,0.000000
1648650034.052088726,0,0.037000
1648650034.075559452,0,0.000000
1648650034.098299655,2,0.051000
1648650034.118326414,0,0.000000
1648650034.140085614,0,0.000000
1648650034.160643252,0,0.000000
1648650034.182817245,0,0.000000
1648650034.205883600,0,0.000000
1648650034.226878248,0,0.000000
1648650034.249640515,0,0.000000
1648650034.271935647,2,0.021000
1648650034.294774058,0,0.000000
1648650034.317191552,1,0.021000
1648650034.339453903,0,0.000000
1648650034.362465687,0,0.000000
1648650034.386857327,0,0.006000
1648650034.410177736,0,0.000000
1648650034.432361801,3,0.069000
1648650034.454996201,0,0.000000
1648650034.478448375,0,0.000000
1648650034.500385174,1,0.033000
1648650034.523068928,0,0.000000
1648650034.545664294,0,0.000000
1648650034.568808517,1,0.025000
1648650034.592177276,1,0.041000
1648650034.615848631,0,0.012000
1648650034.638826447,1,0.038000
1648650034.661459309,0,0.000000
1648650034.684826540,1,0.034000
1648650034.705247540,0,0.000000
1648650034.727244492,0,0.000000
1648650034.747583215,0,0.000000
1648650034.770465574,0,0.000000
1648650034.791816107,1,0.001000
1648650034.814476609,0,0.000000
1648650034.836571716,0,0.000000
1648650034.858783949,0,0.000000
1648650034.880388583,0,0.000000
1648650034.902095487,1,0.000000
1648650034.925141284,1,0.017000
1648650034.947526067,1,0.018000
1648650034.969626387,0,0.000000
1648650034.989766229,0,0.025000
1648650035.011786321,0,0.014000
1648650035.035143176,0,0.017000
1648650035.058229642,1,0.006000
1648650035.081431292,2,0.062000
1648650035.103329198,0,0.009000
1648650035.126728023,2,0.035000
1648650035.148768627,0,0.004000
1648650035.171494990,0,0.000000
1648650035.192907998,0,0.000000
1648650035.214749365,0,0.010000
1648650035.237508899,0,0.028000
1648650035.259891173,0,0.000000
1648650035.282462668,0,0.064000
1648650035.304712288,0,0.007000
1648650035.326021087,0,0.000000
1648650035.347708073,0,0.000000
1648650035.370917465,1,0.025000
1648650035.392055966,0,0.049000
1648650035.414818880,1,0.026000
1648650035.436835873,0,0.000000
1648650035.459709650,0,0.000000
1648650035.483895687,0,0.000000
1648650035.506787165,2,0.042000
1648650035.529059598,0,0.000000
1648650035.551763221,0,0.000000
1648650035.574138282,0,0.000000
1648650035.595992483,0,0.000000
1648650035.617648548,2,0.065000
1648650035.638556454,0,0.027000
1648650035.661139580,1,0.007000
1648650035.684175325,0,0.009000
1648650035.705591031,2,0.016000
1648650035.727596526,0,0.011000
1648650035.749557624,0,0.007000
1648650035.772341022,0,0.000000
1648650035.794502670,1,0.035000
1648650035.817088195,2,0.044000
1648650035.838493905,0,0.073000
1648650035.861452521,0,0.028000
1648650035.885079745,0,0.016000
1648650035.908487360,0,0.000000
1648650035.929644615,0,0.000000
1648650035.951924574,2,0.029000
1648650035.974450902,3,0.061000
1648650035.996632214,0,0.033000
1648650036.019398859,0,0.006000
1648650036.040970159,1,0.026000
1648650036.062454814,1,0.040000
1648650036.084664391,0,0.015000
1648650036.108054708,0,0.000000
1648650036.130715480,3,0.091000
1648650036.153951050,0,0.014000
1648650036.177361774,0,0.050000
1648650036.199030556,2,0.024000
1648650036.219851608,0,0.007000
1648650036.241526547,0,0.000000
1648650036.265037729,0,0.000000
1648650036.288358361,0,0.038000
1648650036.311067990,0,0.000000
1648650036.333969253,0,0.001000
1648650036.355904109,0,0.000000
1648650036.378748035,0,0.000000
1648650036.400721809,1,0.001000
1648650036.423938391,1,0.000000
1648650036.447409270,0,0.018000
1648650036.470621074,0,0.024000
1648650036.493434862,2,0.024000
1648650036.514903234,0,0.000000
1648650036.537388193,1,0.015000
1648650036.560292957,1,0.032000
1648650036.582541302,0,0.018000
1648650036.605787745,1,0.040000
1648650036.629113122,1,0.031000
1648650036.651862311,0,0.000000
1648650036.674005037,1,0.042000
1648650036.694873568,1,0.032000
1648650036.717341383,0,0.000000
1648650036.739417815,0,0.000000
1648650036.761508037,0,0.004000
1648650036.784909564,0,0.000000
1648650036.807350869,1,0.000000
1648650036.829958608,0,0.006000
1648650036.853663674,0,0.000000
1648650036.874329637,1,0.023000
1648650036.896482635,0,0.000000
1648650036.918853985,0,0.000000
1648650036.942471164,0,0.000000
1648650036.965898308,0,0.000000
1648650036.987692414,0,0.030000
1648650037.010890243,0,0.000000
1648650037.032998545,0,0.000000
1648650037.054469296,0,0.004000
1648650037.077527842,3,0.055000
1648650037.099838856,0,0.000000
1648650037.121055639,0,0.019000
1648650037.143426407,1,0.032000
1648650037.166458781,0,0.000000
1648650037.187915864,0,0.000000
1648650037.211664351,1,0.044000
1648650037.234415472,3,0.072000
1648650037.256946265,1,0.000000
1648650037.280494470,4,0.042000
1648650037.303648328,1,0.011000
1648650037.325680501,0,0.000000
1648650037.347283013,3,0.055000
1648650037.369291215,0,0.015000
1648650037.392275757,0,0.000000
1648650037.413099775,0,0.010000
1648650037.435478084,0,0.000000
1648650037.458362687,0,0.024000
1648650037.479756220,0,0.000000
1648650037.502163763,0,0.026000
1648650037.525329659,0,0.000000
1648650037.548278534,0,0.000000
1648650037.570987055,0,0.006000
1648650037.593803911,2,0.040000
1648650037.616040250,1,0.002000
1648650037.639760113,0,0.000000
1648650037.663723584,1,0.030000
1648650037.687149696,0,0.028000
1648650037.709804414,0,0.000000
1648650037.730342765,2,0.046000
1648650037.752851558,0,0.055000
1648650037.776173683,2,0.087000
1648650037.797709473,2,0.070000
1648650037.819760392,1,0.016000
1648650037.841889923,1,0.020000
1648650037.864959392,1,0.021000
1648650037.886663258,1,0.024000
1648650037.909730715,0,0.025000
1648650037.931658123,1,0.023000
1648650037.955194421,0,0.012000
1648650037.978540200,0,0.006000
1648650038.000006329,0,0.000000
1648650038.022163464,1,0.014000
1648650038.044414043,0,0.021000
1648650038.068525003,0,0.000000
1648650038.091156096,1,0.004000
1648650038.113249361,1,0.007000
1648650038.136506480,1,0.025000
1648650038.159524596,0,0.000000
1648650038.182194897,2,0.001000
1648650038.205399150,1,0.025000
1648650038.227172489,2,0.054000
1648650038.248979255,0,0.000000
1648650038.270547394,0,0.000000
1648650038.292268739,0,0.059000
1648650038.314064585,1,0.007000
1648650038.337374505,1,0.038000
1648650038.360579255,2,0.033000
1648650038.383428504,0,0.001000
1648650038.405711297,3,0.065000
1648650038.428391314,0,0.014000
1648650038.452107414,1,0.004000
1648650038.474397672,0,0.010000
1648650038.497910462,0,0.000000
1648650038.519606153,0,0.004000
1648650038.541689804,5,0.089000
1648650038.564247046,0,0.000000
1648650038.585594659,0,0.000000
1648650038.608344065,1,0.035000
1648650038.631358379,0,0.000000
1648650038.653950304,2,0.012000
1648650038.677224812,0,0.000000
1648650038.699710783,0,0.000000
1648650038.721147874,0,0.004000
1648650038.744003108,1,0.016000
1648650038.765665084,1,0.000000
1648650038.787359413,1,0.040000
1648650038.810665755,0,0.020000
1648650038.833627989,1,0.022000
1648650038.856544318,0,0.044000
1648650038.880084993,0,0.000000
1648650038.902267755,0,0.000000
1648650038.925165275,0,0.000000
1648650038.947610743,0,0.000000
1648650038.970993228,0,0.001000
1648650038.993851654,1,0.018000
1648650039.016090707,1,0.013000
1648650039.037224108,0,0.000000
1648650039.060192033,0,0.000000
1648650039.082452060,0,0.000000
1648650039.102985820,3,0.011000
1648650039.125671255,2,0.030000
1648650039.149827548,3,0.034000
1648650039.173050270,0,0.036000
1648650039.194912999,0,0.000000
1648650039.218000572,1,0.001000
1648650039.240503580,0,0.000000
1648650039.263350709,0,0.000000
1648650039.286324473,0,0.017000
1648650039.308671749,0,0.000000
1648650039.330431019,0,0.004000
1648650039.350009540,0,0.000000
1648650039.373234058,0,0.000000
1648650039.394498615,0,0.000000
1648650039.417272532,0,0.000000
1648650039.440948403,0,0.001000
1648650039.462989048,1,0.036000
1648650039.485362476,0,0.000000
1648650039.508711959,0,0.014000
1648650039.532416427,0,0.016000
1648650039.555773929,1,0.000000
1648650039.579397820,0,0.000000
1648650039.602945127,0,0.000000
1648650039.624557467,1,0.019000
1648650039.645735612,2,0.037000
1648650039.668643432,1,0.000000
1648650039.691638571,0,0.023000
1648650039.715015433,0,0.000000
1648650039.737061194,1,0.008000
1648650039.759240211,0,0.000000
1648650039.782571616,0,0.000000
1648650039.804203049,1,0.043000
1648650039.827502776,0,0.000000
1648650039.850465063,2,0.026000
1648650039.872293549,0,0.001000
1648650039.894451032,0,0.013000
1648650039.916970258,0,0.000000
1648650039.938311751,0,0.001000
1648650039.961047414,1,0.027000
1648650039.984607449,0,0.012000
1648650040.007502045,0,0.000000
1648650040.029817899,1,0.020000
1648650040.051255284,0,0.012000
1648650040.074278499,0,0.000000
1648650040.097290895,0,0.016000
1648650040.119975928,0,0.000000
1648650040.142717384,1,0.000000
1648650040.166053462,0,0.000000
1648650040.189866824,0,0.000000
1648650040.211920529,0,0.000000
1648650040.233158246,0,0.000000
1648650040.255644231,3,0.093000
1648650040.278921276,2,0.044000
1648650040.302639470,1,0.014000
1648650040.325730413,0,0.015000
1648650040.347951917,1,0.000000
1648650040.368246535,0,0.000000
1648650040.390406676,2,0.038000
1648650040.412761306,0,0.016000
1648650040.435789016,0,0.000000
1648650040.458927027,0,0.025000
1648650040.480324664,0,0.005000
1648650040.503494330,0,0.000000
1648650040.527828567,0,0.000000
1648650040.551667155,0,0.001000
1648650040.573724458,0,0.007000
1648650040.595870221,1,0.035000
1648650040.618855235,1,0.001000
1648650040.641629002,2,0.025000
1648650040.664255767,1,0.030000
1648650040.686777984,0,0.001000
1648650040.707898762,0,0.000000
1648650040.730506481,0,0.000000
1648650040.752666087,1,0.032000
1648650040.775488494,0,0.000000
1648650040.798215316,1,0.000000
1648650040.820060254,0,0.015000
1648650040.842544050,1,0.015000
1648650040.863736754,0,0.000000
1648650040.884283048,1,0.021000
1648650040.907214976,0,0.000000
1648650040.930492037,2,0.014000
1648650040.952837014,0,0.029000
1648650040.974538077,0,0.000000
1648650040.997078514,1,0.029000
1648650041.020796318,0,0.001000
1648650041.044244511,0,0.007000
1648650041.066282903,1,0.000000
1648650041.088169545,1,0.022000
1648650041.110676369,0,0.001000
1648650041.133418435,0,0.000000
1648650041.156444187,0,0.000000
1648650041.178643821,0,0.000000
1648650041.201198719,0,0.000000
1648650041.223097578,0,0.000000
1648650041.245159687,0,0.000000
1648650041.267907326,2,0.054000
1648650041.289064073,0,0.019000
1648650041.311160091,0,0.000000
1648650041.333362851,0,0.026000
1648650041.354872607,0,0.017000
1648650041.378456991,0,0.000000
1648650041.401220741,0,0.001000
1648650041.423840622,0,0.001000
1648650041.445238940,0,0.004000
1648650041.467834871,0,0.011000
1648650041.489859106,1,0.013000
1648650041.512411438,0,0.032000
1648650041.534729856,1,0.010000
1648650041.556486517,3,0.040000
1648650041.579488074,0,0.000000
1648650041.598920247,1,0.046000
1648650041.620330285,0,0.000000
1648650041.643339194,1,0.110000
1648650041.665199786,1,0.005000
1648650041.687933549,0,0.000000
1648650041.709163781,0,0.000000
1648650041.730787730,0,0.000000
1648650041.752233444,0,0.000000
1648650041.774049555,0,0.035000
1648650041.796212736,1,0.016000
1648650041.819418683,2,0.014000
1648650041.842291716,0,0.000000
1648650041.865232235,0,0.000000
1648650041.887905345,0,0.000000
1648650041.911236124,1,0.018000
1648650041.932880639,1,0.037000
1648650041.955871631,1,0.000000
1648650041.978764783,0,0.039000
1648650042.002128476,3,0.048000
1648650042.024852216,0,0.000000
1648650042.048376889,0,0.000000
1648650042.070887451,0,0.030000
1648650042.093468964,1,0.044000
1648650042.117190118,1,0.000000
1648650042.139600967,1,0.038000
1648650042.161185716,0,0.004000
1648650042.183026427,1,0.000000
1648650042.205034800,0,0.031000
1648650042.227694557,1,0.047000
1648650042.250618365,0,0.011000
1648650042.271923947,0,0.005000
1648650042.294503747,0,0.000000
1648650042.316678731,0,0.016000
1648650042.338383194,0,0.000000
1648650042.360782397,0,0.000000
1648650042.383069617,0,0.007000
1648650042.406615321,0,0.026000
1648650042.429143718,0,0.000000
1648650042.452011510,0,0.000000
1648650042.473415554,1,0.019000
1648650042.495412847,2,0.022000
1648650042.519273611,0,0.010000
1648650042.542177536,1,0.054000
1648650042.565776614,1,0.015000
1648650042.587646408,1,0.071000
1648650042.609622198,0,0.000000
1648650042.631751593,0,0.000000
1648650042.654279739,1,0.000000
1648650042.676240903,0,0.000000
1648650042.698572186,0,0.024000
1648650042.720932356,0,0.000000
1648650042.744332158,2,0.040000
1648650042.765591433,0,0.000000
1648650042.787209885,2,0.058000
1648650042.809781192,1,0.001000
1648650042.831260762,0,0.011000
1648650042.853910403,1,0.014000
1648650042.876886011,1,0.013000
1648650042.901015502,1,0.038000
1648650042.924319819,3,0.023000
1648650042.945615774,0,0.000000
1648650042.969231647,1,0.003000
1648650042.992101349,0,0.060000
1648650043.015085055,0,0.000000
1648650043.037557440,0,0.000000
1648650043.060367489,0,0.000000
1648650043.082502192,1,0.023000
1648650043.104671659,0,0.024000
1648650043.127137860,0,0.000000
1648650043.149447351,0,0.000000
1648650043.172841669,0,0.000000
1648650043.196805328,0,0.000000
1648650043.219417259,0,0.000000
1648650043.242078270,2,0.026000
1648650043.266022729,0,0.000000
1648650043.290358612,3,0.044000
1648650043.311616650,0,0.000000
1648650043.334584379,2,0.031000
1648650043.357904191,0,0.004000
1648650043.380539187,0,0.014000
1648650043.403818134,0,0.000000
1648650043.425429471,2,0.029000
1648650043.446757980,0,0.048000
1648650043.469248613,0,0.024000
1648650043.493834472,2,0.059000
1648650043.516657598,0,0.000000
1648650043.538788024,2,0.049000
1648650043.562255408,0,0.000000
1648650043.585876179,2,0.001000
1648650043.608852379,0,0.000000
1648650043.631354375,0,0.007000
1648650043.654031542,0,0.000000
1648650043.676534305,0,0.008000
1648650043.699359729,0,0.000000
1648650043.720796663,1,0.035000
1648650043.742791566,0,0.000000
1648650043.765193113,1,0.037000
1648650043.787922017,0,0.015000
1648650043.811114439,3,0.071000
1648650043.833123365,0,0.000000
1648650043.855503082,0,0.000000
1648650043.879696375,0,0.000000
1648650043.902453613,0,0.000000
1648650043.924216020,2,0.060000
1648650043.948275691,0,0.026000
1648650043.971821663,0,0.009000
1648650043.992610801,2,0.018000
1648650044.014972223,0,0.023000
1648650044.037033727,0,0.000000
1648650044.059633183,0,0.000000
1648650044.081775691,0,0.000000
1648650044.105069894,1,0.025000
1648650044.127507482,0,0.000000
1648650044.149483242,1,0.000000
1648650044.170536645,0,0.012000
1648650044.192499016,0,0.000000
1648650044.214995589,1,0.013000
1648650044.237611073,0,0.000000
1648650044.259717813,0,0.023000
1648650044.283876205,0,0.000000
1648650044.306406243,0,0.000000
1648650044.330480111,0,0.000000
1648650044.354770980,0,0.000000
1648650044.378276265,0,0.000000
1648650044.398966123,0,0.000000
1648650044.421407124,0,0.000000
1648650044.444309626,1,0.027000
1648650044.465670133,2,0.053000
1648650044.487504626,0,0.027000
1648650044.509682243,0,0.001000
1648650044.530937788,1,0.018000
1648650044.554395945,0,0.000000
1648650044.576601145,0,0.000000
1648650044.599529809,2,0.031000
1648650044.622500623,0,0.000000
1648650044.645410393,0,0.000000
1648650044.668648118,1,0.007000
1648650044.690488085,0,0.000000
1648650044.713388576,1,0.001000
1648650044.734733906,0,0.016000
1648650044.758322502,2,0.037000
1648650044.779522432,1,0.022000
1648650044.801994616,3,0.059000
1648650044.824980932,0,0.035000
1648650044.847063948,1,0.014000
1648650044.869396860,1,0.029000
1648650044.892895190,0,0.000000
1648650044.914950027,1,0.012000
1648650044.937845359,0,0.000000
1648650044.959505809,0,0.006000
1648650044.982495398,3,0.080000
1648650045.004372936,0,0.000000
1648650045.025891887,0,0.000000
1648650045.049438080,0,0.000000
1648650045.072622768,0,0.000000
1648650045.093935342,0,0.000000
1648650045.115129060,0,0.017000
1648650045.137876353,0,0.009000
1648650045.159305138,2,0.040000
1648650045.180425415,0,0.000000
1648650045.202895521,0,0.000000
1648650045.226716904,0,0.000000
1648650045.248115211,0,0.045000
1648650045.272395202,2,0.051000
1648650045.295573159,0,0.000000
1648650045.318784839,0,0.009000
1648650045.340176658,0,0.000000
1648650045.361531280,0,0.000000
1648650045.384857509,2,0.026000
1648650045.408299409,0,0.019000
1648650045.430142476,0,0.000000
1648650045.452411205,1,0.035000
1648650045.474854891,1,0.010000
1648650045.497211841,1,0.001000
1648650045.519815175,1,0.043000
1648650045.541866190,0,0.009000
1648650045.565384260,0,0.011000
1648650045.587803293,1,0.009000
1648650045.610632091,0,0.013000
1648650045.632258711,1,0.032000
1648650045.655288653,1,0.051000
1648650045.679053870,0,0.000000
1648650045.702287122,1,0.032000
1648650045.726772193,1,0.024000
1648650045.750453931,2,0.049000
1648650045.772964462,1,0.035000
1648650045.794332368,0,0.000000
1648650045.816017993,0,0.010000
1648650045.837579296,0,0.000000
1648650045.860340084,0,0.000000
1648650045.881869423,4,0.060000
1648650045.906174617,0,0.000000
1648650045.927478883,1,0.010000
1648650045.950712564,0,0.000000
1648650045.972324550,0,0.008000
1648650045.995231185,0,0.012000
1648650046.018525023,0,0.000000
1648650046.040551280,1,0.028000
1648650046.062381675,1,0.004000
1648650046.084810331,0,0.000000
1648650046.108243397,0,0.000000
1648650046.130296089,2,0.043000
1648650046.151980567,1,0.000000
1648650046.172412510,0,0.005000
1648650046.194068390,0,0.004000
1648650046.217917087,0,0.000000
1648650046.241107517,0,0.000000
1648650046.264026806,0,0.013000
1648650046.286483575,3,0.057000
1648650046.307114954,0,0.000000
1648650046.330650334,1,0.000000
1648650046.352400685,0,0.005000
1648650046.375776605,0,0.020000
1648650046.397743800,0,0.004000
1648650046.420056201,1,0.019000
1648650046.440805872,2,0.027000
1648650046.464407800,2,0.031000
1648650046.487359285,0,0.000000
1648650046.511079368,0,0.028000
1648650046.534456566,0,0.005000
1648650046.556931304,0,0.000000
1648650046.579189450,0,0.000000
1648650046.601754237,0,0.000000
1648650046.623700170,0,0.036000
1648650046.646598496,0,0.000000
1648650046.665728934,2,0.008000
1648650046.688774956,0,0.000000
1648650046.710149328,0,0.000000
1648650046.733570034,0,0.076000
1648650046.754930505,0,0.000000
1648650046.778977913,0,0.000000
1648650046.800739772,0,0.000000
1648650046.823453317,0,0.000000
1648650046.845096034,0,0.017000
1648650046.867901438,0,0.000000
1648650046.890705650,1,0.000000
1648650046.914663925,0,0.000000
1648650046.936836556,4,0.048000
1648650046.958552246,0,0.001000
1648650046.982267577,1,0.015000
1648650047.003762579,0,0.007000
1648650047.026215004,0,0.000000
1648650047.049525097,1,0.000000
1648650047.073448832,0,0.000000
1648650047.096315895,3,0.052000
1648650047.118093247,0,0.000000
1648650047.140560529,1,0.016000
1648650047.162541209,0,0.018000
1648650047.186315101,0,0.000000
1648650047.208627529,0,0.000000
1648650047.232231926,0,0.031000
1648650047.254496759,0,0.008000
1648650047.277651247,1,0.025000
1648650047.300684938,1,0.001000
1648650047.323183994,0,0.032000
1648650047.346752850,1,0.039000
1648650047.369222535,0,0.069000
1648650047.391262110,1,0.001000
1648650047.413886114,0,0.000000
1648650047.435433643,1,0.014000
1648650047.459235945,0,0.000000
1648650047.481000502,0,0.000000
1648650047.503732382,1,0.055000
1648650047.526366073,1,0.016000
1648650047.549527410,1,0.000000
1648650047.572085485,0,0.010000
1648650047.595028636,0,0.000000
1648650047.618465104,0,0.000000
1648650047.642395409,0,0.017000
1648650047.665221958,0,0.000000
1648650047.688759330,0,0.014000
1648650047.710615109,1,0.031000
1648650047.734249718,0,0.001000
1648650047.755699881,1,0.007000
1648650047.778134839,1,0.021000
1648650047.800360645,1,0.025000
1648650047.823201491,0,0.002000
1648650047.846538405,0,0.000000
1648650047.869809046,2,0.080000
1648650047.892633159,0,0.006000
1648650047.915777245,1,0.001000
1648650047.937397346,0,0.017000
1648650047.960662885,0,0.007000
1648650047.983747100,0,0.025000
1648650048.007072423,0,0.004000
1648650048.028906685,0,0.000000
1648650048.051571181,0,0.000000
1648650048.074994317,1,0.000000
1648650048.095328002,0,0.000000
1648650048.117787415,0,0.015000
1648650048.140357784,0,0.037000
1648650048.163273767,0,0.000000
1648650048.185990609,0,0.000000
1648650048.206682314,0,0.008000
1648650048.228433023,0,0.000000
1648650048.251319815,0,0.000000
1648650048.272299118,0,0.000000
1648650048.296209536,1,0.001000
1648650048.319185970,0,0.007000
1648650048.342270517,0,0.000000
1648650048.364317531,1,0.022000
1648650048.385437938,1,0.059000
1648650048.407836638,2,0.019000
1648650048.428354091,0,0.000000
1648650048.451386440,0,0.000000
1648650048.472061073,0,0.011000
1648650048.495058301,1,0.033000
1648650048.517893907,1,0.046000
1648650048.539889037,4,0.087000
1648650048.562750821,0,0.000000
1648650048.584929505,0,0.001000
1648650048.607347071,1,0.000000
1648650048.629471317,0,0.000000
1648650048.651159606,0,0.000000
1648650048.674436931,1,0.001000
1648650048.697445954,0,0.000000
1648650048.719577522,0,0.004000
1648650048.741529360,1,0.000000
1648650048.764426546,0,0.023000
1648650048.786751907,1,0.038000
1648650048.809530375,1,0.000000
1648650048.833023783,1,0.031000
1648650048.854235135,0,0.000000
1648650048.876925149,0,0.000000
1648650048.897438641,0,0.105000
1648650048.919458207,3,0.051000
1648650048.941177855,0,0.000000
1648650048.965090890,0,0.008000
1648650048.988146333,0,0.000000
1648650049.010826884,0,0.000000
1648650049.034378964,0,0.000000
1648650049.056880432,0,0.011000
1648650049.080093366,1,0.022000
1648650049.104093396,0,0.000000
1648650049.127291055,0,0.001000
1648650049.150654099,1,0.019000
1648650049.173744858,0,0.005000
1648650049.195556477,0,0.013000
1648650049.218869114,1,0.020000
1648650049.239790215,4,0.073000
1648650049.263148305,0,0.000000
1648650049.285479851,1,0.005000
1648650049.308437470,1,0.063000
1648650049.331687924,0,0.000000
1648650049.355159530,0,0.000000
1648650049.377978917,1,0.041000
1648650049.400696372,1,0.044000
1648650049.423875145,0,0.000000
1648650049.447149274,0,0.000000
1648650049.470748481,2,0.043000
1648650049.493891710,0,0.000000
1648650049.516832980,1,0.038000
1648650049.540437217,0,0.007000
1648650049.562952459,1,0.023000
1648650049.586090041,0,0.000000
1648650049.609693023,1,0.051000
1648650049.633034059,1,0.001000
1648650049.655422540,0,0.000000
1648650049.679451868,2,0.054000
1648650049.702460272,1,0.038000
1648650049.725498255,0,0.000000
1648650049.748483796,0,0.000000
1648650049.770742449,3,0.041000
1648650049.792493355,3,0.074000
1648650049.815874439,2,0.028000
1648650049.838392337,0,0.000000
1648650049.860694897,2,0.020000
1648650049.883154746,2,0.026000
1648650049.907404885,2,0.026000
1648650049.930072735,0,0.000000
1648650049.951856615,0,0.012000
1648650049.975142013,0,0.009000
1648650049.997545384,0,0.034000
1648650050.019335468,1,0.019000
1648650050.042333200,0,0.006000
1648650050.065461160,1,0.000000
1648650050.088406107,0,0.000000
1648650050.112157434,1,0.000000
1648650050.135007334,2,0.023000
1648650050.157746930,0,0.000000
1648650050.178316454,3,0.041000
1648650050.201595485,0,0.008000
1648650050.223766794,0,0.000000
1648650050.245789860,1,0.000000
1648650050.270791846,1,0.027000
1648650050.292411029,0,0.044000
1648650050.316341106,0,0.000000
1648650050.338545394,1,0.033000
1648650050.361993734,0,0.000000
1648650050.384597932,1,0.022000
1648650050.405078708,0,0.000000
1648650050.427980636,4,0.076000
1648650050.450664852,1,0.021000
1648650050.474104019,1,0.042000
1648650050.497373535,0,0.000000
1648650050.518776814,1,0.009000
1648650050.540827723,0,0.000000
1648650050.562889302,0,0.000000
1648650050.586478940,2,0.058000
1648650050.608658063,0,0.000000
1648650050.631893520,1,0.036000
1648650050.655472391,0,0.000000
1648650050.679272533,0,0.000000
1648650050.701667762,0,0.008000
1648650050.722651246,0,0.000000
1648650050.744095154,2,0.042000
1648650050.764916077,0,0.000000
1648650050.788137424,1,0.029000
1648650050.810083113,0,0.000000
1648650050.833553528,0,0.000000
1648650050.855270638,0,0.000000
1648650050.878197312,0,0.001000
1648650050.898723021,0,0.000000
1648650050.922461852,0,0.000000
1648650050.945261957,0,0.000000
1648650050.966995534,2,0.029000
1648650050.991057977,0,0.000000
1648650051.014283396,0,0.000000
1648650051.035613702,2,0.041000
1648650051.059425216,0,0.000000
1648650051.081603166,0,0.006000
1648650051.104871630,0,0.000000
1648650051.126684052,0,0.000000
1648650051.150264767,0,0.000000
1648650051.174064468,0,0.000000
1648650051.196760713,0,0.000000
1648650051.217567997,0,0.000000
1648650051.238897641,0,0.015000
1648650051.262547308,0,0.001000
1648650051.283855155,5,0.062000
1648650051.306607300,2,0.042000
1648650051.329654284,1,0.047000
1648650051.353767468,3,0.062000
1648650051.375485711,0,0.000000
1648650051.399173502,0,0.000000
1648650051.421189828,1,0.023000
1648650051.443501549,0,0.000000
1648650051.466208147,1,0.051000
1648650051.489639112,0,0.000000
1648650051.511488661,1,0.039000
1648650051.532660300,2,0.062000
1648650051.555799057,1,0.018000
1648650051.578796218,2,0.083000
1648650051.602389433,0,0.000000
1648650051.625100553,0,0.000000
1648650051.646271624,0,0.004000
1648650051.668389520,0,0.027000
1648650051.690641574,2,0.057000
1648650051.713863678,3,0.064000
1648650051.733872704,1,0.000000
1648650051.756560240,0,0.000000
1648650051.780120516,1,0.001000
1648650051.802725042,2,0.050000
1648650051.825136449,0,0.000000
1648650051.848410524,0,0.064000
1648650051.869685065,1,0.039000
1648650051.892964593,0,0.001000
1648650051.914102612,0,0.000000
1648650051.937062519,0,0.000000
1648650051.960214792,0,0.019000
1648650051.982807043,0,0.010000
1648650052.004059255,0,0.000000
1648650052.027908069,1,0.028000
1648650052.051085176,4,0.075000
1648650052.072371895,0,0.000000
1648650052.095749758,0,0.000000
1648650052.116900422,0,0.000000
1648650052.141252180,0,0.000000
1648650052.162532521,0,0.000000
1648650052.186287899,0,0.003000
1648650052.208834594,0,0.025000
1648650052.230502028,0,0.000000
1648650052.251655873,0,0.011000
1648650052.274450005,0,0.012000
1648650052.295232969,0,0.000000
1648650052.318259928,0,0.000000
1648650052.341454387,2,0.085000
1648650052.362316874,2,0.038000
1648650052.384594000,1,0.012000
1648650052.407289034,0,0.038000
1648650052.429117393,2,0.052000
1648650052.452322066,0,0.009000
1648650052.476121976,0,0.000000
1648650052.498509642,0,0.025000
1648650052.521248161,3,0.039000
1648650052.541962296,2,0.070000
1648650052.563790491,0,0.000000
1648650052.586600819,2,0.044000
1648650052.609878828,0,0.000000
1648650052.631984150,1,0.000000
1648650052.655229607,0,0.000000
1648650052.678583230,0,0.000000
1648650052.700119551,0,0.032000
1648650052.722896027,0,0.000000
1648650052.746066361,0,0.000000
1648650052.767894360,0,0.000000
1648650052.790439559,0,0.018000
1648650052.812795652,0,0.011000
1648650052.834922032,0,0.023000
1648650052.859039181,0,0.000000
1648650052.880847878,0,0.005000
1648650052.904212865,0,0.011000
1648650052.927761171,1,0.009000
1648650052.949820076,0,0.032000
1648650052.971612378,0,0.000000
1648650052.993994083,0,0.000000
1648650053.016266722,0,0.004000
1648650053.037609400,0,0.000000
1648650053.059429485,1,0.021000
1648650053.081755355,1,0.000000
1648650053.104907651,1,0.049000
1648650053.127203913,0,0.000000
1648650053.148940820,0,0.021000
1648650053.172021397,0,0.000000
1648650053.194657780,0,0.013000
1648650053.216124029,4,0.062000
1648650053.238415909,3,0.043000
1648650053.261179545,1,0.011000
1648650053.283956999,0,0.000000
1648650053.306978512,0,0.000000
1648650053.329191741,0,0.014000
1648650053.351477981,0,0.000000
1648650053.374819255,0,0.000000
1648650053.399499743,0,0.000000
1648650053.420241635,0,0.007000
1648650053.443370334,1,0.000000
1648650053.465949991,0,0.000000
1648650053.488496162,0,0.000000
1648650053.511979634,0,0.009000
1648650053.534561609,0,0.000000
1648650053.553266989,0,0.000000
1648650053.575973564,1,0.006000
1648650053.599198548,2,0.012000
1648650053.621547682,2,0.011000
1648650053.643101433,2,0.024000
1648650053.666672469,0,0.014000
1648650053.689288952,1,0.001000
1648650053.710979417,0,0.014000
1648650053.732805275,0,0.018000
1648650053.755396689,1,0.040000
1648650053.778232815,0,0.023000
1648650053.801860487,2,0.047000
1648650053.825436068,1,0.038000
1648650053.848557728,3,0.018000
1648650053.870742567,2,0.028000
1648650053.891119156,0,0.000000
1648650053.913169877,0,0.000000
1648650053.936403301,0,0.004000
1648650053.960240013,0,0.000000
1648650053.983491785,0,0.000000
1648650054.006384251,0,0.000000
1648650054.029289522,0,0.000000
1648650054.052373441,0,0.000000
1648650054.075229037,0,0.000000
1648650054.098691465,2,0.063000
1648650054.122442391,0,0.025000
1648650054.144161565,0,0.001000
1648650054.166089400,0,0.010000
1648650054.190127749,4,0.062000
1648650054.213415679,0,0.000000
1648650054.235981166,0,0.006000
1648650054.258469151,0,0.023000
1648650054.280139143,0,0.000000
1648650054.302814945,0,0.000000
1648650054.326119955,1,0.016000
1648650054.348188195,0,0.027000
1648650054.372527799,2,0.058000
1648650054.392920096,1,0.011000
1648650054.415553963,0,0.000000
1648650054.438705539,1,0.000000
1648650054.462583498,1,0.011000
1648650054.483935858,1,0.003000
1648650054.505544276,1,0.021000
1648650054.528157862,0,0.000000
1648650054.551471717,0,0.000000
1648650054.574132275,0,0.000000
1648650054.598106084,0,0.000000
1648650054.621140703,2,0.026000
1648650054.642162693,0,0.000000
1648650054.664601674,1,0.035000
1648650054.686593558,0,0.002000
1648650054.709082154,0,0.000000
1648650054.730864355,0,0.000000
1648650054.753462187,1,0.025000
1648650054.776753022,2,0.053000
1648650054.799349415,0,0.012000
1648650054.820439461,1,0.000000
1648650054.842422256,0,0.000000
1648650054.865260145,0,0.000000
1648650054.887953311,1,0.018000
1648650054.910476138,0,0.000000
1648650054.933807369,0,0.020000
1648650054.956078200,3,0.055000
1648650054.978197277,0,0.000000
1648650055.002144055,0,0.001000
1648650055.025391348,0,0.021000
1648650055.048474687,2,0.031000
1648650055.072084351,0,0.007000
1648650055.095013166,1,0.030000
1648650055.118867539,0,0.019000
1648650055.141461856,0,0.000000
1648650055.162919909,1,0.000000
1648650055.183165387,1,0.017000
1648650055.204935314,0,0.000000
1648650055.228101116,4,0.031000
1648650055.249813329,0,0.000000
1648650055.272170255,0,0.000000
1648650055.292826928,0,0.004000
1648650055.313919103,0,0.000000
1648650055.336829629,0,0.000000
1648650055.358935501,1,0.024000
1648650055.380927215,1,0.018000
1648650055.403037037,0,0.000000
1648650055.425849026,0,0.000000
1648650055.448665047,0,0.000000
1648650055.472211631,0,0.006000
1648650055.494811341,0,0.000000
1648650055.517296769,0,0.000000
1648650055.538335486,0,0.000000
1648650055.562000341,0,0.000000
1648650055.584091601,1,0.028000
1648650055.607933062,0,0.000000
1648650055.628849535,2,0.039000
1648650055.651546045,1,0.012000
1648650055.672295656,2,0.039000
1648650055.695138918,2,0.041000
1648650055.719243007,0,0.000000
1648650055.742327923,3,0.063000
1648650055.766216743,0,0.000000
1648650055.788899607,0,0.005000
1648650055.811046715,0,0.000000
1648650055.834231869,1,0.011000
1648650055.857849112,1,0.045000
1648650055.879241525,2,0.056000
1648650055.903023670,1,0.006000
1648650055.923894195,0,0.012000
1648650055.946029570,3,0.071000
1648650055.969196090,0,0.002000
1648650055.989085140,0,0.000000
1648650056.011440603,2,0.052000
1648650056.033759001,0,0.000000
1648650056.057833597,5,0.053000
1648650056.081710975,1,0.032000
1648650056.105152425,0,0.000000
1648650056.127245445,1,0.017000
1648650056.149910433,1,0.021000
1648650056.171698183,0,0.000000
1648650056.194495892,0,0.000000
1648650056.217203331,0,0.000000
1648650056.238362878,1,0.006000
1648650056.260622721,1,0.031000
1648650056.283057449,0,0.000000
1648650056.306384217,0,0.015000
1648650056.329278206,0,0.001000
1648650056.351873481,0,0.000000
1648650056.375389012,0,0.000000
1648650056.396795374,0,0.008000
1648650056.419119741,4,0.067000
1648650056.442531651,0,0.000000
1648650056.465298487,0,0.000000
1648650056.486502229,0,0.022000
1648650056.509579849,2,0.016000
1648650056.530968952,1,0.052000
1648650056.554409943,0,0.017000
1648650056.576983005,2,0.051000
1648650056.601214992,2,0.054000
1648650056.623625591,1,0.012000
1648650056.644644148,0,0.013000
1648650056.667994008,1,0.011000
1648650056.691097143,0,0.000000
1648650056.714102231,0,0.005000
1648650056.735139881,0,0.000000
1648650056.757718450,0,0.000000
1648650056.778020338,1,0.019000
1648650056.799971270,1,0.047000
1648650056.821379027,0,0.000000
1648650056.844721312,0,0.021000
1648650056.865915925,0,0.000000
1648650056.888328247,0,0.000000
1648650056.911112109,0,0.000000
1648650056.933484734,2,0.014000
1648650056.955498516,0,0.000000
1648650056.978148905,0,0.000000
1648650057.000870284,0,0.000000
1648650057.022429942,0,0.000000
1648650057.046117237,0,0.000000
1648650057.067690240,0,0.000000
1648650057.090259735,0,0.000000
1648650057.113144725,0,0.002000
1648650057.136080225,1,0.027000
1648650057.158268481,1,0.017000
1648650057.181213227,0,0.023000
1648650057.205599686,0,0.027000
1648650057.228086385,0,0.000000
1648650057.251425244,2,0.024000
1648650057.274703010,2,0.025000
1648650057.296142814,0,0.008000
1648650057.318108871,1,0.019000
1648650057.342078953,1,0.030000
1648650057.365319302,0,0.004000
1648650057.386871282,0,0.000000
1648650057.408552447,0,0.020000
1648650057.432440974,0,0.023000
1648650057.455530673,0,0.016000
1648650057.478666190,1,0.034000
1648650057.502361450,0,0.014000
1648650057.525543331,0,0.000000
1648650057.547527695,0,0.000000
1648650057.568293305,0,0.000000
1648650057.591360590,0,0.000000
1648650057.611819913,2,0.026000
1648650057.635266200,4,0.032000
1648650057.659025892,0,0.000000
1648650057.682486715,0,0.000000
1648650057.705653283,0,0.000000
1648650057.728284942,0,0.000000
1648650057.751079380,0,0.000000
1648650057.773154317,1,0.016000
1648650057.795869295,0,0.000000
1648650057.818831104,0,0.008000
1648650057.842352934,0,0.000000
1648650057.864735352,1,0.028000
1648650057.887503322,2,0.026000
1648650057.908608839,0,0.000000
1648650057.931587075,0,0.000000
1648650057.954643013,0,0.000000
1648650057.977619956,0,0.000000
1648650057.998912860,0,0.000000
1648650058.022551624,3,0.075000
1648650058.047271302,0,0.012000
1648650058.070092913,0,0.000000
1648650058.092470259,0,0.001000
1648650058.116884028,1,0.004000
1648650058.139915610,1,0.024000
1648650058.160723923,1,0.014000
1648650058.182773994,0,0.000000
1648650058.206392431,0,0.000000
1648650058.229924411,0,0.000000
1648650058.253084309,0,0.000000
1648650058.274652254,0,0.000000
1648650058.297925831,0,0.000000
1648650058.321241712,0,0.000000
1648650058.344613861,0,0.000000
1648650058.367440955,0,0.004000
1648650058.389545355,0,0.001000
1648650058.411915787,0,0.000000
1648650058.435468535,0,0.015000
1648650058.458092603,0,0.000000
1648650058.479189947,0,0.000000
1648650058.500773807,1,0.020000
1648650058.523952457,1,0.010000
1648650058.547884695,0,0.000000
1648650058.571072485,0,0.007000
1648650058.595141021,0,0.000000
1648650058.618705627,4,0.117000
1648650058.641285952,1,0.008000
1648650058.663337437,2,0.009000
1648650058.686620352,0,0.000000
1648650058.709497156,0,0.006000
1648650058.731182192,0,0.013000
1648650058.753837595,0,0.035000
1648650058.776388174,1,0.000000
1648650058.799717423,0,0.030000
1648650058.822250968,0,0.001000
1648650058.844206532,0,0.000000
1648650058.867006996,2,0.013000
1648650058.890447503,3,0.026000
1648650058.913832930,1,0.037000
1648650058.935179680,0,0.024000
1648650058.957548120,0,0.021000
1648650058.982506266,0,0.000000
1648650059.006047137,0,0.036000
1648650059.029558090,0,0.019000
1648650059.050287706,0,0.000000
1648650059.072684372,0,0.011000
1648650059.095971561,0,0.014000
1648650059.116699055,1,0.016000
1648650059.139249050,0,0.020000
1648650059.160920325,0,0.000000
1648650059.182077653,0,0.007000
1648650059.204246326,0,0.086000
1648650059.226268504,0,0.047000
1648650059.249430592,0,0.000000
1648650059.272602604,0,0.000000
1648650059.293915519,1,0.044000
1648650059.316349990,1,0.040000
1648650059.339463064,0,0.004000
1648650059.362583296,0,0.001000
1648650059.384269912,0,0.000000
1648650059.407577066,1,0.027000
1648650059.431523784,0,0.000000
1648650059.453310832,0,0.000000
1648650059.474638988,1,0.020000
1648650059.496508895,1,0.023000
1648650059.520558056,0,0.000000
1648650059.542556170,0,0.000000
1648650059.563086912,0,0.000000
1648650059.586460673,0,0.007000
1648650059.609761069,0,0.001000
1648650059.631894885,0,0.000000
1648650059.654186752,0,0.000000
1648650059.677120636,0,0.000000
1648650059.700964263,0,0.000000
1648650059.724850310,1,0.035000
1648650059.747684292,0,0.000000
1648650059.769912805,0,0.000000
1648650059.792367610,0,0.010000
1648650059.815186421,0,0.047000
1648650059.838272535,0,0.000000
1648650059.861199974,0,0.000000
1648650059.884473820,0,0.000000
1648650059.907171491,0,0.019000
1648650059.929761764,1,0.004000
1648650059.951581155,0,0.000000
1648650059.974787367,0,0.023000
1648650059.997023076,0,0.000000
1648650060.017585274,0,0.008000
1648650060.040965213,0,0.000000
1648650060.063928398,1,0.000000
1648650060.086923454,0,0.000000
1648650060.109278077,0,0.000000
1648650060.129815358,0,0.000000
1648650060.152057245,0,0.010000
1648650060.172348765,1,0.026000
1648650060.194481422,1,0.067000
1648650060.217633030,0,0.074000
1648650060.239575433,4,0.046000
1648650060.261609885,0,0.000000
1648650060.284715724,0,0.000000
1648650060.306988406,1,0.000000
1648650060.329901879,1,0.000000
1648650060.352631250,0,0.000000
1648650060.374524243,1,0.032000
1648650060.396109712,0,0.008000
1648650060.417588609,1,0.005000
1648650060.440144168,0,0.000000
1648650060.462376412,0,0.000000
1648650060.483127227,0,0.051000
1648650060.506197741,1,0.001000
1648650060.528895259,0,0.000000
1648650060.550272223,0,0.000000
1648650060.572156304,1,0.005000
1648650060.594368184,0,0.001000
1648650060.617333505,1,0.051000
1648650060.638355121,2,0.023000
1648650060.661194444,1,0.041000
1648650060.683814801,1,0.064000
1648650060.706116720,3,0.078000
1648650060.725350655,0,0.000000
1648650060.747299817,3,0.027000
1648650060.769296194,1,0.041000
1648650060.792047753,0,0.004000
1648650060.812851744,1,0.037000
1648650060.837013587,0,0.000000
1648650060.859913430,0,0.000000
1648650060.882024867,0,0.000000
1648650060.904748746,0,0.000000
1648650060.925388929,0,0.006000
1648650060.947642795,0,0.000000
1648650060.969610386,0,0.000000
1648650060.992134103,0,0.010000
1648650061.013756887,1,0.000000
1648650061.036811321,0,0.000000
1648650061.057962738,1,0.032000
1648650061.081433079,0,0.000000
1648650061.104136127,0,0.000000
1648650061.127466090,0,0.000000
1648650061.149431165,0,0.000000
1648650061.172556006,0,0.000000
1648650061.194129490,0,0.000000
1648650061.216794355,0,0.000000
1648650061.240258472,0,0.000000
1648650061.262623079,1,0.025000
1648650061.284723759,0,0.008000
1648650061.306919083,0,0.012000
1648650061.330146807,2,0.019000
1648650061.353313680,2,0.034000
1648650061.376357813,0,0.000000
1648650061.397847377,0,0.000000
1648650061.420177815,0,0.000000
1648650061.441823830,1,0.039000
1648650061.463667280,3,0.052000
1648650061.484674038,0,0.000000
1648650061.507000576,0,0.000000
1648650061.530365857,1,0.025000
1648650061.549885656,0,0.025000
1648650061.573220016,1,0.030000
1648650061.594688187,1,0.038000
1648650061.617809274,1,0.008000
1648650061.641192696,1,0.018000
1648650061.664104985,0,0.004000
1648650061.687184496,1,0.001000
1648650061.708028641,0,0.023000
1648650061.731212050,0,0.054000
1648650061.753026089,1,0.006000
1648650061.774380570,0,0.019000
1648650061.797482311,0,0.000000
1648650061.819422900,0,0.000000
1648650061.842321890,0,0.000000
1648650061.864382330,0,0.000000
1648650061.886426036,0,0.000000
1648650061.909831769,0,0.000000
1648650061.931770386,1,0.025000
1648650061.955055554,0,0.000000
1648650061.978392777,1,0.043000
1648650062.000245071,1,0.031000
1648650062.022006286,2,0.020000
1648650062.042572315,0,0.000000
1648650062.064198315,0,0.000000
1648650062.087285929,0,0.000000
1648650062.111099665,1,0.000000
1648650062.133395159,0,0.021000
1648650062.156079845,1,0.029000
1648650062.178449435,0,0.000000
1648650062.201257978,0,0.000000
1648650062.223553675,1,0.038000
1648650062.245446830,1,0.009000
1648650062.267476948,0,0.000000
1648650062.290336281,0,0.018000
1648650062.312528447,0,0.000000
1648650062.334598032,0,0.014000
1648650062.357084500,0,0.004000
1648650062.379774889,1,0.020000
1648650062.401567702,2,0.067000
1648650062.425306965,0,0.001000
1648650062.449317624,0,0.000000
1648650062.471596403,0,0.000000
1648650062.494432923,0,0.029000
1648650062.517951887,0,0.008000
1648650062.538921219,0,0.010000
1648650062.560896145,0,0.000000
1648650062.582054914,0,0.000000
1648650062.606304944,0,0.000000
1648650062.630051518,1,0.038000
1648650062.652535629,0,0.000000
1648650062.675376124,0,0.000000
1648650062.698522266,0,0.006000
1648650062.719870601,0,0.030000
1648650062.742614706,1,0.000000
1648650062.762829927,0,0.014000
1648650062.786213986,2,0.041000
1648650062.808204888,0,0.000000
1648650062.831129848,1,0.032000
1648650062.853165533,0,0.000000
1648650062.873627898,2,0.010000
1648650062.895323995,0,0.003000
1648650062.917114029,0,0.000000
1648650062.938548638,0,0.012000
1648650062.961723473,0,0.000000
1648650062.984443644,1,0.030000
1648650063.008109297,2,0.053000
1648650063.031111925,0,0.010000
1648650063.054049880,0,0.000000
1648650063.075506483,2,0.047000
1648650063.097749569,0,0.000000
1648650063.118672995,0,0.000000
1648650063.140880013,0,0.000000
1648650063.163450323,3,0.055000
1648650063.186493801,1,0.000000
1648650063.210268431,0,0.005000
1648650063.231272686,0,0.000000
1648650063.254256314,1,0.013000
1648650063.275100891,0,0.015000
1648650063.297450241,1,0.000000
1648650063.320430590,0,0.005000
1648650063.344454488,0,0.000000
1648650063.367067222,1,0.000000
1648650063.389780618,0,0.007000
1648650063.413108641,0,0.000000
1648650063.435365409,3,0.043000
1648650063.457803351,1,0.008000
1648650063.481011664,0,0.029000
1648650063.502864373,0,0.001000
1648650063.525606116,0,0.001000
1648650063.546444673,0,0.000000
1648650063.568779463,2,0.052000
1648650063.591859433,0,0.000000
1648650063.614298816,0,0.000000
1648650063.637384410,0,0.000000
1648650063.659410757,0,0.013000
1648650063.680975434,0,0.033000
1648650063.702672910,1,0.028000
1648650063.723526489,0,0.000000
1648650063.746777557,0,0.000000
1648650063.768850185,0,0.000000
1648650063.790655970,3,0.084000
1648650063.813402362,0,0.000000
1648650063.836059552,0,0.000000
1648650063.859479892,0,0.000000
1648650063.880497633,0,0.006000
1648650063.902719008,0,0.000000
1648650063.925948496,0,0.013000
1648650063.946788744,0,0.011000
1648650063.968700590,0,0.000000
1648650063.990415747,1,0.010000
1648650064.013101792,0,0.028000
1648650064.036186575,0,0.000000
1648650064.059151373,0,0.000000
1648650064.081857920,3,0.018000
1648650064.105131291,2,0.058000
1648650064.127967187,0,0.029000
1648650064.150095573,0,0.000000
1648650064.172017217,1,0.005000
1648650064.195172263,0,0.000000
1648650064.218732102,0,0.000000
1648650064.242439281,0,0.004000
1648650064.264568805,1,0.022000
1648650064.287796645,0,0.000000
1648650064.310692371,0,0.000000
1648650064.333377864,0,0.010000
1648650064.356344158,1,0.046000
1648650064.378805585,0,0.000000
1648650064.400651987,0,0.000000
1648650064.422933002,0,0.000000
1648650064.446754187,0,0.009000
1648650064.466993051,0,0.000000
1648650064.490814149,1,0.038000
1648650064.512259843,0,0.004000
1648650064.534356329,2,0.051000
1648650064.556414980,1,0.008000
1648650064.578443289,0,0.000000
1648650064.601335571,1,0.000000
1648650064.624374626,0,0.010000
1648650064.647133541,0,0.000000
1648650064.669059458,0,0.024000
1648650064.692652915,0,0.000000
1648650064.715044947,2,0.069000
1648650064.737370615,1,0.029000
1648650064.759533294,2,0.054000
1648650064.781598247,1,0.005000
1648650064.804538141,1,0.033000
1648650064.827939244,1,0.045000
1648650064.850991513,0,0.017000
1648650064.872395142,0,0.000000
1648650064.893370407,0,0.000000
1648650064.916549628,0,0.000000
1648650064.939777566,0,0.000000
1648650064.963074812,0,0.000000
1648650064.985873537,0,0.000000
1648650065.008492290,0,0.000000
1648650065.031392180,2,0.039000
1648650065.054186255,0,0.000000
1648650065.075110465,0,0.000000
1648650065.096883310,1,0.037000
1648650065.118711719,0,0.010000
1648650065.139501106,1,0.000000
1648650065.160952370,0,0.000000
1648650065.184244081,0,0.000000
1648650065.207281351,1,0.028000
1648650065.227661094,0,0.000000
1648650065.250365002,0,0.000000
1648650065.272875628,2,0.000000
1648650065.295496350,0,0.000000
1648650065.318451298,0,0.000000
1648650065.339276184,0,0.030000
1648650065.360371559,0,0.014000
1648650065.382623443,0,0.000000
1648650065.403355412,0,0.003000
1648650065.425199675,2,0.068000
1648650065.447226548,0,0.004000
1648650065.467330464,0,0.000000
1648650065.490694481,1,0.014000
1648650065.514546812,0,0.000000
1648650065.536411237,0,0.000000
1648650065.558736706,0,0.000000
1648650065.582231545,0,0.007000
1648650065.604838677,0,0.006000
1648650065.627226569,1,0.025000
1648650065.648489538,2,0.032000
1648650065.671338740,0,0.000000
1648650065.693287441,0,0.066000
1648650065.715730700,0,0.024000
1648650065.737981098,0,0.017000
1648650065.761749935,0,0.000000
1648650065.783642832,0,0.013000
1648650065.807784631,0,0.000000
1648650065.830859882,1,0.007000
1648650065.851926252,0,0.000000
1648650065.872199728,1,0.000000
1648650065.894372684,0,0.017000
1648650065.917093483,0,0.004000
1648650065.939255592,4,0.036000
1648650065.961111556,0,0.000000
1648650065.983467641,0,0.000000
1648650066.006977705,0,0.006000
1648650066.028207364,0,0.000000
1648650066.051235068,0,0.000000
1648650066.073598745,1,0.016000
1648650066.094889666,0,0.000000
1648650066.117295032,0,0.000000
1648650066.139096449,0,0.000000
1648650066.161985151,0,0.000000
1648650066.183978942,2,0.055000
1648650066.206173165,0,0.000000
1648650066.229057585,4,0.112000
1648650066.252796990,2,0.074000
1648650066.273818112,2,0.020000
1648650066.296190830,0,0.007000
1648650066.318423325,1,0.024000
1648650066.342429358,0,0.022000
1648650066.363922320,0,0.031000
1648650066.387142277,0,0.006000
1648650066.411014811,0,0.016000
1648650066.432155416,1,0.045000
1648650066.455451347,0,0.005000
1648650066.478947478,1,0.037000
1648650066.502291167,0,0.014000
1648650066.524669709,2,0.037000
1648650066.547195146,0,0.021000
1648650066.569661069,1,0.000000
1648650066.592268542,0,0.000000
1648650066.614091565,0,0.028000
1648650066.636922618,0,0.000000
1648650066.661321912,0,0.000000
1648650066.685048619,0,0.000000
1648650066.708200929,0,0.012000
1648650066.730890454,0,0.035000
1648650066.752095857,0,0.022000
1648650066.773485860,0,0.030000
1648650066.795419632,0,0.048000
1648650066.818137574,0,0.000000
1648650066.840551690,0,0.000000
1648650066.864294496,1,0.023000
1648650066.885596955,1,0.000000
1648650066.907984950,0,0.000000
1648650066.930730745,2,0.044000
1648650066.951246924,1,0.000000
1648650066.973311220,0,0.007000
1648650066.996862335,0,0.012000
1648650067.020741130,0,0.001000
1648650067.043820555,0,0.000000
1648650067.066220374,0,0.000000
1648650067.089331259,0,0.000000
1648650067.112138905,0,0.000000
1648650067.134726327,1,0.015000
1648650067.155914668,0,0.001000
1648650067.178487146,0,0.000000
1648650067.201426073,0,0.000000
1648650067.223272910,0,0.000000
1648650067.244971807,0,0.000000
1648650067.266166288,0,0.000000
1648650067.289414189,0,0.001000
1648650067.311867686,1,0.000000
1648650067.333662548,0,0.025000
1648650067.356902804,1,0.011000
1648650067.379202770,0,0.010000
1648650067.401814944,0,0.000000
1648650067.425101337,1,0.023000
1648650067.446434581,1,0.009000
1648650067.468714244,2,0.045000
1648650067.488946220,0,0.018000
1648650067.510188053,1,0.039000
1648650067.533470247,0,0.004000
1648650067.555479344,0,0.000000
1648650067.578436218,0,0.000000
1648650067.601475595,0,0.000000
1648650067.624805399,1,0.000000
1648650067.647885116,0,0.000000
1648650067.671463300,1,0.018000
1648650067.692562039,1,0.018000
1648650067.713247773,0,0.000000
1648650067.736961825,0,0.000000
1648650067.757014528,0,0.000000
1648650067.779469766,0,0.000000
1648650067.800682630,0,0.019000
1648650067.820143037,0,0.000000
1648650067.842229239,0,0.000000
1648650067.865775890,1,0.022000
1648650067.888742135,0,0.000000
1648650067.910539167,0,0.000000
1648650067.933540791,0,0.000000
1648650067.955815995,1,0.035000
1648650067.979376174,0,0.000000
1648650068.000529063,0,0.000000
1648650068.022977525,1,0.000000
1648650068.047063137,0,0.017000
1648650068.070777980,0,0.019000
1648650068.091928490,0,0.000000
1648650068.113396628,1,0.015000
1648650068.134364914,1,0.017000
1648650068.156866356,3,0.047000
1648650068.177878618,0,0.000000
1648650068.198991871,1,0.000000
1648650068.222712591,0,0.000000
1648650068.246337406,0,0.018000
1648650068.269327956,0,0.007000
1648650068.291523207,1,0.017000
1648650068.314360147,1,0.023000
1648650068.335742051,0,0.004000
1648650068.357653341,2,0.014000
1648650068.380409890,2,0.040000
1648650068.404031332,2,0.042000
1648650068.426944174,1,0.005000
1648650068.450781530,0,0.000000
1648650068.472719744,1,0.001000
1648650068.495991750,1,0.048000
1648650068.517696761,5,0.146000
1648650068.540463677,1,0.047000
1648650068.564681728,0,0.000000
1648650068.587377267,0,0.018000
1648650068.610041359,0,0.000000
1648650068.631481177,0,0.000000
1648650068.653471081,0,0.000000
1648650068.675480511,0,0.000000
1648650068.698810678,1,0.054000
1648650068.721142280,1,0.045000
1648650068.742967991,0,0.000000
1648650068.765549282,0,0.009000
1648650068.788859627,0,0.000000
1648650068.810596841,2,0.010000
1648650068.831706546,0,0.016000
1648650068.854373253,0,0.000000
1648650068.875813849,0,0.000000
1648650068.898765005,1,0.026000
1648650068.919690316,1,0.022000
1648650068.941855651,0,0.001000
1648650068.964604465,1,0.073000
1648650068.987183862,0,0.000000
1648650069.010870699,3,0.076000
1648650069.031944317,2,0.010000
1648650069.053895716,0,0.000000
1648650069.077596262,0,0.022000
1648650069.100877188,0,0.015000
1648650069.121388310,0,0.000000
1648650069.144977644,0,0.000000
1648650069.168227961,0,0.001000
1648650069.191430903,0,0.000000
1648650069.213246300,0,0.035000
1648650069.236170335,0,0.000000
1648650069.258716790,0,0.007000
1648650069.281266627,0,0.009000
1648650069.301308627,0,0.006000
1648650069.322550366,0,0.000000
1648650069.343977973,0,0.006000
1648650069.366510561,1,0.004000
1648650069.387481821,0,0.018000
1648650069.410499406,1,0.011000
1648650069.432642207,2,0.018000
1648650069.454116103,1,0.000000
1648650069.474742140,2,0.044000
1648650069.497908880,0,0.001000
1648650069.520429961,1,0.032000
1648650069.543643786,0,0.000000
1648650069.566073861,0,0.006000
1648650069.588338486,1,0.013000
1648650069.610026681,2,0.022000
1648650069.632364979,0,0.000000
1648650069.655685044,0,0.000000
1648650069.676750992,0,0.000000
1648650069.699360894,0,0.000000
1648650069.719255986,1,0.012000
1648650069.741745211,2,0.047000
1648650069.765373837,0,0.000000
1648650069.786412638,0,0.016000
1648650069.807176951,0,0.000000
1648650069.828724485,1,0.000000
1648650069.851727256,0,0.000000
1648650069.874270295,1,0.024000
1648650069.894386427,0,0.000000
1648650069.916728766,0,0.000000
1648650069.939801556,1,0.013000
1648650069.962033660,3,0.030000
1648650069.984259767,0,0.000000
1648650070.006270769,0,0.024000
1648650070.029393414,1,0.000000
1648650070.053332142,0,0.000000
1648650070.076067964,0,0.000000
1648650070.098431292,0,0.000000
1648650070.121447786,1,0.017000
1648650070.143485172,1,0.037000
1648650070.166078268,0,0.000000
1648650070.188491960,0,0.000000
1648650070.211928502,2,0.032000
1648650070.236407185,0,0.000000
1648650070.260053124,0,0.010000
1648650070.283181209,0,0.000000
1648650070.305354230,1,0.023000
1648650070.327755174,0,0.000000
1648650070.351221117,0,0.000000
1648650070.374129224,0,0.000000
1648650070.396445346,2,0.026000
1648650070.418386193,0,0.005000
1648650070.441131550,0,0.000000
1648650070.463962671,0,0.013000
1648650070.486435966,0,0.000000
1648650070.508337846,1,0.040000
1648650070.532111476,0,0.000000
1648650070.554343200,0,0.000000
1648650070.577124983,2,0.031000
1648650070.601233655,0,0.000000
1648650070.624016264,0,0.006000
1648650070.646441772,0,0.014000
1648650070.666365705,1,0.037000
1648650070.689559267,0,0.002000
1648650070.712109779,1,0.001000
1648650070.733805680,3,0.083000
1648650070.756997999,1,0.040000
1648650070.780449149,1,0.000000
1648650070.801568818,0,0.000000
1648650070.824341194,0,0.000000
1648650070.846486259,1,0.009000
1648650070.868243845,0,0.024000
1648650070.890626065,1,0.012000
1648650070.912579963,0,0.004000
1648650070.935853037,1,0.019000
1648650070.958357282,0,0.000000
1648650070.981278408,1,0.046000
1648650071.004177959,0,0.005000
1648650071.026545545,0,0.049000
1648650071.047984721,0,0.000000
1648650071.070024444,0,0.000000
1648650071.093510039,0,0.000000
1648650071.116985599,0,0.000000
1648650071.140153360,0,0.000000
1648650071.162559995,0,0.000000
1648650071.186142163,0,0.000000
1648650071.208606408,4,0.093000
1648650071.231183921,0,0.037000
1648650071.254171880,2,0.023000
1648650071.277313293,1,0.022000
1648650071.302560808,2,0.060000
1648650071.326265563,0,0.000000
1648650071.348492041,0,0.002000
1648650071.370421717,1,0.019000
1648650071.392441186,0,0.000000
1648650071.415579962,0,0.010000
1648650071.438944450,0,0.001000
1648650071.462117856,0,0.005000
1648650071.485174805,0,0.000000
1648650071.507415784,0,0.000000
1648650071.530014773,0,0.011000
1648650071.552253501,0,0.000000
1648650071.575333884,0,0.033000
1648650071.598093389,0,0.000000
1648650071.619466124,0,0.000000
1648650071.642978962,0,0.000000
1648650071.665047538,0,0.000000
1648650071.686467369,1,0.005000
1648650071.709486714,0,0.006000
1648650071.732133847,1,0.015000
1648650071.754280453,0,0.000000
1648650071.776405689,0,0.011000
1648650071.799496799,1,0.018000
1648650071.822353627,0,0.005000
1648650071.845755508,0,0.008000
1648650071.869255360,1,0.043000
1648650071.892486121,0,0.000000
1648650071.914710896,0,0.000000
1648650071.936043168,0,0.000000
1648650071.957591513,0,0.007000
1648650071.980856614,2,0.016000
1648650072.003366650,0,0.003000
1648650072.026110744,0,0.000000
1648650072.049005390,0,0.000000
1648650072.071495552,1,0.044000
1648650072.093489714,0,0.000000
1648650072.116510373,0,0.000000
1648650072.139174048,0,0.000000
1648650072.162604402,0,0.000000
1648650072.185257388,0,0.000000
1648650072.206917536,0,0.007000
1648650072.229537003,0,0.013000
1648650072.252319080,1,0.033000
1648650072.275105925,0,0.000000
1648650072.298483738,0,0.000000
1648650072.321387660,0,0.000000
1648650072.342661114,0,0.000000
1648650072.365565030,0,0.000000
1648650072.388988272,0,0.000000
1648650072.412357732,1,0.000000
1648650072.435491292,1,0.043000
1648650072.457222294,1,0.018000
1648650072.479956523,1,0.007000
1648650072.503173774,1,0.048000
1648650072.523466277,1,0.015000
1648650072.546997519,0,0.000000
1648650072.571113325,1,0.007000
1648650072.592238405,0,0.023000
1648650072.614543948,1,0.000000
1648650072.636484681,1,0.035000
1648650072.659636129,1,0.050000
1648650072.681881392,0,0.012000
1648650072.705146977,0,0.000000
1648650072.726957491,1,0.017000
1648650072.749878153,4,0.087000
1648650072.769382832,0,0.000000
1648650072.792068293,1,0.006000
1648650072.816641865,0,0.015000
1648650072.838434295,0,0.000000
1648650072.859396255,0,0.011000
1648650072.883146892,0,0.001000
1648650072.905770520,0,0.013000
1648650072.929009390,1,0.020000
1648650072.951317373,0,0.000000
1648650072.974152199,2,0.045000
1648650072.996871828,0,0.000000
1648650073.018394853,0,0.008000
1648650073.040723770,2,0.010000
1648650073.061965119,0,0.027000
1648650073.083062689,2,0.035000
1648650073.106448404,0,0.018000
1648650073.127770680,0,0.004000
1648650073.149907833,0,0.000000
1648650073.173052850,0,0.056000
1648650073.195582785,1,0.051000
1648650073.218392521,1,0.040000
1648650073.240080049,0,0.012000
1648650073.262691532,0,0.022000
1648650073.285508733,1,0.005000
1648650073.307287267,0,0.015000
1648650073.329415412,0,0.000000
1648650073.352268953,1,0.025000
1648650073.375265913,1,0.012000
1648650073.397369530,0,0.025000
1648650073.419429929,0,0.059000
1648650073.442336696,0,0.088000
1648650073.465215377,0,0.000000
1648650073.488689470,0,0.000000
1648650073.512486934,0,0.000000
1648650073.533919093,0,0.000000
1648650073.556853127,1,0.008000
1648650073.580261539,1,0.000000
1648650073.603226660,3,0.061000
1648650073.626122503,0,0.000000
1648650073.649409533,0,0.000000
1648650073.672495637,0,0.000000
1648650073.693843662,0,0.000000
1648650073.717542697,0,0.000000
1648650073.740216667,0,0.000000
1648650073.762308767,0,0.000000
1648650073.784858739,0,0.000000
1648650073.807821545,0,0.000000
1648650073.830930119,1,0.000000
1648650073.854730949,1,0.002000
1648650073.878670129,2,0.022000
1648650073.900908123,1,0.001000
1648650073.922751142,0,0.006000
1648650073.943541390,1,0.001000
1648650073.967531796,0,0.082000
1648650073.988476108,2,0.047000
1648650074.010736034,1,0.000000
1648650074.033157699,4,0.065000
1648650074.055920770,1,0.048000
1648650074.078717334,0,0.000000
1648650074.100492007,0,0.000000
1648650074.123352755,0,0.000000
1648650074.146796040,0,0.000000
1648650074.169529291,0,0.005000
1648650074.191289821,0,0.013000
1648650074.213865682,0,0.004000
1648650074.237460539,0,0.000000
1648650074.260706298,0,0.009000
1648650074.284326198,1,0.013000
1648650074.307299434,0,0.000000
1648650074.330684568,1,0.024000
1648650074.352447520,0,0.001000
1648650074.376370038,2,0.038000
1648650074.399751654,1,0.035000
1648650074.422772280,0,0.015000
1648650074.444486481,1,0.039000
1648650074.467485701,0,0.000000
1648650074.490052253,0,0.000000
1648650074.510945295,0,0.021000
1648650074.532697364,1,0.031000
1648650074.554908426,4,0.058000
1648650074.576404624,2,0.045000
1648650074.599426174,1,0.004000
1648650074.622296470,0,0.043000
1648650074.645321354,1,0.007000
1648650074.667447467,0,0.000000
1648650074.690166943,3,0.058000
1648650074.713395514,1,0.047000
1648650074.734118062,3,0.065000
1648650074.755402985,0,0.022000
1648650074.777043394,0,0.018000
1648650074.800551316,0,0.020000
1648650074.822299761,0,0.000000
1648650074.844796527,4,0.090000
1648650074.864309407,1,0.030000
1648650074.887286044,3,0.066000
1648650074.910709802,0,0.000000
1648650074.934149960,0,0.008000
1648650074.956574949,0,0.000000
1648650074.978998773,0,0.000000
1648650075.001730456,0,0.000000
1648650075.024090711,0,0.000000
1648650075.046122891,0,0.000000
1648650075.068834419,0,0.000000
1648650075.091801932,0,0.000000
1648650075.115187499,0,0.000000
1648650075.137849646,3,0.073000
1648650075.159724727,1,0.024000
1648650075.184130438,0,0.005000
1648650075.207475279,0,0.001000
1648650075.230699362,0,0.000000
1648650075.253148730,3,0.071000
1648650075.276753986,0,0.017000
1648650075.298312962,1,0.031000
1648650075.320401138,1,0.021000
1648650075.343364303,0,0.008000
1648650075.366480519,0,0.000000
1648650075.388259087,0,0.000000
1648650075.410270510,0,0.000000
1648650075.431408699,0,0.008000
1648650075.454242025,0,0.000000
1648650075.477691928,0,0.000000
1648650075.500080175,0,0.000000
1648650075.522787818,0,0.023000
1648650075.546246566,0,0.017000
1648650075.568927070,0,0.000000
1648650075.592820522,1,0.055000
1648650075.616523673,0,0.000000
1648650075.639369002,0,0.026000
1648650075.662970624,0,0.001000
1648650075.684072351,0,0.018000
1648650075.706329764,0,0.000000
1648650075.727030187,1,0.000000
1648650075.749920813,0,0.000000
1648650075.773182449,1,0.027000
1648650075.795231748,2,0.049000
1648650075.817644149,0,0.000000
1648650075.840606246,2,0.040000
1648650075.863543914,0,0.000000
1648650075.886499350,1,0.034000
1648650075.909701533,1,0.000000
1648650075.931931049,2,0.000000
1648650075.955088692,0,0.038000
1648650075.978275267,0,0.001000
1648650076.001109999,0,0.000000
1648650076.023969784,0,0.027000
1648650076.046364567,0,0.018000
1648650076.070091772,1,0.000000
1648650076.092961254,0,0.000000
1648650076.116673200,0,0.000000
1648650076.139057618,1,0.019000
1648650076.161481436,0,0.000000
1648650076.182507047,0,0.000000
1648650076.203888123,0,0.000000
1648650076.226455718,1,0.000000
1648650076.249757737,0,0.000000
1648650076.271400044,0,0.000000
1648650076.293787229,0,0.015000
1648650076.316874536,0,0.000000
1648650076.338789160,1,0.001000
1648650076.361298283,0,0.004000
1648650076.384281576,0,0.023000
1648650076.407117557,5,0.042000
1648650076.430683497,0,0.000000
1648650076.453683428,0,0.000000
1648650076.477024595,1,0.001000
1648650076.498888472,1,0.032000
1648650076.521423069,0,0.003000
1648650076.544540281,4,0.102000
1648650076.566257906,0,0.000000
1648650076.588455465,0,0.006000
1648650076.611701519,1,0.035000
1648650076.635287627,0,0.000000
1648650076.656939688,0,0.015000
1648650076.681026756,0,0.007000
1648650076.704481837,0,0.000000
1648650076.726948033,0,0.000000
1648650076.749767380,0,0.000000
1648650076.771329758,0,0.025000
1648650076.793064235,1,0.048000
1648650076.815555874,1,0.000000
1648650076.838191563,0,0.000000
1648650076.861492977,1,0.032000
1648650076.884736633,3,0.078000
1648650076.909077765,2,0.051000
1648650076.931035087,0,0.000000
1648650076.955373843,1,0.037000
1648650076.977195447,3,0.034000
1648650077.000538810,0,0.005000
1648650077.023919583,2,0.076000
1648650077.046634101,0,0.023000
1648650077.069694626,0,0.019000
1648650077.092911217,0,0.000000
1648650077.116174796,1,0.049000
1648650077.137574627,0,0.041000
1648650077.161731157,1,0.011000
1648650077.185476743,0,0.005000
1648650077.207952055,2,0.001000
1648650077.231353066,0,0.000000
1648650077.253979027,0,0.014000
1648650077.276956521,0,0.024000
1648650077.299899956,0,0.000000
1648650077.322576342,0,0.000000
1648650077.346759957,0,0.000000
1648650077.367486266,1,0.046000
1648650077.390627871,0,0.000000
1648650077.413442806,0,0.015000
1648650077.436510983,0,0.001000
1648650077.458591198,0,0.000000
1648650077.480634540,2,0.018000
1648650077.504207871,1,0.012000
1648650077.526958627,0,0.000000
1648650077.550511322,0,0.000000
1648650077.572929801,0,0.000000
1648650077.596382146,0,0.044000
1648650077.617048454,0,0.018000
1648650077.639554481,1,0.025000
1648650077.662499477,0,0.018000
1648650077.686031211,0,0.000000
1648650077.707627345,2,0.055000
1648650077.730972700,0,0.006000
1648650077.753611419,1,0.020000
1648650077.777326018,2,0.014000
1648650077.799888884,0,0.032000
1648650077.820964254,0,0.000000
1648650077.843894805,2,0.066000
1648650077.866722818,0,0.000000
1648650077.890333212,0,0.000000
1648650077.913601137,1,0.026000
1648650077.936524429,2,0.032000
1648650077.958329804,0,0.000000
1648650077.980507654,2,0.059000
1648650078.002448693,1,0.020000
1648650078.026237051,1,0.026000
1648650078.049591066,2,0.043000
1648650078.072662781,1,0.075000
1648650078.093592910,1,0.059000
1648650078.115859772,0,0.000000
1648650078.138866063,3,0.070000
1648650078.161504596,0,0.000000
1648650078.182821657,0,0.000000
1648650078.206820023,0,0.000000
1648650078.229887888,5,0.113000
1648650078.253591592,0,0.000000
1648650078.276194085,2,0.027000
1648650078.298170287,1,0.004000
1648650078.320213639,0,0.000000
1648650078.343107734,0,0.002000
1648650078.364802240,0,0.000000
1648650078.387678645,1,0.016000
1648650078.411545798,0,0.000000
1648650078.434579926,1,0.067000
1648650078.455869231,1,0.017000
1648650078.479268605,0,0.000000
1648650078.501586757,1,0.006000
1648650078.522947008,0,0.001000
1648650078.545018571,0,0.000000
1648650078.568162581,0,0.004000
1648650078.591041047,1,0.032000
1648650078.614254714,0,0.005000
1648650078.636379166,0,0.000000
1648650078.658654180,0,0.000000
1648650078.682021667,1,0.000000
1648650078.704171078,0,0.014000
1648650078.725941836,0,0.001000
1648650078.747071644,0,0.005000
1648650078.771412556,0,0.000000
1648650078.794179649,0,0.000000
1648650078.817828138,0,0.012000
1648650078.839749085,1,0.046000
1648650078.861543374,0,0.000000
1648650078.884437691,0,0.007000
1648650078.907198483,0,0.000000
1648650078.929542602,2,0.000000
1648650078.952853316,0,0.006000
1648650078.974573394,0,0.000000
1648650078.997953333,1,0.009000
1648650079.018919467,0,0.000000
1648650079.039778984,1,0.013000
1648650079.060955224,0,0.062000
1648650079.083924509,1,0.031000
1648650079.107302375,4,0.063000
1648650079.130430035,1,0.027000
1648650079.153809837,0,0.000000
1648650079.175380768,0,0.000000
1648650079.197322576,0,0.055000
1648650079.218475385,1,0.007000
1648650079.240892419,4,0.072000
1648650079.264471857,1,0.026000
1648650079.287152035,0,0.050000
1648650079.310063179,0,0.000000
1648650079.331498461,2,0.023000
1648650079.355445570,0,0.000000
1648650079.378977276,0,0.001000
1648650079.402597108,0,0.000000
1648650079.426028367,0,0.036000
1648650079.448493052,2,0.025000
1648650079.468812064,0,0.013000
1648650079.492779783,0,0.000000
1648650079.515920552,0,0.000000
1648650079.539358649,0,0.000000
1648650079.562673948,2,0.032000
1648650079.585175907,1,0.001000
1648650079.607299578,0,0.000000
1648650079.631610855,1,0.004000
1648650079.654919541,1,0.035000
1648650079.677545226,0,0.000000
1648650079.699727657,0,0.000000
1648650079.721765153,1,0.021000
1648650079.744991409,0,0.000000
1648650079.766289975,0,0.012000
1648650079.789314121,0,0.004000
1648650079.812956954,0,0.000000
1648650079.834687391,0,0.000000
1648650079.858486837,0,0.000000
1648650079.878857955,0,0.000000
1648650079.901046274,0,0.000000
1648650079.922366076,3,0.049000
1648650079.944185367,1,0.033000
1648650079.967996940,1,0.037000
1648650079.990041819,0,0.005000
1648650080.013030927,0,0.022000
1648650080.035075402,0,0.000000
1648650080.058530779,0,0.036000
1648650080.080289309,1,0.000000
1648650080.103478832,0,0.017000
1648650080.125847956,0,0.000000
1648650080.148536553,0,0.000000
1648650080.172230047,0,0.000000
1648650080.193028937,1,0.022000
1648650080.215606254,0,0.000000
1648650080.238352539,1,0.015000
1648650080.260847236,0,0.011000
1648650080.284423662,0,0.000000
1648650080.307813202,0,0.000000
1648650080.331628409,1,0.033000
1648650080.353623766,2,0.033000
1648650080.377249562,0,0.005000
1648650080.398789864,0,0.000000
1648650080.419745086,0,0.015000
1648650080.441299828,0,0.035000
1648650080.464221005,0,0.004000
1648650080.487034982,0,0.001000
1648650080.510854496,0,0.000000
1648650080.532946812,0,0.042000
1648650080.556320101,0,0.015000
1648650080.579396939,0,0.000000
1648650080.602730477,0,0.000000
1648650080.624990767,0,0.000000
1648650080.648496089,0,0.015000
1648650080.671404127,2,0.035000
1648650080.694394168,0,0.000000
1648650080.717350780,1,0.000000
1648650080.740319337,2,0.024000
1648650080.762452536,2,0.036000
1648650080.785440319,1,0.024000
1648650080.808405167,3,0.067000
1648650080.832093549,0,0.007000
1648650080.854331443,0,0.000000
1648650080.877606392,0,0.011000
1648650080.900254866,2,0.046000
1648650080.924201705,0,0.000000
1648650080.945394049,0,0.010000
1648650080.968907217,2,0.047000
1648650080.991564271,0,0.000000
1648650081.012660527,0,0.000000
1648650081.035603204,0,0.005000
1648650081.056992417,0,0.000000
1648650081.079448275,0,0.000000
1648650081.102026954,0,0.000000
1648650081.124358895,0,0.000000
1648650081.146848182,0,0.000000
1648650081.169403033,0,0.001000
1648650081.190845384,0,0.000000
1648650081.213737713,0,0.019000
1648650081.237260826,4,0.061000
1648650081.258540496,0,0.000000
1648650081.281425587,0,0.011000
1648650081.303840634,1,0.052000
1648650081.327588720,0,0.006000
1648650081.349852337,1,0.055000
1648650081.373660513,0,0.009000
1648650081.397014045,0,0.000000
1648650081.419964067,3,0.039000
1648650081.442592818,0,0.016000
1648650081.464835317,0,0.017000
1648650081.487334991,0,0.000000
1648650081.508363484,0,0.000000
1648650081.529750287,0,0.000000
1648650081.551757675,0,0.012000
1648650081.574537066,0,0.000000
1648650081.597088225,0,0.005000
1648650081.619936454,2,0.015000
1648650081.643388709,0,0.010000
1648650081.665676878,0,0.000000
1648650081.687480738,0,0.024000
1648650081.711323097,0,0.000000
1648650081.734083862,0,0.000000
1648650081.757185989,0,0.000000
1648650081.779113284,1,0.048000
1648650081.802561062,2,0.086000
1648650081.824977735,2,0.034000
1648650081.846999067,1,0.035000
1648650081.869344281,0,0.020000
1648650081.890222233,0,0.000000
1648650081.913247133,1,0.011000
1648650081.935872203,1,0.016000
1648650081.957943325,0,0.000000
1648650081.979486607,3,0.071000
1648650082.002572264,1,0.001000
1648650082.026589599,0,0.018000
1648650082.048952899,1,0.000000
1648650082.072590973,1,0.037000
1648650082.093573643,0,0.000000
1648650082.117210781,1,0.000000
1648650082.138833404,0,0.000000
1648650082.161856969,0,0.002000
1648650082.185275914,2,0.023000
1648650082.207673209,2,0.036000
1648650082.230366457,2,0.047000
1648650082.253610724,0,0.000000
1648650082.277072580,0,0.000000
1648650082.299044514,0,0.000000
1648650082.321177441,1,0.027000
1648650082.344044261,2,0.006000
1648650082.366272804,0,0.000000
1648650082.388559777,1,0.001000
1648650082.410150904,2,0.037000
1648650082.430481949,0,0.005000
1648650082.453496309,2,0.027000
1648650082.475956955,0,0.014000
1648650082.498141169,0,0.001000
1648650082.521693896,0,0.000000
1648650082.543664932,0,0.000000
1648650082.567626911,0,0.000000
1648650082.589920870,0,0.000000
1648650082.611919932,0,0.000000
1648650082.636504704,0,0.000000
1648650082.660854267,2,0.054000
1648650082.682451026,2,0.015000
1648650082.704964586,0,0.032000
1648650082.726942435,0,0.000000
1648650082.749874786,0,0.000000
1648650082.771082614,0,0.001000
1648650082.792952025,2,0.012000
1648650082.815813026,2,0.011000
1648650082.837944702,3,0.047000
1648650082.860734398,0,0.014000
1648650082.882722263,0,0.020000
1648650082.903859080,0,0.007000
1648650082.926022356,1,0.047000
1648650082.948599123,1,0.064000
1648650082.969649457,0,0.000000
1648650082.992482959,2,0.038000
1648650083.013778839,0,0.000000
1648650083.035953539,0,0.000000
1648650083.059291659,2,0.038000
1648650083.081909229,0,0.000000
1648650083.104599251,1,0.015000
1648650083.127061575,1,0.000000
1648650083.150039924,0,0.000000
1648650083.171785039,0,0.001000
1648650083.195216544,0,0.000000
1648650083.218885468,0,0.001000
1648650083.241795066,0,0.000000
1648650083.264473031,0,0.001000
1648650083.288368389,0,0.000000
1648650083.312135397,1,0.022000
1648650083.335474515,0,0.000000
1648650083.357270860,1,0.011000
1648650083.380563195,0,0.013000
1648650083.402984247,0,0.082000
1648650083.423877679,3,0.045000
1648650083.445434360,1,0.001000
1648650083.468262442,0,0.000000
1648650083.492567344,0,0.001000
1648650083.515306638,0,0.000000
1648650083.538114148,1,0.027000
1648650083.560701291,0,0.000000
1648650083.582623013,0,0.000000
1648650083.606150214,1,0.000000
1648650083.629037407,1,0.000000
1648650083.650735150,2,0.033000
1648650083.672474417,0,0.000000
1648650083.695133380,2,0.049000
1648650083.717130672,0,0.001000
1648650083.740667675,0,0.007000
1648650083.763851107,0,0.028000
1648650083.786344784,1,0.014000
1648650083.809974895,0,0.000000
1648650083.831777220,0,0.000000
1648650083.853837152,0,0.000000
1648650083.875823610,1,0.034000
1648650083.898763653,1,0.003000
1648650083.920678011,0,0.018000
1648650083.942334717,1,0.029000
1648650083.963113391,2,0.020000
1648650083.985173128,0,0.000000
1648650084.006020914,0,0.000000
1648650084.027992246,2,0.042000
1648650084.048693177,0,0.000000
1648650084.070813804,0,0.001000
1648650084.093634780,0,0.001000
1648650084.116901713,0,0.000000
1648650084.139488054,1,0.029000
1648650084.162480236,0,0.000000
1648650084.183899320,0,0.000000
1648650084.207123189,0,0.009000
1648650084.230312240,0,0.000000
1648650084.252926974,0,0.000000
1648650084.275957998,0,0.000000
1648650084.299142142,0,0.012000
1648650084.322811029,0,0.047000
1648650084.345170135,0,0.000000
1648650084.367629475,0,0.000000
1648650084.390862487,1,0.034000
1648650084.413689626,0,0.000000
1648650084.436194480,0,0.005000
1648650084.458606084,0,0.000000
1648650084.482441929,0,0.000000
1648650084.505111886,1,0.058000
1648650084.528079584,2,0.021000
1648650084.550819749,1,0.029000
1648650084.574333731,0,0.005000
1648650084.596254381,0,0.000000
1648650084.619015999,0,0.000000
1648650084.640684295,0,0.000000
1648650084.663632612,3,0.042000
1648650084.686603870,0,0.000000
1648650084.708662358,2,0.037000
1648650084.729055529,0,0.016000
1648650084.751621403,0,0.019000
1648650084.774641094,0,0.000000
1648650084.797806614,0,0.004000
1648650084.819422833,0,0.018000
1648650084.842922998,0,0.001000
1648650084.864646148,0,0.000000
1648650084.887227049,1,0.000000
1648650084.910820461,0,0.000000
1648650084.932496244,0,0.001000
1648650084.956292216,0,0.014000
1648650084.978815230,1,0.014000
1648650085.000850447,0,0.000000
1648650085.023986453,2,0.030000
1648650085.046314443,0,0.000000
1648650085.069851735,0,0.000000
1648650085.092713755,1,0.000000
1648650085.116351522,0,0.000000
1648650085.137965394,0,0.000000
1648650085.160003470,0,0.000000
1648650085.182774951,1,0.014000
1648650085.205209652,2,0.006000
1648650085.226130784,2,0.038000
1648650085.249094706,0,0.000000
1648650085.271786442,2,0.028000
1648650085.295273501,0,0.000000
1648650085.318717992,1,0.007000
1648650085.341187643,0,0.000000
1648650085.363488170,0,0.002000
1648650085.386173944,0,0.000000
1648650085.408864674,0,0.000000
1648650085.431323733,0,0.000000
1648650085.453730244,1,0.015000
1648650085.476424325,0,0.000000
1648650085.498708783,0,0.000000
1648650085.520954564,0,0.000000
1648650085.545102039,0,0.000000
1648650085.568049652,2,0.007000
1648650085.591332334,0,0.000000
1648650085.614122026,0,0.029000
1648650085.636734137,4,0.034000
1648650085.660179763,0,0.000000
1648650085.682654750,2,0.036000
1648650085.702350964,0,0.000000
1648650085.723992439,1,0.034000
1648650085.746552818,2,0.137000
1648650085.768999543,0,0.000000
1648650085.792560663,0,0.000000
1648650085.814156580,0,0.000000
1648650085.837105048,0,0.000000
1648650085.860256540,0,0.000000
1648650085.882743401,3,0.022000
1648650085.906247535,0,0.000000
1648650085.927391938,0,0.000000
1648650085.949063079,0,0.000000
1648650085.970905367,2,0.041000
1648650085.994033829,0,0.000000
1648650086.016596122,0,0.000000
1648650086.039901583,0,0.001000
1648650086.062382004,0,0.000000
1648650086.084738256,0,0.001000
1648650086.107735923,1,0.018000
1648650086.130121345,2,0.041000
1648650086.152813683,0,0.060000
1648650086.175268070,0,0.000000
1648650086.198149836,1,0.007000
1648650086.220047196,2,0.012000
1648650086.242858236,0,0.000000
1648650086.265750705,0,0.004000
1648650086.288346100,1,0.007000
1648650086.311674088,1,0.052000
1648650086.335546015,0,0.000000
1648650086.356634035,0,0.000000
1648650086.378792493,1,0.011000
1648650086.400228430,0,0.000000
1648650086.423666369,0,0.000000
1648650086.444758030,0,0.000000
1648650086.468849772,1,0.021000
1648650086.489972962,2,0.041000
1648650086.512904941,1,0.023000
1648650086.535689210,0,0.000000
1648650086.558632672,0,0.005000
1648650086.580502262,2,0.023000
1648650086.602953797,0,0.000000
1648650086.624467459,0,0.000000
1648650086.647200535,2,0.036000
1648650086.670146950,3,0.064000
1648650086.693005056,0,0.000000
1648650086.715849412,0,0.000000
1648650086.738747038,0,0.000000
1648650086.760967363,0,0.000000
1648650086.783132456,0,0.000000
1648650086.803755069,0,0.000000
1648650086.826894173,1,0.012000
1648650086.849669688,1,0.016000
1648650086.872077204,0,0.000000
1648650086.895771961,0,0.001000
1648650086.918840035,1,0.020000
1648650086.941681681,0,0.001000
1648650086.963240374,0,0.000000
1648650086.985369808,0,0.000000
1648650087.008478056,1,0.000000
1648650087.031794707,0,0.036000
1648650087.054489182,1,0.013000
1648650087.077068888,0,0.000000
1648650087.099551872,0,0.000000
1648650087.121526996,0,0.000000
1648650087.144103029,0,0.000000
1648650087.167258834,0,0.015000
1648650087.189868200,1,0.001000
1648650087.212899387,2,0.027000
1648650087.235266805,0,0.000000
1648650087.257754555,0,0.000000
1648650087.281146601,0,0.000000
1648650087.304643103,3,0.077000
1648650087.325680264,1,0.009000
1648650087.349414196,0,0.000000
1648650087.371605529,0,0.000000
1648650087.392641939,0,0.013000
1648650087.415923239,1,0.000000
1648650087.437306390,0,0.000000
1648650087.458540080,1,0.044000
1648650087.481427243,0,0.000000
1648650087.503176780,0,0.025000
1648650087.527009484,0,0.001000
1648650087.550408778,0,0.015000
1648650087.571938458,0,0.000000
1648650087.593587971,3,0.098000
1648650087.617037631,1,0.031000
1648650087.640065872,0,0.000000
1648650087.662770499,0,0.000000
1648650087.686196137,4,0.078000
1648650087.709193235,0,0.000000
1648650087.731445059,0,0.000000
1648650087.754772977,0,0.000000
1648650087.776116287,0,0.000000
1648650087.799416394,0,0.000000
1648650087.822287615,0,0.019000
1648650087.844618794,0,0.000000
1648650087.867682443,0,0.000000
1648650087.889489327,1,0.000000
1648650087.912300140,2,0.001000
1648650087.936116466,0,0.000000
1648650087.958224348,0,0.000000
1648650087.981276739,1,0.001000
1648650088.005170633,1,0.010000
1648650088.027773921,0,0.000000
1648650088.049873330,0,0.001000
1648650088.071125411,0,0.000000
1648650088.093948969,0,0.010000
1648650088.118067324,0,0.000000
1648650088.139209121,2,0.064000
1648650088.160889803,0,0.011000
1648650088.183297733,0,0.003000
1648650088.206741098,0,0.004000
1648650088.229726380,0,0.000000
1648650088.252573229,0,0.000000
1648650088.274901238,0,0.005000
1648650088.299042887,0,0.000000
1648650088.321859153,0,0.000000
1648650088.343139702,0,0.005000
1648650088.365404153,0,0.022000
1648650088.388827690,2,0.029000
1648650088.409240087,0,0.000000
1648650088.432834783,0,0.000000
1648650088.455856209,2,0.038000
1648650088.477970929,0,0.000000
1648650088.499442090,0,0.000000
1648650088.521068560,0,0.000000
1648650088.543325493,0,0.000000
1648650088.566301673,0,0.000000
1648650088.588999795,0,0.012000
1648650088.611273157,0,0.001000
1648650088.632821101,2,0.045000
1648650088.653825189,0,0.000000
1648650088.676802030,0,0.000000
1648650088.697837538,0,0.000000
1648650088.720048007,0,0.001000
1648650088.742450153,0,0.001000
1648650088.764656490,0,0.001000
1648650088.787419585,0,0.001000
1648650088.810217990,0,0.001000
1648650088.832318467,0,0.001000
1648650088.855034527,0,0.001000
1648650088.878151868,0,0.001000
1648650088.900674290,0,0.001000
1648650088.922656418,0,0.001000
1648650088.945083652,0,0.001000
1648650088.968548600,0,0.001000
1648650088.991086025,0,0.001000
1648650089.014470394,0,0.001000
1648650089.038137502,0,0.001000
