1648655934.638804898,0,0.000000
1648655934.663660858,0,0.000000
1648655934.687321248,0,0.000000
1648655934.710073993,0,0.000000
1648655934.732521382,0,0.000000
1648655934.753406757,0,0.000000
1648655934.772502805,0,0.000000
1648655934.794148548,0,0.000000
1648655934.816259958,0,0.000000
1648655934.838298527,0,0.000000
1648655934.860095947,0,0.000000
1648655934.880926016,0,0.000000
1648655934.901715187,0,0.000000
1648655934.923794298,0,0.000000
1648655934.946899875,0,0.000000
1648655934.970232088,0,0.000000
1648655934.992767461,0,0.000000
1648655935.015424326,0,0.000000
1648655935.038233554,0,0.000000
1648655935.061819487,36,0.514000
1648655935.087691716,38,0.517000
1648655935.110068691,6,0.116000
1648655935.130716879,0,0.011000
1648655935.151256511,1,0.000000
1648655935.173648019,2,0.012000
1648655935.197339290,0,0.000000
1648655935.220403713,0,0.000000
1648655935.245202312,2,0.017000
1648655935.266699691,2,0.070000
1648655935.288858220,0,0.000000
1648655935.310494257,1,0.000000
1648655935.333207439,0,0.002000
1648655935.356242390,2,0.024000
1648655935.377350871,0,0.000000
1648655935.400435983,0,0.000000
1648655935.421722445,0,0.011000
1648655935.442352415,0,0.023000
1648655935.465367481,2,0.037000
1648655935.488519739,0,0.000000
1648655935.510495345,0,0.004000
1648655935.533859978,1,0.000000
1648655935.555288116,0,0.000000
1648655935.578726372,0,0.008000
1648655935.600588788,0,0.000000
1648655935.622470947,2,0.016000
1648655935.645328285,0,0.000000
1648655935.666398714,0,0.000000
1648655935.688509154,3,0.023000
1648655935.711019600,0,0.000000
1648655935.731867302,0,0.009000
1648655935.753954950,1,0.039000
1648655935.774831356,2,0.022000
1648655935.794299333,0,0.000000
1648655935.815407560,1,0.015000
1648655935.836416240,0,0.000000
1648655935.857085845,1,0.005000
1648655935.880696180,0,0.000000
1648655935.901063426,0,0.000000
1648655935.923675050,0,0.004000
1648655935.945414895,0,0.000000
1648655935.966147670,0,0.000000
1648655935.986190625,2,0.026000
1648655936.010011821,0,0.000000
1648655936.033429217,0,0.000000
1648655936.055725215,0,0.000000
1648655936.077602276,0,0.000000
1648655936.100562254,0,0.000000
1648655936.123023886,0,0.000000
1648655936.143599380,0,0.000000
1648655936.166556287,5,0.085000
1648655936.191983776,0,0.000000
1648655936.214653431,0,0.010000
1648655936.237952325,1,0.000000
1648655936.261079174,0,0.000000
1648655936.283812149,0,0.011000
1648655936.307023287,0,0.010000
1648655936.328132116,0,0.000000
1648655936.350979140,0,0.000000
1648655936.372576294,0,0.000000
1648655936.394971851,0,0.000000
1648655936.416819643,0,0.000000
1648655936.440770959,1,0.015000
1648655936.465612099,3,0.045000
1648655936.487012209,0,0.000000
1648655936.510506149,0,0.000000
1648655936.533923711,3,0.027000
1648655936.556698118,0,0.000000
1648655936.579508568,1,0.014000
1648655936.600220445,0,0.000000
1648655936.623538760,0,0.000000
1648655936.645517612,0,0.000000
1648655936.666234202,0,0.000000
1648655936.688558722,0,0.000000
1648655936.709067504,0,0.000000
1648655936.733163319,2,0.026000
1648655936.753470409,1,0.011000
1648655936.777088475,0,0.036000
1648655936.798928585,2,0.072000
1648655936.822440928,0,0.000000
1648655936.844780663,2,0.020000
1648655936.867891207,1,0.050000
1648655936.889995985,2,0.005000
1648655936.912089253,0,0.000000
1648655936.934572632,0,0.000000
1648655936.955196327,0,0.000000
1648655936.977962079,0,0.000000
1648655937.002217733,0,0.000000
1648655937.022722899,0,0.000000
1648655937.043344014,0,0.007000
1648655937.065469244,0,0.005000
1648655937.089701745,2,0.049000
1648655937.112530696,0,0.001000
1648655937.135880593,0,0.000000
1648655937.158393778,3,0.026000
1648655937.181155881,2,0.052000
1648655937.203616085,1,0.029000
1648655937.227622032,1,0.028000
1648655937.251695080,1,0.042000
1648655937.275698724,1,0.010000
1648655937.297745745,0,0.000000
1648655937.320578382,0,0.017000
1648655937.342826313,0,0.000000
1648655937.365297357,0,0.000000
1648655937.388489055,0,0.014000
1648655937.410362294,0,0.000000
1648655937.433453792,0,0.000000
1648655937.456413936,0,0.000000
1648655937.477643047,0,0.000000
1648655937.497437832,0,0.000000
1648655937.521021258,0,0.005000
1648655937.542126448,3,0.040000
1648655937.564847927,0,0.000000
1648655937.586872571,1,0.013000
1648655937.610975426,0,0.000000
1648655937.633162405,0,0.000000
1648655937.656077440,0,0.025000
1648655937.678916437,0,0.011000
1648655937.702206643,2,0.026000
1648655937.725704658,0,0.000000
1648655937.747328597,1,0.001000
1648655937.769250400,1,0.001000
1648655937.791948792,0,0.005000
1648655937.814348656,0,0.000000
1648655937.837156654,0,0.000000
1648655937.859369198,0,0.000000
1648655937.880935695,0,0.000000
1648655937.903804849,1,0.030000
1648655937.926935726,0,0.000000
1648655937.951143615,0,0.000000
1648655937.976072505,0,0.000000
1648655937.999075495,0,0.000000
1648655938.022524752,2,0.028000
1648655938.045993970,0,0.000000
1648655938.067347388,0,0.000000
1648655938.088165013,4,0.057000
1648655938.107944304,0,0.000000
1648655938.129453931,0,0.000000
1648655938.151452557,0,0.001000
1648655938.173774276,0,0.007000
1648655938.196727241,0,0.000000
1648655938.218249745,0,0.000000
1648655938.241718617,1,0.016000
1648655938.265244884,0,0.000000
1648655938.287862004,2,0.057000
1648655938.309968167,0,0.000000
1648655938.333349483,0,0.001000
1648655938.354403006,2,0.008000
1648655938.376236622,0,0.000000
1648655938.400551352,0,0.000000
1648655938.423451496,1,0.023000
1648655938.446381441,0,0.000000
1648655938.468338043,0,0.000000
1648655938.490826026,1,0.008000
1648655938.513705360,0,0.000000
1648655938.536365002,0,0.000000
1648655938.557266271,1,0.014000
1648655938.580406513,2,0.047000
1648655938.603183946,3,0.053000
1648655938.625301720,1,0.015000
1648655938.647846455,1,0.027000
1648655938.670025446,3,0.036000
1648655938.692620594,1,0.000000
1648655938.716053314,0,0.010000
1648655938.739711885,1,0.000000
1648655938.761832629,0,0.000000
1648655938.782863629,0,0.000000
1648655938.808386878,2,0.022000
1648655938.832662323,0,0.011000
1648655938.854733261,0,0.000000
1648655938.878974967,0,0.019000
1648655938.900557388,3,0.054000
1648655938.925189490,1,0.013000
1648655938.945216594,1,0.047000
1648655938.967872667,0,0.008000
1648655938.990730447,0,0.000000
1648655939.013376721,0,0.023000
1648655939.036501978,0,0.000000
1648655939.059295848,0,0.000000
1648655939.081626164,0,0.000000
1648655939.104868684,0,0.000000
1648655939.129556472,1,0.031000
1648655939.152858292,1,0.005000
1648655939.175510737,0,0.000000
1648655939.200037222,1,0.030000
1648655939.221483157,0,0.000000
1648655939.242701222,2,0.063000
1648655939.265838840,1,0.000000
1648655939.288586006,3,0.053000
1648655939.312181950,0,0.024000
1648655939.335078299,0,0.000000
1648655939.355208565,0,0.000000
1648655939.377222808,1,0.000000
1648655939.399560479,0,0.000000
1648655939.421442290,0,0.000000
1648655939.442931613,0,0.000000
1648655939.466213621,0,0.000000
1648655939.486173276,0,0.000000
1648655939.508353161,0,0.001000
1648655939.529856940,0,0.000000
1648655939.552709382,0,0.000000
1648655939.575663173,0,0.000000
1648655939.596714790,0,0.000000
1648655939.618425462,0,0.000000
1648655939.640410176,0,0.000000
1648655939.663869612,0,0.000000
1648655939.685394740,0,0.000000
1648655939.708503706,2,0.019000
1648655939.730082488,1,0.030000
1648655939.751088138,4,0.079000
1648655939.774647556,0,0.000000
1648655939.798465229,2,0.025000
1648655939.818752814,0,0.000000
1648655939.841867175,1,0.009000
1648655939.864431226,0,0.015000
1648655939.888218440,2,0.015000
1648655939.908974853,0,0.000000
1648655939.931819420,0,0.000000
1648655939.955465174,0,0.000000
1648655939.977021237,2,0.000000
1648655940.001422566,1,0.000000
1648655940.024045413,0,0.000000
1648655940.047020786,0,0.000000
1648655940.069303668,0,0.000000
1648655940.091814454,0,0.000000
1648655940.115184905,0,0.000000
1648655940.138505958,0,0.000000
1648655940.162262924,0,0.004000
1648655940.186199780,0,0.000000
1648655940.210478302,0,0.000000
1648655940.234310501,2,0.016000
1648655940.256932383,3,0.047000
1648655940.281036723,3,0.027000
1648655940.306020028,1,0.007000
1648655940.328297282,1,0.018000
1648655940.350817604,1,0.016000
1648655940.372411691,0,0.000000
1648655940.394087335,1,0.004000
1648655940.415361197,1,0.018000
1648655940.438600906,1,0.013000
1648655940.459533062,1,0.052000
1648655940.482642941,1,0.027000
1648655940.504900498,0,0.000000
1648655940.528077372,0,0.000000
1648655940.551295284,2,0.049000
1648655940.572843041,0,0.000000
1648655940.596227502,0,0.000000
1648655940.620995598,0,0.003000
1648655940.644315191,0,0.021000
1648655940.668149063,0,0.006000
1648655940.692056931,0,0.000000
1648655940.715004519,0,0.000000
1648655940.738724670,4,0.070000
1648655940.759291525,1,0.000000
1648655940.781061618,0,0.000000
1648655940.804211992,2,0.034000
1648655940.828663236,0,0.000000
1648655940.850425630,0,0.000000
1648655940.870364089,0,0.000000
1648655940.893033481,0,0.000000
1648655940.915507089,3,0.049000
1648655940.938874282,0,0.000000
1648655940.960836311,4,0.018000
1648655940.981135649,2,0.034000
1648655941.003700625,0,0.018000
1648655941.026001835,0,0.000000
1648655941.051051709,2,0.047000
1648655941.071454318,1,0.025000
1648655941.093178437,0,0.000000
1648655941.116227963,2,0.058000
1648655941.139660904,2,0.007000
1648655941.162879526,1,0.000000
1648655941.185672583,0,0.000000
1648655941.207276438,0,0.000000
1648655941.227677525,0,0.000000
1648655941.249854535,0,0.000000
1648655941.272809469,0,0.000000
1648655941.294566418,1,0.016000
1648655941.316971427,0,0.000000
1648655941.339420368,1,0.011000
1648655941.363314732,0,0.000000
1648655941.386946214,1,0.008000
1648655941.408450594,5,0.056000
1648655941.431287596,0,0.001000
1648655941.455953469,0,0.001000
1648655941.477100094,0,0.000000
1648655941.501881327,1,0.029000
1648655941.522601467,0,0.000000
1648655941.546074007,0,0.000000
1648655941.571029861,0,0.000000
1648655941.594388604,0,0.000000
1648655941.618667103,0,0.000000
1648655941.640789685,0,0.005000
1648655941.663189767,0,0.002000
1648655941.686091017,0,0.000000
1648655941.708255230,2,0.026000
1648655941.729215519,0,0.000000
1648655941.750941447,2,0.012000
1648655941.771408872,1,0.018000
1648655941.792642935,2,0.000000
1648655941.815936127,2,0.018000
1648655941.838030704,4,0.078000
1648655941.861148953,0,0.000000
1648655941.882484422,0,0.000000
1648655941.904993992,1,0.029000
1648655941.927260397,0,0.000000
1648655941.949975151,0,0.000000
1648655941.973399478,1,0.033000
1648655941.996801028,3,0.042000
1648655942.019945024,0,0.000000
1648655942.043523672,3,0.051000
1648655942.066911843,2,0.029000
1648655942.089626684,0,0.000000
1648655942.110859328,1,0.066000
1648655942.134138913,0,0.021000
1648655942.156206215,0,0.000000
1648655942.178056272,0,0.000000
1648655942.202344208,0,0.000000
1648655942.224144267,0,0.000000
1648655942.245893328,0,0.005000
1648655942.267041666,1,0.000000
1648655942.289387338,3,0.050000
1648655942.311564456,0,0.000000
1648655942.333852450,0,0.000000
1648655942.357933705,0,0.000000
1648655942.378773210,0,0.014000
1648655942.402209324,0,0.000000
1648655942.424554837,0,0.013000
1648655942.447466181,0,0.008000
1648655942.470221752,0,0.000000
1648655942.494433340,1,0.000000
1648655942.515882325,0,0.004000
1648655942.538871358,0,0.000000
1648655942.562760185,0,0.000000
1648655942.583665242,0,0.000000
1648655942.605179171,1,0.035000
1648655942.628433204,1,0.037000
1648655942.649602966,0,0.000000
1648655942.673104259,0,0.000000
1648655942.696786307,4,0.046000
1648655942.716552856,3,0.031000
1648655942.740024608,2,0.041000
1648655942.763347136,0,0.000000
1648655942.785399204,0,0.013000
1648655942.808190534,0,0.000000
1648655942.830944930,0,0.000000
1648655942.854038834,1,0.018000
1648655942.875496005,1,0.000000
1648655942.898485427,0,0.000000
1648655942.921475483,0,0.013000
1648655942.946653917,1,0.000000
1648655942.968994838,0,0.000000
1648655942.990604748,0,0.000000
1648655943.015323233,0,0.000000
1648655943.038044129,0,0.003000
1648655943.061419949,1,0.035000
1648655943.083150843,0,0.012000
1648655943.105826135,3,0.054000
1648655943.130061340,0,0.000000
1648655943.152554562,2,0.044000
1648655943.176497038,0,0.000000
1648655943.200318925,4,0.077000
1648655943.223155173,0,0.000000
1648655943.245264949,1,0.028000
1648655943.270043758,1,0.005000
1648655943.293501295,0,0.000000
1648655943.315238937,4,0.041000
1648655943.337581413,1,0.028000
1648655943.359187053,1,0.012000
1648655943.382813671,0,0.000000
1648655943.405015123,0,0.000000
1648655943.427534351,1,0.000000
1648655943.451278146,0,0.000000
1648655943.474010280,0,0.000000
1648655943.497397924,0,0.000000
1648655943.519336154,0,0.000000
1648655943.542001809,1,0.022000
1648655943.565279984,1,0.004000
1648655943.588954613,0,0.000000
1648655943.611250822,0,0.000000
1648655943.632359422,0,0.000000
1648655943.655433302,0,0.000000
1648655943.676235777,0,0.000000
1648655943.698468969,0,0.000000
1648655943.721281447,0,0.007000
1648655943.745558038,4,0.069000
1648655943.767162934,0,0.000000
1648655943.790957387,0,0.000000
1648655943.814387438,0,0.000000
1648655943.836875267,1,0.000000
1648655943.858327517,0,0.000000
1648655943.881249926,4,0.037000
1648655943.903875489,3,0.078000
1648655943.925689297,0,0.000000
1648655943.947878393,0,0.000000
1648655943.968485979,0,0.030000
1648655943.992564519,0,0.000000
1648655944.016599168,0,0.000000
1648655944.038085202,1,0.019000
1648655944.062491409,2,0.016000
1648655944.084675002,0,0.000000
1648655944.105314901,3,0.049000
1648655944.125905948,1,0.000000
1648655944.145846486,2,0.028000
1648655944.168596803,3,0.034000
1648655944.189853917,1,0.021000
1648655944.211088681,2,0.033000
1648655944.235092996,0,0.000000
1648655944.255725359,1,0.006000
1648655944.278548734,0,0.000000
1648655944.301624022,0,0.013000
1648655944.324303026,2,0.014000
1648655944.346032584,0,0.000000
1648655944.368112623,0,0.000000
1648655944.390552696,0,0.000000
1648655944.413058430,0,0.000000
1648655944.436584016,0,0.000000
1648655944.459643147,2,0.030000
1648655944.481677769,0,0.000000
1648655944.503399561,0,0.000000
1648655944.527170818,0,0.000000
1648655944.549378041,0,0.000000
1648655944.571510526,0,0.000000
1648655944.593392496,1,0.010000
1648655944.615435208,0,0.000000
1648655944.637066746,4,0.026000
1648655944.660216915,0,0.000000
1648655944.683205237,0,0.000000
1648655944.705972686,3,0.048000
1648655944.727595341,1,0.020000
1648655944.749058024,0,0.000000
1648655944.773346698,0,0.000000
1648655944.796124173,0,0.011000
1648655944.819432781,1,0.000000
1648655944.842650470,0,0.000000
1648655944.866400724,2,0.028000
1648655944.891039227,5,0.084000
1648655944.912162001,0,0.000000
1648655944.935369019,2,0.027000
1648655944.958899608,0,0.000000
1648655944.981281370,1,0.000000
1648655945.003811215,3,0.044000
1648655945.026914503,0,0.027000
1648655945.049684122,0,0.000000
1648655945.072054080,0,0.000000
1648655945.094506484,4,0.079000
1648655945.116370850,0,0.000000
1648655945.139153361,0,0.008000
1648655945.164177225,0,0.000000
1648655945.187671072,0,0.000000
1648655945.210035153,2,0.033000
1648655945.232539954,0,0.000000
1648655945.255583559,1,0.029000
1648655945.279580798,1,0.070000
1648655945.300484320,2,0.025000
1648655945.323579180,0,0.000000
1648655945.347296024,0,0.006000
1648655945.367632219,0,0.000000
1648655945.388250892,0,0.000000
1648655945.411610899,0,0.004000
1648655945.435067535,0,0.000000
1648655945.456808293,0,0.000000
1648655945.477924922,0,0.000000
1648655945.501635816,1,0.030000
1648655945.523325456,4,0.032000
1648655945.545270461,1,0.030000
1648655945.568015568,2,0.062000
1648655945.589772633,2,0.023000
1648655945.611820376,0,0.000000
1648655945.633060513,1,0.007000
1648655945.656581903,0,0.004000
1648655945.678579104,1,0.050000
1648655945.700356739,0,0.000000
1648655945.723421256,2,0.014000
1648655945.746419742,0,0.000000
1648655945.768376266,0,0.000000
1648655945.792165326,0,0.000000
1648655945.814357640,0,0.000000
1648655945.836759552,0,0.000000
1648655945.859801740,0,0.000000
1648655945.882621403,0,0.012000
1648655945.907661762,0,0.000000
1648655945.930269743,4,0.070000
1648655945.952703999,0,0.000000
1648655945.975250730,0,0.000000
1648655945.998446308,0,0.018000
1648655946.019338166,0,0.000000
1648655946.041992622,0,0.000000
1648655946.063260125,0,0.000000
1648655946.086566938,0,0.000000
1648655946.108617873,1,0.010000
1648655946.131155817,0,0.000000
1648655946.153156504,0,0.017000
1648655946.176350564,0,0.011000
1648655946.198907529,1,0.000000
1648655946.222119097,0,0.000000
1648655946.245573722,0,0.000000
1648655946.268478115,0,0.023000
1648655946.292071259,2,0.023000
1648655946.315047235,0,0.000000
1648655946.338362458,0,0.000000
1648655946.359228067,2,0.038000
1648655946.382697536,0,0.000000
1648655946.405354798,1,0.026000
1648655946.426070185,1,0.000000
1648655946.447689926,0,0.000000
1648655946.469455448,7,0.063000
1648655946.490673991,0,0.000000
1648655946.513738898,0,0.000000
1648655946.535559543,1,0.008000
1648655946.558410456,0,0.000000
1648655946.579841664,0,0.000000
1648655946.602761913,0,0.000000
1648655946.626248397,0,0.013000
1648655946.650227485,1,0.017000
1648655946.673046475,3,0.031000
1648655946.692509659,0,0.000000
1648655946.714040758,2,0.015000
1648655946.737380553,0,0.000000
1648655946.760411570,2,0.044000
1648655946.784498617,0,0.000000
1648655946.808937737,4,0.051000
1648655946.831486123,0,0.000000
1648655946.852796071,0,0.000000
1648655946.873463687,0,0.000000
1648655946.895007367,0,0.000000
1648655946.917748350,0,0.000000
1648655946.938867194,1,0.018000
1648655946.961745034,3,0.073000
1648655946.982680122,0,0.011000
1648655947.004586229,0,0.000000
1648655947.026500486,0,0.000000
1648655947.048799043,0,0.000000
1648655947.070718464,0,0.000000
1648655947.092942259,0,0.010000
1648655947.115335856,1,0.057000
1648655947.138334043,0,0.000000
1648655947.162272714,0,0.000000
1648655947.182855569,1,0.000000
1648655947.204358995,0,0.000000
1648655947.224782884,0,0.005000
1648655947.246247949,2,0.041000
1648655947.267699677,1,0.012000
1648655947.289258958,0,0.000000
1648655947.312368596,0,0.013000
1648655947.334624073,0,0.000000
1648655947.357373599,0,0.000000
1648655947.380343341,0,0.004000
1648655947.402439595,0,0.000000
1648655947.425351476,0,0.000000
1648655947.446711240,0,0.000000
1648655947.468030010,0,0.000000
1648655947.489469220,0,0.004000
1648655947.510021099,0,0.000000
1648655947.532562267,0,0.000000
1648655947.554697020,0,0.000000
1648655947.577588765,0,0.000000
1648655947.601356032,0,0.009000
1648655947.623871423,3,0.047000
1648655947.645202671,0,0.000000
1648655947.668538464,0,0.000000
1648655947.691426590,1,0.000000
1648655947.714999683,0,0.000000
1648655947.735720015,0,0.007000
1648655947.756413350,0,0.000000
1648655947.778248947,0,0.000000
1648655947.799968577,0,0.000000
1648655947.823928229,0,0.000000
1648655947.846403973,0,0.023000
1648655947.868324843,0,0.000000
1648655947.891841013,0,0.007000
1648655947.914609948,0,0.000000
1648655947.938279174,0,0.000000
1648655947.958738338,0,0.000000
1648655947.980887374,2,0.026000
1648655948.003162798,0,0.000000
1648655948.025745267,0,0.000000
1648655948.050455281,0,0.000000
1648655948.074213619,0,0.012000
1648655948.097059626,0,0.015000
1648655948.117561915,0,0.001000
1648655948.140490653,0,0.001000
1648655948.163851752,0,0.013000
1648655948.187357835,0,0.000000
1648655948.210829327,0,0.000000
1648655948.234078376,0,0.000000
1648655948.256184577,0,0.000000
1648655948.278528276,0,0.000000
1648655948.299076127,0,0.000000
1648655948.321737410,0,0.000000
1648655948.344773178,2,0.007000
1648655948.368344230,0,0.000000
1648655948.390747232,3,0.057000
1648655948.414904172,1,0.000000
1648655948.434325188,1,0.024000
1648655948.456323414,1,0.048000
1648655948.478876657,0,0.000000
1648655948.500729370,0,0.004000
1648655948.522996147,0,0.000000
1648655948.545458620,0,0.000000
1648655948.567970958,0,0.008000
1648655948.591234778,1,0.028000
1648655948.615219143,0,0.000000
1648655948.639232154,1,0.035000
1648655948.662756294,1,0.020000
1648655948.684394757,0,0.000000
1648655948.707360195,0,0.026000
1648655948.728120464,0,0.016000
1648655948.751110533,0,0.000000
1648655948.775917964,1,0.038000
1648655948.798449914,0,0.000000
1648655948.821412925,0,0.000000
1648655948.843743991,1,0.000000
1648655948.865610327,0,0.000000
1648655948.887675562,1,0.009000
1648655948.910644599,0,0.000000
1648655948.933874733,0,0.000000
1648655948.956652795,2,0.042000
1648655948.979073861,0,0.000000
1648655949.001558580,0,0.000000
1648655949.023770428,0,0.015000
1648655949.046022332,0,0.003000
1648655949.068128096,1,0.044000
1648655949.092173083,1,0.023000
1648655949.116990613,1,0.019000
1648655949.139501696,0,0.000000
1648655949.162299763,0,0.000000
1648655949.184373500,0,0.000000
1648655949.208145332,0,0.000000
1648655949.230612200,2,0.029000
1648655949.254208053,0,0.000000
1648655949.276454212,0,0.004000
1648655949.299462565,0,0.000000
1648655949.323623827,0,0.000000
1648655949.346464511,0,0.000000
1648655949.367401383,0,0.000000
1648655949.389998101,0,0.000000
1648655949.413558893,0,0.000000
1648655949.434582889,0,0.011000
1648655949.456196805,0,0.011000
1648655949.477026760,3,0.061000
1648655949.499663960,0,0.000000
1648655949.523373223,2,0.054000
1648655949.545054850,0,0.000000
1648655949.566337540,0,0.000000
1648655949.590053175,2,0.022000
1648655949.613061652,0,0.000000
1648655949.635628430,0,0.000000
1648655949.658681387,1,0.008000
1648655949.681061198,0,0.000000
1648655949.704253111,0,0.000000
1648655949.728371170,0,0.000000
1648655949.751211733,0,0.000000
1648655949.775442461,1,0.016000
1648655949.797346666,0,0.000000
1648655949.819267112,1,0.014000
1648655949.842348336,2,0.046000
1648655949.865634957,1,0.026000
1648655949.888926563,0,0.000000
1648655949.911018726,0,0.000000
1648655949.932845304,2,0.076000
1648655949.954936487,0,0.000000
1648655949.976412497,1,0.001000
1648655949.999792076,0,0.016000
1648655950.021492270,0,0.000000
1648655950.045255029,0,0.000000
1648655950.068171203,0,0.000000
1648655950.092151573,0,0.000000
1648655950.115322020,0,0.000000
1648655950.138419756,0,0.000000
1648655950.157870352,4,0.074000
1648655950.181180150,1,0.000000
1648655950.204123173,0,0.000000
1648655950.226235188,0,0.000000
1648655950.249283661,0,0.000000
1648655950.271891990,1,0.000000
1648655950.295503585,0,0.004000
1648655950.318064127,1,0.019000
1648655950.338184616,4,0.068000
1648655950.361521399,0,0.000000
1648655950.381660586,1,0.012000
1648655950.404873066,1,0.000000
1648655950.427493379,3,0.038000
1648655950.450138034,0,0.000000
1648655950.472259171,4,0.061000
1648655950.495074774,0,0.000000
1648655950.517156753,0,0.000000
1648655950.539893656,0,0.016000
1648655950.562906065,0,0.000000
1648655950.583636275,0,0.009000
1648655950.606445257,0,0.000000
1648655950.628673060,0,0.000000
1648655950.651082443,0,0.008000
1648655950.673845279,0,0.000000
1648655950.697050070,0,0.003000
1648655950.719221789,0,0.000000
1648655950.741386495,0,0.000000
1648655950.764216398,0,0.000000
1648655950.785016768,0,0.000000
1648655950.805856170,0,0.015000
1648655950.827352578,0,0.000000
1648655950.850451081,0,0.000000
1648655950.873051139,0,0.000000
1648655950.896493907,0,0.000000
1648655950.918005421,0,0.000000
1648655950.943831055,1,0.000000
1648655950.966169744,0,0.000000
1648655950.988252505,0,0.000000
1648655951.010478005,0,0.000000
1648655951.031187582,0,0.000000
1648655951.053187498,0,0.000000
1648655951.075231074,0,0.007000
1648655951.096815119,0,0.000000
1648655951.118353027,2,0.038000
1648655951.142734893,0,0.000000
1648655951.164417570,0,0.000000
1648655951.186323230,1,0.004000
1648655951.208592484,0,0.004000
1648655951.231724373,0,0.000000
1648655951.253101946,2,0.067000
1648655951.275366457,0,0.000000
1648655951.297165088,6,0.074000
1648655951.318892769,0,0.000000
1648655951.342059368,1,0.000000
1648655951.365202009,0,0.000000
1648655951.387481935,0,0.000000
1648655951.409565251,2,0.000000
1648655951.432637726,0,0.000000
1648655951.453211588,1,0.029000
1648655951.474685943,0,0.000000
1648655951.496680527,0,0.000000
1648655951.518838536,3,0.038000
1648655951.539046530,0,0.000000
1648655951.562161552,2,0.000000
1648655951.585742569,1,0.012000
1648655951.606729093,1,0.007000
1648655951.626747180,3,0.064000
1648655951.646729362,3,0.040000
1648655951.669958494,0,0.000000
1648655951.690496624,2,0.029000
1648655951.714147857,0,0.008000
1648655951.736769539,4,0.060000
1648655951.758744999,0,0.000000
1648655951.780723396,0,0.024000
1648655951.804594772,0,0.000000
1648655951.824858392,1,0.000000
1648655951.847384448,0,0.000000
1648655951.869019184,2,0.023000
1648655951.892606705,0,0.007000
1648655951.914526239,0,0.000000
1648655951.936794185,0,0.000000
1648655951.958953510,0,0.000000
1648655951.981527596,0,0.001000
1648655952.003720460,2,0.051000
1648655952.024649682,0,0.000000
1648655952.047640194,1,0.026000
1648655952.070383135,0,0.000000
1648655952.092481429,0,0.000000
1648655952.115857693,1,0.024000
1648655952.136492472,0,0.000000
1648655952.157451464,0,0.000000
1648655952.180203813,0,0.000000
1648655952.203777397,3,0.065000
1648655952.225850958,2,0.004000
1648655952.248331563,0,0.000000
1648655952.270167643,0,0.000000
1648655952.291116163,0,0.000000
1648655952.312218324,3,0.020000
1648655952.334985418,0,0.017000
1648655952.358472668,2,0.061000
1648655952.381437535,0,0.000000
1648655952.403231500,0,0.000000
1648655952.425920424,0,0.000000
1648655952.448991586,3,0.031000
1648655952.470652681,1,0.001000
1648655952.494034485,0,0.000000
1648655952.514713370,2,0.065000
1648655952.539599468,0,0.027000
1648655952.561013172,0,0.000000
1648655952.583201574,0,0.000000
1648655952.606642266,0,0.001000
1648655952.627471344,0,0.000000
1648655952.650396100,0,0.000000
1648655952.672337715,1,0.000000
1648655952.693777592,0,0.000000
1648655952.714878646,3,0.006000
1648655952.736175800,0,0.000000
1648655952.758458022,0,0.000000
1648655952.781750421,0,0.000000
1648655952.803298502,1,0.000000
1648655952.825190802,0,0.001000
1648655952.848114597,0,0.000000
1648655952.871799689,4,0.080000
1648655952.895437825,3,0.041000
1648655952.918688253,0,0.000000
1648655952.941114009,0,0.000000
1648655952.963254916,0,0.000000
1648655952.986530161,0,0.000000
1648655953.010802530,0,0.023000
1648655953.033887345,1,0.020000
1648655953.055952255,3,0.051000
1648655953.080082334,0,0.000000
1648655953.102077858,0,0.000000
1648655953.125788318,1,0.025000
1648655953.150065091,0,0.000000
1648655953.171166261,0,0.000000
1648655953.192590258,0,0.000000
1648655953.214136338,1,0.006000
1648655953.238153064,0,0.000000
1648655953.261002899,0,0.000000
1648655953.285742023,0,0.012000
1648655953.307601464,1,0.014000
1648655953.331145868,1,0.000000
1648655953.354766196,0,0.000000
1648655953.374756090,0,0.000000
1648655953.396713922,0,0.000000
1648655953.419425117,0,0.000000
1648655953.439130757,2,0.037000
1648655953.460152726,0,0.000000
1648655953.484321596,0,0.000000
1648655953.506320801,0,0.012000
1648655953.528351379,0,0.000000
1648655953.553012465,2,0.065000
1648655953.574104095,1,0.023000
1648655953.596104980,0,0.000000
1648655953.618665602,2,0.000000
1648655953.639068801,0,0.020000
1648655953.660775932,1,0.016000
1648655953.685030715,0,0.000000
1648655953.708480266,0,0.000000
1648655953.730499840,0,0.000000
1648655953.752661429,1,0.032000
1648655953.773884906,1,0.000000
1648655953.796440597,0,0.000000
1648655953.817864290,0,0.000000
1648655953.842424177,2,0.012000
1648655953.864950624,1,0.000000
1648655953.885361977,1,0.000000
1648655953.908067570,0,0.000000
1648655953.928794115,0,0.001000
1648655953.952656129,0,0.000000
1648655953.975422112,1,0.051000
1648655953.998556591,0,0.000000
1648655954.020839745,0,0.000000
1648655954.040795062,0,0.000000
1648655954.063279872,3,0.055000
1648655954.086120158,0,0.001000
1648655954.107313656,1,0.000000
1648655954.128439369,0,0.000000
1648655954.152040039,2,0.034000
1648655954.174388785,1,0.010000
1648655954.197325673,0,0.001000
1648655954.221182579,1,0.006000
1648655954.246057224,0,0.000000
1648655954.267328868,0,0.000000
1648655954.290510599,0,0.000000
1648655954.313007498,1,0.000000
1648655954.336741297,1,0.007000
1648655954.357292814,2,0.044000
1648655954.379454854,0,0.000000
1648655954.402764942,2,0.028000
1648655954.425026747,3,0.034000
1648655954.447398943,0,0.000000
1648655954.468727388,0,0.000000
1648655954.490264987,2,0.019000
1648655954.511837027,0,0.000000
1648655954.534917295,3,0.070000
1648655954.558661469,0,0.000000
1648655954.581499554,1,0.038000
1648655954.604346460,0,0.000000
1648655954.627686424,0,0.000000
1648655954.649667106,0,0.007000
1648655954.670933194,0,0.000000
1648655954.692370594,0,0.009000
1648655954.714673736,0,0.025000
1648655954.737174687,0,0.000000
1648655954.761016755,3,0.018000
1648655954.783323303,0,0.000000
1648655954.805684581,3,0.038000
1648655954.827936864,2,0.035000
1648655954.851411953,1,0.023000
1648655954.876186419,1,0.000000
1648655954.897808847,3,0.046000
1648655954.920778826,0,0.000000
1648655954.943573137,0,0.000000
1648655954.965623441,0,0.000000
1648655954.987802693,0,0.000000
1648655955.010868806,5,0.065000
1648655955.033891364,2,0.005000
1648655955.056212587,1,0.037000
1648655955.079589945,0,0.000000
1648655955.100608156,1,0.028000
1648655955.122218387,2,0.020000
1648655955.146375419,0,0.000000
1648655955.164715353,1,0.022000
1648655955.186994193,0,0.000000
1648655955.210000590,0,0.000000
1648655955.231238019,0,0.000000
1648655955.253489954,0,0.000000
1648655955.275448106,0,0.000000
1648655955.298713375,0,0.000000
1648655955.320105453,3,0.055000
1648655955.343929838,0,0.000000
1648655955.367887912,0,0.000000
1648655955.390541684,1,0.021000
1648655955.411340510,1,0.027000
1648655955.434762821,0,0.000000
1648655955.456981371,0,0.006000
1648655955.478725305,2,0.024000
1648655955.499753188,0,0.000000
1648655955.520955756,4,0.020000
1648655955.543034723,0,0.000000
1648655955.563663591,3,0.032000
1648655955.586808859,0,0.000000
1648655955.608471211,2,0.023000
1648655955.629750847,0,0.000000
1648655955.650724952,0,0.019000
1648655955.673795135,1,0.025000
1648655955.697553947,3,0.078000
1648655955.719895548,0,0.000000
1648655955.742867800,0,0.000000
1648655955.765470634,0,0.000000
1648655955.787358628,0,0.000000
1648655955.810919248,2,0.049000
1648655955.833677658,0,0.000000
1648655955.856097092,3,0.030000
1648655955.878334478,0,0.000000
1648655955.901497820,1,0.000000
1648655955.923622520,0,0.000000
1648655955.946308576,0,0.000000
1648655955.970397676,0,0.000000
1648655955.990673449,0,0.000000
1648655956.012874445,0,0.000000
1648655956.034282293,0,0.000000
1648655956.057001177,2,0.016000
1648655956.079463165,0,0.000000
1648655956.101920194,0,0.000000
1648655956.125507270,0,0.003000
1648655956.148160140,0,0.000000
1648655956.172041974,0,0.008000
1648655956.194468353,0,0.000000
1648655956.217364909,0,0.000000
1648655956.240866557,1,0.000000
1648655956.262113024,0,0.000000
1648655956.282579351,0,0.000000
1648655956.304210782,0,0.000000
1648655956.327081435,0,0.000000
1648655956.349102232,0,0.013000
1648655956.372053419,2,0.046000
1648655956.395132728,0,0.000000
1648655956.415815218,2,0.027000
1648655956.438290154,0,0.000000
1648655956.463061797,2,0.037000
1648655956.484932006,2,0.026000
1648655956.506911753,0,0.000000
1648655956.528207629,0,0.035000
1648655956.550701081,0,0.000000
1648655956.571444167,0,0.000000
1648655956.592496719,0,0.012000
1648655956.615565817,0,0.000000
1648655956.638837285,0,0.000000
1648655956.662287121,3,0.033000
1648655956.685340981,1,0.023000
1648655956.709813959,0,0.010000
1648655956.732024053,0,0.007000
1648655956.754532774,1,0.017000
1648655956.777463066,0,0.000000
1648655956.800004061,3,0.018000
1648655956.823500572,0,0.000000
1648655956.847217321,1,0.012000
1648655956.869008266,2,0.030000
1648655956.891502622,0,0.000000
1648655956.914329391,1,0.005000
1648655956.937163806,0,0.000000
1648655956.958688623,5,0.046000
1648655956.981631235,0,0.000000
1648655957.004099618,2,0.019000
1648655957.028811997,0,0.000000
1648655957.049360186,0,0.000000
1648655957.072099130,1,0.038000
1648655957.093373493,3,0.043000
1648655957.114621575,0,0.000000
1648655957.137806786,0,0.000000
1648655957.160505488,0,0.000000
1648655957.182221652,0,0.000000
1648655957.204655845,1,0.011000
1648655957.227951128,0,0.000000
1648655957.249443782,0,0.000000
1648655957.271462133,0,0.000000
1648655957.291275314,0,0.000000
1648655957.313963991,0,0.000000
1648655957.335576860,0,0.005000
1648655957.358888375,0,0.000000
1648655957.381791643,0,0.000000
1648655957.402761288,1,0.000000
1648655957.425366871,0,0.010000
1648655957.449523236,0,0.000000
1648655957.470707202,0,0.007000
1648655957.491760036,0,0.000000
1648655957.515240164,0,0.000000
1648655957.537610701,0,0.000000
1648655957.560102665,0,0.000000
1648655957.582430774,1,0.004000
1648655957.606175159,0,0.000000
1648655957.629693676,1,0.000000
1648655957.653409967,0,0.000000
1648655957.676396776,1,0.000000
1648655957.698706709,0,0.000000
1648655957.721341575,0,0.000000
1648655957.744432118,0,0.000000
1648655957.766316642,0,0.008000
1648655957.787065675,1,0.023000
1648655957.810267374,2,0.032000
1648655957.833025741,0,0.012000
1648655957.856231803,0,0.000000
1648655957.879120372,1,0.044000
1648655957.902144209,0,0.001000
1648655957.924420114,0,0.000000
1648655957.946774507,3,0.049000
1648655957.969494771,0,0.000000
1648655957.992274967,0,0.000000
1648655958.015542966,0,0.000000
1648655958.036584988,2,0.033000
1648655958.059733663,0,0.000000
1648655958.081306572,2,0.038000
1648655958.103417984,0,0.000000
1648655958.124376234,0,0.000000
1648655958.147062393,3,0.040000
1648655958.168436010,0,0.014000
1648655958.191049232,0,0.000000
1648655958.213402361,0,0.000000
1648655958.236262645,1,0.026000
1648655958.261364136,0,0.000000
1648655958.281430170,0,0.000000
1648655958.302416778,0,0.000000
1648655958.323176817,1,0.007000
1648655958.345495295,0,0.000000
1648655958.366415451,1,0.018000
1648655958.388038753,1,0.001000
1648655958.411102655,0,0.000000
1648655958.433375984,0,0.000000
1648655958.456548407,0,0.000000
1648655958.477224821,0,0.000000
1648655958.499553321,0,0.004000
1648655958.523080098,0,0.017000
1648655958.544496969,0,0.000000
1648655958.569096560,0,0.000000
1648655958.592524334,0,0.000000
1648655958.616175131,0,0.000000
1648655958.639489661,1,0.000000
1648655958.661988331,0,0.000000
1648655958.684479146,0,0.000000
1648655958.707503398,0,0.028000
1648655958.729189009,0,0.000000
1648655958.752987586,0,0.000000
1648655958.775393012,0,0.007000
1648655958.799071748,0,0.000000
1648655958.820188823,0,0.000000
1648655958.842608071,3,0.046000
1648655958.865979552,0,0.000000
1648655958.887762380,2,0.061000
1648655958.908939000,0,0.000000
1648655958.931481162,1,0.002000
1648655958.954333430,0,0.000000
1648655958.978097498,0,0.017000
1648655959.000979885,0,0.015000
1648655959.024241625,0,0.000000
1648655959.047056613,0,0.000000
1648655959.071827868,0,0.000000
1648655959.094580173,4,0.055000
1648655959.116891704,0,0.000000
1648655959.139910789,0,0.000000
1648655959.162192387,1,0.000000
1648655959.185357454,2,0.017000
1648655959.209028928,0,0.000000
1648655959.232136104,0,0.004000
1648655959.256197701,0,0.000000
1648655959.278475966,0,0.000000
1648655959.303311959,0,0.016000
1648655959.326058686,0,0.000000
1648655959.347359629,0,0.006000
1648655959.369468635,0,0.000000
1648655959.392063083,2,0.032000
1648655959.414565669,0,0.000000
1648655959.435946754,2,0.042000
1648655959.459502922,2,0.035000
1648655959.483154878,4,0.070000
1648655959.504586599,0,0.004000
1648655959.528061299,1,0.000000
1648655959.551342134,4,0.094000
1648655959.573702932,0,0.005000
1648655959.596649706,0,0.000000
1648655959.620226991,0,0.000000
1648655959.644483436,0,0.000000
1648655959.665479558,2,0.028000
1648655959.688907743,0,0.000000
1648655959.710447105,0,0.000000
1648655959.733326575,1,0.014000
1648655959.755517603,2,0.040000
1648655959.778108329,0,0.000000
1648655959.799950845,4,0.050000
1648655959.821661977,3,0.048000
1648655959.844258517,1,0.008000
1648655959.868268592,2,0.067000
1648655959.888877629,0,0.005000
1648655959.909975055,0,0.000000
1648655959.933338310,0,0.000000
1648655959.955494616,0,0.016000
1648655959.978786007,2,0.040000
1648655960.001108522,0,0.000000
1648655960.022455542,2,0.035000
1648655960.046525327,0,0.000000
1648655960.069709680,0,0.000000
1648655960.091866422,2,0.048000
1648655960.114171240,0,0.000000
1648655960.134952084,1,0.021000
1648655960.156360969,1,0.002000
1648655960.178581777,0,0.000000
1648655960.202331747,2,0.028000
1648655960.225529686,0,0.000000
1648655960.247491580,1,0.004000
1648655960.269965510,1,0.000000
1648655960.293532251,0,0.000000
1648655960.317160301,0,0.012000
1648655960.341310577,0,0.000000
1648655960.365053703,0,0.000000
1648655960.387371939,0,0.010000
1648655960.409371603,0,0.000000
1648655960.433110672,1,0.004000
1648655960.455263240,0,0.000000
1648655960.476750534,1,0.024000
1648655960.499810437,0,0.000000
1648655960.521374980,1,0.005000
1648655960.543998789,0,0.000000
1648655960.566424038,0,0.000000
1648655960.588968547,3,0.059000
1648655960.613578712,0,0.000000
1648655960.635474227,0,0.000000
1648655960.658249608,1,0.009000
1648655960.680486482,0,0.000000
1648655960.703420392,0,0.004000
1648655960.726142995,0,0.000000
1648655960.750143716,2,0.000000
1648655960.772718983,1,0.001000
1648655960.795584914,0,0.000000
1648655960.819685095,0,0.012000
1648655960.841696561,2,0.030000
1648655960.864684744,0,0.000000
1648655960.885971429,1,0.006000
1648655960.909578181,0,0.000000
1648655960.933474345,2,0.036000
1648655960.957216400,2,0.009000
1648655960.979324520,0,0.000000
1648655961.002436401,0,0.000000
1648655961.025101730,0,0.000000
1648655961.048844459,0,0.001000
1648655961.072037959,1,0.055000
1648655961.096072436,1,0.028000
1648655961.119397232,0,0.000000
1648655961.142348428,2,0.037000
1648655961.165271803,2,0.027000
1648655961.187525993,0,0.000000
1648655961.210790307,0,0.000000
1648655961.234423973,3,0.028000
1648655961.258212620,2,0.047000
1648655961.281185094,1,0.025000
1648655961.302402076,1,0.030000
1648655961.323819093,0,0.000000
1648655961.346309266,4,0.080000
1648655961.369843087,2,0.041000
1648655961.393741263,2,0.030000
1648655961.415658462,0,0.013000
1648655961.438592915,0,0.000000
1648655961.462491541,0,0.000000
1648655961.484845337,0,0.007000
1648655961.507317731,0,0.001000
1648655961.529177866,0,0.000000
1648655961.551054881,0,0.013000
1648655961.574075947,0,0.007000
1648655961.596902836,4,0.057000
1648655961.619368576,0,0.000000
1648655961.643106897,0,0.000000
1648655961.666474084,0,0.000000
1648655961.689072620,0,0.000000
1648655961.711096446,0,0.000000
1648655961.731346778,0,0.000000
1648655961.753154331,2,0.042000
1648655961.776709409,2,0.041000
1648655961.799472927,0,0.000000
1648655961.822280417,1,0.000000
1648655961.846064761,0,0.000000
1648655961.868032188,0,0.000000
1648655961.891060886,0,0.000000
1648655961.913883043,2,0.022000
1648655961.936012235,1,0.036000
1648655961.956222038,0,0.000000
1648655961.977155579,2,0.017000
1648655962.000063351,0,0.000000
1648655962.021278249,0,0.000000
1648655962.044162294,1,0.047000
1648655962.067336889,0,0.000000
1648655962.089433428,0,0.000000
1648655962.111183748,3,0.033000
1648655962.134238813,1,0.054000
1648655962.157356313,1,0.000000
1648655962.178051543,0,0.000000
1648655962.200684758,5,0.071000
1648655962.222813654,0,0.000000
1648655962.244735247,1,0.000000
1648655962.268785039,0,0.000000
1648655962.291523578,0,0.000000
1648655962.314135395,1,0.001000
1648655962.336944849,0,0.000000
1648655962.358455900,1,0.000000
1648655962.380756966,0,0.000000
1648655962.402037169,1,0.013000
1648655962.424923664,0,0.000000
1648655962.446714698,0,0.000000
1648655962.467763739,0,0.011000
1648655962.491070789,3,0.036000
1648655962.514082619,0,0.000000
1648655962.536418593,2,0.059000
1648655962.558082032,0,0.000000
1648655962.580775900,4,0.062000
1648655962.602761706,0,0.000000
1648655962.624751920,0,0.000000
1648655962.648580516,1,0.012000
1648655962.671790246,0,0.000000
1648655962.694243174,0,0.000000
1648655962.717084666,0,0.000000
1648655962.740812782,3,0.059000
1648655962.762479401,0,0.015000
1648655962.784841727,1,0.017000
1648655962.808296362,0,0.001000
1648655962.832041579,0,0.000000
1648655962.853088970,0,0.000000
1648655962.876150154,0,0.000000
1648655962.897025116,0,0.000000
1648655962.919554467,0,0.000000
1648655962.941109479,0,0.000000
1648655962.963018241,0,0.000000
1648655962.985898036,0,0.000000
1648655963.007905249,2,0.016000
1648655963.031457952,1,0.001000
1648655963.053880687,3,0.021000
1648655963.076325019,3,0.013000
1648655963.097685048,0,0.000000
1648655963.119480825,0,0.000000
1648655963.142437912,1,0.000000
1648655963.165549910,0,0.028000
1648655963.188459119,1,0.021000
1648655963.211937018,1,0.013000
1648655963.233733299,1,0.011000
1648655963.258000595,0,0.000000
1648655963.278739679,0,0.001000
1648655963.303232774,0,0.000000
1648655963.324586619,0,0.001000
1648655963.344956232,0,0.000000
1648655963.369859775,1,0.045000
1648655963.392226542,0,0.000000
1648655963.414556290,1,0.000000
1648655963.437718404,1,0.013000
1648655963.460142087,0,0.000000
1648655963.484614984,0,0.012000
1648655963.508635761,1,0.023000
1648655963.531368624,0,0.000000
1648655963.552214286,0,0.000000
1648655963.575247149,3,0.024000
1648655963.600100783,0,0.000000
1648655963.622766331,1,0.019000
1648655963.645628644,0,0.000000
1648655963.668048313,0,0.000000
1648655963.690409343,0,0.000000
1648655963.712053706,0,0.000000
1648655963.733087430,4,0.082000
1648655963.754807104,0,0.000000
1648655963.775225574,0,0.009000
1648655963.797361841,3,0.050000
1648655963.820362040,5,0.038000
1648655963.842107839,0,0.006000
1648655963.864142167,0,0.000000
1648655963.887755744,0,0.012000
1648655963.909510968,0,0.005000
1648655963.928961532,0,0.005000
1648655963.951352356,0,0.000000
1648655963.973302444,0,0.000000
1648655963.996240584,0,0.000000
1648655964.019876016,0,0.000000
1648655964.042808011,0,0.000000
1648655964.065886013,0,0.000000
1648655964.087722655,0,0.000000
1648655964.110464780,0,0.000000
1648655964.133187855,0,0.020000
1648655964.156348204,0,0.003000
1648655964.178148695,0,0.001000
1648655964.200865005,0,0.000000
1648655964.222003967,0,0.000000
1648655964.243444946,1,0.000000
1648655964.265209165,0,0.000000
1648655964.288044677,0,0.000000
1648655964.310266741,0,0.006000
1648655964.334749937,0,0.006000
1648655964.356594371,0,0.000000
1648655964.379663746,1,0.026000
1648655964.402411068,1,0.000000
1648655964.422708127,0,0.004000
1648655964.445468798,0,0.000000
1648655964.470497076,0,0.000000
1648655964.493983576,1,0.001000
1648655964.514699539,0,0.013000
1648655964.536609955,0,0.000000
1648655964.559203895,0,0.001000
1648655964.582093122,0,0.000000
1648655964.604978369,0,0.016000
1648655964.626081874,0,0.000000
1648655964.647393701,0,0.000000
1648655964.667848130,1,0.000000
1648655964.690766777,0,0.000000
1648655964.713053090,0,0.007000
1648655964.733883144,0,0.012000
1648655964.758057732,0,0.009000
1648655964.779639503,0,0.000000
1648655964.802036519,1,0.012000
1648655964.824739291,0,0.000000
1648655964.847220916,0,0.000000
1648655964.869953088,1,0.018000
1648655964.892165864,2,0.038000
1648655964.915188059,2,0.020000
1648655964.936711100,0,0.000000
1648655964.959330271,4,0.031000
1648655964.982685877,5,0.059000
1648655965.006412737,0,0.000000
1648655965.028275946,0,0.000000
1648655965.050293174,0,0.000000
1648655965.073437552,0,0.000000
1648655965.096665258,0,0.000000
1648655965.118408493,1,0.001000
1648655965.141457749,0,0.000000
1648655965.165032274,1,0.021000
1648655965.187926407,0,0.000000
1648655965.209231504,1,0.043000
1648655965.232320231,0,0.008000
1648655965.253831964,0,0.000000
1648655965.276150804,2,0.033000
1648655965.298723337,0,0.009000
1648655965.322143126,4,0.029000
1648655965.346002695,0,0.000000
1648655965.368104726,0,0.000000
1648655965.390367442,1,0.015000
1648655965.413942655,0,0.000000
1648655965.437690851,0,0.000000
1648655965.461363261,3,0.031000
1648655965.485408557,0,0.000000
1648655965.507863307,1,0.011000
1648655965.531007354,2,0.014000
1648655965.552847302,3,0.059000
1648655965.574811313,3,0.047000
1648655965.596170999,0,0.000000
1648655965.620019609,0,0.000000
1648655965.641315136,1,0.021000
1648655965.663209169,0,0.000000
1648655965.685473043,0,0.000000
1648655965.709999864,0,0.000000
1648655965.732119844,2,0.026000
1648655965.753727171,2,0.023000
1648655965.775446127,0,0.000000
1648655965.798149650,3,0.052000
1648655965.820323058,3,0.057000
1648655965.842368552,0,0.000000
1648655965.865534557,1,0.033000
1648655965.889050704,1,0.010000
1648655965.913015664,0,0.000000
1648655965.936006341,0,0.000000
1648655965.957674529,0,0.000000
1648655965.981614153,0,0.000000
1648655966.004195275,1,0.037000
1648655966.027134346,2,0.023000
1648655966.050465534,0,0.014000
1648655966.071985205,3,0.057000
1648655966.094024371,2,0.037000
1648655966.115090050,0,0.000000
1648655966.137795869,2,0.018000
1648655966.159602811,2,0.035000
1648655966.182129340,0,0.004000
1648655966.205373297,0,0.000000
1648655966.226609997,0,0.000000
1648655966.249878211,0,0.000000
1648655966.272326467,0,0.000000
1648655966.297151167,0,0.000000
1648655966.319253069,1,0.000000
1648655966.343121380,0,0.000000
1648655966.366596221,1,0.009000
1648655966.389660987,0,0.000000
1648655966.413365415,0,0.000000
1648655966.436960846,0,0.000000
1648655966.460835349,2,0.020000
1648655966.484263207,2,0.046000
1648655966.506999472,0,0.000000
1648655966.530774016,1,0.008000
1648655966.552722190,0,0.014000
1648655966.574565425,2,0.030000
1648655966.598054399,0,0.000000
1648655966.618575479,0,0.000000
1648655966.640927371,1,0.020000
1648655966.663307491,0,0.000000
1648655966.685227683,0,0.004000
1648655966.707323449,1,0.000000
1648655966.730450415,0,0.000000
1648655966.753094815,0,0.000000
1648655966.775803296,3,0.034000
1648655966.800019792,1,0.025000
1648655966.824270716,0,0.002000
1648655966.845440771,0,0.000000
1648655966.866733547,0,0.000000
1648655966.889094661,0,0.000000
1648655966.911885321,1,0.001000
1648655966.935570743,0,0.013000
1648655966.958973378,0,0.000000
1648655966.980422970,0,0.000000
1648655967.004223375,0,0.000000
1648655967.027129354,0,0.004000
1648655967.050299491,0,0.000000
1648655967.074577272,2,0.017000
1648655967.097925414,0,0.017000
1648655967.121815482,0,0.000000
1648655967.142069523,1,0.000000
1648655967.164164604,0,0.000000
1648655967.185888502,0,0.008000
1648655967.209249242,0,0.000000
1648655967.230474900,0,0.000000
1648655967.252942724,1,0.000000
1648655967.276311333,0,0.002000
1648655967.299756855,0,0.000000
1648655967.322817512,1,0.006000
1648655967.346558833,0,0.000000
1648655967.369322137,2,0.042000
1648655967.393333692,0,0.000000
1648655967.415023399,2,0.000000
1648655967.437625406,2,0.063000
1648655967.459008611,0,0.000000
1648655967.482649355,0,0.000000
1648655967.504851053,0,0.000000
1648655967.528737286,0,0.000000
1648655967.550426355,0,0.004000
1648655967.573429964,0,0.000000
1648655967.598098108,0,0.000000
1648655967.621256045,0,0.000000
1648655967.644228228,1,0.000000
1648655967.667758292,0,0.000000
1648655967.690256143,2,0.047000
1648655967.713264219,0,0.000000
1648655967.737195697,1,0.008000
1648655967.760537544,0,0.000000
1648655967.783010804,2,0.033000
1648655967.805749635,4,0.030000
1648655967.827232056,2,0.020000
1648655967.849774361,0,0.000000
1648655967.872146696,0,0.000000
1648655967.894503495,0,0.000000
1648655967.916544491,0,0.001000
1648655967.938919762,1,0.041000
1648655967.962911643,0,0.000000
1648655967.986241603,1,0.006000
1648655968.009528306,1,0.044000
1648655968.033318670,0,0.000000
1648655968.054472860,0,0.000000
1648655968.076479560,0,0.000000
1648655968.099905863,1,0.054000
1648655968.123842197,2,0.016000
1648655968.145595756,2,0.047000
1648655968.168122249,0,0.000000
1648655968.191470347,0,0.011000
1648655968.215420593,0,0.015000
1648655968.237264232,1,0.044000
1648655968.260215531,0,0.000000
1648655968.283582079,0,0.004000
1648655968.306280113,2,0.040000
1648655968.329264186,1,0.039000
1648655968.351564938,0,0.005000
1648655968.371135905,0,0.000000
1648655968.393448087,2,0.034000
1648655968.416008297,0,0.000000
1648655968.438733143,0,0.000000
1648655968.461160098,1,0.001000
1648655968.484657420,0,0.000000
1648655968.508297876,0,0.000000
1648655968.530069578,1,0.029000
1648655968.552848898,0,0.000000
1648655968.575985576,0,0.000000
1648655968.598273786,2,0.006000
1648655968.621544692,0,0.000000
1648655968.645178807,2,0.058000
1648655968.669075366,2,0.017000
1648655968.691387704,3,0.012000
1648655968.714038280,0,0.000000
1648655968.736136727,0,0.026000
1648655968.759511191,0,0.000000
1648655968.783379328,3,0.000000
1648655968.804641571,0,0.000000
1648655968.825963951,0,0.000000
1648655968.848942917,0,0.000000
1648655968.871412205,0,0.000000
1648655968.894496508,0,0.000000
1648655968.916505591,0,0.000000
1648655968.938636715,0,0.000000
1648655968.959922343,0,0.000000
1648655968.982559543,0,0.000000
1648655969.004586941,0,0.007000
1648655969.026618886,1,0.001000
1648655969.048360417,1,0.000000
1648655969.071810332,0,0.001000
1648655969.093437523,0,0.000000
1648655969.115064433,1,0.000000
1648655969.137495459,0,0.000000
1648655969.158409785,0,0.000000
1648655969.181600696,0,0.000000
1648655969.204886748,3,0.026000
1648655969.228013267,0,0.001000
1648655969.250938477,0,0.000000
1648655969.273756194,0,0.001000
1648655969.295859553,2,0.021000
1648655969.318429954,0,0.000000
1648655969.341246900,3,0.050000
1648655969.365266412,2,0.001000
1648655969.388226216,1,0.019000
1648655969.409630950,0,0.005000
1648655969.432792120,0,0.000000
1648655969.457208480,0,0.026000
1648655969.481247445,1,0.011000
1648655969.504482077,0,0.024000
1648655969.527246409,0,0.000000
1648655969.549947100,1,0.006000
1648655969.572416852,0,0.014000
1648655969.595420297,0,0.003000
1648655969.619401632,0,0.000000
1648655969.642322963,0,0.000000
1648655969.663416079,0,0.000000
1648655969.686162412,0,0.000000
1648655969.707953702,0,0.001000
1648655969.729187325,0,0.000000
1648655969.749937017,0,0.000000
1648655969.773125937,1,0.007000
1648655969.793296924,1,0.025000
1648655969.816000626,0,0.000000
1648655969.838267804,0,0.000000
1648655969.860928952,3,0.047000
1648655969.883473301,0,0.000000
1648655969.906933377,1,0.023000
1648655969.929381021,3,0.066000
1648655969.951812923,0,0.000000
1648655969.976294344,0,0.021000
1648655969.999181761,0,0.000000
1648655970.021484717,0,0.000000
1648655970.043435294,0,0.000000
1648655970.064618345,2,0.019000
1648655970.087665895,2,0.027000
1648655970.111223062,0,0.000000
1648655970.134369469,1,0.027000
1648655970.156871608,0,0.000000
1648655970.179069312,0,0.023000
1648655970.202444695,1,0.000000
1648655970.224624479,0,0.004000
1648655970.247408687,1,0.000000
1648655970.270906435,0,0.004000
1648655970.295038526,0,0.000000
1648655970.318475578,0,0.001000
1648655970.341354885,0,0.000000
1648655970.364153686,0,0.000000
1648655970.387385952,0,0.000000
1648655970.410317094,0,0.000000
1648655970.433448486,2,0.016000
1648655970.456966574,1,0.025000
1648655970.480174149,2,0.016000
1648655970.501911427,0,0.023000
1648655970.525301645,0,0.000000
1648655970.547091440,0,0.000000
1648655970.569772275,1,0.031000
1648655970.593594087,0,0.000000
1648655970.614909221,0,0.000000
1648655970.637635492,0,0.000000
1648655970.660336114,0,0.000000
1648655970.683399319,3,0.051000
1648655970.707446457,0,0.000000
1648655970.729815478,1,0.000000
1648655970.753265744,2,0.021000
1648655970.775378157,0,0.000000
1648655970.797786809,2,0.021000
1648655970.820806638,3,0.030000
1648655970.842397965,0,0.000000
1648655970.865636486,1,0.023000
1648655970.888449759,0,0.000000
1648655970.910463190,0,0.000000
1648655970.931079208,0,0.000000
1648655970.954927577,0,0.000000
1648655970.978350469,1,0.000000
1648655971.002541859,0,0.000000
1648655971.026179999,0,0.000000
1648655971.049198893,1,0.023000
1648655971.070979944,2,0.031000
1648655971.093875850,1,0.027000
1648655971.117854878,0,0.000000
1648655971.140718557,0,0.001000
1648655971.163606605,0,0.000000
1648655971.188406679,0,0.000000
1648655971.210264133,0,0.000000
1648655971.233253806,0,0.002000
1648655971.255388568,0,0.001000
1648655971.278619332,3,0.050000
1648655971.300799628,1,0.016000
1648655971.323763680,0,0.000000
1648655971.347959636,1,0.024000
1648655971.372037732,0,0.000000
1648655971.394181229,3,0.081000
1648655971.417441216,2,0.031000
1648655971.437532439,0,0.000000
1648655971.460357763,0,0.000000
1648655971.482419587,1,0.026000
1648655971.505056834,0,0.000000
1648655971.529272805,4,0.027000
1648655971.551869279,0,0.010000
1648655971.574568392,0,0.000000
1648655971.596131113,1,0.025000
1648655971.618949114,4,0.096000
1648655971.642362613,0,0.000000
1648655971.665019250,0,0.000000
1648655971.686377247,0,0.000000
1648655971.706309185,0,0.017000
1648655971.727697325,0,0.000000
1648655971.751450979,1,0.018000
1648655971.772181783,0,0.000000
1648655971.794976388,2,0.036000
1648655971.817957091,0,0.000000
1648655971.840499715,3,0.032000
1648655971.861994223,0,0.000000
1648655971.885047771,1,0.006000
1648655971.908729262,0,0.000000
1648655971.933633214,5,0.088000
1648655971.956201032,1,0.001000
1648655971.979235328,0,0.000000
1648655972.000194580,0,0.000000
1648655972.022844982,0,0.004000
1648655972.043386559,1,0.000000
1648655972.066586424,1,0.011000
1648655972.089154829,0,0.000000
1648655972.112139504,0,0.000000
1648655972.135339549,3,0.041000
1648655972.157884290,3,0.071000
1648655972.182103420,0,0.000000
1648655972.205267113,3,0.030000
1648655972.227118488,1,0.009000
1648655972.249825817,1,0.000000
1648655972.273393134,0,0.004000
1648655972.297671393,0,0.000000
1648655972.319366415,1,0.021000
1648655972.341016252,3,0.029000
1648655972.362244563,0,0.020000
1648655972.385087285,1,0.055000
1648655972.407950002,0,0.000000
1648655972.430550533,0,0.015000
1648655972.453488226,0,0.000000
1648655972.476388386,3,0.051000
1648655972.497549938,0,0.000000
1648655972.520008121,0,0.021000
1648655972.543045810,0,0.000000
1648655972.566818046,3,0.047000
1648655972.589759951,0,0.000000
1648655972.613149212,0,0.001000
1648655972.635826560,3,0.023000
1648655972.657420438,0,0.000000
1648655972.678671645,0,0.019000
1648655972.702357510,2,0.015000
1648655972.725113934,0,0.000000
1648655972.748429524,0,0.000000
1648655972.772897067,0,0.000000
1648655972.797275415,0,0.000000
1648655972.819238621,0,0.000000
1648655972.841208098,0,0.012000
1648655972.865291572,0,0.006000
1648655972.890016827,0,0.000000
1648655972.910998902,0,0.000000
1648655972.933724134,0,0.000000
1648655972.957211545,0,0.000000
1648655972.979455266,0,0.000000
1648655973.002082067,2,0.022000
1648655973.026962530,0,0.000000
1648655973.048323111,0,0.001000
1648655973.069403128,1,0.000000
1648655973.091497310,0,0.000000
1648655973.115281471,4,0.070000
1648655973.138877385,2,0.040000
1648655973.162053475,3,0.030000
1648655973.185835585,0,0.000000
1648655973.206792811,0,0.000000
1648655973.229280106,1,0.001000
1648655973.251179046,1,0.016000
1648655973.274348228,0,0.000000
1648655973.298424190,0,0.000000
1648655973.321002882,0,0.000000
1648655973.345086673,0,0.000000
1648655973.366364652,0,0.000000
1648655973.388166158,5,0.048000
1648655973.410940297,0,0.000000
1648655973.432045667,1,0.035000
1648655973.453392574,2,0.050000
1648655973.477119938,0,0.000000
1648655973.500826001,4,0.080000
1648655973.524105142,5,0.075000
1648655973.546401998,2,0.000000
1648655973.569230529,0,0.000000
1648655973.592397590,0,0.033000
1648655973.616438522,2,0.000000
1648655973.638896602,0,0.000000
1648655973.663355760,1,0.000000
1648655973.685981808,0,0.000000
1648655973.707801118,0,0.000000
1648655973.729731015,0,0.000000
1648655973.751971326,0,0.000000
1648655973.775950443,1,0.000000
1648655973.800080065,0,0.000000
1648655973.822692750,0,0.000000
1648655973.845807662,1,0.012000
1648655973.868975825,0,0.000000
1648655973.893433926,1,0.012000
1648655973.916461725,0,0.000000
1648655973.939721019,1,0.028000
1648655973.961797537,0,0.000000
1648655973.985703407,0,0.000000
1648655974.009309206,0,0.000000
1648655974.032124411,0,0.009000
1648655974.056058695,1,0.000000
1648655974.077658703,3,0.079000
1648655974.099864174,0,0.005000
1648655974.123087123,0,0.000000
1648655974.146394315,0,0.010000
1648655974.169603783,0,0.019000
1648655974.193737695,0,0.000000
1648655974.216705858,0,0.001000
1648655974.238266491,0,0.000000
1648655974.261828993,0,0.000000
1648655974.285330733,0,0.000000
1648655974.307573891,0,0.000000
1648655974.330643332,0,0.000000
1648655974.354014242,0,0.000000
1648655974.375340651,0,0.000000
1648655974.397628398,2,0.034000
1648655974.419154583,1,0.020000
1648655974.440538587,0,0.000000
1648655974.463049262,0,0.000000
1648655974.486002846,0,0.016000
1648655974.508673861,0,0.000000
1648655974.532670694,1,0.001000
1648655974.555443697,0,0.000000
1648655974.577154633,3,0.024000
1648655974.601447531,0,0.000000
1648655974.624544405,0,0.000000
1648655974.646971082,1,0.035000
1648655974.669805035,0,0.000000
1648655974.691913295,0,0.000000
1648655974.714912481,0,0.002000
1648655974.737860235,2,0.018000
1648655974.760002944,0,0.000000
1648655974.782825703,1,0.022000
1648655974.804993994,1,0.024000
1648655974.827208580,0,0.000000
1648655974.848273060,0,0.000000
1648655974.871368776,0,0.000000
1648655974.893362763,2,0.038000
1648655974.915928688,3,0.083000
1648655974.937885431,0,0.000000
1648655974.962494834,1,0.000000
1648655974.985676710,0,0.000000
1648655975.008994843,0,0.000000
1648655975.031851543,0,0.025000
1648655975.053871752,0,0.000000
1648655975.074612900,0,0.023000
1648655975.096677301,1,0.000000
1648655975.118670209,0,0.000000
1648655975.141350305,3,0.012000
1648655975.165528623,0,0.002000
1648655975.188528327,0,0.000000
1648655975.209656481,1,0.015000
1648655975.232256434,6,0.072000
1648655975.254467845,0,0.000000
1648655975.276061807,2,0.017000
1648655975.299763401,0,0.000000
1648655975.322901987,1,0.000000
1648655975.345431589,0,0.000000
1648655975.370159314,0,0.010000
1648655975.392325155,1,0.020000
1648655975.415380912,0,0.000000
1648655975.437831290,1,0.000000
1648655975.459963195,0,0.000000
1648655975.483072555,3,0.025000
1648655975.504939979,0,0.000000
1648655975.528128056,1,0.025000
1648655975.551323669,0,0.000000
1648655975.574181304,0,0.000000
1648655975.596664176,0,0.000000
1648655975.616975362,2,0.023000
1648655975.640643814,0,0.015000
1648655975.664169911,0,0.000000
1648655975.687331814,0,0.000000
1648655975.711156829,3,0.053000
1648655975.734246321,1,0.029000
1648655975.755205368,0,0.000000
1648655975.777092149,3,0.000000
1648655975.800134441,0,0.000000
1648655975.821675216,0,0.000000
1648655975.843799596,0,0.000000
1648655975.866044240,0,0.000000
1648655975.887377995,1,0.005000
1648655975.909118724,0,0.000000
1648655975.931346333,0,0.000000
1648655975.953784656,1,0.040000
1648655975.975389917,0,0.000000
1648655975.998138779,2,0.004000
1648655976.022159105,4,0.044000
1648655976.044246619,0,0.000000
1648655976.068431239,0,0.000000
1648655976.091855702,0,0.000000
1648655976.112400637,0,0.000000
1648655976.134900343,0,0.000000
1648655976.156485497,0,0.000000
1648655976.179073613,0,0.000000
1648655976.202301345,2,0.021000
1648655976.224112775,0,0.000000
1648655976.245002546,0,0.000000
1648655976.266926496,0,0.020000
1648655976.289363287,1,0.052000
1648655976.312599242,3,0.064000
1648655976.334062604,0,0.000000
1648655976.357891096,0,0.000000
1648655976.380601536,0,0.000000
1648655976.403579051,0,0.000000
1648655976.425338478,1,0.025000
1648655976.449305530,0,0.000000
1648655976.471880374,0,0.000000
1648655976.492222034,0,0.035000
1648655976.513254409,2,0.023000
1648655976.536252364,2,0.030000
1648655976.559290436,4,0.044000
1648655976.580941650,0,0.000000
1648655976.603336509,0,0.000000
1648655976.626689304,1,0.028000
1648655976.650480777,4,0.045000
1648655976.673681896,1,0.008000
1648655976.696861367,0,0.000000
1648655976.720491732,0,0.000000
1648655976.743914967,0,0.000000
1648655976.767709650,0,0.000000
1648655976.791490004,3,0.012000
1648655976.813840472,3,0.029000
1648655976.837667203,0,0.000000
1648655976.859339702,1,0.031000
1648655976.883018453,0,0.021000
1648655976.907047461,0,0.008000
1648655976.928754337,0,0.000000
1648655976.950941225,1,0.018000
1648655976.972891499,1,0.000000
1648655976.995109972,0,0.000000
1648655977.017510675,0,0.000000
1648655977.040380091,0,0.000000
1648655977.061603530,0,0.000000
1648655977.083529652,0,0.000000
1648655977.106359376,0,0.000000
1648655977.126872086,1,0.001000
1648655977.151030375,1,0.031000
1648655977.174297892,0,0.000000
1648655977.198408995,0,0.000000
1648655977.221610614,0,0.000000
1648655977.243690867,0,0.000000
1648655977.266733123,2,0.035000
1648655977.288785089,0,0.000000
1648655977.311727037,0,0.000000
1648655977.332945729,0,0.000000
1648655977.355188295,1,0.000000
1648655977.378370602,0,0.023000
1648655977.400682890,0,0.000000
1648655977.423011166,0,0.001000
1648655977.445502338,2,0.055000
1648655977.466836180,0,0.011000
1648655977.489784286,0,0.009000
1648655977.512114840,0,0.000000
1648655977.535486192,0,0.000000
1648655977.556817850,0,0.000000
1648655977.580099568,0,0.000000
1648655977.600842920,0,0.000000
1648655977.624129349,0,0.000000
1648655977.648034676,0,0.010000
1648655977.668427604,0,0.000000
1648655977.691980486,0,0.000000
1648655977.714748609,1,0.023000
1648655977.736147255,1,0.000000
1648655977.758852535,1,0.000000
1648655977.782236638,1,0.019000
1648655977.805261825,1,0.000000
1648655977.828650641,3,0.053000
1648655977.851629367,0,0.000000
1648655977.873756858,0,0.002000
1648655977.896464164,2,0.042000
1648655977.919466393,0,0.000000
1648655977.942950568,0,0.000000
1648655977.964429247,0,0.000000
1648655977.987583508,3,0.054000
1648655978.009578066,3,0.034000
1648655978.032095936,1,0.007000
1648655978.054918385,2,0.018000
1648655978.078740207,0,0.000000
1648655978.098638570,0,0.000000
1648655978.121857599,2,0.024000
1648655978.144806127,1,0.034000
1648655978.167906218,0,0.000000
1648655978.189503813,0,0.004000
1648655978.213941079,0,0.000000
1648655978.236392441,1,0.056000
1648655978.261218453,0,0.000000
1648655978.281979434,0,0.000000
1648655978.305488693,1,0.000000
1648655978.326317786,2,0.066000
1648655978.348793512,0,0.000000
1648655978.371814063,1,0.012000
1648655978.393839441,1,0.007000
1648655978.416291081,0,0.000000
1648655978.440374131,0,0.000000
1648655978.461923474,1,0.015000
1648655978.482835071,3,0.052000
1648655978.505160200,0,0.000000
1648655978.530533422,0,0.020000
1648655978.553214095,0,0.000000
1648655978.576936794,2,0.023000
1648655978.598934013,1,0.000000
1648655978.620604353,3,0.000000
1648655978.644542264,0,0.000000
1648655978.667042421,0,0.000000
1648655978.690993427,0,0.007000
1648655978.714082402,0,0.000000
1648655978.737138284,0,0.000000
1648655978.760403284,0,0.000000
1648655978.784311521,1,0.038000
1648655978.805443188,0,0.000000
1648655978.828419766,1,0.000000
1648655978.850128641,0,0.000000
1648655978.872172513,3,0.052000
1648655978.894478756,0,0.000000
1648655978.915482312,2,0.031000
1648655978.939007159,1,0.032000
1648655978.961893497,0,0.000000
1648655978.982105449,0,0.000000
1648655979.004041781,0,0.000000
1648655979.026761817,0,0.000000
1648655979.049418422,2,0.016000
1648655979.074395429,0,0.000000
1648655979.097067834,0,0.000000
1648655979.118030517,4,0.083000
1648655979.142318530,0,0.000000
1648655979.163343530,0,0.000000
1648655979.186595784,0,0.000000
1648655979.208231238,0,0.000000
1648655979.231625132,0,0.000000
1648655979.253419441,0,0.000000
1648655979.277138833,0,0.000000
1648655979.299088184,0,0.000000
1648655979.322357665,0,0.000000
1648655979.343691817,0,0.000000
1648655979.365098409,0,0.000000
1648655979.387827175,0,0.000000
1648655979.408346670,0,0.000000
1648655979.428889171,0,0.000000
1648655979.452011225,3,0.069000
1648655979.472307165,0,0.000000
1648655979.494818487,0,0.029000
1648655979.516904587,2,0.000000
1648655979.540548188,0,0.000000
1648655979.562592577,1,0.000000
1648655979.584900804,0,0.000000
1648655979.607342929,2,0.018000
1648655979.630731522,0,0.003000
1648655979.652827848,0,0.000000
1648655979.676065161,0,0.000000
1648655979.697809648,0,0.000000
1648655979.721085131,1,0.004000
1648655979.743585455,0,0.000000
1648655979.764869700,1,0.018000
1648655979.786428821,2,0.018000
1648655979.810300197,1,0.000000
1648655979.832120135,2,0.015000
1648655979.855638640,0,0.000000
1648655979.877597343,1,0.026000
1648655979.899958243,0,0.000000
1648655979.921253969,0,0.000000
1648655979.943424885,1,0.035000
1648655979.964485298,0,0.000000
1648655979.987580954,1,0.001000
1648655980.010641466,1,0.000000
1648655980.032288095,0,0.000000
1648655980.055315077,2,0.000000
1648655980.077691796,0,0.000000
1648655980.099942191,2,0.019000
1648655980.122329570,0,0.000000
1648655980.143031297,0,0.000000
1648655980.165995140,1,0.008000
1648655980.189414397,0,0.000000
1648655980.212410330,0,0.000000
1648655980.236406199,0,0.000000
1648655980.259386523,2,0.036000
1648655980.282783472,0,0.000000
1648655980.305065669,1,0.041000
1648655980.329342744,0,0.000000
1648655980.353348007,0,0.000000
1648655980.375979118,1,0.000000
1648655980.398139632,1,0.006000
1648655980.421292466,3,0.052000
1648655980.443628681,2,0.023000
1648655980.466307346,0,0.000000
1648655980.488993974,2,0.049000
1648655980.512912242,1,0.013000
1648655980.534009015,0,0.000000
1648655980.557217393,1,0.002000
1648655980.579230484,0,0.000000
1648655980.602569889,0,0.000000
1648655980.628428178,0,0.000000
1648655980.652005559,0,0.000000
1648655980.674031210,0,0.000000
1648655980.699358590,0,0.000000
1648655980.719910172,1,0.003000
1648655980.741102829,0,0.000000
1648655980.764091145,0,0.001000
1648655980.786807803,1,0.000000
1648655980.809670325,0,0.000000
1648655980.832811585,0,0.000000
1648655980.855099572,0,0.000000
1648655980.878403609,0,0.000000
1648655980.899952095,0,0.001000
1648655980.921537147,0,0.000000
1648655980.945006644,0,0.000000
1648655980.967551418,1,0.027000
1648655980.990409394,0,0.000000
1648655981.012883911,2,0.023000
1648655981.037145530,1,0.023000
1648655981.060046062,0,0.000000
1648655981.082549559,2,0.063000
1648655981.104562880,1,0.025000
1648655981.127462664,0,0.000000
1648655981.149349504,1,0.010000
1648655981.172476633,1,0.035000
1648655981.196431273,1,0.040000
1648655981.220283760,3,0.019000
1648655981.242136660,0,0.000000
1648655981.266065184,0,0.000000
1648655981.288784976,4,0.044000
1648655981.311248038,2,0.079000
1648655981.335264964,0,0.000000
1648655981.358899951,1,0.019000
1648655981.382387835,0,0.000000
1648655981.406113544,0,0.000000
1648655981.426941016,1,0.033000
1648655981.451406837,1,0.000000
1648655981.475504638,0,0.000000
1648655981.497631007,3,0.035000
1648655981.521121602,0,0.000000
1648655981.544444484,1,0.028000
1648655981.568477763,2,0.047000
1648655981.591991581,0,0.000000
1648655981.614939350,0,0.000000
1648655981.637925519,0,0.000000
1648655981.660810866,3,0.059000
1648655981.684181878,0,0.000000
1648655981.706976902,0,0.000000
1648655981.728744796,1,0.000000
1648655981.751077167,3,0.069000
1648655981.771574930,0,0.005000
1648655981.795310330,0,0.000000
1648655981.817190673,0,0.000000
1648655981.839398287,0,0.012000
1648655981.863968474,0,0.000000
1648655981.887106272,0,0.000000
1648655981.908042651,1,0.000000
1648655981.930537532,0,0.001000
1648655981.952996239,2,0.041000
1648655981.974995552,2,0.063000
1648655981.996927724,0,0.000000
1648655982.017956542,0,0.000000
1648655982.040462815,0,0.000000
1648655982.063105719,0,0.000000
1648655982.086412267,0,0.000000
1648655982.106888359,0,0.000000
1648655982.128393654,1,0.000000
1648655982.151507152,2,0.006000
1648655982.174325362,0,0.000000
1648655982.197496449,3,0.092000
1648655982.219417664,1,0.026000
1648655982.240949067,2,0.027000
1648655982.264596218,0,0.000000
1648655982.288174758,0,0.000000
1648655982.311242589,0,0.000000
1648655982.333798037,2,0.014000
1648655982.357467400,0,0.000000
1648655982.380150367,2,0.053000
1648655982.402406275,1,0.035000
1648655982.423925152,0,0.000000
1648655982.447002670,0,0.000000
1648655982.471371403,0,0.000000
1648655982.494696952,0,0.000000
1648655982.515955621,0,0.011000
1648655982.537157475,0,0.000000
1648655982.559965674,0,0.000000
1648655982.581709987,0,0.000000
1648655982.604084767,0,0.000000
1648655982.626690592,1,0.000000
1648655982.649673565,0,0.000000
1648655982.671273405,0,0.000000
1648655982.694827305,0,0.000000
1648655982.717508514,0,0.000000
1648655982.739663294,0,0.000000
1648655982.762100483,0,0.000000
1648655982.785803192,0,0.000000
1648655982.807272073,0,0.000000
1648655982.831081607,0,0.000000
1648655982.853374464,0,0.000000
1648655982.874988159,0,0.000000
1648655982.898429282,0,0.019000
1648655982.922282393,1,0.001000
1648655982.944133512,0,0.000000
1648655982.965421865,0,0.000000
1648655982.987738886,0,0.000000
1648655983.010974116,0,0.000000
1648655983.034336292,1,0.016000
1648655983.058584479,0,0.000000
1648655983.080411661,0,0.000000
1648655983.101276437,0,0.012000
1648655983.126261852,0,0.001000
1648655983.149218148,0,0.016000
1648655983.172041286,0,0.004000
1648655983.195382372,0,0.000000
1648655983.218330589,0,0.000000
1648655983.241768456,0,0.000000
1648655983.265383816,0,0.000000
1648655983.285559946,1,0.000000
1648655983.309007310,0,0.000000
1648655983.333155860,0,0.000000
1648655983.356311668,0,0.000000
1648655983.378713250,0,0.000000
1648655983.402258877,0,0.000000
1648655983.426530635,0,0.000000
1648655983.448660916,0,0.000000
1648655983.472129518,0,0.000000
1648655983.494490916,2,0.029000
1648655983.517683148,0,0.000000
1648655983.539200516,3,0.067000
1648655983.560543032,0,0.000000
1648655983.583067031,0,0.000000
1648655983.603549729,1,0.018000
1648655983.626980720,0,0.000000
1648655983.650271231,0,0.000000
1648655983.672426215,1,0.041000
1648655983.697009873,0,0.000000
1648655983.718297878,3,0.031000
1648655983.741111697,1,0.005000
1648655983.763232823,0,0.000000
1648655983.786673273,0,0.015000
1648655983.809820632,3,0.028000
1648655983.831683121,0,0.000000
1648655983.852395704,0,0.000000
1648655983.874148528,0,0.023000
1648655983.896175205,0,0.000000
1648655983.917682043,0,0.000000
1648655983.940135079,2,0.061000
1648655983.964309531,1,0.011000
1648655983.985232013,2,0.027000
1648655984.009893952,0,0.000000
1648655984.031550743,0,0.000000
1648655984.053526460,3,0.025000
1648655984.076865441,0,0.015000
1648655984.099369665,0,0.027000
1648655984.120625871,0,0.000000
1648655984.144435392,0,0.000000
1648655984.167088067,0,0.007000
1648655984.191034124,1,0.003000
1648655984.215073580,0,0.004000
1648655984.238028488,0,0.000000
1648655984.260438481,0,0.002000
1648655984.281216250,0,0.000000
1648655984.305536384,1,0.022000
1648655984.329348270,1,0.016000
1648655984.352510361,3,0.063000
1648655984.373535810,0,0.030000
1648655984.396157649,0,0.011000
1648655984.419128930,0,0.000000
1648655984.442436764,4,0.054000
1648655984.464345143,3,0.059000
1648655984.487669243,0,0.000000
1648655984.510818390,1,0.015000
1648655984.532804960,1,0.023000
1648655984.555869467,0,0.000000
1648655984.577113606,1,0.023000
1648655984.600178563,1,0.025000
1648655984.622609996,0,0.000000
1648655984.645965754,0,0.000000
1648655984.667749083,2,0.060000
1648655984.688392824,1,0.013000
1648655984.711297568,3,0.040000
1648655984.736095857,2,0.049000
1648655984.758690120,3,0.033000
1648655984.777991676,0,0.000000
1648655984.801551444,2,0.071000
1648655984.823341892,0,0.011000
1648655984.847804522,0,0.000000
1648655984.870284719,1,0.039000
1648655984.893471265,4,0.041000
1648655984.916535734,0,0.000000
1648655984.939850529,2,0.015000
1648655984.961675431,1,0.032000
1648655984.985434613,5,0.077000
1648655985.009218901,1,0.000000
1648655985.031442917,0,0.006000
1648655985.053719136,0,0.000000
1648655985.075326427,2,0.010000
1648655985.098393146,1,0.012000
1648655985.122137002,1,0.000000
1648655985.145977806,3,0.013000
1648655985.171275436,0,0.008000
1648655985.194684604,1,0.022000
1648655985.216825508,0,0.000000
1648655985.238828811,0,0.022000
1648655985.260727171,2,0.028000
1648655985.282534328,0,0.000000
1648655985.303893106,3,0.018000
1648655985.326147310,1,0.000000
1648655985.350988065,1,0.035000
1648655985.374526641,0,0.004000
1648655985.396908895,0,0.000000
1648655985.420066587,0,0.000000
1648655985.440903172,0,0.000000
1648655985.463991583,0,0.012000
1648655985.487349373,0,0.000000
1648655985.510204643,0,0.000000
1648655985.533592547,0,0.000000
1648655985.557184455,4,0.053000
1648655985.581200642,1,0.000000
1648655985.604000458,0,0.000000
1648655985.628030405,0,0.009000
1648655985.650616390,1,0.018000
1648655985.673914806,0,0.000000
1648655985.696396975,0,0.000000
1648655985.718437681,0,0.000000
1648655985.740093422,0,0.000000
1648655985.763037537,0,0.000000
1648655985.786869163,0,0.000000
1648655985.808598949,3,0.043000
1648655985.831728242,0,0.000000
1648655985.854190097,4,0.045000
1648655985.875564530,3,0.065000
1648655985.897011013,4,0.059000
1648655985.918886813,1,0.005000
1648655985.941090453,2,0.048000
1648655985.964533856,0,0.000000
1648655985.988418184,0,0.004000
1648655986.011204846,0,0.000000
1648655986.034670024,2,0.052000
1648655986.057471893,0,0.000000
1648655986.079034175,0,0.000000
1648655986.101357693,2,0.064000
1648655986.124100004,0,0.000000
1648655986.147315220,0,0.000000
1648655986.170560033,1,0.013000
1648655986.194356882,1,0.042000
1648655986.216755420,2,0.030000
1648655986.240135566,0,0.000000
1648655986.261441532,0,0.000000
1648655986.283196292,1,0.026000
1648655986.305875154,0,0.016000
1648655986.328326296,0,0.000000
1648655986.350744785,0,0.000000
1648655986.374141737,1,0.027000
1648655986.397097409,0,0.000000
1648655986.418210942,0,0.000000
1648655986.442161822,0,0.000000
1648655986.464010883,2,0.064000
1648655986.486334809,0,0.012000
1648655986.509972317,0,0.000000
1648655986.531821890,1,0.027000
1648655986.555282009,0,0.000000
1648655986.579233398,0,0.000000
1648655986.603481650,0,0.000000
1648655986.623879681,0,0.000000
1648655986.645203818,0,0.000000
1648655986.668542040,0,0.000000
1648655986.692319894,0,0.000000
1648655986.715830308,6,0.070000
1648655986.739811065,0,0.000000
1648655986.761236555,0,0.000000
1648655986.784241035,0,0.000000
1648655986.807352249,0,0.000000
1648655986.828362478,0,0.000000
1648655986.851793697,0,0.000000
1648655986.874366270,0,0.000000
1648655986.897186362,0,0.000000
1648655986.919385934,3,0.068000
1648655986.942297835,0,0.000000
1648655986.965687972,1,0.000000
1648655986.989659002,2,0.053000
1648655987.011250970,2,0.029000
1648655987.033136652,1,0.047000
1648655987.055938094,5,0.060000
1648655987.076938068,2,0.018000
1648655987.101371427,0,0.000000
1648655987.125242063,2,0.047000
1648655987.147453869,0,0.000000
1648655987.171038754,0,0.000000
1648655987.192806561,2,0.035000
1648655987.215189694,1,0.012000
1648655987.237768496,3,0.019000
1648655987.262274839,0,0.000000
1648655987.284347078,0,0.006000
1648655987.306412098,0,0.012000
1648655987.329938062,0,0.020000
1648655987.353664775,0,0.021000
1648655987.375322277,0,0.000000
1648655987.397933073,0,0.001000
1648655987.419627989,0,0.000000
1648655987.441453340,1,0.000000
1648655987.464869745,3,0.051000
1648655987.488319845,0,0.000000
1648655987.512467865,2,0.008000
1648655987.535497553,0,0.000000
1648655987.560038743,1,0.019000
1648655987.583641518,0,0.000000
1648655987.605937084,0,0.000000
1648655987.627746826,0,0.000000
1648655987.649285065,3,0.039000
1648655987.670034063,0,0.000000
1648655987.693453926,0,0.000000
1648655987.716105712,1,0.025000
1648655987.738326907,3,0.030000
1648655987.761530601,2,0.021000
1648655987.783049270,1,0.000000
1648655987.805380459,0,0.000000
1648655987.829928885,5,0.041000
1648655987.852014402,0,0.000000
1648655987.876089660,0,0.000000
1648655987.899078528,0,0.000000
1648655987.923155140,3,0.052000
1648655987.944058422,0,0.000000
1648655987.966662362,3,0.030000
1648655987.990017892,0,0.000000
1648655988.012972587,0,0.006000
1648655988.037410205,0,0.000000
1648655988.060459340,0,0.000000
1648655988.084278585,1,0.000000
1648655988.106173514,0,0.000000
1648655988.129615242,0,0.000000
1648655988.151978582,0,0.004000
1648655988.175003238,0,0.008000
1648655988.197147950,1,0.012000
1648655988.217702759,0,0.000000
1648655988.240274830,1,0.000000
1648655988.263199550,0,0.000000
1648655988.285483614,0,0.000000
1648655988.309221680,1,0.048000
1648655988.333603213,0,0.000000
1648655988.356999795,0,0.000000
1648655988.380255229,1,0.004000
1648655988.403036474,0,0.000000
1648655988.426253548,0,0.016000
1648655988.449673322,0,0.000000
1648655988.473431290,0,0.000000
1648655988.496446528,0,0.000000
1648655988.517203868,0,0.000000
1648655988.539676743,0,0.000000
1648655988.563097799,0,0.000000
1648655988.584343289,0,0.000000
1648655988.608257389,0,0.000000
1648655988.629275711,1,0.028000
1648655988.651858160,0,0.000000
1648655988.674885671,0,0.008000
1648655988.695816917,0,0.007000
1648655988.716414555,0,0.000000
1648655988.738850731,0,0.000000
1648655988.762420835,3,0.048000
1648655988.786006277,0,0.000000
1648655988.810127885,0,0.000000
1648655988.835059541,2,0.053000
1648655988.858083620,0,0.000000
1648655988.880021029,0,0.000000
1648655988.901315966,0,0.000000
1648655988.923585865,0,0.023000
1648655988.947058358,0,0.000000
1648655988.970615777,0,0.001000
1648655988.991740386,1,0.023000
1648655989.014680043,0,0.000000
1648655989.038083442,0,0.000000
1648655989.061562924,0,0.000000
1648655989.084100985,0,0.000000
1648655989.107960924,1,0.000000
1648655989.131549727,1,0.000000
1648655989.152983949,0,0.000000
1648655989.176124600,1,0.008000
1648655989.199583973,0,0.000000
1648655989.221074648,0,0.000000
1648655989.243343762,1,0.016000
1648655989.266825499,0,0.000000
1648655989.290962594,0,0.014000
1648655989.314916268,3,0.046000
1648655989.335784742,4,0.065000
1648655989.357383444,0,0.000000
1648655989.380182211,0,0.000000
1648655989.403159190,0,0.000000
1648655989.425251747,2,0.054000
1648655989.446980966,0,0.000000
1648655989.471468716,0,0.011000
1648655989.494912613,0,0.000000
1648655989.518039772,0,0.000000
1648655989.542068893,0,0.000000
1648655989.565451691,0,0.000000
1648655989.590465256,0,0.009000
1648655989.612399274,1,0.009000
1648655989.635523467,4,0.067000
1648655989.658054256,0,0.000000
1648655989.681451855,3,0.037000
1648655989.703681750,0,0.000000
1648655989.725234278,2,0.023000
1648655989.749181365,0,0.000000
1648655989.770728906,0,0.000000
1648655989.792589989,0,0.000000
1648655989.815944325,0,0.000000
1648655989.839294645,0,0.000000
1648655989.862457059,3,0.053000
1648655989.883707048,2,0.029000
1648655989.906221385,4,0.051000
1648655989.930410599,2,0.038000
1648655989.954117579,0,0.000000
1648655989.977644140,0,0.000000
1648655989.998998367,1,0.000000
1648655990.022563155,0,0.000000
1648655990.045868582,0,0.000000
1648655990.068874177,0,0.024000
1648655990.091688284,2,0.032000
1648655990.113466036,0,0.000000
1648655990.137151872,4,0.060000
1648655990.159118722,0,0.000000
1648655990.181361907,1,0.004000
1648655990.204143531,0,0.000000
1648655990.226449424,0,0.014000
1648655990.249601987,0,0.000000
1648655990.272385214,2,0.047000
1648655990.294329999,1,0.030000
1648655990.317328335,3,0.093000
1648655990.340251481,3,0.063000
1648655990.365027402,0,0.000000
1648655990.388235633,2,0.031000
1648655990.412810999,2,0.000000
1648655990.434551291,1,0.000000
1648655990.457367516,0,0.000000
1648655990.479737379,0,0.000000
1648655990.502164179,1,0.005000
1648655990.525495017,3,0.084000
1648655990.546057252,0,0.000000
1648655990.568539948,1,0.006000
1648655990.592532266,0,0.000000
1648655990.615331636,0,0.000000
1648655990.637252886,2,0.027000
1648655990.660276905,0,0.000000
1648655990.684247874,3,0.071000
1648655990.708286816,1,0.000000
1648655990.728288873,0,0.000000
1648655990.752876908,0,0.010000
1648655990.775978065,3,0.078000
1648655990.799621015,0,0.004000
1648655990.822560129,0,0.000000
1648655990.846543078,1,0.010000
1648655990.868759236,1,0.000000
1648655990.892129614,1,0.004000
1648655990.915222987,0,0.000000
1648655990.938312426,0,0.004000
1648655990.959246979,0,0.000000
1648655990.983116617,1,0.013000
1648655991.006879997,0,0.000000
1648655991.028028702,1,0.029000
1648655991.051427084,0,0.000000
1648655991.074840124,0,0.000000
1648655991.099160689,0,0.019000
1648655991.121102320,0,0.000000
1648655991.145017283,0,0.000000
1648655991.167748483,0,0.000000
1648655991.189905466,3,0.036000
1648655991.211259049,0,0.000000
1648655991.234328544,0,0.014000
1648655991.257970930,3,0.065000
1648655991.280926723,0,0.000000
1648655991.303364850,1,0.015000
1648655991.326737523,0,0.000000
1648655991.349725794,0,0.006000
1648655991.372112535,0,0.000000
1648655991.394547629,0,0.009000
1648655991.416235751,0,0.000000
1648655991.438432128,0,0.001000
1648655991.459991024,0,0.004000
1648655991.484115270,0,0.005000
1648655991.507572819,1,0.046000
1648655991.531416083,2,0.052000
1648655991.554320164,3,0.037000
1648655991.577526730,3,0.070000
1648655991.599765648,0,0.000000
1648655991.621111833,4,0.057000
1648655991.644962551,1,0.033000
1648655991.668721393,1,0.041000
1648655991.690777879,1,0.010000
1648655991.714577927,2,0.017000
1648655991.736906458,1,0.017000
1648655991.760464660,0,0.000000
1648655991.785032317,0,0.022000
1648655991.807321798,1,0.043000
1648655991.831098619,0,0.000000
1648655991.852358411,1,0.034000
1648655991.875157896,4,0.077000
1648655991.898042789,0,0.000000
1648655991.922051876,0,0.000000
1648655991.944940394,2,0.044000
1648655991.968804385,0,0.000000
1648655991.992319698,0,0.000000
1648655992.014230240,0,0.000000
1648655992.036121838,2,0.031000
1648655992.059217083,0,0.009000
1648655992.082777102,2,0.043000
1648655992.106224329,0,0.000000
1648655992.129938497,1,0.004000
1648655992.150931474,0,0.000000
1648655992.174667999,0,0.020000
1648655992.198854654,2,0.021000
1648655992.221004164,0,0.000000
1648655992.242855285,0,0.000000
1648655992.265501080,0,0.000000
1648655992.288413858,0,0.000000
1648655992.310026367,3,0.101000
1648655992.333475082,0,0.008000
1648655992.355718297,1,0.026000
1648655992.379199843,1,0.037000
1648655992.401420509,0,0.022000
1648655992.424266003,0,0.028000
1648655992.448290256,0,0.000000
1648655992.469216232,0,0.004000
1648655992.491723113,0,0.000000
1648655992.515524777,0,0.000000
1648655992.536400058,0,0.000000
1648655992.559040893,0,0.000000
1648655992.581816675,1,0.028000
1648655992.604313588,0,0.000000
1648655992.627501868,0,0.006000
1648655992.649542112,0,0.010000
1648655992.672770529,0,0.000000
1648655992.694728964,1,0.019000
1648655992.716892279,0,0.000000
1648655992.738401892,0,0.000000
1648655992.761866539,0,0.000000
1648655992.783256762,0,0.000000
1648655992.805290320,2,0.069000
1648655992.827323083,0,0.000000
1648655992.850480445,0,0.000000
1648655992.871469475,0,0.000000
1648655992.894681541,0,0.000000
1648655992.917274570,3,0.032000
1648655992.940099336,0,0.000000
1648655992.963238272,0,0.000000
1648655992.984879900,2,0.035000
1648655993.008180875,2,0.012000
1648655993.030295422,2,0.028000
1648655993.052953574,2,0.031000
1648655993.075539593,0,0.000000
1648655993.096430525,1,0.005000
1648655993.120120496,0,0.000000
1648655993.142550538,3,0.057000
1648655993.165676876,4,0.051000
1648655993.190384986,0,0.000000
1648655993.213345332,0,0.000000
1648655993.235918017,0,0.023000
1648655993.258433188,0,0.012000
1648655993.281610586,2,0.010000
1648655993.304895367,5,0.087000
1648655993.328055652,3,0.058000
1648655993.351317018,1,0.037000
1648655993.374764512,0,0.000000
1648655993.397392211,1,0.000000
1648655993.420223222,0,0.008000
1648655993.440254502,2,0.071000
1648655993.463071818,0,0.000000
1648655993.485539312,0,0.000000
1648655993.509362058,4,0.040000
1648655993.532358722,0,0.000000
1648655993.553405126,0,0.000000
1648655993.577371096,0,0.011000
1648655993.600363111,2,0.020000
1648655993.622548426,0,0.000000
1648655993.646036858,0,0.001000
1648655993.670046513,0,0.000000
1648655993.694091689,0,0.000000
1648655993.714411619,0,0.000000
1648655993.737393507,1,0.002000
1648655993.760639682,0,0.000000
1648655993.782747314,2,0.041000
1648655993.803855023,0,0.010000
1648655993.826124954,0,0.000000
1648655993.848065597,1,0.011000
1648655993.869370128,0,0.000000
1648655993.892894489,0,0.000000
1648655993.916457665,0,0.000000
1648655993.939227314,0,0.000000
1648655993.960980610,0,0.000000
1648655993.983349381,0,0.000000
1648655994.009016292,0,0.000000
1648655994.032361143,0,0.011000
1648655994.055896657,0,0.000000
1648655994.078949363,0,0.019000
1648655994.104784237,0,0.000000
1648655994.127701425,4,0.042000
1648655994.150238342,0,0.000000
1648655994.172490548,2,0.044000
1648655994.194956138,0,0.010000
1648655994.217274419,0,0.000000
1648655994.240228702,4,0.042000
1648655994.264240491,1,0.016000
1648655994.286273644,4,0.023000
1648655994.309175700,0,0.000000
1648655994.331502761,2,0.042000
1648655994.355274233,0,0.000000
1648655994.378270825,4,0.035000
1648655994.401859827,2,0.017000
1648655994.422357686,0,0.024000
1648655994.443582063,1,0.033000
1648655994.466218271,3,0.069000
1648655994.490064568,1,0.041000
1648655994.511614115,0,0.000000
1648655994.533531399,0,0.000000
1648655994.556228853,1,0.008000
1648655994.581341101,0,0.000000
1648655994.604191629,3,0.042000
1648655994.626423568,1,0.013000
1648655994.646999808,0,0.000000
1648655994.669587270,0,0.000000
1648655994.692113383,0,0.000000
1648655994.715115749,0,0.000000
1648655994.739206608,0,0.000000
1648655994.762021698,0,0.000000
1648655994.782830982,0,0.000000
1648655994.806253003,2,0.030000
1648655994.827890404,0,0.000000
1648655994.850265912,0,0.015000
1648655994.874293010,0,0.000000
1648655994.897033231,0,0.000000
1648655994.920144532,0,0.000000
1648655994.943244480,2,0.035000
1648655994.965683199,0,0.000000
1648655994.988593460,3,0.051000
1648655995.009777149,0,0.000000
1648655995.033263084,0,0.000000
1648655995.056301123,0,0.000000
1648655995.080328412,3,0.064000
1648655995.102661630,0,0.000000
1648655995.125932589,0,0.017000
1648655995.146640392,0,0.000000
1648655995.169531974,0,0.000000
1648655995.191911292,0,0.000000
1648655995.213630807,0,0.004000
1648655995.236423264,0,0.001000
1648655995.259760817,0,0.001000
1648655995.282441515,0,0.001000
1648655995.305804817,0,0.001000
1648655995.329028366,0,0.001000
1648655995.352051988,0,0.001000
1648655995.375207721,0,0.001000
1648655995.397984953,0,0.001000
1648655995.419327160,0,0.001000
1648655995.441408115,0,0.001000
1648655995.462879623,0,0.001000
1648655995.486214255,0,0.001000
1648655995.507314615,0,0.001000
1648655995.530065899,0,0.001000
