1648652426.411108425,0,0.000000
1648652426.435654364,0,0.000000
1648652426.458910092,0,0.000000
1648652426.480409068,0,0.000000
1648652426.500845777,0,0.000000
1648652426.523646603,0,0.000000
1648652426.545451988,0,0.000000
1648652426.568253244,0,0.000000
1648652426.592031622,0,0.000000
1648652426.614241970,0,0.000000
1648652426.633637743,0,0.000000
1648652426.655066444,0,0.000000
1648652426.678072232,0,0.000000
1648652426.699427161,0,0.000000
1648652426.721432463,0,0.000000
1648652426.743397142,0,0.000000
1648652426.765752817,0,0.000000
1648652426.788176688,0,0.000000
1648652426.810485966,0,0.000000
1648652426.833467174,27,0.316000
1648652426.855896139,6,0.086000
1648652426.877039680,0,0.000000
1648652426.896691929,0,0.000000
1648652426.916641434,0,0.000000
1648652426.939015179,0,0.000000
1648652426.959011214,0,0.000000
1648652426.980987110,0,0.000000
1648652427.004830179,0,0.000000
1648652427.027778616,0,0.000000
1648652427.051540484,0,0.000000
1648652427.073328519,0,0.000000
1648652427.096173479,0,0.000000
1648652427.119288880,0,0.000000
1648652427.140814578,0,0.000000
1648652427.162148809,0,0.000000
1648652427.184274468,0,0.000000
1648652427.207369570,0,0.000000
1648652427.229809154,0,0.000000
1648652427.251405742,0,0.000000
1648652427.273783287,0,0.000000
1648652427.296269979,0,0.000000
1648652427.317837904,0,0.000000
1648652427.340393778,0,0.000000
1648652427.362453380,0,0.000000
1648652427.386815207,0,0.000000
1648652427.409653239,0,0.000000
1648652427.432737621,0,0.000000
1648652427.454338829,0,0.000000
1648652427.477875217,0,0.000000
1648652427.500142736,0,0.000000
1648652427.522087439,0,0.000000
1648652427.544080703,0,0.000000
1648652427.565504295,0,0.000000
1648652427.587466107,0,0.000000
1648652427.609505185,0,0.000000
1648652427.632799993,0,0.000000
1648652427.655131768,0,0.000000
1648652427.678349824,0,0.000000
1648652427.699702263,0,0.000000
1648652427.722446796,0,0.000000
1648652427.743462315,0,0.000000
1648652427.764801188,0,0.000000
1648652427.787555510,0,0.002000
1648652427.810305028,0,0.006000
1648652427.832924845,0,0.000000
1648652427.856838028,0,0.000000
1648652427.877814634,0,0.000000
1648652427.900446455,0,0.000000
1648652427.922004718,0,0.000000
1648652427.943817087,0,0.000000
1648652427.967478878,0,0.000000
1648652427.988589913,0,0.000000
1648652428.008415455,0,0.000000
1648652428.031789113,0,0.000000
1648652428.053664242,0,0.000000
1648652428.076935953,0,0.000000
1648652428.099204187,0,0.008000
1648652428.121508584,0,0.000000
1648652428.144416064,0,0.000000
1648652428.168387568,0,0.000000
1648652428.189915963,0,0.000000
1648652428.210810677,0,0.001000
1648652428.233046096,0,0.000000
1648652428.257307427,0,0.000000
1648652428.279303692,0,0.000000
1648652428.301237804,0,0.000000
1648652428.325031782,0,0.000000
1648652428.349388741,0,0.000000
1648652428.370712277,0,0.000000
1648652428.392294204,0,0.000000
1648652428.414579280,0,0.000000
1648652428.437865907,0,0.002000
1648652428.459947226,0,0.000000
1648652428.481547910,0,0.000000
1648652428.504555359,0,0.000000
1648652428.526325019,0,0.000000
1648652428.548494158,0,0.000000
1648652428.570589212,0,0.000000
1648652428.593148001,0,0.000000
1648652428.616036844,0,0.000000
1648652428.638481884,0,0.013000
1648652428.661379292,0,0.000000
1648652428.681749431,0,0.000000
1648652428.706598777,0,0.000000
1648652428.728335456,0,0.000000
1648652428.750173680,0,0.000000
1648652428.772773425,0,0.001000
1648652428.794107187,0,0.000000
1648652428.816250043,0,0.000000
1648652428.837285733,0,0.000000
1648652428.857368222,0,0.002000
1648652428.880087358,0,0.004000
1648652428.900936565,0,0.000000
1648652428.923182704,0,0.000000
1648652428.946141966,0,0.000000
1648652428.966827436,0,0.000000
1648652428.987803263,0,0.000000
1648652429.010164770,0,0.000000
1648652429.031727859,0,0.000000
1648652429.053403566,0,0.000000
1648652429.077399138,0,0.002000
1648652429.100102863,0,0.000000
1648652429.121505171,0,0.000000
1648652429.143708918,0,0.000000
1648652429.166537590,0,0.000000
1648652429.189352014,0,0.000000
1648652429.212036673,0,0.000000
1648652429.234281225,0,0.000000
1648652429.256676490,0,0.000000
1648652429.281658598,0,0.000000
1648652429.303346376,0,0.000000
1648652429.325818778,0,0.007000
1648652429.347933047,0,0.000000
1648652429.370022328,0,0.001000
1648652429.390394478,0,0.000000
1648652429.411687537,0,0.000000
1648652429.433925459,0,0.000000
1648652429.457348388,0,0.000000
1648652429.481320478,0,0.000000
1648652429.503232658,0,0.000000
1648652429.525988909,0,0.000000
1648652429.547662306,0,0.002000
1648652429.570268102,0,0.000000
1648652429.592158181,0,0.001000
1648652429.615698745,0,0.000000
1648652429.636493098,0,0.000000
1648652429.658834171,0,0.000000
1648652429.681400067,0,0.000000
1648652429.704441617,0,0.000000
1648652429.725883731,0,0.000000
1648652429.749762767,0,0.000000
1648652429.772001971,0,0.000000
1648652429.793194221,0,0.000000
1648652429.817219492,0,0.000000
1648652429.839152633,0,0.009000
1648652429.861729723,0,0.000000
1648652429.884935536,0,0.000000
1648652429.907255248,0,0.000000
1648652429.929373476,0,0.000000
1648652429.954087369,0,0.000000
1648652429.976506779,0,0.000000
1648652429.998096822,0,0.000000
1648652430.020392294,0,0.000000
1648652430.043017755,0,0.000000
1648652430.065371307,0,0.000000
1648652430.088819449,0,0.000000
1648652430.111526145,0,0.000000
1648652430.132743046,0,0.000000
1648652430.153978093,0,0.000000
1648652430.175261954,0,0.000000
1648652430.196529103,0,0.001000
1648652430.217615182,0,0.000000
1648652430.240709302,0,0.000000
1648652430.260910628,0,0.000000
1648652430.282137482,0,0.000000
1648652430.304595636,0,0.000000
1648652430.326523972,0,0.000000
1648652430.348298053,0,0.000000
1648652430.369975086,0,0.000000
1648652430.392115053,0,0.001000
1648652430.414907074,0,0.000000
1648652430.437773597,0,0.000000
1648652430.460262891,0,0.001000
1648652430.483413435,0,0.007000
1648652430.507774000,0,0.000000
1648652430.530744721,0,0.000000
1648652430.551225388,0,0.000000
1648652430.574812275,0,0.000000
1648652430.599268445,0,0.001000
1648652430.622071175,0,0.000000
1648652430.645231088,0,0.000000
1648652430.667350634,0,0.000000
1648652430.689843466,1,0.000000
1648652430.711982441,0,0.000000
1648652430.734457431,0,0.000000
1648652430.755974964,0,0.000000
1648652430.778201605,0,0.000000
1648652430.800604723,0,0.000000
1648652430.820947507,0,0.000000
1648652430.842913507,0,0.000000
1648652430.865276623,0,0.000000
1648652430.886079352,0,0.000000
1648652430.907105503,0,0.000000
1648652430.930486076,0,0.000000
1648652430.952803977,0,0.000000
1648652430.974394447,0,0.000000
1648652430.998676444,0,0.000000
1648652431.022570824,0,0.000000
1648652431.046741824,0,0.000000
1648652431.069802307,0,0.000000
1648652431.091881784,0,0.000000
1648652431.114646951,0,0.000000
1648652431.136409418,0,0.000000
1648652431.159908042,0,0.000000
1648652431.181358476,0,0.000000
1648652431.202682083,0,0.000000
1648652431.226981037,0,0.000000
1648652431.249276850,0,0.006000
1648652431.270651694,0,0.000000
1648652431.293168079,0,0.000000
1648652431.315768661,0,0.000000
1648652431.336570106,0,0.000000
1648652431.357662793,0,0.000000
1648652431.381919757,0,0.000000
1648652431.404849337,0,0.000000
1648652431.427995519,0,0.000000
1648652431.451267061,0,0.001000
1648652431.473805777,0,0.000000
1648652431.496583138,0,0.000000
1648652431.519015852,0,0.000000
1648652431.541121003,0,0.000000
1648652431.562588991,0,0.001000
1648652431.584077057,0,0.000000
1648652431.607946020,0,0.000000
1648652431.630120468,0,0.000000
1648652431.654906929,0,0.000000
1648652431.676817486,0,0.003000
1648652431.699958338,0,0.000000
1648652431.724663156,0,0.000000
1648652431.745798101,0,0.000000
1648652431.768178425,0,0.000000
1648652431.789747406,0,0.000000
1648652431.811992166,0,0.000000
1648652431.834651307,0,0.000000
1648652431.857008362,0,0.000000
1648652431.879185877,0,0.000000
1648652431.903631600,0,0.000000
1648652431.924557918,0,0.000000
1648652431.944278988,0,0.000000
1648652431.967448550,0,0.000000
1648652431.988977609,0,0.000000
1648652432.011706287,0,0.000000
1648652432.034467782,0,0.000000
1648652432.056125422,0,0.000000
1648652432.076869230,0,0.000000
1648652432.100065011,0,0.000000
1648652432.122330977,0,0.000000
1648652432.142537721,0,0.000000
1648652432.164600338,0,0.000000
1648652432.188861005,0,0.000000
1648652432.211548412,0,0.000000
1648652432.233994140,0,0.000000
1648652432.257310403,0,0.000000
1648652432.281728181,0,0.000000
1648652432.306130027,0,0.000000
1648652432.328885704,0,0.000000
1648652432.353000021,0,0.000000
1648652432.375894089,0,0.000000
1648652432.397375580,0,0.000000
1648652432.419217383,0,0.000000
1648652432.440761583,0,0.000000
1648652432.462704016,0,0.000000
1648652432.484946701,0,0.000000
1648652432.506779492,0,0.000000
1648652432.528608445,0,0.000000
1648652432.550127334,0,0.000000
1648652432.573271305,0,0.000000
1648652432.595630777,0,0.000000
1648652432.614420748,0,0.000000
1648652432.636350363,0,0.000000
1648652432.660065587,0,0.000000
1648652432.683720171,0,0.000000
1648652432.707568974,0,0.000000
1648652432.731449588,0,0.000000
1648652432.753263343,0,0.002000
1648652432.777721068,0,0.000000
1648652432.797764121,0,0.000000
1648652432.821232359,0,0.000000
1648652432.844020993,0,0.000000
1648652432.866000714,0,0.000000
1648652432.889090199,0,0.000000
1648652432.911605085,0,0.000000
1648652432.935010299,0,0.000000
1648652432.957240619,0,0.000000
1648652432.978007759,0,0.000000
1648652433.000633816,0,0.000000
1648652433.021673644,0,0.000000
1648652433.043281640,0,0.000000
1648652433.063984411,0,0.000000
1648652433.086202499,0,0.000000
1648652433.107976502,0,0.000000
1648652433.130750039,0,0.000000
1648652433.153172991,0,0.000000
1648652433.176576371,0,0.015000
1648652433.197330789,0,0.000000
1648652433.219981602,0,0.000000
1648652433.242340524,0,0.000000
1648652433.264921769,0,0.000000
1648652433.288625431,0,0.000000
1648652433.310324987,0,0.000000
1648652433.333081815,0,0.000000
1648652433.356154331,0,0.000000
1648652433.379132936,0,0.000000
1648652433.400887270,0,0.000000
1648652433.423189276,0,0.000000
1648652433.446305053,0,0.000000
1648652433.466703433,0,0.000000
1648652433.489614802,0,0.000000
1648652433.511939365,0,0.000000
1648652433.535308813,0,0.005000
1648652433.556323496,0,0.000000
1648652433.578248779,0,0.000000
1648652433.599433575,0,0.000000
1648652433.621871210,0,0.000000
1648652433.644188341,0,0.000000
1648652433.667921787,0,0.000000
1648652433.690853866,0,0.000000
1648652433.712801884,0,0.000000
1648652433.734148979,0,0.000000
1648652433.756422466,0,0.000000
1648652433.778349928,0,0.000000
1648652433.801195399,0,0.000000
1648652433.824992182,0,0.000000
1648652433.845628601,0,0.000000
1648652433.867573118,0,0.000000
1648652433.890845223,0,0.000000
1648652433.912576155,0,0.000000
1648652433.935080060,0,0.000000
1648652433.955909301,0,0.000000
1648652433.978743923,0,0.000000
1648652434.001052768,0,0.000000
1648652434.020316371,0,0.000000
1648652434.042836725,0,0.000000
1648652434.065337880,0,0.000000
1648652434.086453257,0,0.000000
1648652434.107366205,0,0.000000
1648652434.130391500,0,0.000000
1648652434.153386113,0,0.000000
1648652434.173870853,0,0.000000
1648652434.195944424,0,0.000000
1648652434.217257984,0,0.000000
1648652434.240169413,0,0.000000
1648652434.263435931,0,0.000000
1648652434.288011128,0,0.000000
1648652434.310932115,0,0.000000
1648652434.334289460,0,0.000000
1648652434.354947473,0,0.000000
1648652434.376042081,0,0.000000
1648652434.398230956,0,0.000000
1648652434.421705145,0,0.000000
1648652434.445652794,0,0.000000
1648652434.468905865,0,0.000000
1648652434.493029818,0,0.000000
1648652434.514772058,0,0.000000
1648652434.537107890,0,0.001000
1648652434.560017411,0,0.000000
1648652434.583246051,0,0.000000
1648652434.606275540,0,0.001000
1648652434.625102914,0,0.000000
1648652434.646993587,0,0.000000
1648652434.668769100,0,0.000000
1648652434.689803408,0,0.000000
1648652434.712267132,0,0.000000
1648652434.734689305,0,0.000000
1648652434.756789208,0,0.000000
1648652434.778997583,0,0.000000
1648652434.802016732,0,0.000000
1648652434.824221824,0,0.000000
1648652434.847491484,0,0.000000
1648652434.870065171,0,0.000000
1648652434.892247392,0,0.000000
1648652434.914298052,0,0.000000
1648652434.936184464,0,0.000000
1648652434.957233961,0,0.000000
1648652434.978898653,0,0.000000
1648652435.000455008,0,0.000000
1648652435.021479131,0,0.000000
1648652435.042906752,0,0.000000
1648652435.065781630,0,0.000000
1648652435.089354424,0,0.000000
1648652435.112327789,0,0.000000
1648652435.134383395,0,0.000000
1648652435.157095308,0,0.000000
1648652435.179097279,0,0.000000
1648652435.201090963,0,0.000000
1648652435.223798591,0,0.002000
1648652435.246137205,0,0.000000
1648652435.267570444,0,0.000000
1648652435.290056013,0,0.000000
1648652435.311244387,1,0.000000
1648652435.334732867,0,0.000000
1648652435.356696407,0,0.000000
1648652435.377443655,0,0.000000
1648652435.400167647,0,0.000000
1648652435.420356654,0,0.000000
1648652435.443369698,0,0.009000
1648652435.463905648,0,0.000000
1648652435.484579140,1,0.000000
1648652435.507459657,0,0.000000
1648652435.528917482,0,0.000000
1648652435.550830488,0,0.000000
1648652435.572605222,0,0.000000
1648652435.594185258,0,0.000000
1648652435.617248649,0,0.000000
1648652435.637740100,0,0.004000
1648652435.659387199,0,0.000000
1648652435.682881066,0,0.001000
1648652435.704059107,0,0.000000
1648652435.725677670,0,0.000000
1648652435.748449000,0,0.000000
1648652435.771418762,0,0.000000
1648652435.793202861,0,0.000000
1648652435.815706925,0,0.000000
1648652435.836667086,0,0.000000
1648652435.858786346,0,0.000000
1648652435.880591270,0,0.000000
1648652435.902810064,0,0.000000
1648652435.926686803,0,0.000000
1648652435.950364929,0,0.000000
1648652435.971885027,0,0.000000
1648652435.995367751,0,0.000000
1648652436.017219409,0,0.008000
1648652436.040066562,0,0.000000
1648652436.063131096,0,0.000000
1648652436.086485820,0,0.000000
1648652436.109943925,0,0.000000
1648652436.132482571,0,0.000000
1648652436.156036153,0,0.000000
1648652436.177963102,0,0.000000
1648652436.200962087,0,0.001000
1648652436.222628039,0,0.000000
1648652436.244493028,0,0.000000
1648652436.267507459,0,0.000000
1648652436.290320929,0,0.001000
1648652436.311382665,0,0.000000
1648652436.333021283,0,0.000000
1648652436.354896322,0,0.000000
1648652436.377144943,0,0.000000
1648652436.399320284,1,0.005000
1648652436.419343403,0,0.000000
1648652436.439568170,0,0.000000
1648652436.464163964,0,0.001000
1648652436.487121293,0,0.000000
1648652436.508396556,0,0.000000
1648652436.531473576,0,0.000000
1648652436.553839688,0,0.001000
1648652436.577438522,0,0.000000
1648652436.599707008,0,0.000000
1648652436.621958445,0,0.000000
1648652436.645686090,0,0.000000
1648652436.666389927,0,0.000000
1648652436.688182034,0,0.000000
1648652436.711004818,0,0.000000
1648652436.733219709,0,0.000000
1648652436.757313844,0,0.000000
1648652436.779181988,0,0.000000
1648652436.803079831,0,0.000000
1648652436.827097319,0,0.000000
1648652436.849303640,0,0.001000
1648652436.872057208,0,0.000000
1648652436.893460685,0,0.000000
1648652436.915427958,0,0.000000
1648652436.938646112,0,0.000000
1648652436.959308282,0,0.000000
1648652436.980429485,0,0.000000
1648652437.002236715,0,0.000000
1648652437.023473822,0,0.000000
1648652437.045740040,0,0.001000
1648652437.065824631,0,0.000000
1648652437.087480749,0,0.000000
1648652437.110434809,0,0.001000
1648652437.135606248,0,0.000000
1648652437.157313842,0,0.000000
1648652437.179928865,0,0.000000
1648652437.201999747,0,0.000000
1648652437.222538642,0,0.000000
1648652437.245788041,0,0.000000
1648652437.269672608,0,0.000000
1648652437.293736162,0,0.000000
1648652437.316298025,0,0.000000
1648652437.337089081,0,0.000000
1648652437.359130445,0,0.000000
1648652437.381283489,0,0.000000
1648652437.402523181,0,0.000000
1648652437.425159675,0,0.000000
1648652437.447737055,0,0.000000
1648652437.472267828,0,0.000000
1648652437.492279874,0,0.000000
1648652437.514258177,0,0.000000
1648652437.538191153,0,0.000000
1648652437.559896165,0,0.000000
1648652437.582730513,0,0.000000
1648652437.604960915,0,0.000000
1648652437.628185898,0,0.000000
1648652437.652471694,0,0.000000
1648652437.675146182,0,0.000000
1648652437.697199946,0,0.000000
1648652437.719814977,0,0.000000
1648652437.741336176,0,0.000000
1648652437.762214425,0,0.000000
1648652437.784587417,0,0.000000
1648652437.805796249,0,0.000000
1648652437.828250629,0,0.000000
1648652437.849499569,0,0.000000
1648652437.868807310,0,0.000000
1648652437.891760199,0,0.000000
1648652437.912456048,0,0.000000
1648652437.935919883,0,0.000000
1648652437.957878399,0,0.000000
1648652437.979501774,0,0.000000
1648652438.001324608,0,0.000000
1648652438.025464033,0,0.000000
1648652438.048975618,0,0.001000
1648652438.070343807,0,0.000000
1648652438.092265035,0,0.000000
1648652438.113996652,0,0.000000
1648652438.134600143,0,0.000000
1648652438.157433537,0,0.000000
1648652438.181152522,0,0.000000
1648652438.201960491,0,0.000000
1648652438.223778997,0,0.000000
1648652438.244080972,0,0.000000
1648652438.266466313,0,0.000000
1648652438.288701512,0,0.000000
1648652438.311807890,0,0.000000
1648652438.335584249,0,0.000000
1648652438.357548098,0,0.000000
1648652438.378073365,0,0.000000
1648652438.398354845,0,0.000000
1648652438.422038715,0,0.000000
1648652438.444939916,0,0.000000
1648652438.467644088,0,0.000000
1648652438.489128068,0,0.000000
1648652438.511356822,0,0.001000
1648652438.534501703,0,0.000000
1648652438.554935608,0,0.000000
1648652438.577697455,0,0.000000
1648652438.601131564,0,0.000000
1648652438.624422806,0,0.000000
1648652438.642844786,0,0.000000
1648652438.666422520,0,0.000000
1648652438.688841823,0,0.000000
1648652438.709303548,0,0.000000
1648652438.732076971,0,0.000000
1648652438.754039111,0,0.000000
1648652438.775522443,0,0.001000
1648652438.798347027,0,0.001000
1648652438.817843581,0,0.000000
1648652438.839795078,0,0.000000
1648652438.861936038,0,0.000000
1648652438.884078133,0,0.001000
1648652438.905431115,1,0.000000
1648652438.927163687,0,0.000000
1648652438.948310977,0,0.000000
1648652438.972174918,0,0.000000
1648652438.994758573,0,0.000000
1648652439.019700888,0,0.000000
1648652439.042200389,0,0.000000
1648652439.064616562,0,0.000000
1648652439.087231024,0,0.000000
1648652439.107218257,0,0.000000
1648652439.130086535,0,0.000000
1648652439.151421842,0,0.000000
1648652439.171858007,0,0.000000
1648652439.194099613,0,0.000000
1648652439.215686418,0,0.000000
1648652439.238975187,0,0.000000
1648652439.260177483,0,0.000000
1648652439.282384921,0,0.000000
1648652439.303443216,0,0.000000
1648652439.325321784,0,0.000000
1648652439.347707407,0,0.000000
1648652439.370961958,0,0.000000
1648652439.392490181,0,0.000000
1648652439.413989743,0,0.000000
1648652439.435827113,0,0.000000
1648652439.457812031,0,0.000000
1648652439.479571871,0,0.014000
1648652439.503107768,0,0.000000
1648652439.526160936,0,0.000000
1648652439.548409242,0,0.000000
1648652439.568704782,0,0.000000
1648652439.589787667,0,0.000000
1648652439.611733649,0,0.000000
1648652439.633599148,0,0.000000
1648652439.656684470,0,0.000000
1648652439.678396929,0,0.000000
1648652439.698561310,0,0.000000
1648652439.722610845,0,0.000000
1648652439.742475951,0,0.000000
1648652439.764941769,0,0.000000
1648652439.787659651,0,0.000000
1648652439.808044152,0,0.008000
1648652439.832010653,0,0.000000
1648652439.854636194,0,0.000000
1648652439.877041453,0,0.000000
1648652439.899706780,0,0.000000
1648652439.920765590,0,0.001000
1648652439.942453483,0,0.000000
1648652439.965925869,0,0.000000
1648652439.989169582,0,0.001000
1648652440.010677505,0,0.000000
1648652440.031024676,0,0.000000
1648652440.053589466,0,0.000000
1648652440.075465642,0,0.000000
1648652440.098045021,0,0.000000
1648652440.120065535,0,0.000000
1648652440.141394416,0,0.000000
1648652440.164066264,0,0.000000
1648652440.185343449,0,0.000000
1648652440.208020156,0,0.000000
1648652440.229304616,0,0.013000
1648652440.252656002,0,0.000000
1648652440.275897880,0,0.000000
1648652440.299474677,0,0.000000
1648652440.321796445,0,0.001000
1648652440.345496692,0,0.000000
1648652440.365667841,0,0.000000
1648652440.388325735,1,0.000000
1648652440.409251702,0,0.000000
1648652440.431366695,0,0.000000
1648652440.455923895,0,0.000000
1648652440.478767383,0,0.001000
1648652440.501201577,0,0.000000
1648652440.523674560,0,0.004000
1648652440.546810994,0,0.000000
1648652440.569848692,0,0.011000
1648652440.591900019,0,0.000000
1648652440.614803834,0,0.000000
1648652440.635087990,0,0.000000
1648652440.657632885,0,0.000000
1648652440.679842980,0,0.000000
1648652440.703281421,0,0.000000
1648652440.725192954,0,0.000000
1648652440.748546334,0,0.000000
1648652440.769490089,0,0.000000
1648652440.790672517,0,0.000000
1648652440.813348278,0,0.000000
1648652440.836478676,0,0.000000
1648652440.861053234,0,0.000000
1648652440.884149486,0,0.000000
1648652440.908741907,0,0.000000
1648652440.930699534,0,0.000000
1648652440.951473062,0,0.000000
1648652440.972230431,0,0.000000
1648652440.994017749,0,0.000000
1648652441.015690350,0,0.000000
1648652441.037879914,0,0.000000
1648652441.058707248,0,0.000000
1648652441.079028909,0,0.000000
1648652441.101368495,0,0.000000
1648652441.123285544,0,0.000000
1648652441.146557490,0,0.000000
1648652441.170355631,0,0.000000
1648652441.191131176,0,0.000000
1648652441.214933218,0,0.006000
1648652441.238680471,0,0.000000
1648652441.260084328,1,0.001000
1648652441.281161230,0,0.000000
1648652441.304255795,0,0.000000
1648652441.326153472,0,0.000000
1648652441.347299793,0,0.000000
1648652441.369364587,0,0.000000
1648652441.392057532,0,0.000000
1648652441.415178706,0,0.000000
1648652441.438745147,0,0.000000
1648652441.462097364,0,0.000000
1648652441.484279343,0,0.000000
1648652441.506454207,0,0.000000
1648652441.529411722,0,0.000000
1648652441.551958861,0,0.000000
1648652441.573500177,0,0.001000
1648652441.595479653,0,0.000000
1648652441.616255068,0,0.000000
1648652441.638443784,0,0.000000
1648652441.659363211,0,0.000000
1648652441.682102067,0,0.001000
1648652441.703873418,0,0.000000
1648652441.727572878,0,0.000000
1648652441.749246087,0,0.000000
1648652441.770300290,0,0.000000
1648652441.793479477,0,0.000000
1648652441.816475911,0,0.000000
1648652441.836972576,0,0.000000
1648652441.859606381,0,0.000000
1648652441.881776570,0,0.000000
1648652441.906677352,0,0.000000
1648652441.928792143,0,0.000000
1648652441.952358140,0,0.000000
1648652441.972903147,0,0.000000
1648652441.994344673,0,0.000000
1648652442.015071449,0,0.000000
1648652442.036945474,0,0.000000
1648652442.059267673,0,0.000000
1648652442.082059070,0,0.011000
1648652442.102810091,0,0.001000
1648652442.126701755,0,0.000000
1648652442.150491699,0,0.000000
1648652442.173201978,0,0.000000
1648652442.196711987,0,0.000000
1648652442.217574199,0,0.000000
1648652442.239484847,0,0.001000
1648652442.261670918,0,0.000000
1648652442.282317390,0,0.000000
1648652442.304653320,0,0.001000
1648652442.326772973,0,0.000000
1648652442.348038374,0,0.000000
1648652442.369461689,0,0.001000
1648652442.390871964,0,0.000000
1648652442.413780698,0,0.000000
1648652442.436419136,0,0.000000
1648652442.458489233,0,0.000000
1648652442.482500304,0,0.000000
1648652442.504867052,0,0.000000
1648652442.527589153,0,0.000000
1648652442.548806377,0,0.000000
1648652442.572556588,0,0.000000
1648652442.593309976,0,0.000000
1648652442.615867155,0,0.001000
1648652442.637846477,0,0.000000
1648652442.660410506,0,0.001000
1648652442.683598184,0,0.000000
1648652442.704991375,0,0.004000
1648652442.727409753,0,0.000000
1648652442.747091818,0,0.000000
1648652442.769261139,0,0.000000
1648652442.792689272,0,0.000000
1648652442.815551438,0,0.000000
1648652442.836783367,0,0.001000
1648652442.860281173,0,0.000000
1648652442.882382544,0,0.000000
1648652442.904084852,0,0.000000
1648652442.926773876,0,0.004000
1648652442.949748822,0,0.000000
1648652442.972715184,0,0.000000
1648652442.996108952,0,0.001000
1648652443.019334074,0,0.000000
1648652443.043494609,0,0.000000
1648652443.064790006,0,0.000000
1648652443.086461907,0,0.000000
1648652443.109187595,0,0.000000
1648652443.132702628,0,0.000000
1648652443.153249081,0,0.000000
1648652443.176544839,0,0.000000
1648652443.199860887,0,0.000000
1648652443.221960811,0,0.000000
1648652443.244884783,0,0.000000
1648652443.267404299,0,0.000000
1648652443.289040552,0,0.000000
1648652443.310188530,0,0.000000
1648652443.332280745,0,0.001000
1648652443.354644314,0,0.000000
1648652443.376458050,0,0.000000
1648652443.398691879,0,0.001000
1648652443.421594440,0,0.000000
1648652443.443163424,0,0.000000
1648652443.467505054,0,0.000000
1648652443.489253564,0,0.000000
1648652443.512024771,0,0.000000
1648652443.534860428,0,0.000000
1648652443.558863528,0,0.000000
1648652443.580869033,0,0.000000
1648652443.603191510,0,0.000000
1648652443.625022987,0,0.000000
1648652443.648259314,0,0.001000
1648652443.670889700,0,0.007000
1648652443.692433760,0,0.000000
1648652443.714352367,0,0.000000
1648652443.735950942,0,0.000000
1648652443.758835971,0,0.000000
1648652443.780225677,0,0.000000
1648652443.804326869,0,0.000000
1648652443.826752106,0,0.000000
1648652443.849555728,0,0.000000
1648652443.870016975,0,0.000000
1648652443.891227732,0,0.000000
1648652443.914309897,0,0.000000
1648652443.935685126,0,0.000000
1648652443.955994739,0,0.000000
1648652443.978232519,0,0.000000
1648652443.999052432,0,0.000000
1648652444.020402283,0,0.000000
1648652444.042458572,0,0.000000
1648652444.064278107,0,0.000000
1648652444.088410968,0,0.000000
1648652444.110707127,0,0.000000
1648652444.134925716,0,0.000000
1648652444.157853052,0,0.000000
1648652444.182004594,0,0.000000
1648652444.204536972,0,0.000000
1648652444.226331845,0,0.000000
1648652444.248371330,0,0.000000
1648652444.270814546,0,0.000000
1648652444.294352962,0,0.000000
1648652444.317667655,0,0.000000
1648652444.340504142,0,0.000000
1648652444.361976305,0,0.000000
1648652444.385089378,0,0.001000
1648652444.407646438,0,0.000000
1648652444.429210917,0,0.000000
1648652444.449783867,0,0.000000
1648652444.473541168,0,0.000000
1648652444.496148316,1,0.000000
1648652444.519801046,0,0.000000
1648652444.544023187,0,0.002000
1648652444.565101272,0,0.000000
1648652444.588234542,0,0.000000
1648652444.610372703,0,0.000000
1648652444.632139577,0,0.000000
1648652444.653423600,0,0.000000
1648652444.677014837,0,0.000000
1648652444.701524986,0,0.000000
1648652444.724229105,0,0.000000
1648652444.746873470,0,0.000000
1648652444.767985679,0,0.000000
1648652444.789386393,0,0.000000
1648652444.810873837,0,0.000000
1648652444.833326632,0,0.000000
1648652444.855302515,0,0.000000
1648652444.877335334,1,0.000000
1648652444.898204906,0,0.000000
1648652444.918616862,0,0.000000
1648652444.940952387,0,0.000000
1648652444.963373204,0,0.000000
1648652444.984049140,0,0.006000
1648652445.006588269,0,0.000000
1648652445.030454935,0,0.000000
1648652445.052525670,0,0.006000
1648652445.075354093,0,0.001000
1648652445.098834625,0,0.000000
1648652445.120252874,0,0.000000
1648652445.142307678,0,0.000000
1648652445.163654370,0,0.000000
1648652445.186678884,0,0.000000
1648652445.208980346,0,0.000000
1648652445.232065519,0,0.000000
1648652445.255535893,0,0.000000
1648652445.279002632,0,0.000000
1648652445.301676548,0,0.000000
1648652445.325361776,0,0.000000
1648652445.348459583,0,0.000000
1648652445.371412894,0,0.000000
1648652445.391729142,0,0.000000
1648652445.412882993,0,0.000000
1648652445.434495813,0,0.000000
1648652445.456475483,0,0.000000
1648652445.478505484,0,0.000000
1648652445.501195885,0,0.000000
1648652445.523349994,0,0.000000
1648652445.544840726,0,0.000000
1648652445.567719674,0,0.000000
1648652445.592487333,0,0.000000
1648652445.614787829,0,0.000000
1648652445.636252835,0,0.000000
1648652445.659457713,0,0.000000
1648652445.682240310,0,0.000000
1648652445.704705234,0,0.000000
1648652445.726998648,0,0.000000
1648652445.750137866,0,0.000000
1648652445.772072564,0,0.000000
1648652445.794498963,0,0.000000
1648652445.816840699,0,0.000000
1648652445.839871581,0,0.000000
1648652445.862229370,0,0.000000
1648652445.884263870,0,0.001000
1648652445.905321464,0,0.000000
1648652445.927592228,0,0.000000
1648652445.949359465,0,0.000000
1648652445.971329863,0,0.000000
1648652445.995192478,0,0.000000
1648652446.018227756,0,0.000000
1648652446.041338690,0,0.000000
1648652446.063976892,0,0.000000
1648652446.085533077,0,0.000000
1648652446.108098165,0,0.000000
1648652446.129701962,0,0.001000
1648652446.153292614,0,0.000000
1648652446.173573001,0,0.000000
1648652446.195537037,0,0.000000
1648652446.218716774,0,0.007000
1648652446.240424324,0,0.000000
1648652446.263115658,0,0.000000
1648652446.286171629,0,0.000000
1648652446.308880122,0,0.000000
1648652446.331059351,0,0.000000
1648652446.353428608,0,0.000000
1648652446.376466785,0,0.000000
1648652446.399593144,0,0.007000
1648652446.421394087,0,0.000000
1648652446.445553203,0,0.000000
1648652446.468191435,0,0.000000
1648652446.491391505,0,0.000000
1648652446.515307409,0,0.000000
1648652446.535707419,0,0.000000
1648652446.557204611,0,0.000000
1648652446.577794592,0,0.000000
1648652446.599371176,0,0.000000
1648652446.621548134,0,0.000000
1648652446.641952387,0,0.000000
1648652446.664486477,0,0.000000
1648652446.687655283,0,0.000000
1648652446.711538366,1,0.000000
1648652446.732924929,0,0.000000
1648652446.755238111,1,0.000000
1648652446.776451945,0,0.000000
1648652446.800832145,0,0.000000
1648652446.823312387,0,0.000000
1648652446.844146492,0,0.000000
1648652446.866598464,0,0.000000
1648652446.889371647,0,0.000000
1648652446.910979312,0,0.000000
1648652446.930813964,0,0.000000
1648652446.954811040,0,0.000000
1648652446.976407278,0,0.000000
1648652446.998362379,0,0.001000
1648652447.020779442,0,0.000000
1648652447.042476304,0,0.000000
1648652447.063180528,0,0.000000
1648652447.086102703,0,0.000000
1648652447.108211849,0,0.000000
1648652447.131401584,0,0.005000
1648652447.154384457,0,0.003000
1648652447.177433160,0,0.000000
1648652447.199658405,0,0.000000
1648652447.221282352,0,0.000000
1648652447.244152932,0,0.000000
1648652447.266845658,0,0.000000
1648652447.287861728,0,0.000000
1648652447.310377241,0,0.000000
1648652447.332414291,0,0.000000
1648652447.353672175,0,0.000000
1648652447.373646549,0,0.000000
1648652447.396848084,0,0.000000
1648652447.416881604,0,0.000000
1648652447.439685016,0,0.000000
1648652447.462106374,0,0.000000
1648652447.485408897,0,0.000000
1648652447.505913715,0,0.000000
1648652447.527371683,0,0.000000
1648652447.551051553,0,0.000000
1648652447.574434712,0,0.000000
1648652447.597643043,0,0.000000
1648652447.619987492,0,0.000000
1648652447.641445048,0,0.000000
1648652447.663881160,0,0.000000
1648652447.685118551,0,0.000000
1648652447.706648896,0,0.000000
1648652447.730574619,0,0.000000
1648652447.755194019,0,0.000000
1648652447.778695454,0,0.000000
1648652447.801710426,0,0.000000
1648652447.824124089,0,0.000000
1648652447.846502968,0,0.000000
1648652447.869346636,0,0.000000
1648652447.890660331,0,0.000000
1648652447.913732176,0,0.000000
1648652447.934917297,0,0.000000
1648652447.955272789,0,0.000000
1648652447.977113533,0,0.000000
1648652447.998519866,0,0.000000
1648652448.019781799,0,0.000000
1648652448.040412952,0,0.000000
1648652448.063124613,0,0.000000
1648652448.084083499,0,0.000000
1648652448.106439318,0,0.000000
1648652448.129340439,0,0.000000
1648652448.152669907,0,0.000000
1648652448.174958491,0,0.001000
1648652448.197272837,0,0.000000
1648652448.219637259,0,0.000000
1648652448.241826944,0,0.000000
1648652448.262921486,0,0.000000
1648652448.286247758,0,0.000000
1648652448.309428270,0,0.000000
1648652448.331947595,0,0.000000
1648652448.354539486,0,0.001000
1648652448.377638418,0,0.000000
1648652448.399843875,0,0.000000
1648652448.423482385,0,0.000000
1648652448.445893305,0,0.000000
1648652448.470570743,0,0.000000
1648652448.493666914,0,0.000000
1648652448.515573144,0,0.000000
1648652448.537977703,0,0.000000
1648652448.561462658,0,0.000000
1648652448.583123080,0,0.000000
1648652448.606472646,0,0.000000
1648652448.629905825,0,0.000000
1648652448.652550608,0,0.000000
1648652448.675207115,0,0.000000
1648652448.697332544,0,0.000000
1648652448.719549645,0,0.000000
1648652448.740907428,0,0.000000
1648652448.762397516,0,0.000000
1648652448.783691624,0,0.000000
1648652448.806348077,0,0.000000
1648652448.827909484,0,0.000000
1648652448.849714265,0,0.000000
1648652448.873221930,0,0.000000
1648652448.894260692,0,0.000000
1648652448.917615756,0,0.000000
1648652448.938674383,0,0.000000
1648652448.962558353,0,0.000000
1648652448.985333782,0,0.000000
1648652449.008200046,0,0.000000
1648652449.029731399,0,0.000000
1648652449.049217904,0,0.000000
1648652449.070439126,0,0.000000
1648652449.094239717,0,0.000000
1648652449.115876136,0,0.000000
1648652449.138802193,0,0.001000
1648652449.163299985,0,0.001000
1648652449.186294019,0,0.000000
1648652449.208733282,0,0.000000
1648652449.230026160,0,0.000000
1648652449.253437711,0,0.000000
1648652449.275479855,0,0.000000
1648652449.297812544,0,0.001000
1648652449.321101567,0,0.000000
1648652449.342195154,0,0.000000
1648652449.364087691,0,0.000000
1648652449.384768470,0,0.000000
1648652449.404992937,0,0.000000
1648652449.427688982,0,0.000000
1648652449.449959628,0,0.000000
1648652449.472436378,0,0.001000
1648652449.495678437,0,0.000000
1648652449.519284330,0,0.000000
1648652449.541652201,0,0.000000
1648652449.564483963,0,0.000000
1648652449.585864959,0,0.000000
1648652449.607298721,0,0.000000
1648652449.631371607,0,0.000000
1648652449.653597318,0,0.000000
1648652449.674879321,0,0.000000
1648652449.696874169,0,0.009000
1648652449.719679736,0,0.000000
1648652449.744116842,0,0.000000
1648652449.767255724,0,0.000000
1648652449.790414765,0,0.000000
1648652449.812388671,0,0.000000
1648652449.833861407,0,0.000000
1648652449.854142381,0,0.000000
1648652449.875847739,0,0.000000
1648652449.898509141,0,0.000000
1648652449.918312120,0,0.000000
1648652449.939638105,0,0.000000
1648652449.962123065,1,0.000000
1648652449.982977602,0,0.005000
1648652450.006361068,0,0.000000
1648652450.029706557,0,0.000000
1648652450.050710173,0,0.000000
1648652450.072876629,0,0.000000
1648652450.096436558,0,0.000000
1648652450.118327413,0,0.000000
1648652450.138061668,0,0.000000
1648652450.160238737,0,0.000000
1648652450.183351087,0,0.000000
1648652450.206171536,0,0.000000
1648652450.227338478,0,0.000000
1648652450.246321916,0,0.000000
1648652450.268948156,0,0.000000
1648652450.291895523,0,0.000000
1648652450.314735941,0,0.000000
1648652450.336601497,0,0.000000
1648652450.358662535,0,0.001000
1648652450.379677823,0,0.000000
1648652450.400870069,0,0.000000
1648652450.423907864,0,0.000000
1648652450.446288162,0,0.000000
1648652450.468298056,0,0.000000
1648652450.490334296,0,0.000000
1648652450.512911177,0,0.001000
1648652450.535951165,0,0.000000
1648652450.558936374,0,0.000000
1648652450.581886152,0,0.000000
1648652450.604038645,0,0.000000
1648652450.627419259,0,0.000000
1648652450.651866733,0,0.000000
1648652450.674489879,0,0.000000
1648652450.697884706,0,0.000000
1648652450.720510694,0,0.000000
1648652450.742062049,0,0.000000
1648652450.765634184,0,0.000000
1648652450.785944774,0,0.000000
1648652450.806611542,0,0.007000
1648652450.829182686,0,0.000000
1648652450.850298639,0,0.000000
1648652450.872781870,0,0.000000
1648652450.894704598,0,0.005000
1648652450.917058218,0,0.000000
1648652450.940319621,0,0.000000
1648652450.962281161,0,0.000000
1648652450.983675217,0,0.000000
1648652451.006413596,0,0.000000
1648652451.025995820,0,0.000000
1648652451.046589503,0,0.001000
1648652451.067584859,0,0.000000
1648652451.090591872,0,0.000000
1648652451.113127381,0,0.001000
1648652451.135778396,0,0.000000
1648652451.158273876,0,0.000000
1648652451.180306002,0,0.000000
1648652451.203313692,0,0.000000
1648652451.225239559,0,0.000000
1648652451.248761036,0,0.000000
1648652451.270681065,0,0.010000
1648652451.294169832,0,0.000000
1648652451.316182158,0,0.000000
1648652451.338788997,0,0.000000
1648652451.362062676,0,0.000000
1648652451.383749442,0,0.000000
1648652451.404866622,0,0.000000
1648652451.426048915,0,0.000000
1648652451.448040542,0,0.000000
1648652451.472323600,0,0.000000
1648652451.496301601,0,0.000000
1648652451.520738596,0,0.000000
1648652451.543544374,0,0.000000
1648652451.566439603,0,0.000000
1648652451.587202186,1,0.000000
1648652451.609639987,0,0.000000
1648652451.630167412,0,0.001000
1648652451.652664656,1,0.000000
1648652451.675365825,0,0.000000
1648652451.698449207,0,0.000000
1648652451.720208223,0,0.000000
1648652451.742705877,0,0.000000
1648652451.765179013,0,0.000000
1648652451.786947155,0,0.000000
1648652451.809402441,0,0.000000
1648652451.832432458,0,0.000000
1648652451.853265697,0,0.000000
1648652451.876523406,0,0.000000
1648652451.899876111,0,0.000000
1648652451.921689390,0,0.000000
1648652451.943575080,0,0.000000
1648652451.965118230,0,0.000000
1648652451.987579263,0,0.000000
1648652452.011373624,0,0.000000
1648652452.032718545,0,0.000000
1648652452.053659843,0,0.000000
1648652452.076365067,0,0.000000
1648652452.099243764,0,0.000000
1648652452.121362713,0,0.000000
1648652452.142687035,0,0.000000
1648652452.163855639,0,0.000000
1648652452.186090035,0,0.000000
1648652452.209401982,0,0.000000
1648652452.232224786,0,0.000000
1648652452.254170490,0,0.000000
1648652452.277450347,0,0.000000
1648652452.299798248,0,0.000000
1648652452.319670664,0,0.000000
1648652452.344032165,0,0.000000
1648652452.364098848,0,0.000000
1648652452.383952449,0,0.000000
1648652452.406158910,0,0.000000
1648652452.428188627,0,0.000000
1648652452.449793138,0,0.000000
1648652452.470121253,0,0.000000
1648652452.493012173,0,0.000000
1648652452.516130450,0,0.000000
1648652452.539070838,0,0.000000
1648652452.561474841,0,0.000000
1648652452.583193152,0,0.000000
1648652452.606052297,0,0.000000
1648652452.628454200,0,0.000000
1648652452.648221974,0,0.000000
1648652452.670592867,0,0.000000
1648652452.695389141,0,0.000000
1648652452.716689115,0,0.000000
1648652452.738661881,0,0.000000
1648652452.760233118,1,0.000000
1648652452.783446513,0,0.000000
1648652452.804089875,0,0.000000
1648652452.826265109,0,0.000000
1648652452.849526093,0,0.014000
1648652452.871769026,0,0.000000
1648652452.892811002,0,0.000000
1648652452.913972696,0,0.000000
1648652452.938202932,0,0.000000
1648652452.961114758,0,0.001000
1648652452.982454254,0,0.000000
1648652453.004236943,0,0.000000
1648652453.026998145,0,0.000000
1648652453.048808471,0,0.000000
1648652453.070408635,0,0.001000
1648652453.092067436,0,0.001000
1648652453.113983022,0,0.000000
1648652453.136265109,0,0.000000
1648652453.158168128,0,0.000000
1648652453.180601735,0,0.000000
1648652453.202191511,0,0.000000
1648652453.223786928,0,0.000000
1648652453.244321815,0,0.000000
1648652453.265822491,1,0.000000
1648652453.288677993,0,0.000000
1648652453.314663477,0,0.000000
1648652453.338874414,0,0.000000
1648652453.362550868,0,0.000000
1648652453.384188236,0,0.000000
1648652453.404510682,0,0.000000
1648652453.426948835,0,0.000000
1648652453.449039360,0,0.000000
1648652453.469136829,0,0.000000
1648652453.491634958,0,0.010000
1648652453.515709105,0,0.000000
1648652453.538101297,0,0.000000
1648652453.558716250,0,0.000000
1648652453.582063807,0,0.001000
1648652453.604886762,0,0.000000
1648652453.627154371,0,0.004000
1648652453.648935156,0,0.000000
1648652453.672113631,0,0.000000
1648652453.695147312,0,0.000000
1648652453.718308843,0,0.000000
1648652453.741146159,0,0.000000
1648652453.763893703,0,0.000000
1648652453.786736528,0,0.000000
1648652453.808672883,0,0.000000
1648652453.830965645,0,0.000000
1648652453.850350110,0,0.000000
1648652453.873171156,0,0.000000
1648652453.893630609,0,0.003000
1648652453.916165466,0,0.000000
1648652453.936531410,0,0.000000
1648652453.956906135,0,0.000000
1648652453.979289646,0,0.000000
1648652454.002043673,0,0.001000
1648652454.022904844,0,0.001000
1648652454.045938810,0,0.001000
1648652454.065781816,0,0.000000
1648652454.089206840,0,0.001000
1648652454.112520785,0,0.000000
1648652454.134547188,0,0.000000
1648652454.156281307,0,0.000000
1648652454.178884578,0,0.009000
1648652454.199446160,0,0.001000
1648652454.221360676,0,0.000000
1648652454.242046836,0,0.000000
1648652454.265742007,0,0.000000
1648652454.287718983,0,0.000000
1648652454.307572362,0,0.000000
1648652454.328810112,0,0.000000
1648652454.351417492,0,0.000000
1648652454.372782195,0,0.000000
1648652454.392767500,0,0.000000
1648652454.414639426,0,0.000000
1648652454.436861822,0,0.000000
1648652454.459981296,0,0.004000
1648652454.482915765,0,0.000000
1648652454.504448651,1,0.000000
1648652454.526587511,0,0.000000
1648652454.549579871,0,0.000000
1648652454.571820182,0,0.000000
1648652454.594162360,0,0.007000
1648652454.617852919,0,0.000000
1648652454.640423189,0,0.000000
1648652454.663341023,0,0.000000
1648652454.684247632,0,0.000000
1648652454.706042883,0,0.000000
1648652454.727664139,0,0.000000
1648652454.750577897,0,0.008000
1648652454.772933069,0,0.000000
1648652454.794611606,1,0.000000
1648652454.818436568,0,0.000000
1648652454.841674587,0,0.000000
1648652454.863319520,0,0.000000
1648652454.886687326,0,0.000000
1648652454.909439568,0,0.000000
1648652454.932978149,0,0.000000
1648652454.955499697,0,0.000000
1648652454.978359266,0,0.001000
1648652455.000674836,0,0.000000
1648652455.021112039,0,0.000000
1648652455.041015046,0,0.000000
1648652455.064800420,0,0.000000
1648652455.087109592,0,0.000000
1648652455.109453684,1,0.000000
1648652455.131129501,0,0.000000
1648652455.154147951,0,0.000000
1648652455.177799634,0,0.000000
1648652455.199648749,0,0.000000
1648652455.221969341,0,0.000000
1648652455.244233979,1,0.000000
1648652455.266183909,0,0.000000
1648652455.290256725,0,0.000000
1648652455.311817544,1,0.000000
1648652455.335649903,0,0.000000
1648652455.357908829,0,0.000000
1648652455.380132674,0,0.008000
1648652455.403247855,0,0.000000
1648652455.425783071,0,0.000000
1648652455.448187050,0,0.000000
1648652455.471126893,0,0.000000
1648652455.493952430,0,0.000000
1648652455.516182785,1,0.000000
1648652455.536931893,0,0.000000
1648652455.559450239,0,0.000000
1648652455.582246128,0,0.000000
1648652455.605065332,0,0.000000
1648652455.626914843,0,0.000000
1648652455.650032917,0,0.000000
1648652455.670106013,0,0.000000
1648652455.693182159,0,0.000000
1648652455.715089570,0,0.000000
1648652455.738187886,0,0.000000
1648652455.758409317,0,0.000000
1648652455.779321218,0,0.000000
1648652455.801450539,0,0.000000
1648652455.822963058,0,0.000000
1648652455.843846803,0,0.000000
1648652455.864589580,0,0.000000
1648652455.886231657,0,0.000000
1648652455.909950143,0,0.000000
1648652455.931636221,0,0.000000
1648652455.953287143,0,0.005000
1648652455.977781951,0,0.000000
1648652456.000770239,0,0.000000
1648652456.023874805,0,0.000000
1648652456.046311474,0,0.001000
1648652456.070196785,1,0.000000
1648652456.090078666,0,0.000000
1648652456.111544493,0,0.000000
1648652456.131818006,0,0.000000
1648652456.153851604,0,0.000000
1648652456.176454985,0,0.000000
1648652456.199318478,0,0.000000
1648652456.222448031,0,0.000000
1648652456.243955558,0,0.000000
1648652456.265873254,0,0.000000
1648652456.287726706,0,0.001000
1648652456.311923319,0,0.012000
1648652456.334574229,0,0.000000
1648652456.357614823,0,0.001000
1648652456.379723004,0,0.000000
1648652456.402699828,0,0.000000
1648652456.424982101,0,0.000000
1648652456.448319592,0,0.000000
1648652456.470439779,0,0.006000
1648652456.493429919,0,0.000000
1648652456.513692022,0,0.000000
1648652456.537399533,0,0.000000
1648652456.560059537,0,0.000000
1648652456.582377779,0,0.000000
1648652456.602377046,0,0.000000
1648652456.623901715,0,0.000000
1648652456.646061780,0,0.001000
1648652456.666183983,0,0.000000
1648652456.689434843,0,0.000000
1648652456.710798973,0,0.000000
1648652456.734351462,0,0.000000
1648652456.755689971,0,0.000000
1648652456.778405508,0,0.000000
1648652456.800782512,0,0.000000
1648652456.823777675,0,0.000000
1648652456.846156091,0,0.000000
1648652456.870980757,0,0.000000
1648652456.892757932,0,0.000000
1648652456.914271690,0,0.001000
1648652456.936250987,0,0.001000
1648652456.956890611,0,0.000000
1648652456.979161460,0,0.000000
1648652457.002283185,0,0.000000
1648652457.023437582,0,0.000000
1648652457.046388266,0,0.000000
1648652457.067906849,0,0.000000
1648652457.088979951,0,0.000000
1648652457.109308323,0,0.000000
1648652457.132037222,0,0.000000
1648652457.153775626,0,0.005000
1648652457.176259561,0,0.000000
1648652457.197646395,1,0.000000
1648652457.218102564,0,0.000000
1648652457.240706307,0,0.000000
1648652457.264331850,0,0.000000
1648652457.288063757,0,0.000000
1648652457.309791455,0,0.000000
1648652457.331109961,0,0.000000
1648652457.354638226,0,0.000000
1648652457.379650076,0,0.000000
1648652457.400627864,0,0.001000
1648652457.422339316,0,0.000000
1648652457.444951120,0,0.000000
1648652457.467460141,0,0.000000
1648652457.489528147,0,0.000000
1648652457.512532690,0,0.000000
1648652457.535554023,0,0.000000
1648652457.558215943,0,0.000000
1648652457.581640221,0,0.000000
1648652457.602201536,0,0.000000
1648652457.624549373,0,0.000000
1648652457.646975368,0,0.000000
1648652457.669379273,0,0.000000
1648652457.692309209,0,0.000000
1648652457.714705005,0,0.003000
1648652457.738893008,0,0.000000
1648652457.761419941,0,0.004000
1648652457.782491567,0,0.000000
1648652457.804896413,0,0.000000
1648652457.828124164,0,0.000000
1648652457.851026468,0,0.000000
1648652457.874967837,0,0.000000
1648652457.896598034,0,0.000000
1648652457.919828138,0,0.000000
1648652457.940123618,0,0.000000
1648652457.962771572,0,0.000000
1648652457.985804285,0,0.000000
1648652458.007430023,0,0.000000
1648652458.030054860,0,0.000000
1648652458.053995881,0,0.000000
1648652458.077298038,0,0.000000
1648652458.100161594,0,0.000000
1648652458.123379821,0,0.000000
1648652458.143356284,0,0.000000
1648652458.166355743,0,0.000000
1648652458.188927141,0,0.000000
1648652458.209058525,0,0.001000
1648652458.232320099,0,0.000000
1648652458.255000038,0,0.000000
1648652458.277889958,0,0.000000
1648652458.301465210,0,0.000000
1648652458.323551937,0,0.000000
1648652458.343248561,0,0.000000
1648652458.366370769,0,0.000000
1648652458.389538623,0,0.000000
1648652458.411821007,0,0.000000
1648652458.434334182,0,0.000000
1648652458.455948661,0,0.000000
1648652458.477122591,0,0.001000
1648652458.500002783,0,0.000000
1648652458.522464233,0,0.001000
1648652458.546732138,0,0.000000
1648652458.569703933,0,0.000000
1648652458.592965731,0,0.008000
1648652458.615828035,0,0.000000
1648652458.635425506,0,0.000000
1648652458.657985183,0,0.000000
1648652458.680718182,0,0.000000
1648652458.702839570,0,0.007000
1648652458.724494970,0,0.001000
1648652458.747908532,1,0.000000
1648652458.770482049,0,0.000000
1648652458.793606183,0,0.001000
1648652458.815704471,0,0.000000
1648652458.837673752,0,0.000000
1648652458.857709697,0,0.000000
1648652458.878334585,0,0.000000
1648652458.900013640,0,0.000000
1648652458.923656846,0,0.000000
1648652458.947429137,0,0.000000
1648652458.970901934,0,0.000000
1648652458.993373212,0,0.000000
1648652459.017058916,0,0.000000
1648652459.037810744,0,0.000000
1648652459.061053312,0,0.000000
1648652459.085092247,0,0.000000
1648652459.108425989,0,0.000000
1648652459.130624028,0,0.000000
1648652459.151878850,0,0.000000
1648652459.175819043,0,0.000000
1648652459.198331258,0,0.000000
1648652459.220485903,0,0.000000
1648652459.241809213,0,0.000000
1648652459.265759359,0,0.000000
1648652459.289109089,0,0.000000
1648652459.311743250,0,0.000000
1648652459.334167088,0,0.000000
1648652459.356264104,0,0.000000
1648652459.380067210,0,0.000000
1648652459.402706942,0,0.000000
1648652459.425573533,0,0.000000
1648652459.448223408,0,0.000000
1648652459.471594418,0,0.000000
1648652459.493751009,0,0.000000
1648652459.516919178,0,0.000000
1648652459.538962281,0,0.000000
1648652459.561574963,0,0.000000
1648652459.584014769,0,0.000000
1648652459.605485985,0,0.000000
1648652459.629130963,0,0.000000
1648652459.650574999,0,0.000000
1648652459.672314237,0,0.000000
1648652459.695975705,0,0.000000
1648652459.717468475,0,0.000000
1648652459.739441493,0,0.000000
1648652459.762060781,0,0.000000
1648652459.784906284,0,0.000000
1648652459.807204925,0,0.000000
1648652459.827594970,0,0.000000
1648652459.850738941,0,0.000000
1648652459.874309121,0,0.000000
1648652459.896692352,0,0.000000
1648652459.919179396,0,0.004000
1648652459.941201018,1,0.000000
1648652459.964051734,0,0.000000
1648652459.985780524,0,0.000000
1648652460.006970180,0,0.000000
1648652460.029026643,0,0.000000
1648652460.050178266,0,0.000000
1648652460.070289295,0,0.000000
1648652460.090605482,0,0.000000
1648652460.111084217,0,0.000000
1648652460.133566964,0,0.000000
1648652460.154777892,0,0.000000
1648652460.174831343,0,0.000000
1648652460.195796486,0,0.000000
1648652460.219152780,0,0.000000
1648652460.241235266,0,0.000000
1648652460.264873497,0,0.000000
1648652460.286396546,0,0.001000
1648652460.308526754,0,0.000000
1648652460.332043316,0,0.000000
1648652460.355502912,0,0.003000
1648652460.377123618,0,0.000000
1648652460.398150796,0,0.000000
1648652460.420313773,0,0.000000
1648652460.443320549,0,0.000000
1648652460.465757779,0,0.000000
1648652460.488595497,0,0.000000
1648652460.511061585,0,0.000000
1648652460.533570072,0,0.000000
1648652460.555051065,0,0.000000
1648652460.579002245,0,0.000000
1648652460.602302883,0,0.001000
1648652460.622449317,0,0.000000
1648652460.644339909,0,0.000000
1648652460.666428951,0,0.000000
1648652460.689441320,0,0.000000
1648652460.711419861,0,0.000000
1648652460.735109192,0,0.000000
1648652460.756108768,0,0.000000
1648652460.779644417,0,0.000000
1648652460.801034728,0,0.000000
1648652460.826203619,0,0.000000
1648652460.849034488,0,0.000000
1648652460.870008126,0,0.000000
1648652460.891380287,0,0.000000
1648652460.914761530,0,0.000000
1648652460.938500689,0,0.000000
1648652460.962289201,0,0.000000
1648652460.983438451,0,0.000000
1648652461.004286380,0,0.001000
1648652461.026510200,0,0.000000
1648652461.046753077,0,0.000000
1648652461.070817496,0,0.000000
1648652461.094305621,0,0.000000
1648652461.115007567,0,0.000000
1648652461.139029796,0,0.000000
1648652461.160861502,0,0.000000
1648652461.183014951,0,0.000000
1648652461.205172635,0,0.000000
1648652461.228653051,0,0.000000
1648652461.248810864,0,0.013000
1648652461.271415149,0,0.007000
1648652461.293929413,0,0.000000
1648652461.316911010,0,0.000000
1648652461.339017457,0,0.000000
1648652461.363065677,1,0.000000
1648652461.386118227,0,0.000000
1648652461.410488309,0,0.000000
1648652461.432784458,0,0.000000
1648652461.454338063,0,0.000000
1648652461.475420556,0,0.000000
1648652461.495922721,0,0.000000
1648652461.518485837,0,0.001000
1648652461.542240625,0,0.000000
1648652461.564473889,0,0.000000
1648652461.586780761,0,0.003000
1648652461.608109477,0,0.000000
1648652461.628023964,0,0.000000
1648652461.649721057,0,0.000000
1648652461.668863692,0,0.000000
1648652461.691721490,0,0.000000
1648652461.714917661,0,0.000000
1648652461.737161228,0,0.000000
1648652461.757636153,0,0.000000
1648652461.778705093,0,0.000000
1648652461.801083701,1,0.000000
1648652461.822329478,0,0.000000
1648652461.845095697,0,0.000000
1648652461.867939359,0,0.000000
1648652461.891492244,0,0.000000
1648652461.914892076,0,0.000000
1648652461.939230536,0,0.000000
1648652461.960464011,0,0.000000
1648652461.981929200,0,0.000000
1648652462.005003178,0,0.000000
1648652462.027797884,0,0.000000
1648652462.046968622,0,0.000000
1648652462.069606801,0,0.000000
1648652462.092308255,0,0.000000
1648652462.114066107,0,0.000000
1648652462.137526383,0,0.000000
1648652462.160347895,0,0.000000
1648652462.180578431,1,0.001000
1648652462.201888740,0,0.000000
1648652462.225539632,0,0.000000
1648652462.248365784,1,0.001000
1648652462.271097796,0,0.000000
1648652462.294041021,0,0.000000
1648652462.313900183,0,0.000000
1648652462.334996638,0,0.004000
1648652462.359433352,0,0.000000
1648652462.381317563,0,0.000000
1648652462.403509426,0,0.000000
1648652462.425006769,0,0.000000
1648652462.447426120,0,0.000000
1648652462.470027951,1,0.000000
1648652462.490897382,0,0.001000
1648652462.511952653,2,0.000000
1648652462.533098343,0,0.002000
1648652462.555279393,0,0.000000
1648652462.578655684,0,0.000000
1648652462.600987344,0,0.000000
1648652462.620676807,0,0.015000
1648652462.643744700,0,0.002000
1648652462.666170945,0,0.000000
1648652462.689062182,0,0.000000
1648652462.710265414,0,0.000000
1648652462.732822203,0,0.000000
1648652462.755000919,0,0.001000
1648652462.778185476,0,0.000000
1648652462.799573560,0,0.000000
1648652462.822248562,0,0.000000
1648652462.843015417,0,0.000000
1648652462.865838732,0,0.000000
1648652462.888441606,0,0.000000
1648652462.910928965,0,0.000000
1648652462.932750666,0,0.007000
1648652462.955202033,0,0.000000
1648652462.977439030,0,0.000000
1648652462.999859990,0,0.000000
1648652463.022822835,0,0.000000
1648652463.045211162,0,0.001000
1648652463.068932807,0,0.000000
1648652463.092426862,0,0.001000
1648652463.114918734,0,0.001000
1648652463.136650282,0,0.000000
1648652463.156765736,0,0.000000
1648652463.179882894,0,0.000000
1648652463.201933012,0,0.000000
1648652463.224657315,0,0.000000
1648652463.247674823,0,0.000000
1648652463.270506832,0,0.000000
1648652463.294344886,0,0.000000
1648652463.317204730,0,0.000000
1648652463.338836116,0,0.000000
1648652463.359883370,0,0.000000
1648652463.382210453,0,0.000000
1648652463.404911058,0,0.000000
1648652463.427553805,0,0.000000
1648652463.450540518,0,0.001000
1648652463.471957960,0,0.000000
1648652463.496347616,0,0.000000
1648652463.517459400,0,0.000000
1648652463.539778018,0,0.000000
1648652463.561874898,0,0.000000
1648652463.584644784,0,0.000000
1648652463.607897031,0,0.000000
1648652463.629068535,0,0.000000
1648652463.652196165,0,0.000000
1648652463.674143626,0,0.000000
1648652463.695414261,0,0.000000
1648652463.715405360,0,0.000000
1648652463.737407670,0,0.000000
1648652463.758423274,0,0.000000
1648652463.780827151,0,0.000000
1648652463.802353504,0,0.000000
1648652463.824919080,0,0.000000
1648652463.847095739,0,0.000000
1648652463.870251646,0,0.000000
1648652463.893119373,0,0.000000
1648652463.915790515,0,0.000000
1648652463.938924929,0,0.000000
1648652463.961355729,0,0.001000
1648652463.984661244,0,0.000000
1648652464.006873865,0,0.000000
1648652464.028679694,0,0.000000
1648652464.053098764,0,0.000000
1648652464.074290672,0,0.000000
1648652464.097773862,0,0.000000
1648652464.119483402,0,0.000000
1648652464.142570242,0,0.000000
1648652464.166289787,0,0.004000
1648652464.189501129,0,0.000000
1648652464.212743527,0,0.000000
1648652464.237328947,0,0.000000
1648652464.262595876,0,0.000000
1648652464.285286796,0,0.000000
1648652464.307294336,0,0.000000
1648652464.329405855,0,0.000000
1648652464.351223491,0,0.000000
1648652464.373360156,0,0.000000
1648652464.393489239,0,0.000000
1648652464.415799464,0,0.000000
1648652464.437941356,0,0.000000
1648652464.460129811,0,0.000000
1648652464.482030676,0,0.000000
1648652464.504716904,0,0.000000
1648652464.527814821,0,0.000000
1648652464.549057544,1,0.000000
1648652464.571662436,0,0.000000
1648652464.591558544,0,0.000000
1648652464.614185360,0,0.000000
1648652464.636909104,0,0.000000
1648652464.658345206,0,0.000000
1648652464.680950476,1,0.000000
1648652464.704093802,0,0.000000
1648652464.725009079,0,0.000000
1648652464.746322787,0,0.000000
1648652464.770367793,0,0.001000
1648652464.792478358,0,0.000000
1648652464.816175541,0,0.000000
1648652464.839174843,0,0.001000
1648652464.861424581,0,0.000000
1648652464.883598159,0,0.000000
1648652464.907464213,0,0.000000
1648652464.930766259,0,0.000000
1648652464.952900814,0,0.000000
1648652464.974546552,0,0.000000
1648652464.996847129,0,0.000000
1648652465.021299522,0,0.000000
1648652465.044044312,0,0.000000
1648652465.068146922,0,0.000000
1648652465.090342493,0,0.000000
1648652465.112740660,0,0.000000
1648652465.133400601,0,0.000000
1648652465.156724400,0,0.000000
1648652465.178912747,0,0.000000
1648652465.200828896,0,0.000000
1648652465.222974245,1,0.000000
1648652465.244587933,1,0.000000
1648652465.267568925,0,0.000000
1648652465.288949370,0,0.000000
1648652465.310099443,0,0.002000
1648652465.332309178,0,0.000000
1648652465.354509708,0,0.000000
1648652465.377979781,0,0.000000
1648652465.400450884,0,0.000000
1648652465.422681878,0,0.000000
1648652465.445233523,0,0.000000
1648652465.468215004,0,0.000000
1648652465.490402841,0,0.000000
1648652465.513443964,0,0.000000
1648652465.536322614,0,0.000000
1648652465.558881030,0,0.001000
1648652465.580701938,0,0.000000
1648652465.603916602,0,0.000000
1648652465.626809265,0,0.000000
1648652465.648485736,0,0.000000
1648652465.670633077,0,0.000000
1648652465.693747330,0,0.000000
1648652465.715576590,0,0.000000
1648652465.737706031,0,0.000000
1648652465.762032425,0,0.000000
1648652465.785437807,0,0.000000
1648652465.808121452,0,0.000000
1648652465.831163285,0,0.000000
1648652465.853104654,1,0.001000
1648652465.875902748,0,0.000000
1648652465.898274312,0,0.000000
1648652465.920292619,0,0.004000
1648652465.943662234,0,0.000000
1648652465.965698995,0,0.000000
1648652465.987189940,0,0.000000
1648652466.010009667,0,0.000000
1648652466.031052978,0,0.000000
1648652466.053203190,0,0.000000
1648652466.074196163,0,0.000000
1648652466.096257443,0,0.000000
1648652466.118419139,0,0.000000
1648652466.141347470,0,0.000000
1648652466.163184141,0,0.001000
1648652466.184448977,0,0.000000
1648652466.207384891,0,0.000000
1648652466.230113779,0,0.001000
1648652466.253157565,0,0.000000
1648652466.275452956,0,0.000000
1648652466.298386721,0,0.000000
1648652466.319681181,0,0.000000
1648652466.341347266,0,0.000000
1648652466.364031173,0,0.000000
1648652466.385175499,1,0.000000
1648652466.407791205,0,0.000000
1648652466.431289295,0,0.000000
1648652466.455114895,0,0.000000
1648652466.474795805,0,0.000000
1648652466.496725742,0,0.000000
1648652466.518798740,0,0.000000
1648652466.541141987,0,0.000000
1648652466.560852267,0,0.000000
1648652466.582613399,0,0.000000
1648652466.604212815,0,0.000000
1648652466.626845046,0,0.001000
1648652466.648183082,0,0.000000
1648652466.670357769,0,0.000000
1648652466.690118818,0,0.000000
1648652466.713730770,0,0.006000
1648652466.735688906,0,0.000000
1648652466.757705775,0,0.001000
1648652466.780077922,0,0.001000
1648652466.803946938,0,0.000000
1648652466.824400555,0,0.000000
1648652466.844482556,0,0.001000
1648652466.866108618,0,0.000000
1648652466.888213938,0,0.000000
1648652466.911206687,0,0.001000
1648652466.932365480,0,0.000000
1648652466.953411311,0,0.000000
1648652466.976917940,0,0.000000
1648652467.000245722,0,0.000000
1648652467.022141335,0,0.000000
1648652467.042732215,0,0.000000
1648652467.065384369,0,0.000000
1648652467.087858098,0,0.001000
1648652467.111068712,0,0.000000
1648652467.134092874,0,0.000000
1648652467.156876887,0,0.000000
1648652467.178322959,0,0.000000
1648652467.200460778,0,0.000000
1648652467.224448706,0,0.000000
1648652467.246419080,0,0.000000
1648652467.268791350,0,0.000000
1648652467.288070692,0,0.000000
1648652467.310438266,1,0.000000
1648652467.332369359,0,0.000000
1648652467.357276315,0,0.000000
1648652467.380009529,0,0.000000
1648652467.400468050,0,0.000000
1648652467.422329080,0,0.000000
1648652467.445054257,0,0.000000
1648652467.466846183,0,0.000000
1648652467.489732759,0,0.000000
1648652467.510973902,0,0.000000
1648652467.533108191,0,0.000000
1648652467.553661389,0,0.000000
1648652467.577828317,0,0.007000
1648652467.601473173,0,0.000000
1648652467.623406509,1,0.014000
1648652467.646968777,0,0.000000
1648652467.668627277,0,0.011000
1648652467.691627118,0,0.000000
1648652467.714467629,0,0.000000
1648652467.736500498,0,0.001000
1648652467.761165899,0,0.000000
1648652467.782015501,0,0.000000
1648652467.802551769,0,0.000000
1648652467.824199770,0,0.000000
1648652467.847499315,0,0.000000
1648652467.870054009,0,0.000000
1648652467.891731466,0,0.000000
1648652467.913247621,0,0.000000
1648652467.935274046,0,0.000000
1648652467.958699517,0,0.000000
1648652467.979672287,0,0.000000
1648652468.000748564,0,0.000000
1648652468.024334562,0,0.014000
1648652468.045880979,0,0.000000
1648652468.069508277,0,0.000000
1648652468.090189274,0,0.000000
1648652468.111373668,0,0.000000
1648652468.134249233,0,0.000000
1648652468.156664056,0,0.000000
1648652468.179602668,0,0.000000
1648652468.202215859,0,0.009000
1648652468.225284783,0,0.000000
1648652468.246124753,0,0.000000
1648652468.266938120,0,0.000000
1648652468.290334490,0,0.000000
1648652468.312159680,0,0.000000
1648652468.335037031,0,0.000000
1648652468.356693394,0,0.000000
1648652468.379881743,0,0.000000
1648652468.401301140,0,0.001000
1648652468.423236744,0,0.001000
1648652468.446162419,0,0.000000
1648652468.467846589,0,0.000000
1648652468.491358446,0,0.000000
1648652468.514225175,0,0.000000
1648652468.537144201,0,0.000000
1648652468.560362088,0,0.000000
1648652468.583156767,0,0.000000
1648652468.605939110,0,0.000000
1648652468.630242327,0,0.000000
1648652468.653108758,0,0.000000
1648652468.675950326,0,0.000000
1648652468.697119764,0,0.000000
1648652468.719097007,0,0.000000
1648652468.741675773,0,0.000000
1648652468.765014652,0,0.000000
1648652468.785724139,0,0.000000
1648652468.807266643,0,0.000000
1648652468.829914526,0,0.000000
1648652468.852222586,0,0.000000
1648652468.874420420,0,0.000000
1648652468.894489387,0,0.000000
1648652468.918252045,0,0.011000
1648652468.941177865,0,0.000000
1648652468.963791974,0,0.000000
1648652468.985954456,0,0.000000
1648652469.010117938,0,0.000000
1648652469.032877974,0,0.000000
1648652469.054998050,0,0.000000
1648652469.078455324,0,0.000000
1648652469.099560081,0,0.000000
1648652469.121570402,0,0.000000
1648652469.144645572,0,0.000000
1648652469.165459892,0,0.000000
1648652469.189085254,0,0.000000
1648652469.210935415,0,0.001000
1648652469.234452614,0,0.000000
1648652469.259002407,0,0.000000
1648652469.282205804,0,0.000000
1648652469.304557251,0,0.000000
1648652469.325200013,0,0.000000
1648652469.347802503,0,0.000000
1648652469.369929187,0,0.000000
1648652469.390577397,0,0.000000
1648652469.412926011,0,0.000000
1648652469.433349017,0,0.000000
1648652469.454683826,0,0.000000
1648652469.475985805,0,0.000000
1648652469.498899293,0,0.000000
1648652469.520080448,0,0.000000
1648652469.542485878,0,0.000000
1648652469.565259048,0,0.000000
1648652469.587906651,0,0.000000
1648652469.609835811,0,0.000000
1648652469.631068021,0,0.000000
1648652469.654144941,0,0.000000
1648652469.676368468,0,0.000000
1648652469.697312080,0,0.000000
1648652469.720463808,0,0.000000
1648652469.742197639,0,0.000000
1648652469.763992839,0,0.000000
1648652469.787128228,0,0.000000
1648652469.810510955,0,0.000000
1648652469.833124862,0,0.000000
1648652469.855974168,0,0.001000
1648652469.880407464,0,0.000000
1648652469.903491826,0,0.001000
1648652469.926905359,0,0.000000
1648652469.948945077,0,0.000000
1648652469.970709682,0,0.000000
1648652469.993414277,0,0.000000
1648652470.016177069,0,0.000000
1648652470.037576568,1,0.000000
1648652470.060270947,0,0.001000
1648652470.083863802,0,0.000000
1648652470.106489639,0,0.000000
1648652470.129268522,0,0.000000
1648652470.151471997,0,0.000000
1648652470.174727707,0,0.000000
1648652470.196612487,0,0.000000
1648652470.219422945,0,0.000000
1648652470.241140154,0,0.000000
1648652470.263674931,0,0.000000
1648652470.286678558,1,0.000000
1648652470.307902222,0,0.000000
1648652470.331152120,0,0.000000
1648652470.354333187,0,0.000000
1648652470.376473303,0,0.000000
1648652470.399428993,0,0.000000
1648652470.420481378,0,0.000000
1648652470.440534601,0,0.000000
1648652470.464090820,0,0.000000
1648652470.486310580,0,0.000000
1648652470.509081767,0,0.000000
1648652470.531877880,0,0.000000
1648652470.555438631,0,0.000000
1648652470.578329055,0,0.000000
1648652470.600117482,0,0.001000
1648652470.622650715,0,0.000000
1648652470.646084286,0,0.000000
1648652470.667457520,0,0.000000
1648652470.690926677,0,0.000000
1648652470.712923162,0,0.000000
1648652470.733221880,0,0.001000
1648652470.755946524,0,0.000000
1648652470.778721935,0,0.000000
1648652470.801480831,0,0.000000
1648652470.825840108,0,0.000000
1648652470.846863786,0,0.000000
1648652470.868472997,0,0.000000
1648652470.889872470,0,0.000000
1648652470.911796217,0,0.000000
1648652470.934371321,0,0.000000
1648652470.956752483,0,0.000000
1648652470.978918987,0,0.000000
1648652471.001134031,0,0.001000
1648652471.024958273,0,0.000000
1648652471.046593780,0,0.000000
1648652471.069927915,0,0.000000
1648652471.090947025,0,0.000000
1648652471.114114371,0,0.000000
1648652471.136254271,0,0.000000
1648652471.157986498,0,0.007000
1648652471.178999165,0,0.000000
1648652471.198795843,0,0.000000
1648652471.220377798,0,0.000000
1648652471.242843085,0,0.000000
1648652471.263801944,0,0.000000
1648652471.283350518,0,0.000000
1648652471.306913304,0,0.000000
1648652471.329829571,0,0.000000
1648652471.351872330,0,0.008000
1648652471.374624773,0,0.000000
1648652471.395157764,0,0.000000
1648652471.418495644,0,0.000000
1648652471.441752244,0,0.000000
1648652471.464706975,0,0.000000
1648652471.487440283,0,0.000000
1648652471.508802254,0,0.000000
1648652471.529714131,0,0.001000
1648652471.552528493,0,0.000000
1648652471.574772718,0,0.000000
1648652471.596601690,0,0.000000
1648652471.620129993,0,0.000000
1648652471.643945527,0,0.000000
1648652471.665710189,0,0.000000
1648652471.688842237,0,0.000000
1648652471.710057730,0,0.000000
1648652471.733294628,0,0.000000
1648652471.757212349,0,0.000000
1648652471.778435440,0,0.001000
1648652471.802263345,0,0.000000
1648652471.826029633,0,0.000000
1648652471.847405751,0,0.000000
1648652471.868162120,0,0.000000
1648652471.891180365,0,0.000000
1648652471.913380168,0,0.000000
1648652471.936399870,0,0.000000
1648652471.960014625,0,0.000000
1648652471.981322287,0,0.000000
1648652472.004503857,0,0.000000
1648652472.025744602,0,0.000000
1648652472.047770302,0,0.000000
1648652472.070000954,0,0.000000
1648652472.092473556,0,0.000000
1648652472.116946655,0,0.000000
1648652472.135837875,0,0.000000
1648652472.157053624,0,0.000000
1648652472.181826328,0,0.000000
1648652472.204409629,0,0.000000
1648652472.224372821,0,0.000000
1648652472.247314614,0,0.000000
1648652472.269717298,0,0.000000
1648652472.291527275,0,0.001000
1648652472.312981091,0,0.001000
1648652472.332914244,0,0.000000
1648652472.356870556,0,0.000000
1648652472.379100497,0,0.000000
1648652472.402024169,0,0.000000
1648652472.424327043,0,0.000000
1648652472.447913159,0,0.000000
1648652472.468677786,0,0.000000
1648652472.490316120,0,0.000000
1648652472.512368605,0,0.000000
1648652472.534785562,0,0.000000
1648652472.556543354,0,0.000000
1648652472.577385506,0,0.000000
1648652472.599044058,0,0.000000
1648652472.622144824,0,0.001000
1648652472.645005803,0,0.000000
1648652472.667865911,0,0.001000
1648652472.689591296,0,0.000000
1648652472.712627818,0,0.000000
1648652472.736438938,0,0.000000
1648652472.758278215,0,0.001000
1648652472.779905832,0,0.000000
1648652472.801949238,0,0.000000
1648652472.823777389,0,0.000000
1648652472.845650800,0,0.000000
1648652472.866088167,0,0.000000
1648652472.889399531,0,0.000000
1648652472.911902952,0,0.000000
1648652472.933156409,0,0.000000
1648652472.956293003,0,0.000000
1648652472.979493523,0,0.000000
1648652473.003074542,0,0.000000
1648652473.023506428,0,0.000000
1648652473.046321899,0,0.000000
1648652473.069374008,0,0.000000
1648652473.092843062,0,0.000000
1648652473.115670321,0,0.000000
1648652473.137045333,0,0.001000
1648652473.159434013,0,0.000000
1648652473.180762708,1,0.000000
1648652473.201441456,0,0.000000
1648652473.223494651,0,0.000000
1648652473.246443323,0,0.001000
1648652473.268509823,0,0.000000
1648652473.290091207,0,0.001000
1648652473.312458782,0,0.001000
1648652473.335123307,0,0.000000
1648652473.358015180,0,0.000000
1648652473.380992299,0,0.000000
1648652473.404110506,0,0.000000
1648652473.427642274,0,0.000000
1648652473.450505379,0,0.000000
1648652473.473972446,0,0.000000
1648652473.496657834,0,0.000000
1648652473.519546739,0,0.000000
1648652473.542454285,0,0.001000
1648652473.565563071,0,0.000000
1648652473.588396477,0,0.000000
1648652473.610107466,0,0.004000
1648652473.631505250,0,0.001000
1648652473.653890009,0,0.000000
1648652473.677997963,0,0.000000
1648652473.699222551,0,0.000000
1648652473.722107694,0,0.000000
1648652473.747208113,0,0.000000
1648652473.766692843,0,0.000000
1648652473.789457289,0,0.000000
1648652473.811416130,0,0.000000
1648652473.832865888,0,0.000000
1648652473.855151856,0,0.000000
1648652473.877324141,0,0.000000
1648652473.897923882,0,0.000000
1648652473.920386476,0,0.000000
1648652473.943355906,0,0.000000
1648652473.966131149,0,0.000000
1648652473.987510015,0,0.000000
1648652474.008961892,0,0.000000
1648652474.030808415,0,0.000000
1648652474.050703799,0,0.000000
1648652474.073619016,0,0.000000
1648652474.095509898,0,0.000000
1648652474.117909666,0,0.000000
1648652474.139017447,0,0.000000
1648652474.159926729,0,0.000000
1648652474.181866779,0,0.000000
1648652474.202363658,0,0.000000
1648652474.224850383,0,0.000000
1648652474.246798338,0,0.000000
1648652474.269692423,0,0.000000
1648652474.291951706,0,0.000000
1648652474.313748435,0,0.000000
1648652474.336390954,0,0.000000
1648652474.358698323,0,0.000000
1648652474.380398845,0,0.000000
1648652474.403631467,0,0.000000
1648652474.425707270,0,0.000000
1648652474.448072605,0,0.000000
1648652474.471049327,0,0.000000
1648652474.493171907,0,0.000000
1648652474.516327626,0,0.000000
1648652474.536892250,0,0.000000
1648652474.560177180,0,0.000000
1648652474.582896019,0,0.000000
1648652474.603844102,0,0.000000
1648652474.627558575,0,0.000000
1648652474.651651434,0,0.000000
1648652474.674987615,0,0.000000
1648652474.696847955,0,0.001000
1648652474.720059632,0,0.000000
1648652474.743295084,0,0.000000
1648652474.766439072,0,0.000000
1648652474.788507683,0,0.004000
1648652474.812093657,0,0.000000
1648652474.835592731,0,0.000000
1648652474.857647918,0,0.000000
1648652474.880693829,0,0.000000
1648652474.901782313,0,0.000000
1648652474.925928052,0,0.000000
1648652474.948656595,0,0.000000
1648652474.970687047,0,0.000000
1648652474.992386805,0,0.000000
1648652475.013186155,0,0.000000
1648652475.033335691,0,0.000000
1648652475.055348359,0,0.000000
1648652475.076810360,0,0.000000
1648652475.098845504,0,0.000000
1648652475.121384707,0,0.000000
1648652475.143951176,0,0.000000
1648652475.166980450,0,0.000000
1648652475.189537547,0,0.000000
1648652475.212796191,0,0.001000
1648652475.235820960,0,0.000000
1648652475.257269044,0,0.000000
1648652475.280147695,0,0.000000
1648652475.302949722,0,0.000000
1648652475.325959369,0,0.000000
1648652475.348150413,0,0.000000
1648652475.369942246,0,0.000000
1648652475.392009949,0,0.000000
1648652475.413947890,0,0.000000
1648652475.435590658,0,0.000000
1648652475.457856535,1,0.000000
1648652475.480642172,0,0.000000
1648652475.502437385,0,0.000000
1648652475.524228920,0,0.000000
1648652475.547174940,0,0.000000
1648652475.569304018,0,0.000000
1648652475.592201066,0,0.000000
1648652475.614423920,0,0.001000
1648652475.636717728,0,0.000000
1648652475.660547912,0,0.000000
1648652475.682857274,0,0.000000
1648652475.704871352,0,0.000000
1648652475.727444011,0,0.000000
1648652475.749055072,0,0.000000
1648652475.770551116,0,0.000000
1648652475.795245938,0,0.000000
1648652475.817324036,0,0.000000
1648652475.838737970,0,0.000000
1648652475.859335437,0,0.000000
1648652475.882918213,0,0.001000
1648652475.906595910,0,0.000000
1648652475.929835471,0,0.000000
1648652475.952417669,0,0.000000
1648652475.974903792,0,0.000000
1648652475.998371417,0,0.000000
1648652476.019994377,0,0.000000
1648652476.039184278,0,0.000000
1648652476.060919675,0,0.000000
1648652476.083462147,0,0.000000
1648652476.105642337,0,0.000000
1648652476.129576501,0,0.000000
1648652476.150904668,0,0.000000
1648652476.172236281,0,0.000000
1648652476.193765139,0,0.000000
1648652476.216934185,0,0.000000
1648652476.239496487,0,0.000000
1648652476.262197498,0,0.001000
1648652476.285227680,0,0.000000
1648652476.307461272,0,0.000000
1648652476.331485621,1,0.015000
1648652476.355078742,0,0.002000
1648652476.376781067,0,0.000000
1648652476.398772397,0,0.000000
1648652476.422122413,0,0.001000
1648652476.444716203,0,0.000000
1648652476.468177834,0,0.000000
1648652476.490935440,0,0.000000
1648652476.512943768,0,0.000000
1648652476.534137675,0,0.000000
1648652476.556566951,0,0.000000
1648652476.579883477,0,0.000000
1648652476.602287846,0,0.000000
1648652476.623545128,0,0.000000
1648652476.646836533,0,0.000000
1648652476.669185289,0,0.000000
1648652476.691607038,0,0.000000
1648652476.714646434,0,0.000000
1648652476.734473544,0,0.000000
1648652476.758291915,0,0.000000
1648652476.780045931,0,0.000000
1648652476.802647111,0,0.000000
1648652476.824753744,0,0.000000
1648652476.846209106,0,0.000000
1648652476.868328875,0,0.000000
1648652476.890911011,0,0.000000
1648652476.913317262,1,0.014000
1648652476.935402772,0,0.000000
1648652476.958398592,0,0.000000
1648652476.981823019,0,0.000000
1648652477.004026673,0,0.000000
1648652477.026836899,0,0.001000
1648652477.047344004,0,0.001000
1648652477.069845760,0,0.000000
1648652477.093890230,0,0.000000
1648652477.116659178,0,0.001000
1648652477.139122278,0,0.000000
1648652477.160326367,0,0.000000
1648652477.184019191,0,0.000000
1648652477.205246558,0,0.000000
1648652477.227310215,0,0.000000
1648652477.248510733,0,0.001000
1648652477.268758888,0,0.000000
1648652477.290177335,0,0.000000
1648652477.312569960,0,0.000000
1648652477.334070507,0,0.000000
1648652477.356443010,1,0.000000
1648652477.379411167,0,0.000000
1648652477.400853709,0,0.000000
1648652477.422200782,0,0.000000
1648652477.445900214,0,0.000000
1648652477.468933241,0,0.000000
1648652477.492959515,0,0.000000
1648652477.514089484,0,0.004000
1648652477.536653367,0,0.000000
1648652477.558094096,0,0.000000
1648652477.580148325,0,0.000000
1648652477.602885409,0,0.000000
1648652477.624874422,0,0.000000
1648652477.646480550,0,0.000000
1648652477.667486486,0,0.000000
1648652477.690222128,0,0.000000
1648652477.712682042,0,0.000000
1648652477.733659265,0,0.000000
1648652477.755808653,0,0.000000
1648652477.780598276,0,0.004000
1648652477.802352962,0,0.000000
1648652477.825655626,0,0.000000
1648652477.850815890,0,0.000000
1648652477.872359092,0,0.000000
1648652477.895038292,0,0.000000
1648652477.916928680,0,0.000000
1648652477.938571155,0,0.000000
1648652477.961082786,0,0.000000
1648652477.984954813,0,0.000000
1648652478.006004208,0,0.000000
1648652478.027416656,0,0.000000
1648652478.048868105,0,0.000000
1648652478.072090510,0,0.000000
1648652478.095262032,0,0.001000
1648652478.118179771,0,0.000000
1648652478.140050355,0,0.000000
1648652478.161757910,0,0.000000
1648652478.186142076,0,0.000000
1648652478.208755229,0,0.000000
1648652478.234119242,0,0.000000
1648652478.257309102,0,0.000000
1648652478.280028537,0,0.000000
1648652478.302317741,0,0.001000
1648652478.324055777,0,0.000000
1648652478.346169948,0,0.000000
1648652478.368678584,0,0.014000
1648652478.389475801,0,0.000000
1648652478.413103454,0,0.000000
1648652478.436362210,0,0.000000
1648652478.458378104,0,0.000000
1648652478.481267928,0,0.000000
1648652478.504314781,0,0.000000
1648652478.526497280,0,0.000000
1648652478.548301373,0,0.000000
1648652478.569635424,0,0.000000
1648652478.591120712,0,0.000000
1648652478.614615390,0,0.000000
1648652478.637988103,0,0.000000
1648652478.661085004,0,0.000000
1648652478.681971070,0,0.000000
1648652478.702209862,0,0.000000
1648652478.722600337,0,0.000000
1648652478.745631325,0,0.000000
1648652478.768615299,0,0.000000
1648652478.791622244,0,0.000000
1648652478.814136480,0,0.000000
1648652478.837167262,0,0.000000
1648652478.860682482,0,0.000000
1648652478.883749141,0,0.000000
1648652478.905952301,0,0.000000
1648652478.928627156,0,0.000000
1648652478.952146559,0,0.000000
1648652478.974882102,0,0.001000
1648652478.996843143,0,0.000000
1648652479.020149617,0,0.000000
1648652479.042314937,0,0.000000
1648652479.064867455,0,0.001000
1648652479.085412794,0,0.000000
1648652479.106893503,0,0.000000
1648652479.129049188,0,0.001000
1648652479.151318930,0,0.014000
1648652479.175266375,0,0.000000
1648652479.196950188,0,0.000000
1648652479.218680175,0,0.000000
1648652479.241840912,0,0.000000
1648652479.263750491,1,0.000000
1648652479.285289582,0,0.000000
1648652479.310582621,0,0.000000
1648652479.331079412,0,0.000000
1648652479.352881509,0,0.000000
1648652479.374762919,0,0.000000
1648652479.397104634,0,0.000000
1648652479.419766691,0,0.000000
1648652479.442331183,0,0.000000
1648652479.464350548,0,0.000000
1648652479.488257713,0,0.000000
1648652479.509716419,0,0.000000
1648652479.532982906,0,0.000000
1648652479.554432059,0,0.000000
1648652479.577887663,0,0.000000
1648652479.600896264,0,0.000000
1648652479.624407354,0,0.000000
1648652479.646972186,0,0.001000
1648652479.669778705,0,0.000000
1648652479.692689765,0,0.000000
1648652479.714834833,0,0.000000
1648652479.738651824,0,0.000000
1648652479.762507689,0,0.001000
1648652479.783555161,0,0.000000
1648652479.807886066,0,0.000000
1648652479.831200615,0,0.000000
1648652479.855032982,0,0.000000
1648652479.877481295,0,0.000000
1648652479.901212921,0,0.000000
1648652479.925581353,0,0.000000
1648652479.947934439,0,0.000000
1648652479.971065517,0,0.000000
1648652479.994505107,0,0.000000
1648652480.018010145,0,0.000000
1648652480.039795275,0,0.000000
1648652480.061404657,0,0.000000
1648652480.083394786,0,0.000000
1648652480.105139487,0,0.000000
1648652480.125990346,0,0.000000
1648652480.146947488,1,0.000000
1648652480.168142422,0,0.000000
1648652480.190434413,0,0.000000
1648652480.212659336,0,0.000000
1648652480.234182893,0,0.001000
1648652480.256527747,0,0.000000
1648652480.278509952,0,0.000000
1648652480.303292567,0,0.000000
1648652480.326482090,0,0.000000
1648652480.352083362,0,0.000000
1648652480.374865779,0,0.000000
1648652480.398878745,0,0.000000
1648652480.420211097,0,0.000000
1648652480.442954652,0,0.000000
1648652480.463921796,0,0.000000
1648652480.485735148,0,0.000000
1648652480.508306172,0,0.001000
1648652480.529636185,0,0.000000
1648652480.553278728,0,0.001000
1648652480.575479357,0,0.001000
1648652480.597588910,0,0.000000
1648652480.619687520,0,0.000000
1648652480.642548129,0,0.000000
1648652480.664259381,0,0.001000
1648652480.686748488,0,0.000000
1648652480.710416324,0,0.000000
1648652480.733885494,0,0.000000
1648652480.756100845,0,0.000000
1648652480.778240613,0,0.000000
1648652480.800067441,0,0.000000
1648652480.822474900,0,0.000000
1648652480.845564720,0,0.000000
1648652480.867681402,0,0.000000
1648652480.888661921,0,0.000000
1648652480.911061022,0,0.000000
1648652480.935150964,0,0.000000
1648652480.955438583,0,0.000000
1648652480.978232653,0,0.000000
1648652481.001284218,0,0.000000
1648652481.022600447,0,0.000000
1648652481.043942092,0,0.000000
1648652481.065586816,0,0.000000
1648652481.088508155,0,0.000000
1648652481.111053405,0,0.000000
1648652481.132873071,0,0.000000
1648652481.154618584,1,0.000000
1648652481.175285337,0,0.000000
1648652481.197027092,0,0.000000
1648652481.220867563,0,0.000000
1648652481.243379593,0,0.000000
1648652481.266178737,0,0.000000
1648652481.288495975,0,0.000000
1648652481.311243064,0,0.000000
1648652481.333988462,0,0.000000
1648652481.355664831,0,0.000000
1648652481.378715645,0,0.000000
1648652481.401256331,0,0.000000
1648652481.423826049,0,0.000000
1648652481.445733102,0,0.000000
1648652481.467422432,0,0.000000
1648652481.489364697,0,0.001000
1648652481.512509280,0,0.000000
1648652481.534870119,0,0.000000
1648652481.557789830,0,0.000000
1648652481.578377323,0,0.000000
1648652481.601017419,0,0.000000
1648652481.623119118,0,0.000000
1648652481.645983236,0,0.000000
1648652481.668312470,0,0.000000
1648652481.691031174,0,0.000000
1648652481.712610558,0,0.000000
1648652481.736415308,0,0.000000
1648652481.758453726,0,0.000000
1648652481.780971710,0,0.000000
1648652481.803162414,0,0.001000
1648652481.825627855,0,0.000000
1648652481.846659957,0,0.002000
1648652481.867389776,0,0.000000
1648652481.889269241,0,0.000000
1648652481.912509188,0,0.000000
1648652481.935674961,0,0.000000
1648652481.957650384,0,0.000000
1648652481.980814294,0,0.000000
1648652482.002836079,0,0.000000
1648652482.025113883,0,0.000000
1648652482.048404724,0,0.000000
1648652482.069436546,0,0.000000
1648652482.092106528,0,0.000000
1648652482.115577010,0,0.000000
1648652482.137056767,0,0.006000
1648652482.158445823,0,0.000000
1648652482.180861051,0,0.006000
1648652482.202056815,0,0.001000
1648652482.222274210,0,0.000000
1648652482.243214109,0,0.000000
1648652482.265682895,0,0.000000
1648652482.288592089,0,0.000000
1648652482.311752498,0,0.000000
1648652482.333499462,0,0.000000
1648652482.356242661,0,0.000000
1648652482.376556280,0,0.000000
1648652482.400379140,0,0.000000
1648652482.423302324,0,0.000000
1648652482.446121276,0,0.000000
1648652482.468356644,0,0.000000
1648652482.491840074,0,0.000000
1648652482.515197627,0,0.000000
1648652482.537667489,0,0.000000
1648652482.559000072,0,0.000000
1648652482.580865891,0,0.000000
1648652482.603337404,0,0.000000
1648652482.624833802,0,0.000000
1648652482.647232311,0,0.000000
1648652482.668115284,0,0.000000
1648652482.690582616,0,0.000000
1648652482.712880561,0,0.001000
1648652482.734500589,0,0.000000
1648652482.758884164,0,0.000000
1648652482.780981645,0,0.000000
1648652482.802490350,0,0.000000
1648652482.825326586,0,0.000000
1648652482.846735992,0,0.000000
1648652482.867887827,0,0.000000
1648652482.891433773,0,0.000000
1648652482.914980374,0,0.000000
1648652482.937534110,0,0.000000
1648652482.960821551,0,0.000000
1648652482.983532684,0,0.001000
1648652483.006189565,0,0.000000
1648652483.028885152,0,0.000000
1648652483.048593078,0,0.000000
1648652483.072045558,0,0.007000
1648652483.095171225,0,0.000000
1648652483.118013677,0,0.000000
1648652483.139134879,0,0.000000
1648652483.162092021,0,0.000000
1648652483.182973222,0,0.014000
1648652483.206474585,0,0.000000
1648652483.227655136,0,0.000000
1648652483.249474077,0,0.000000
1648652483.272851689,0,0.000000
1648652483.295029920,0,0.000000
1648652483.314963217,0,0.000000
1648652483.336845609,0,0.000000
1648652483.360131595,0,0.000000
1648652483.383342193,0,0.000000
1648652483.406331915,1,0.000000
1648652483.428910282,0,0.000000
1648652483.451102645,0,0.000000
1648652483.471269946,0,0.000000
1648652483.494201141,0,0.000000
1648652483.517068079,0,0.000000
1648652483.539648079,0,0.000000
1648652483.561532862,0,0.000000
1648652483.583645347,0,0.000000
1648652483.605995230,0,0.000000
1648652483.627381660,0,0.000000
1648652483.648059641,0,0.000000
1648652483.669543839,0,0.000000
1648652483.691409900,0,0.000000
1648652483.713026014,0,0.000000
1648652483.737155446,0,0.000000
1648652483.758420399,0,0.000000
1648652483.780960586,0,0.000000
1648652483.804682275,0,0.000000
1648652483.826108857,1,0.000000
1648652483.846890383,0,0.000000
1648652483.867679327,1,0.000000
1648652483.889388086,0,0.000000
1648652483.912204289,0,0.000000
1648652483.933573176,0,0.000000
1648652483.955668111,0,0.000000
1648652483.978852585,0,0.000000
1648652484.000560943,1,0.000000
1648652484.023994031,0,0.000000
1648652484.045954086,0,0.002000
1648652484.067841004,0,0.000000
1648652484.090127675,0,0.001000
1648652484.113509035,0,0.000000
1648652484.135396403,0,0.000000
1648652484.159955227,0,0.000000
1648652484.182266060,0,0.000000
1648652484.205889506,0,0.000000
1648652484.228872064,0,0.001000
1648652484.251505165,0,0.000000
1648652484.271452114,0,0.000000
1648652484.291739141,0,0.000000
1648652484.314269160,0,0.004000
1648652484.336057260,1,0.000000
1648652484.358004316,0,0.000000
1648652484.380432138,0,0.009000
1648652484.402668097,0,0.000000
1648652484.424379916,0,0.001000
1648652484.445681725,0,0.000000
1648652484.467487425,0,0.000000
1648652484.489373559,0,0.000000
1648652484.512295608,0,0.000000
1648652484.533846426,0,0.000000
1648652484.556336142,0,0.000000
1648652484.579444953,0,0.000000
1648652484.602413589,0,0.001000
1648652484.622020267,0,0.000000
1648652484.642893553,0,0.000000
1648652484.664399622,0,0.000000
1648652484.686669249,0,0.000000
1648652484.708769782,0,0.000000
1648652484.731602789,0,0.000000
1648652484.754168787,0,0.000000
1648652484.776122714,0,0.001000
1648652484.797176931,0,0.000000
1648652484.820018770,0,0.000000
1648652484.844047814,0,0.000000
1648652484.866889159,0,0.000000
1648652484.887651953,0,0.000000
1648652484.910228547,0,0.001000
1648652484.932993126,0,0.000000
1648652484.956067595,0,0.000000
1648652484.978756690,0,0.000000
1648652485.002069910,0,0.000000
1648652485.024291993,0,0.000000
1648652485.046968354,0,0.000000
1648652485.068496393,0,0.000000
1648652485.090918794,0,0.000000
1648652485.113567064,0,0.000000
1648652485.136969499,0,0.000000
1648652485.157560041,0,0.000000
1648652485.180139321,0,0.000000
1648652485.200948467,0,0.000000
1648652485.224851973,0,0.000000
1648652485.246854094,0,0.000000
1648652485.270211917,0,0.000000
1648652485.292283180,0,0.000000
1648652485.315520673,0,0.000000
1648652485.338231319,0,0.000000
1648652485.359249948,0,0.000000
1648652485.380123143,0,0.000000
1648652485.401699584,0,0.004000
1648652485.423539469,0,0.000000
1648652485.446266660,0,0.000000
1648652485.468239449,0,0.000000
1648652485.491862377,0,0.002000
1648652485.515707973,0,0.000000
1648652485.537766825,0,0.000000
1648652485.560747150,0,0.000000
1648652485.583462459,1,0.000000
1648652485.606953033,0,0.000000
1648652485.629239329,0,0.000000
1648652485.651204681,0,0.000000
1648652485.674115707,0,0.000000
1648652485.694870713,0,0.000000
1648652485.718142948,0,0.000000
1648652485.740685368,0,0.000000
1648652485.765173142,0,0.000000
1648652485.787239028,0,0.000000
1648652485.808737054,0,0.000000
1648652485.830306085,0,0.000000
1648652485.853040244,0,0.000000
1648652485.877084182,0,0.000000
1648652485.899497278,0,0.000000
1648652485.922375977,0,0.000000
1648652485.944997260,0,0.000000
1648652485.967772926,0,0.000000
1648652485.989948260,0,0.000000
1648652486.012466805,0,0.000000
1648652486.036201199,0,0.000000
1648652486.058500458,0,0.000000
1648652486.080651390,0,0.000000
1648652486.103872580,0,0.000000
1648652486.127087286,0,0.000000
1648652486.150359826,0,0.000000
1648652486.173619673,0,0.000000
1648652486.196620415,0,0.000000
1648652486.218098033,0,0.000000
1648652486.243269772,0,0.000000
1648652486.265717939,0,0.000000
1648652486.287369921,0,0.000000
1648652486.310368064,0,0.000000
1648652486.332378612,0,0.000000
1648652486.354315825,0,0.000000
1648652486.377137025,0,0.000000
1648652486.400345102,0,0.006000
1648652486.422326793,0,0.000000
1648652486.443206450,0,0.000000
1648652486.463250420,0,0.000000
1648652486.485187679,0,0.000000
1648652486.505855829,0,0.001000
1648652486.528023469,0,0.000000
1648652486.551594820,0,0.000000
1648652486.574335839,0,0.000000
1648652486.596793031,0,0.000000
1648652486.619396502,0,0.000000
1648652486.641079229,0,0.000000
1648652486.665139216,0,0.000000
1648652486.686993851,0,0.000000
1648652486.708790915,0,0.000000
1648652486.734044453,0,0.000000
1648652486.756211652,0,0.000000
1648652486.778528017,0,0.000000
1648652486.800823489,0,0.000000
1648652486.824134250,0,0.001000
1648652486.846315688,0,0.001000
1648652486.869777362,0,0.000000
1648652486.892838098,0,0.000000
1648652486.914871610,0,0.012000
1648652486.938395292,0,0.000000
1648652486.961040530,0,0.005000
1648652486.984300060,0,0.000000
1648652487.005733235,0,0.000000
1648652487.029558428,0,0.000000
1648652487.051188879,0,0.000000
1648652487.073597182,0,0.001000
1648652487.096204021,0,0.001000
1648652487.118000266,0,0.001000
1648652487.139426311,0,0.001000
1648652487.162802085,0,0.001000
1648652487.183546423,0,0.001000
1648652487.207048778,0,0.001000
1648652487.229290306,0,0.001000
1648652487.252685547,0,0.001000
1648652487.274064914,0,0.001000
1648652487.295654697,0,0.001000
