1648652712.362735031,0,0.000000
1648652712.387204377,0,0.000000
1648652712.409786317,0,0.000000
1648652712.430886573,0,0.000000
1648652712.451392110,0,0.000000
1648652712.473814720,0,0.000000
1648652712.495612681,0,0.000000
1648652712.515543299,0,0.000000
1648652712.538027682,0,0.000000
1648652712.559924101,0,0.000000
1648652712.582331598,0,0.000000
1648652712.603540967,0,0.000000
1648652712.626062644,0,0.000000
1648652712.648920977,0,0.000000
1648652712.670664426,2,0.027000
1648652712.694080193,29,0.365000
1648652712.715097708,0,0.008000
1648652712.737599248,0,0.000000
1648652712.760830106,0,0.000000
1648652712.783821197,0,0.006000
1648652712.805814811,0,0.000000
1648652712.829004442,0,0.000000
1648652712.852089590,0,0.000000
1648652712.875226703,0,0.001000
1648652712.897349299,0,0.001000
1648652712.918806388,0,0.000000
1648652712.941483814,0,0.000000
1648652712.963510188,0,0.000000
1648652712.987111534,0,0.000000
1648652713.008722506,0,0.000000
1648652713.031043472,0,0.000000
1648652713.054385292,0,0.000000
1648652713.077061170,0,0.000000
1648652713.099652187,0,0.001000
1648652713.122678978,0,0.000000
1648652713.146311843,0,0.000000
1648652713.170056292,0,0.000000
1648652713.190317807,0,0.000000
1648652713.213342655,0,0.000000
1648652713.235807846,0,0.006000
1648652713.257479312,0,0.000000
1648652713.280550551,0,0.000000
1648652713.304109609,0,0.000000
1648652713.325377246,0,0.000000
1648652713.348084014,0,0.000000
1648652713.370672615,0,0.000000
1648652713.393283138,0,0.001000
1648652713.414807744,0,0.000000
1648652713.437605022,0,0.001000
1648652713.459485166,0,0.000000
1648652713.481498641,0,0.000000
1648652713.502776645,0,0.014000
1648652713.524148891,0,0.000000
1648652713.546892636,0,0.000000
1648652713.569830534,1,0.000000
1648652713.591143553,0,0.000000
1648652713.614056996,0,0.001000
1648652713.636670790,0,0.001000
1648652713.659224831,0,0.000000
1648652713.681261530,0,0.000000
1648652713.702742891,0,0.003000
1648652713.725177273,0,0.000000
1648652713.748710809,1,0.000000
1648652713.771289121,0,0.000000
1648652713.793750090,0,0.001000
1648652713.815335683,0,0.000000
1648652713.837938987,0,0.000000
1648652713.858836993,0,0.000000
1648652713.879802596,0,0.001000
1648652713.903317112,0,0.000000
1648652713.926771782,0,0.000000
1648652713.948118905,0,0.000000
1648652713.970150790,0,0.000000
1648652713.992936249,0,0.000000
1648652714.016489174,0,0.000000
1648652714.038405367,0,0.000000
1648652714.061550119,1,0.000000
1648652714.083945487,0,0.000000
1648652714.106081479,0,0.000000
1648652714.128013896,0,0.000000
1648652714.151245950,0,0.001000
1648652714.174151920,0,0.000000
1648652714.196992559,0,0.002000
1648652714.220034634,0,0.000000
1648652714.241934497,0,0.000000
1648652714.265498659,0,0.000000
1648652714.286781985,0,0.000000
1648652714.309825668,0,0.000000
1648652714.333178970,0,0.000000
1648652714.356969112,0,0.000000
1648652714.379009804,0,0.000000
1648652714.401984096,0,0.000000
1648652714.425275285,0,0.000000
1648652714.448017690,0,0.000000
1648652714.470771978,0,0.000000
1648652714.493783763,0,0.000000
1648652714.516984041,0,0.000000
1648652714.539572933,0,0.000000
1648652714.561012024,0,0.000000
1648652714.582861245,0,0.000000
1648652714.605653731,0,0.000000
1648652714.628537472,0,0.000000
1648652714.650353563,0,0.005000
1648652714.671251285,0,0.001000
1648652714.693163422,0,0.000000
1648652714.715830849,0,0.001000
1648652714.738285554,0,0.000000
1648652714.761451604,0,0.005000
1648652714.784182442,0,0.000000
1648652714.806319312,1,0.000000
1648652714.828796863,0,0.000000
1648652714.852148962,0,0.000000
1648652714.874454299,0,0.001000
1648652714.895819055,0,0.000000
1648652714.917752399,0,0.000000
1648652714.937706963,0,0.000000
1648652714.959391908,0,0.000000
1648652714.982684347,0,0.012000
1648652715.002268771,0,0.000000
1648652715.024431157,0,0.014000
1648652715.047716068,0,0.000000
1648652715.069052570,0,0.000000
1648652715.092491155,0,0.000000
1648652715.115747701,0,0.000000
1648652715.136903334,0,0.000000
1648652715.159081589,0,0.000000
1648652715.181961705,0,0.000000
1648652715.203712334,0,0.000000
1648652715.225371082,0,0.000000
1648652715.248343872,0,0.000000
1648652715.270995673,0,0.000000
1648652715.293747032,0,0.000000
1648652715.317599011,0,0.000000
1648652715.339471553,0,0.000000
1648652715.361992086,0,0.000000
1648652715.384628481,0,0.000000
1648652715.406956355,0,0.000000
1648652715.428908669,0,0.000000
1648652715.450865829,0,0.001000
1648652715.474158360,0,0.000000
1648652715.495150933,0,0.000000
1648652715.517075268,0,0.000000
1648652715.539311610,0,0.000000
1648652715.561103558,0,0.000000
1648652715.582765058,0,0.000000
1648652715.605188591,0,0.000000
1648652715.628283041,0,0.000000
1648652715.649862059,0,0.000000
1648652715.672450343,0,0.000000
1648652715.696090901,0,0.000000
1648652715.719563719,0,0.000000
1648652715.742272056,0,0.000000
1648652715.763771192,0,0.000000
1648652715.786272696,0,0.000000
1648652715.808907751,0,0.000000
1648652715.832566023,0,0.000000
1648652715.856350849,0,0.000000
1648652715.879162357,0,0.000000
1648652715.900678929,0,0.004000
1648652715.922988470,0,0.000000
1648652715.945373268,0,0.000000
1648652715.967161652,0,0.000000
1648652715.989297493,0,0.000000
1648652716.011077223,0,0.000000
1648652716.034632666,0,0.000000
1648652716.057438283,0,0.000000
1648652716.079711204,0,0.000000
1648652716.101863767,0,0.009000
1648652716.123026852,0,0.000000
1648652716.145651823,0,0.000000
1648652716.168266702,0,0.000000
1648652716.189570465,0,0.000000
1648652716.210712796,0,0.000000
1648652716.232240788,0,0.000000
1648652716.254477110,1,0.000000
1648652716.277046903,0,0.010000
1648652716.298907004,0,0.000000
1648652716.322050978,0,0.000000
1648652716.346098912,0,0.000000
1648652716.366053892,0,0.000000
1648652716.389075092,0,0.000000
1648652716.411403222,0,0.000000
1648652716.434310917,0,0.000000
1648652716.458798955,0,0.000000
1648652716.482481602,0,0.000000
1648652716.504054620,0,0.000000
1648652716.527581671,0,0.000000
1648652716.550053770,0,0.000000
1648652716.571874441,0,0.000000
1648652716.593400293,0,0.000000
1648652716.615094179,0,0.000000
1648652716.638823060,0,0.000000
1648652716.661928446,0,0.000000
1648652716.683904891,1,0.000000
1648652716.706097440,0,0.000000
1648652716.727996228,0,0.000000
1648652716.751546224,0,0.000000
1648652716.774278270,0,0.000000
1648652716.797605399,0,0.001000
1648652716.816750091,0,0.000000
1648652716.839209117,0,0.000000
1648652716.861729945,0,0.000000
1648652716.884456189,0,0.000000
1648652716.906193457,0,0.000000
1648652716.929582098,0,0.000000
1648652716.953320714,0,0.008000
1648652716.974987783,0,0.000000
1648652716.997336059,0,0.000000
1648652717.019246832,0,0.000000
1648652717.041542811,0,0.000000
1648652717.063270910,0,0.000000
1648652717.086406694,0,0.001000
1648652717.108172778,0,0.007000
1648652717.129592800,0,0.000000
1648652717.153253965,0,0.000000
1648652717.175889609,0,0.000000
1648652717.198674196,0,0.000000
1648652717.221371952,0,0.000000
1648652717.243001055,0,0.000000
1648652717.264490742,0,0.000000
1648652717.287797596,0,0.000000
1648652717.310222305,0,0.000000
1648652717.332877749,0,0.000000
1648652717.355265269,0,0.000000
1648652717.376800423,0,0.000000
1648652717.397717687,0,0.000000
1648652717.419262869,0,0.000000
1648652717.442588307,0,0.000000
1648652717.465973518,0,0.000000
1648652717.488241511,0,0.000000
1648652717.511337082,0,0.000000
1648652717.533429206,0,0.000000
1648652717.554405678,0,0.000000
1648652717.576032665,0,0.000000
1648652717.599061748,0,0.002000
1648652717.622709174,0,0.000000
1648652717.643345216,0,0.008000
1648652717.666335233,0,0.000000
1648652717.687484840,0,0.000000
1648652717.708948920,0,0.000000
1648652717.731284149,0,0.000000
1648652717.753827689,0,0.000000
1648652717.776524058,0,0.000000
1648652717.798333729,0,0.001000
1648652717.821307618,0,0.000000
1648652717.844724197,0,0.000000
1648652717.868323126,0,0.000000
1648652717.890644461,0,0.000000
1648652717.911334327,0,0.000000
1648652717.934059676,0,0.000000
1648652717.957244053,0,0.001000
1648652717.979991898,0,0.000000
1648652718.001539189,0,0.000000
1648652718.024976145,0,0.000000
1648652718.049049632,0,0.000000
1648652718.070592938,0,0.000000
1648652718.095282058,0,0.000000
1648652718.117040927,0,0.000000
1648652718.140259361,0,0.000000
1648652718.163494248,0,0.000000
1648652718.186409755,0,0.000000
1648652718.209244365,0,0.000000
1648652718.232461023,0,0.000000
1648652718.255335051,0,0.000000
1648652718.275945444,0,0.000000
1648652718.298362488,0,0.000000
1648652718.321916652,0,0.000000
1648652718.345158220,0,0.000000
1648652718.367609420,0,0.000000
1648652718.388624651,0,0.000000
1648652718.410025316,0,0.000000
1648652718.430966028,0,0.003000
1648652718.453829648,0,0.000000
1648652718.477088753,0,0.000000
1648652718.500711422,0,0.004000
1648652718.523591887,0,0.001000
1648652718.544320164,0,0.005000
1648652718.566003111,0,0.000000
1648652718.587376653,0,0.000000
1648652718.610723298,0,0.000000
1648652718.633156871,0,0.000000
1648652718.655254463,0,0.001000
1648652718.677952352,0,0.000000
1648652718.700881338,0,0.000000
1648652718.722178186,0,0.000000
1648652718.745847474,0,0.000000
1648652718.766312105,0,0.000000
1648652718.789395404,0,0.000000
1648652718.808598750,0,0.000000
1648652718.830331696,0,0.000000
1648652718.852257488,0,0.000000
1648652718.874415190,0,0.000000
1648652718.897863133,0,0.000000
1648652718.920357725,0,0.000000
1648652718.942771810,0,0.000000
1648652718.964880713,0,0.000000
1648652718.987544118,0,0.000000
1648652719.010247336,0,0.000000
1648652719.033368404,0,0.000000
1648652719.056349892,0,0.000000
1648652719.077730615,0,0.000000
1648652719.098736921,0,0.000000
1648652719.122053546,0,0.003000
1648652719.145442122,0,0.000000
1648652719.166374150,0,0.000000
1648652719.188164526,0,0.006000
1648652719.209589814,0,0.000000
1648652719.232417262,0,0.000000
1648652719.255535596,1,0.000000
1648652719.277963944,0,0.000000
1648652719.300067324,0,0.000000
1648652719.322495512,0,0.000000
1648652719.346130987,0,0.000000
1648652719.368907061,0,0.000000
1648652719.390302681,0,0.000000
1648652719.412807672,0,0.000000
1648652719.435078950,0,0.000000
1648652719.456880110,0,0.000000
1648652719.481137221,0,0.000000
1648652719.503888473,0,0.007000
1648652719.526887862,1,0.000000
1648652719.549874015,0,0.002000
1648652719.572524121,0,0.000000
1648652719.595175059,0,0.000000
1648652719.618401670,0,0.000000
1648652719.642255056,0,0.000000
1648652719.664948560,0,0.000000
1648652719.685773193,0,0.000000
1648652719.707610546,0,0.000000
1648652719.730861756,1,0.000000
1648652719.752984593,0,0.000000
1648652719.775628696,0,0.000000
1648652719.797834707,0,0.000000
1648652719.820195176,0,0.000000
1648652719.843171015,0,0.000000
1648652719.866206196,0,0.000000
1648652719.889165507,0,0.000000
1648652719.911396824,0,0.000000
1648652719.933644384,0,0.000000
1648652719.956610183,0,0.000000
1648652719.976771641,1,0.000000
1648652719.998222572,0,0.000000
1648652720.020892963,0,0.000000
1648652720.044235356,0,0.000000
1648652720.066214907,0,0.000000
1648652720.088487394,0,0.000000
1648652720.111567877,0,0.000000
1648652720.135622068,0,0.000000
1648652720.158960757,0,0.000000
1648652720.182190596,0,0.001000
1648652720.205826620,0,0.000000
1648652720.228636114,0,0.000000
1648652720.249963981,0,0.000000
1648652720.271288452,0,0.000000
1648652720.293897300,0,0.000000
1648652720.315373391,0,0.000000
1648652720.337031375,0,0.000000
1648652720.359650636,0,0.000000
1648652720.381302149,0,0.000000
1648652720.402902075,0,0.000000
1648652720.425442400,0,0.001000
1648652720.449019860,0,0.000000
1648652720.470820577,0,0.000000
1648652720.493780342,0,0.000000
1648652720.516696023,0,0.000000
1648652720.539013067,0,0.000000
1648652720.561940602,0,0.000000
1648652720.585830738,0,0.000000
1648652720.608717371,0,0.000000
1648652720.629805168,0,0.000000
1648652720.651614783,0,0.000000
1648652720.674581780,0,0.000000
1648652720.698061236,0,0.001000
1648652720.719501483,0,0.000000
1648652720.743326168,0,0.000000
1648652720.765542569,0,0.000000
1648652720.788889765,0,0.000000
1648652720.812197271,0,0.000000
1648652720.835118848,0,0.000000
1648652720.858508019,0,0.000000
1648652720.882003730,0,0.000000
1648652720.905186905,0,0.000000
1648652720.928831356,0,0.000000
1648652720.951450036,0,0.001000
1648652720.974867491,0,0.000000
1648652720.996945292,0,0.000000
1648652721.019071188,0,0.000000
1648652721.043091434,0,0.000000
1648652721.066280697,0,0.000000
1648652721.087478558,0,0.000000
1648652721.109475662,1,0.000000
1648652721.133303772,0,0.000000
1648652721.154838082,0,0.000000
1648652721.177782971,0,0.000000
1648652721.201356933,0,0.000000
1648652721.222458510,0,0.000000
1648652721.244449382,0,0.000000
1648652721.266103929,0,0.000000
1648652721.288996042,0,0.000000
1648652721.310369276,0,0.000000
1648652721.333372626,0,0.000000
1648652721.355781151,0,0.000000
1648652721.378215722,0,0.000000
1648652721.401496185,0,0.000000
1648652721.422319281,0,0.000000
1648652721.445495168,0,0.004000
1648652721.468046584,0,0.000000
1648652721.491991179,0,0.000000
1648652721.513627147,0,0.000000
1648652721.536065443,0,0.001000
1648652721.558785614,0,0.000000
1648652721.579971730,0,0.000000
1648652721.601063305,0,0.000000
1648652721.624146114,0,0.000000
1648652721.647973941,0,0.000000
1648652721.670302008,0,0.000000
1648652721.692231639,0,0.000000
1648652721.714354256,0,0.000000
1648652721.736103693,0,0.000000
1648652721.759187479,0,0.000000
1648652721.782014090,0,0.000000
1648652721.804495686,0,0.000000
1648652721.828063729,0,0.000000
1648652721.849819217,0,0.000000
1648652721.870724837,0,0.009000
1648652721.890858094,0,0.000000
1648652721.912035198,0,0.000000
1648652721.935073295,0,0.000000
1648652721.958296705,0,0.000000
1648652721.980147169,0,0.000000
1648652722.003194401,0,0.000000
1648652722.025899309,0,0.000000
1648652722.049330005,0,0.000000
1648652722.072334878,0,0.000000
1648652722.093230674,0,0.003000
1648652722.115761090,0,0.000000
1648652722.138723178,0,0.000000
1648652722.161371757,0,0.000000
1648652722.181719321,0,0.000000
1648652722.205035222,1,0.000000
1648652722.226754082,0,0.000000
1648652722.249208705,0,0.004000
1648652722.271958552,0,0.000000
1648652722.292700996,0,0.004000
1648652722.315803118,0,0.000000
1648652722.337763011,0,0.000000
1648652722.361269912,0,0.000000
1648652722.384867306,0,0.000000
1648652722.407376652,0,0.000000
1648652722.430431882,0,0.000000
1648652722.453949549,0,0.000000
1648652722.477590262,0,0.000000
1648652722.501400673,0,0.000000
1648652722.523806157,0,0.000000
1648652722.545114813,0,0.006000
1648652722.568085044,1,0.000000
1648652722.592628093,0,0.000000
1648652722.615343313,0,0.000000
1648652722.638138749,0,0.000000
1648652722.659952405,0,0.000000
1648652722.683354341,2,0.000000
1648652722.704799535,0,0.001000
1648652722.725990133,0,0.001000
1648652722.747782176,0,0.000000
1648652722.770552384,0,0.000000
1648652722.792740147,0,0.000000
1648652722.814681455,0,0.000000
1648652722.838351737,0,0.003000
1648652722.861107117,0,0.000000
1648652722.883421011,0,0.000000
1648652722.906636555,0,0.000000
1648652722.928102248,0,0.000000
1648652722.949404519,0,0.001000
1648652722.973184883,0,0.000000
1648652722.995864756,0,0.000000
1648652723.018362717,0,0.000000
1648652723.041485046,0,0.000000
1648652723.064777296,0,0.000000
1648652723.088190737,0,0.000000
1648652723.109924920,0,0.002000
1648652723.128223218,0,0.000000
1648652723.151424633,0,0.000000
1648652723.173724817,0,0.000000
1648652723.197066943,0,0.000000
1648652723.220754051,0,0.000000
1648652723.242200314,0,0.000000
1648652723.266027340,0,0.000000
1648652723.288550929,0,0.000000
1648652723.310739748,0,0.000000
1648652723.333878064,0,0.000000
1648652723.355505429,0,0.000000
1648652723.378594465,0,0.000000
1648652723.400912397,0,0.000000
1648652723.421411252,0,0.000000
1648652723.444005707,0,0.000000
1648652723.467140207,0,0.001000
1648652723.489970104,0,0.008000
1648652723.512485460,0,0.000000
1648652723.534713910,0,0.000000
1648652723.557891416,0,0.000000
1648652723.579210917,0,0.000000
1648652723.601802389,0,0.000000
1648652723.624611712,0,0.000000
1648652723.645753453,0,0.000000
1648652723.670066653,0,0.000000
1648652723.694478863,0,0.000000
1648652723.715747789,0,0.000000
1648652723.739630567,0,0.000000
1648652723.761906863,0,0.000000
1648652723.783526735,0,0.000000
1648652723.806766972,0,0.000000
1648652723.830083384,0,0.000000
1648652723.853149208,0,0.000000
1648652723.874769937,0,0.000000
1648652723.897510422,0,0.000000
1648652723.920192327,0,0.000000
1648652723.943599156,0,0.000000
1648652723.965566216,0,0.000000
1648652723.988417881,0,0.000000
1648652724.010873467,0,0.000000
1648652724.033780361,0,0.009000
1648652724.057371148,0,0.000000
1648652724.080637037,0,0.000000
1648652724.103299101,0,0.000000
1648652724.125846554,0,0.001000
1648652724.148770397,0,0.000000
1648652724.170546433,0,0.000000
1648652724.193914017,0,0.000000
1648652724.215906664,0,0.000000
1648652724.239352970,0,0.000000
1648652724.261983120,0,0.000000
1648652724.283637120,0,0.000000
1648652724.305059901,0,0.000000
1648652724.328432232,0,0.000000
1648652724.352042788,0,0.000000
1648652724.373609068,0,0.000000
1648652724.397030453,0,0.000000
1648652724.418475732,0,0.002000
1648652724.441688569,0,0.000000
1648652724.465055612,0,0.000000
1648652724.487577057,0,0.000000
1648652724.508568929,0,0.000000
1648652724.529073945,0,0.000000
1648652724.552644628,0,0.000000
1648652724.574026632,0,0.000000
1648652724.596747896,0,0.000000
1648652724.619313293,0,0.001000
1648652724.642134512,0,0.000000
1648652724.662324581,0,0.011000
1648652724.683459701,0,0.000000
1648652724.706117854,0,0.000000
1648652724.726951839,0,0.000000
1648652724.751340817,0,0.000000
1648652724.773275884,0,0.012000
1648652724.796658806,0,0.000000
1648652724.818979860,0,0.000000
1648652724.842443120,0,0.000000
1648652724.862600486,0,0.000000
1648652724.884425149,0,0.000000
1648652724.906509801,0,0.001000
1648652724.928995015,0,0.000000
1648652724.952246628,0,0.000000
1648652724.973858925,0,0.000000
1648652724.995339821,0,0.000000
1648652725.017064434,0,0.000000
1648652725.039363527,0,0.000000
1648652725.060304893,0,0.000000
1648652725.084003108,0,0.000000
1648652725.105996220,0,0.000000
1648652725.128454498,0,0.000000
1648652725.150737317,0,0.000000
1648652725.172751186,0,0.011000
1648652725.194978058,0,0.000000
1648652725.217923323,0,0.000000
1648652725.241027724,0,0.000000
1648652725.263494734,0,0.000000
1648652725.285088826,0,0.000000
1648652725.309226535,0,0.000000
1648652725.331882812,0,0.000000
1648652725.354300188,0,0.000000
1648652725.375065226,0,0.001000
1648652725.396168482,0,0.011000
1648652725.420150523,0,0.000000
1648652725.442796213,0,0.000000
1648652725.462365657,0,0.000000
1648652725.484112161,0,0.000000
1648652725.508361891,0,0.000000
1648652725.531436974,0,0.000000
1648652725.553969950,0,0.000000
1648652725.576235931,0,0.001000
1648652725.598084081,0,0.000000
1648652725.620199569,0,0.000000
1648652725.643729979,0,0.000000
1648652725.668067787,0,0.000000
1648652725.689683195,0,0.000000
1648652725.713964245,0,0.000000
1648652725.736303682,0,0.000000
1648652725.759206090,0,0.000000
1648652725.781951234,0,0.001000
1648652725.803626812,0,0.000000
1648652725.824905225,0,0.000000
1648652725.846298894,0,0.000000
1648652725.869510684,0,0.003000
1648652725.893413251,0,0.000000
1648652725.917227418,0,0.000000
1648652725.941292742,0,0.000000
1648652725.965583253,0,0.000000
1648652725.988248891,0,0.000000
1648652726.011661015,0,0.004000
1648652726.035229442,0,0.000000
1648652726.055828908,0,0.000000
1648652726.079151235,0,0.000000
1648652726.101502278,0,0.000000
1648652726.123080976,0,0.000000
1648652726.146965307,0,0.000000
1648652726.170187500,0,0.000000
1648652726.191196793,0,0.000000
1648652726.215227800,0,0.000000
1648652726.236871721,0,0.000000
1648652726.260178148,0,0.000000
1648652726.282927354,0,0.001000
1648652726.305658709,0,0.000000
1648652726.328949064,0,0.000000
1648652726.352406384,0,0.000000
1648652726.375464244,0,0.000000
1648652726.398974960,0,0.000000
1648652726.421550389,0,0.000000
1648652726.445981252,0,0.006000
1648652726.467593407,0,0.000000
1648652726.490331477,0,0.000000
1648652726.513657914,0,0.000000
1648652726.536561497,0,0.000000
1648652726.559690447,0,0.000000
1648652726.582418034,0,0.000000
1648652726.605424033,0,0.000000
1648652726.628760915,0,0.000000
1648652726.650778270,0,0.003000
1648652726.672385901,0,0.007000
1648652726.695470149,0,0.000000
1648652726.718878375,0,0.000000
1648652726.741460382,0,0.000000
1648652726.764290108,0,0.000000
1648652726.787856869,0,0.006000
1648652726.807790000,0,0.000000
1648652726.828930837,0,0.003000
1648652726.852502628,0,0.000000
1648652726.873965117,0,0.000000
1648652726.897317785,0,0.000000
1648652726.921017738,0,0.000000
1648652726.944913881,0,0.000000
1648652726.968671963,0,0.000000
1648652726.990372280,0,0.000000
1648652727.012029463,0,0.000000
1648652727.035588198,0,0.000000
1648652727.057023628,0,0.000000
1648652727.078032013,0,0.000000
1648652727.101781484,0,0.000000
1648652727.125670586,0,0.000000
1648652727.147442853,0,0.000000
1648652727.170776332,0,0.000000
1648652727.193495279,0,0.000000
1648652727.216899457,0,0.000000
1648652727.239777520,0,0.000000
1648652727.263045202,0,0.000000
1648652727.286139687,0,0.000000
1648652727.308897957,0,0.000000
1648652727.329303602,0,0.000000
1648652727.351414959,0,0.000000
1648652727.375524708,0,0.000000
1648652727.397940958,0,0.000000
1648652727.421961436,0,0.000000
1648652727.445486151,0,0.000000
1648652727.468505053,0,0.000000
1648652727.491584104,0,0.000000
1648652727.514003889,0,0.000000
1648652727.538319242,0,0.000000
1648652727.561397332,0,0.000000
1648652727.583564028,0,0.000000
1648652727.603731283,0,0.000000
1648652727.625493744,0,0.000000
1648652727.648687870,0,0.000000
1648652727.671352711,0,0.000000
1648652727.697170717,0,0.000000
1648652727.719188917,0,0.000000
1648652727.741984558,0,0.000000
1648652727.763296624,0,0.000000
1648652727.787018204,0,0.000000
1648652727.808345651,0,0.000000
1648652727.831568901,0,0.000000
1648652727.853282133,0,0.000000
1648652727.875383658,0,0.000000
1648652727.895985227,0,0.000000
1648652727.918210261,0,0.000000
1648652727.941209799,0,0.000000
1648652727.963705478,0,0.000000
1648652727.987817007,0,0.000000
1648652728.012249790,0,0.000000
1648652728.036337922,0,0.008000
1648652728.059925710,0,0.000000
1648652728.081056341,0,0.000000
1648652728.104160011,0,0.000000
1648652728.127828638,0,0.000000
1648652728.151071989,0,0.000000
1648652728.173812878,0,0.000000
1648652728.197066520,0,0.000000
1648652728.221183041,0,0.000000
1648652728.244867767,0,0.000000
1648652728.268330500,0,0.001000
1648652728.292475120,0,0.000000
1648652728.315643653,0,0.000000
1648652728.338127541,0,0.000000
1648652728.362273607,0,0.000000
1648652728.385620046,0,0.000000
1648652728.409492032,0,0.000000
1648652728.432642888,1,0.002000
1648652728.456636436,0,0.000000
1648652728.478408028,0,0.000000
1648652728.502536286,0,0.000000
1648652728.526072041,0,0.000000
1648652728.546754508,0,0.000000
1648652728.569243723,0,0.000000
1648652728.591626256,0,0.000000
1648652728.612957342,0,0.000000
1648652728.636462658,0,0.000000
1648652728.658406129,0,0.000000
1648652728.679667927,1,0.000000
1648652728.702156428,0,0.000000
1648652728.723749255,0,0.010000
1648652728.747000851,0,0.000000
1648652728.771105078,0,0.000000
1648652728.794432193,0,0.000000
1648652728.814471224,0,0.000000
1648652728.836961888,0,0.000000
1648652728.857051083,0,0.000000
1648652728.879046418,0,0.000000
1648652728.902072202,0,0.000000
1648652728.924809908,0,0.000000
1648652728.946970129,0,0.000000
1648652728.969682481,0,0.000000
1648652728.992500815,0,0.000000
1648652729.014170382,0,0.000000
1648652729.038731837,0,0.000000
1648652729.060062290,0,0.000000
1648652729.083265070,0,0.000000
1648652729.106098257,0,0.008000
1648652729.128347335,0,0.000000
1648652729.150684844,0,0.000000
1648652729.173180442,0,0.000000
1648652729.196849884,0,0.000000
1648652729.220884322,0,0.000000
1648652729.243689701,0,0.001000
1648652729.268127840,0,0.000000
1648652729.288395402,0,0.000000
1648652729.310297368,0,0.000000
1648652729.332733878,0,0.000000
1648652729.356542182,0,0.001000
1648652729.376780296,0,0.000000
1648652729.399407366,0,0.000000
1648652729.421905188,0,0.001000
1648652729.444702330,0,0.000000
1648652729.467775487,0,0.000000
1648652729.489744979,0,0.000000
1648652729.511491346,0,0.000000
1648652729.534841604,0,0.000000
1648652729.556343189,0,0.000000
1648652729.579308621,0,0.000000
1648652729.601313643,0,0.000000
1648652729.623245696,0,0.000000
1648652729.644218660,0,0.000000
1648652729.666997661,0,0.000000
1648652729.690361512,0,0.000000
1648652729.712823813,0,0.008000
1648652729.735872739,0,0.000000
1648652729.758941902,0,0.000000
1648652729.780562982,0,0.000000
1648652729.804210999,0,0.006000
1648652729.827356106,0,0.000000
1648652729.851408680,0,0.000000
1648652729.873275208,0,0.000000
1648652729.896767805,0,0.000000
1648652729.920582590,0,0.000000
1648652729.941375843,0,0.000000
1648652729.961802291,0,0.000000
1648652729.984615887,0,0.000000
1648652730.006837411,0,0.000000
1648652730.031827705,0,0.000000
1648652730.052860717,0,0.000000
1648652730.075965985,0,0.000000
1648652730.099434118,0,0.000000
1648652730.123484920,0,0.000000
1648652730.145857097,0,0.000000
1648652730.169750444,0,0.000000
1648652730.191579097,0,0.000000
1648652730.214320864,0,0.000000
1648652730.239565563,0,0.000000
1648652730.261563030,0,0.000000
1648652730.284179168,0,0.000000
1648652730.306050644,0,0.000000
1648652730.327560431,0,0.000000
1648652730.350238528,0,0.000000
1648652730.372429024,0,0.000000
1648652730.393549576,0,0.000000
1648652730.417919743,0,0.000000
1648652730.439454633,0,0.000000
1648652730.461120980,0,0.000000
1648652730.484497059,0,0.000000
1648652730.508015189,0,0.000000
1648652730.528330110,1,0.011000
1648652730.550165185,0,0.000000
1648652730.572194819,0,0.000000
1648652730.594791020,0,0.000000
1648652730.619283230,0,0.000000
1648652730.642542485,0,0.000000
1648652730.666616309,0,0.000000
1648652730.689209509,0,0.000000
1648652730.711674960,0,0.000000
1648652730.734662013,0,0.000000
1648652730.756886783,0,0.000000
1648652730.779433781,0,0.001000
1648652730.801963409,0,0.000000
1648652730.824645716,0,0.000000
1648652730.847052302,0,0.009000
1648652730.870230866,0,0.003000
1648652730.893929835,0,0.000000
1648652730.917807193,0,0.010000
1648652730.940633354,0,0.000000
1648652730.964850704,0,0.000000
1648652730.986008600,0,0.000000
1648652731.008260862,0,0.000000
1648652731.031242012,0,0.006000
1648652731.053003427,0,0.000000
1648652731.075741403,0,0.000000
1648652731.097924344,0,0.000000
1648652731.119458626,0,0.000000
1648652731.142090432,0,0.000000
1648652731.164249451,0,0.008000
1648652731.187097763,0,0.002000
1648652731.210063151,0,0.000000
1648652731.233304396,0,0.000000
1648652731.253554397,0,0.000000
1648652731.276410034,0,0.000000
1648652731.299106175,0,0.000000
1648652731.322247392,0,0.000000
1648652731.346922629,0,0.000000
1648652731.370170427,0,0.000000
1648652731.390886937,0,0.000000
1648652731.414294059,0,0.000000
1648652731.437495153,0,0.000000
1648652731.460444736,1,0.001000
1648652731.483133935,0,0.001000
1648652731.507577328,0,0.000000
1648652731.529555890,0,0.000000
1648652731.551951037,0,0.000000
1648652731.575591306,0,0.000000
1648652731.600683023,0,0.000000
1648652731.624198711,0,0.000000
1648652731.646310045,0,0.000000
1648652731.669321604,0,0.000000
1648652731.691062359,0,0.000000
1648652731.713598638,0,0.005000
1648652731.735493242,0,0.003000
1648652731.758279641,0,0.000000
1648652731.779931208,0,0.000000
1648652731.803054291,0,0.000000
1648652731.826758027,0,0.000000
1648652731.848255732,0,0.000000
1648652731.871675401,0,0.000000
1648652731.895080662,0,0.000000
1648652731.916545782,0,0.000000
1648652731.939853828,0,0.000000
1648652731.962711841,0,0.000000
1648652731.985970439,0,0.000000
1648652732.005795784,0,0.000000
1648652732.029366297,0,0.004000
1648652732.052832487,0,0.000000
1648652732.076174222,0,0.000000
1648652732.099634680,0,0.000000
1648652732.124098547,0,0.000000
1648652732.145939023,0,0.000000
1648652732.169126578,0,0.000000
1648652732.191393297,0,0.000000
1648652732.214265079,0,0.000000
1648652732.237381382,0,0.001000
1648652732.259686694,0,0.000000
1648652732.281975802,0,0.000000
1648652732.305049491,0,0.000000
1648652732.327672957,0,0.000000
1648652732.351411889,0,0.000000
1648652732.374081849,0,0.000000
1648652732.398185541,0,0.000000
1648652732.418283759,0,0.000000
1648652732.441881443,0,0.000000
1648652732.466845259,0,0.000000
1648652732.488687123,0,0.000000
1648652732.509692247,0,0.005000
1648652732.532415519,0,0.000000
1648652732.557311985,0,0.000000
1648652732.581001865,0,0.000000
1648652732.603790382,0,0.000000
1648652732.626466091,1,0.004000
1648652732.649396112,0,0.000000
1648652732.672360609,0,0.000000
1648652732.697307878,0,0.000000
1648652732.720169021,0,0.000000
1648652732.743490199,0,0.001000
1648652732.765767180,0,0.000000
1648652732.788901462,0,0.000000
1648652732.808998501,0,0.000000
1648652732.831785876,0,0.000000
1648652732.853990343,0,0.000000
1648652732.875036268,0,0.000000
1648652732.897381877,0,0.000000
1648652732.920090492,0,0.000000
1648652732.943111596,0,0.000000
1648652732.965378691,0,0.000000
1648652732.985570156,0,0.000000
1648652733.007590945,0,0.000000
1648652733.029621360,0,0.000000
1648652733.053241821,0,0.000000
1648652733.077364724,0,0.000000
1648652733.099894074,0,0.000000
1648652733.122096183,0,0.003000
1648652733.145413946,0,0.000000
1648652733.166803837,0,0.000000
1648652733.191028667,0,0.000000
1648652733.212697958,0,0.009000
1648652733.236053966,0,0.000000
1648652733.258475352,0,0.000000
1648652733.280265290,0,0.000000
1648652733.303573623,0,0.000000
1648652733.327413894,0,0.011000
1648652733.350367852,0,0.000000
1648652733.372116612,0,0.000000
1648652733.395898038,0,0.000000
1648652733.419617541,0,0.000000
1648652733.440226759,0,0.000000
1648652733.463281989,0,0.000000
1648652733.486759697,0,0.000000
1648652733.510458102,0,0.000000
1648652733.534479275,0,0.000000
1648652733.555279332,0,0.000000
1648652733.578042755,0,0.003000
1648652733.601424658,0,0.000000
1648652733.625066082,0,0.007000
1648652733.646155161,0,0.000000
1648652733.667159798,0,0.000000
1648652733.691507806,0,0.000000
1648652733.714182593,0,0.000000
1648652733.737199275,0,0.000000
1648652733.759984548,0,0.000000
1648652733.782672819,0,0.000000
1648652733.805887973,0,0.000000
1648652733.829184128,0,0.000000
1648652733.852127251,0,0.000000
1648652733.875209249,0,0.000000
1648652733.897938882,0,0.000000
1648652733.920865090,0,0.000000
1648652733.944104640,0,0.000000
1648652733.967012605,0,0.000000
1648652733.987869859,0,0.008000
1648652734.011061862,0,0.000000
1648652734.033849153,0,0.000000
1648652734.057652058,0,0.000000
1648652734.080011301,0,0.000000
1648652734.103042236,0,0.000000
1648652734.126133789,0,0.000000
1648652734.147444306,0,0.000000
1648652734.170541969,0,0.000000
1648652734.193537089,0,0.000000
1648652734.215234706,0,0.000000
1648652734.238680606,0,0.000000
1648652734.261968735,0,0.000000
1648652734.284369537,0,0.000000
1648652734.305877599,0,0.000000
1648652734.327323862,0,0.000000
1648652734.350859704,0,0.000000
1648652734.375739167,0,0.000000
1648652734.397409972,0,0.000000
1648652734.420640814,0,0.001000
1648652734.443078804,0,0.000000
1648652734.466306064,0,0.000000
1648652734.489419785,0,0.000000
1648652734.510930538,0,0.000000
1648652734.534950232,0,0.000000
1648652734.557388780,0,0.000000
1648652734.578704908,0,0.001000
1648652734.601877603,0,0.000000
1648652734.622368329,0,0.000000
1648652734.644779423,0,0.000000
1648652734.667235660,0,0.000000
1648652734.689497198,0,0.000000
1648652734.711247868,0,0.000000
1648652734.733914310,0,0.000000
1648652734.757101395,0,0.000000
1648652734.780470749,0,0.000000
1648652734.803990832,0,0.000000
1648652734.828001141,0,0.000000
1648652734.850818608,0,0.000000
1648652734.873938349,1,0.001000
1648652734.897435028,0,0.000000
1648652734.919502484,0,0.000000
1648652734.943224238,0,0.000000
1648652734.966645312,0,0.000000
1648652734.988296361,0,0.000000
1648652735.010895949,0,0.001000
1648652735.033998525,0,0.000000
1648652735.057095280,0,0.004000
1648652735.079946401,0,0.000000
1648652735.103449582,0,0.000000
1648652735.127055232,0,0.000000
1648652735.150152480,0,0.000000
1648652735.172033389,0,0.000000
1648652735.194520251,0,0.000000
1648652735.217250125,0,0.000000
1648652735.240073942,0,0.000000
1648652735.263334896,0,0.000000
1648652735.284036902,0,0.003000
1648652735.305618576,0,0.000000
1648652735.328038033,0,0.000000
1648652735.351778588,0,0.000000
1648652735.374938541,0,0.000000
1648652735.396680242,0,0.000000
1648652735.419455522,0,0.000000
1648652735.441965165,0,0.000000
1648652735.465142474,0,0.008000
1648652735.487682260,0,0.000000
1648652735.511554360,0,0.000000
1648652735.533540147,0,0.000000
1648652735.555926189,0,0.000000
1648652735.577732526,0,0.000000
1648652735.601330837,0,0.000000
1648652735.625272964,0,0.000000
1648652735.649361452,0,0.000000
1648652735.674202054,0,0.000000
1648652735.696957019,0,0.000000
1648652735.719160506,0,0.000000
1648652735.741898688,0,0.000000
1648652735.764898792,0,0.000000
1648652735.787555553,0,0.000000
1648652735.808584044,0,0.000000
1648652735.831348575,0,0.000000
1648652735.854045164,0,0.000000
1648652735.877474715,1,0.000000
1648652735.899453249,0,0.000000
1648652735.922164266,0,0.000000
1648652735.945631078,0,0.000000
1648652735.967836408,0,0.000000
1648652735.990911928,0,0.000000
1648652736.014391792,0,0.000000
1648652736.037168950,0,0.000000
1648652736.060500724,0,0.000000
1648652736.084061608,0,0.000000
1648652736.107606918,0,0.001000
1648652736.130665405,0,0.003000
1648652736.154098847,0,0.000000
1648652736.177206035,0,0.000000
1648652736.200349435,0,0.000000
1648652736.221985006,0,0.000000
1648652736.245821289,0,0.000000
1648652736.267871886,0,0.000000
1648652736.290454389,0,0.000000
1648652736.313486286,0,0.000000
1648652736.336540191,0,0.000000
1648652736.360849326,0,0.000000
1648652736.384174786,0,0.000000
1648652736.407183145,0,0.000000
1648652736.428990568,0,0.000000
1648652736.454260001,0,0.000000
1648652736.476500316,0,0.000000
1648652736.500033975,0,0.000000
1648652736.523167777,0,0.001000
1648652736.547210322,0,0.000000
1648652736.572118040,0,0.000000
1648652736.595481771,0,0.000000
1648652736.619109582,0,0.000000
1648652736.641327128,0,0.000000
1648652736.662646283,0,0.006000
1648652736.686188482,0,0.000000
1648652736.708609837,0,0.000000
1648652736.731177680,1,0.000000
1648652736.754062239,0,0.001000
1648652736.778193384,0,0.000000
1648652736.799992349,0,0.000000
1648652736.822395524,0,0.000000
1648652736.844380597,0,0.000000
1648652736.867317553,0,0.000000
1648652736.888697554,0,0.000000
1648652736.912422889,0,0.000000
1648652736.935282464,0,0.000000
1648652736.957437150,0,0.000000
1648652736.979372545,0,0.000000
1648652737.003177121,0,0.000000
1648652737.027196545,1,0.000000
1648652737.050656451,0,0.000000
1648652737.073423818,0,0.000000
1648652737.096275090,0,0.000000
1648652737.120540445,0,0.000000
1648652737.144296741,0,0.001000
1648652737.167111626,0,0.001000
1648652737.188869561,0,0.000000
1648652737.211969473,0,0.000000
1648652737.235368801,0,0.000000
1648652737.260061456,0,0.000000
1648652737.282826427,0,0.000000
1648652737.305755316,0,0.000000
1648652737.328583451,0,0.001000
1648652737.351101894,0,0.000000
1648652737.372754776,0,0.006000
1648652737.395655829,0,0.000000
1648652737.419269992,0,0.000000
1648652737.439769189,0,0.000000
1648652737.462284637,0,0.000000
1648652737.485499712,0,0.000000
1648652737.508879240,0,0.000000
1648652737.531733486,0,0.000000
1648652737.554678017,0,0.000000
1648652737.578342903,0,0.000000
1648652737.600277156,0,0.000000
1648652737.623071476,0,0.000000
1648652737.646338175,0,0.000000
1648652737.669059642,0,0.000000
1648652737.691919498,0,0.000000
1648652737.714814020,0,0.000000
1648652737.737927838,0,0.000000
1648652737.761062399,0,0.000000
1648652737.782765796,0,0.000000
1648652737.806584921,0,0.000000
1648652737.827741786,0,0.000000
1648652737.850381310,0,0.000000
1648652737.872359009,0,0.000000
1648652737.894186044,0,0.000000
1648652737.918571584,0,0.000000
1648652737.941850239,0,0.005000
1648652737.964460881,0,0.000000
1648652737.987629678,0,0.000000
1648652738.010966899,0,0.000000
1648652738.033760881,0,0.000000
1648652738.057465538,0,0.000000
1648652738.080972953,0,0.000000
1648652738.102404110,0,0.000000
1648652738.124530799,0,0.000000
1648652738.147786543,0,0.000000
1648652738.171147514,0,0.000000
1648652738.194141232,0,0.000000
1648652738.217434784,0,0.006000
1648652738.240501461,0,0.000000
1648652738.264258071,0,0.000000
1648652738.288370878,0,0.000000
1648652738.312002975,0,0.000000
1648652738.335802171,0,0.000000
1648652738.358213416,0,0.003000
1648652738.380980790,0,0.000000
1648652738.403563334,0,0.000000
1648652738.426599432,0,0.000000
1648652738.450613223,0,0.000000
1648652738.474381580,0,0.000000
1648652738.496857136,0,0.000000
1648652738.519426715,1,0.000000
1648652738.542876903,0,0.000000
1648652738.566321116,0,0.000000
1648652738.589820054,0,0.000000
1648652738.613844557,0,0.000000
1648652738.637481290,0,0.000000
1648652738.660928829,0,0.010000
1648652738.684194138,0,0.000000
1648652738.705980577,0,0.000000
1648652738.727591764,0,0.000000
1648652738.751586733,0,0.000000
1648652738.774858022,1,0.001000
1648652738.798122965,0,0.000000
1648652738.819907625,0,0.000000
1648652738.844081184,0,0.001000
1648652738.865508054,0,0.000000
1648652738.887092758,0,0.000000
1648652738.910395895,0,0.000000
1648652738.934993205,0,0.000000
1648652738.957729201,0,0.000000
1648652738.981108497,0,0.000000
1648652739.004936647,0,0.000000
1648652739.028664911,1,0.000000
1648652739.051455432,0,0.000000
1648652739.075149482,0,0.000000
1648652739.097887846,0,0.001000
1648652739.121666337,0,0.000000
1648652739.143350041,0,0.000000
1648652739.162687523,0,0.000000
1648652739.184471207,0,0.000000
1648652739.207217477,0,0.000000
1648652739.231363484,0,0.000000
1648652739.254845420,0,0.000000
1648652739.277492239,0,0.000000
1648652739.301467146,0,0.010000
1648652739.322112511,0,0.000000
1648652739.344394446,0,0.000000
1648652739.369869253,0,0.000000
1648652739.392505086,0,0.000000
1648652739.413282938,0,0.000000
1648652739.435898828,0,0.000000
1648652739.458105153,0,0.000000
1648652739.481250234,0,0.000000
1648652739.503934675,0,0.000000
1648652739.525392484,0,0.000000
1648652739.548784032,0,0.000000
1648652739.571556497,0,0.000000
1648652739.595143025,0,0.000000
1648652739.619322348,0,0.000000
1648652739.642589110,0,0.007000
1648652739.666938764,0,0.001000
1648652739.690200859,0,0.000000
1648652739.712885904,0,0.000000
1648652739.734687240,0,0.000000
1648652739.757226741,0,0.000000
1648652739.780114476,0,0.000000
1648652739.803335717,0,0.000000
1648652739.824498108,0,0.000000
1648652739.846385370,0,0.000000
1648652739.870081205,0,0.000000
1648652739.892907298,0,0.001000
1648652739.918045286,0,0.000000
1648652739.940360661,0,0.000000
1648652739.962424990,0,0.000000
1648652739.985385039,0,0.000000
1648652740.008478430,0,0.000000
1648652740.029502717,0,0.000000
1648652740.052925887,0,0.000000
1648652740.076717872,0,0.000000
1648652740.099763124,0,0.000000
1648652740.120678717,0,0.000000
1648652740.143587021,0,0.006000
1648652740.166631068,0,0.000000
1648652740.188681267,0,0.000000
1648652740.213182575,0,0.001000
1648652740.234987750,0,0.000000
1648652740.258505451,0,0.000000
1648652740.279424721,0,0.000000
1648652740.302823633,0,0.000000
1648652740.325185147,0,0.000000
1648652740.348333759,0,0.000000
1648652740.370871873,1,0.003000
1648652740.393578227,0,0.014000
1648652740.417363818,0,0.000000
1648652740.441017040,0,0.003000
1648652740.465853726,0,0.000000
1648652740.489456369,0,0.001000
1648652740.513033025,0,0.000000
1648652740.535120257,0,0.008000
1648652740.558625440,0,0.000000
1648652740.583038855,0,0.000000
1648652740.607229421,0,0.000000
1648652740.630226784,0,0.000000
1648652740.651711325,0,0.000000
1648652740.673580707,0,0.000000
1648652740.696436596,0,0.000000
1648652740.717226019,0,0.009000
1648652740.740534095,0,0.000000
1648652740.762937356,0,0.000000
1648652740.785742694,0,0.000000
1648652740.809152726,0,0.000000
1648652740.831160956,0,0.000000
1648652740.855553846,0,0.000000
1648652740.878723380,0,0.000000
1648652740.899901226,0,0.000000
1648652740.921890921,0,0.000000
1648652740.944621285,0,0.000000
1648652740.966233384,0,0.000000
1648652740.987296596,0,0.000000
1648652741.011087186,0,0.000000
1648652741.033778548,0,0.000000
1648652741.056203439,1,0.000000
1648652741.077003458,0,0.000000
1648652741.098861898,0,0.000000
1648652741.119816625,0,0.000000
1648652741.143227741,0,0.000000
1648652741.166669150,0,0.000000
1648652741.188736444,0,0.000000
1648652741.210814427,0,0.000000
1648652741.233475743,0,0.000000
1648652741.257059784,0,0.000000
1648652741.279876579,0,0.001000
1648652741.300830644,0,0.000000
1648652741.323647735,0,0.000000
1648652741.346915321,0,0.000000
1648652741.370328636,0,0.000000
1648652741.393080691,0,0.000000
1648652741.416386936,0,0.000000
1648652741.440599502,0,0.000000
1648652741.462909721,0,0.000000
1648652741.487095603,0,0.000000
1648652741.509832725,0,0.000000
1648652741.534020939,0,0.000000
1648652741.556336785,0,0.000000
1648652741.579459768,0,0.000000
1648652741.601864384,0,0.000000
1648652741.624390366,0,0.000000
1648652741.648098363,0,0.000000
1648652741.670230455,0,0.000000
1648652741.691857715,0,0.000000
1648652741.715164033,0,0.000000
1648652741.737149358,0,0.000000
1648652741.760084785,0,0.000000
1648652741.783134666,0,0.000000
1648652741.805661008,0,0.000000
1648652741.829413046,0,0.000000
1648652741.852032751,0,0.000000
1648652741.875413477,0,0.016000
1648652741.899065489,0,0.000000
1648652741.918865171,0,0.000000
1648652741.942366989,0,0.000000
1648652741.965027516,0,0.000000
1648652741.988468746,0,0.000000
1648652742.012254473,0,0.000000
1648652742.034482534,0,0.000000
1648652742.056666913,0,0.000000
1648652742.080351175,0,0.000000
1648652742.102586376,0,0.000000
1648652742.124886013,0,0.000000
1648652742.146278375,0,0.000000
1648652742.169534782,0,0.000000
1648652742.190360003,0,0.000000
1648652742.213995927,0,0.000000
1648652742.236295275,0,0.000000
1648652742.259355808,0,0.001000
1648652742.282365926,0,0.000000
1648652742.304815123,0,0.003000
1648652742.328184215,1,0.000000
1648652742.352447595,0,0.003000
1648652742.376766501,0,0.000000
1648652742.399662533,0,0.000000
1648652742.422824096,0,0.000000
1648652742.445100589,0,0.000000
1648652742.468977270,0,0.000000
1648652742.491453724,0,0.000000
1648652742.514423984,0,0.000000
1648652742.537888967,0,0.000000
1648652742.561022829,0,0.000000
1648652742.584221767,0,0.000000
1648652742.608238420,0,0.000000
1648652742.631356515,0,0.000000
1648652742.652782099,0,0.000000
1648652742.676218128,0,0.000000
1648652742.697884025,0,0.000000
1648652742.719498072,0,0.000000
1648652742.742557343,0,0.000000
1648652742.766805915,0,0.000000
1648652742.789687718,0,0.000000
1648652742.812476434,0,0.001000
1648652742.835950880,0,0.000000
1648652742.859769830,0,0.000000
1648652742.882338782,0,0.000000
1648652742.905587572,0,0.001000
1648652742.927978145,0,0.000000
1648652742.950072098,0,0.000000
1648652742.973770577,0,0.000000
1648652742.996785938,0,0.000000
1648652743.020361306,0,0.000000
1648652743.044381627,0,0.000000
1648652743.064965667,0,0.000000
1648652743.086408818,0,0.000000
1648652743.108982446,0,0.000000
1648652743.130528875,0,0.000000
1648652743.153008902,0,0.000000
1648652743.175304319,0,0.002000
1648652743.199487391,0,0.000000
1648652743.222196200,0,0.000000
1648652743.245904340,0,0.000000
1648652743.267421075,0,0.000000
1648652743.290850496,0,0.000000
1648652743.312775422,0,0.000000
1648652743.335509173,0,0.000000
1648652743.358798149,0,0.008000
1648652743.381009253,0,0.000000
1648652743.403033288,0,0.000000
1648652743.425961778,0,0.000000
1648652743.448829288,0,0.000000
1648652743.471888717,0,0.000000
1648652743.492091298,0,0.000000
1648652743.515984745,0,0.000000
1648652743.539965020,0,0.000000
1648652743.561113510,0,0.000000
1648652743.583582707,0,0.000000
1648652743.606909364,0,0.000000
1648652743.628699549,0,0.001000
1648652743.650837915,0,0.000000
1648652743.673539084,0,0.000000
1648652743.695430745,0,0.000000
1648652743.718332240,0,0.000000
1648652743.742254482,0,0.003000
1648652743.765357500,0,0.008000
1648652743.788467609,0,0.000000
1648652743.810770962,0,0.000000
1648652743.834404991,0,0.001000
1648652743.856890973,0,0.000000
1648652743.879420714,0,0.001000
1648652743.902301361,0,0.000000
1648652743.926396189,0,0.000000
1648652743.949011973,0,0.000000
1648652743.972054899,0,0.000000
1648652743.995301072,0,0.000000
1648652744.016739456,0,0.000000
1648652744.039271331,0,0.000000
1648652744.062586929,0,0.000000
1648652744.086344757,0,0.000000
1648652744.109789609,0,0.000000
1648652744.131502490,0,0.000000
1648652744.155464874,1,0.013000
1648652744.178135568,0,0.001000
1648652744.201281837,0,0.005000
1648652744.224062254,0,0.000000
1648652744.248014329,0,0.000000
1648652744.271735908,0,0.000000
1648652744.292482030,0,0.000000
1648652744.317117627,0,0.000000
1648652744.338089372,0,0.000000
1648652744.360095959,0,0.000000
1648652744.380785964,0,0.000000
1648652744.403346908,0,0.003000
1648652744.427015655,0,0.000000
1648652744.449966049,0,0.000000
1648652744.471893809,0,0.000000
1648652744.493593613,0,0.000000
1648652744.516838944,0,0.000000
1648652744.539232120,0,0.000000
1648652744.562465423,0,0.000000
1648652744.584384918,0,0.000000
1648652744.606879356,0,0.000000
1648652744.630152544,0,0.000000
1648652744.654902585,0,0.000000
1648652744.679225977,0,0.000000
1648652744.701421188,0,0.000000
1648652744.723646442,0,0.000000
1648652744.745584989,0,0.000000
1648652744.767364277,0,0.000000
1648652744.789929651,0,0.000000
1648652744.813169093,0,0.000000
1648652744.834892090,0,0.005000
1648652744.855898020,0,0.000000
1648652744.878402080,0,0.000000
1648652744.901070018,0,0.000000
1648652744.923324972,0,0.000000
1648652744.946000530,0,0.003000
1648652744.968814662,0,0.009000
1648652744.989996091,0,0.000000
1648652745.012382840,0,0.001000
1648652745.035050377,0,0.001000
1648652745.056656841,0,0.001000
1648652745.079299235,0,0.000000
1648652745.102905142,0,0.000000
1648652745.123752578,0,0.001000
1648652745.147726251,0,0.000000
1648652745.170250432,0,0.000000
1648652745.192658764,0,0.000000
1648652745.215559246,0,0.000000
1648652745.239357050,0,0.000000
1648652745.262061892,0,0.000000
1648652745.285006192,0,0.000000
1648652745.307969898,0,0.000000
1648652745.330553480,0,0.000000
1648652745.353358618,0,0.000000
1648652745.376657440,0,0.000000
1648652745.398669868,0,0.000000
1648652745.421437786,0,0.000000
1648652745.444972855,0,0.000000
1648652745.469074870,0,0.000000
1648652745.490567048,0,0.000000
1648652745.513628081,0,0.000000
1648652745.536546850,0,0.000000
1648652745.559480893,0,0.000000
1648652745.583370142,0,0.000000
1648652745.605253516,0,0.002000
1648652745.627771761,0,0.000000
1648652745.651887384,0,0.000000
1648652745.673444603,0,0.000000
1648652745.695935915,0,0.000000
1648652745.719244690,0,0.000000
1648652745.741970312,0,0.000000
1648652745.763145053,0,0.000000
1648652745.785814074,0,0.001000
1648652745.808693519,0,0.000000
1648652745.832743795,0,0.000000
1648652745.855811253,0,0.000000
1648652745.878159357,0,0.001000
1648652745.901147158,0,0.000000
1648652745.924166283,0,0.000000
1648652745.948341178,0,0.000000
1648652745.970859826,0,0.013000
1648652745.992688849,0,0.000000
1648652746.015949938,0,0.000000
1648652746.039586145,0,0.000000
1648652746.061588989,0,0.000000
1648652746.084793393,0,0.000000
1648652746.106109622,0,0.000000
1648652746.129687322,0,0.005000
1648652746.153010066,0,0.000000
1648652746.175001616,0,0.000000
1648652746.198674278,0,0.000000
1648652746.221444260,0,0.000000
1648652746.243364441,0,0.000000
1648652746.267503201,0,0.000000
1648652746.291284654,0,0.000000
1648652746.314252577,0,0.000000
1648652746.336374010,0,0.000000
1648652746.360101326,0,0.001000
1648652746.383215845,0,0.000000
1648652746.406824827,0,0.000000
1648652746.429499234,0,0.000000
1648652746.452734568,0,0.000000
1648652746.474504473,0,0.000000
1648652746.496146037,0,0.000000
1648652746.519927954,0,0.000000
1648652746.541736807,0,0.000000
1648652746.565272336,0,0.000000
1648652746.587959748,0,0.000000
1648652746.610458736,0,0.000000
1648652746.632669097,0,0.000000
1648652746.655576393,0,0.000000
1648652746.679379287,0,0.000000
1648652746.700228732,1,0.001000
1648652746.723138619,0,0.000000
1648652746.745031306,0,0.000000
1648652746.766139750,0,0.000000
1648652746.789859002,0,0.000000
1648652746.812291423,0,0.000000
1648652746.834004070,0,0.000000
1648652746.857397444,0,0.000000
1648652746.878989140,0,0.000000
1648652746.902820487,0,0.000000
1648652746.925923086,0,0.000000
1648652746.948944612,0,0.000000
1648652746.973587703,0,0.000000
1648652746.997163552,0,0.000000
1648652747.019060420,0,0.008000
1648652747.043312070,0,0.000000
1648652747.066468095,0,0.000000
1648652747.088405241,0,0.000000
1648652747.112128032,0,0.000000
1648652747.135596045,0,0.000000
1648652747.156938436,0,0.000000
1648652747.180944291,0,0.000000
1648652747.202864035,0,0.000000
1648652747.225704917,0,0.000000
1648652747.245949929,0,0.000000
1648652747.269132318,0,0.000000
1648652747.292641078,0,0.000000
1648652747.316057747,0,0.000000
1648652747.338291579,0,0.000000
1648652747.360608348,0,0.001000
1648652747.384426427,0,0.000000
1648652747.408161054,0,0.000000
1648652747.431532264,0,0.000000
1648652747.454372313,0,0.000000
1648652747.475146206,1,0.000000
1648652747.497490713,0,0.000000
1648652747.521846590,0,0.000000
1648652747.544490609,0,0.000000
1648652747.568262614,0,0.000000
1648652747.590503546,0,0.000000
1648652747.613433543,0,0.000000
1648652747.636850112,0,0.000000
1648652747.660305416,0,0.000000
1648652747.683125249,0,0.000000
1648652747.703800343,0,0.000000
1648652747.726110649,0,0.000000
1648652747.751199480,0,0.000000
1648652747.773404490,0,0.000000
1648652747.795800852,0,0.001000
1648652747.816844923,0,0.000000
1648652747.839116704,0,0.003000
1648652747.863214810,0,0.000000
1648652747.884288854,0,0.000000
1648652747.906733290,0,0.000000
1648652747.930459622,0,0.000000
1648652747.952922189,0,0.000000
1648652747.975431078,0,0.000000
1648652747.998834365,0,0.000000
1648652748.021216418,0,0.000000
1648652748.043539105,0,0.000000
1648652748.066142075,0,0.000000
1648652748.090733793,0,0.000000
1648652748.114347910,0,0.000000
1648652748.135500653,0,0.000000
1648652748.158990536,0,0.000000
1648652748.182455109,0,0.000000
1648652748.206399990,0,0.000000
1648652748.229467022,0,0.000000
1648652748.251971023,0,0.000000
1648652748.273965929,1,0.001000
1648652748.294574108,0,0.000000
1648652748.316786906,0,0.000000
1648652748.338033433,0,0.000000
1648652748.360371218,0,0.001000
1648652748.382771372,0,0.000000
1648652748.406081714,0,0.000000
1648652748.429809558,0,0.001000
1648652748.452979204,0,0.000000
1648652748.476429296,0,0.000000
1648652748.500669878,0,0.007000
1648652748.523755914,0,0.000000
1648652748.547263170,0,0.000000
1648652748.569597981,0,0.000000
1648652748.591869212,0,0.000000
1648652748.615920007,0,0.000000
1648652748.638433933,0,0.000000
1648652748.661270731,0,0.000000
1648652748.683812722,0,0.000000
1648652748.706917243,0,0.000000
1648652748.729493757,0,0.000000
1648652748.750554142,0,0.001000
1648652748.773576410,0,0.000000
1648652748.795766708,0,0.000000
1648652748.819105852,0,0.000000
1648652748.842810796,0,0.000000
1648652748.865305116,0,0.000000
1648652748.887925445,0,0.000000
1648652748.913074185,0,0.000000
1648652748.937003496,0,0.001000
1648652748.958345399,0,0.008000
1648652748.981048788,0,0.000000
1648652749.004482420,0,0.000000
1648652749.028403154,0,0.000000
1648652749.051581753,0,0.000000
1648652749.075299790,0,0.000000
1648652749.098294068,1,0.000000
1648652749.120425079,0,0.000000
1648652749.143992021,0,0.000000
1648652749.167002778,0,0.000000
1648652749.187523595,0,0.000000
1648652749.211275595,0,0.000000
1648652749.235227650,0,0.000000
1648652749.257888543,0,0.000000
1648652749.280996808,0,0.000000
1648652749.303551765,0,0.000000
1648652749.325772963,0,0.000000
1648652749.349223161,0,0.000000
1648652749.373221871,0,0.000000
1648652749.396698447,0,0.000000
1648652749.420994160,0,0.000000
1648652749.444470065,0,0.000000
1648652749.467004057,0,0.000000
1648652749.490119514,0,0.000000
1648652749.512977433,0,0.000000
1648652749.534586339,0,0.001000
1648652749.557997409,0,0.004000
1648652749.581949504,0,0.000000
1648652749.604392032,0,0.000000
1648652749.626524306,0,0.000000
1648652749.647340022,0,0.000000
1648652749.669899847,0,0.000000
1648652749.692959032,0,0.000000
1648652749.715441870,0,0.000000
1648652749.737997786,1,0.000000
1648652749.759285751,0,0.000000
1648652749.781996766,0,0.001000
1648652749.805351015,0,0.000000
1648652749.828116490,0,0.000000
1648652749.850535239,0,0.000000
1648652749.872156647,0,0.000000
1648652749.896247902,0,0.000000
1648652749.920302129,0,0.000000
1648652749.943848213,0,0.000000
1648652749.967223351,0,0.000000
1648652749.990439551,0,0.000000
1648652750.011106044,0,0.002000
1648652750.033336126,0,0.000000
1648652750.056461899,0,0.000000
1648652750.079881145,0,0.005000
1648652750.104208489,0,0.000000
1648652750.128083100,0,0.000000
1648652750.150123158,0,0.000000
1648652750.172525320,0,0.000000
1648652750.194795216,0,0.000000
1648652750.217461264,0,0.001000
1648652750.240856368,0,0.000000
1648652750.262953381,0,0.000000
1648652750.285211317,0,0.001000
1648652750.308496106,0,0.000000
1648652750.330279920,0,0.000000
1648652750.354442224,0,0.000000
1648652750.376919936,0,0.000000
1648652750.399140034,0,0.000000
1648652750.422419576,0,0.000000
1648652750.443176360,0,0.000000
1648652750.466506334,0,0.014000
1648652750.490541456,0,0.000000
1648652750.512430691,0,0.000000
1648652750.535385467,0,0.000000
1648652750.558237773,0,0.001000
1648652750.582501693,0,0.001000
1648652750.605968380,0,0.000000
1648652750.630385993,0,0.000000
1648652750.653568939,0,0.000000
1648652750.678112979,0,0.000000
1648652750.699911475,1,0.000000
1648652750.723536847,0,0.000000
1648652750.746077915,0,0.000000
1648652750.769920582,0,0.000000
1648652750.793256549,0,0.000000
1648652750.816435684,0,0.000000
1648652750.837656965,1,0.000000
1648652750.859761710,0,0.000000
1648652750.881908409,0,0.000000
1648652750.903620952,0,0.000000
1648652750.926430856,0,0.006000
1648652750.950463649,0,0.000000
1648652750.972693661,0,0.000000
1648652750.995742934,0,0.000000
1648652751.018170135,0,0.000000
1648652751.039921915,0,0.000000
1648652751.062686214,0,0.000000
1648652751.086962064,0,0.000000
1648652751.109157983,0,0.000000
1648652751.132366318,0,0.000000
1648652751.155474782,0,0.000000
1648652751.177773559,0,0.000000
1648652751.199197678,0,0.000000
1648652751.220884689,0,0.000000
1648652751.243772914,0,0.000000
1648652751.265948136,0,0.000000
1648652751.289097730,0,0.001000
1648652751.311863308,0,0.000000
1648652751.334956209,0,0.000000
1648652751.357246261,0,0.000000
1648652751.379749896,0,0.000000
1648652751.402975725,1,0.011000
1648652751.423626381,0,0.001000
1648652751.446323601,0,0.000000
1648652751.468630972,0,0.000000
1648652751.493121687,0,0.000000
1648652751.515904711,0,0.000000
1648652751.538825657,0,0.000000
1648652751.562173060,0,0.000000
1648652751.583924095,0,0.000000
1648652751.606110410,0,0.000000
1648652751.628499731,0,0.000000
1648652751.650252349,1,0.000000
1648652751.674453579,0,0.001000
1648652751.696330969,0,0.000000
1648652751.717996472,0,0.000000
1648652751.741171916,0,0.000000
1648652751.762281941,0,0.000000
1648652751.782497876,0,0.000000
1648652751.804607119,0,0.000000
1648652751.828262063,0,0.000000
1648652751.850228816,0,0.000000
1648652751.873785270,0,0.000000
1648652751.897067715,0,0.000000
1648652751.920203867,0,0.000000
1648652751.943477607,0,0.000000
1648652751.967385223,0,0.000000
1648652751.989409705,0,0.000000
1648652752.010942366,0,0.000000
1648652752.033890541,0,0.001000
1648652752.056946365,0,0.000000
1648652752.077973615,1,0.000000
1648652752.100229782,0,0.000000
1648652752.122177106,0,0.000000
1648652752.144930571,0,0.000000
1648652752.166645945,0,0.000000
1648652752.191123704,0,0.000000
1648652752.213205837,0,0.000000
1648652752.237892838,0,0.000000
1648652752.260375019,0,0.000000
1648652752.282890234,0,0.000000
1648652752.305981480,0,0.000000
1648652752.329565121,0,0.003000
1648652752.352530990,0,0.000000
1648652752.376560519,0,0.000000
1648652752.400033746,0,0.000000
1648652752.420926480,0,0.000000
1648652752.443672693,0,0.000000
1648652752.467332810,0,0.000000
1648652752.489437703,0,0.000000
1648652752.511678331,0,0.001000
1648652752.536193824,1,0.014000
1648652752.561067353,0,0.000000
1648652752.583779860,0,0.000000
1648652752.605808332,0,0.000000
1648652752.629199194,0,0.000000
1648652752.651779851,0,0.000000
1648652752.674227895,0,0.000000
1648652752.696765309,0,0.000000
1648652752.718905003,0,0.000000
1648652752.743343379,0,0.000000
1648652752.765101678,0,0.000000
1648652752.788389416,0,0.000000
1648652752.812879554,0,0.000000
1648652752.836737509,0,0.000000
1648652752.858320351,0,0.000000
1648652752.881248292,0,0.000000
1648652752.903845454,0,0.000000
1648652752.927967562,0,0.000000
1648652752.949957026,0,0.000000
1648652752.972625476,0,0.000000
1648652752.995482399,0,0.000000
1648652753.018494099,0,0.001000
1648652753.043442415,0,0.000000
1648652753.066981434,0,0.000000
1648652753.090772401,0,0.000000
1648652753.113039967,0,0.003000
1648652753.137319782,0,0.000000
1648652753.160068013,0,0.000000
1648652753.181313518,0,0.000000
1648652753.205605103,0,0.000000
1648652753.228362162,0,0.000000
1648652753.250318768,0,0.000000
1648652753.273604764,0,0.000000
1648652753.296837773,0,0.000000
1648652753.319179465,0,0.000000
1648652753.342449533,0,0.001000
1648652753.366510749,0,0.015000
1648652753.388156986,0,0.008000
1648652753.410943651,0,0.000000
1648652753.433688223,0,0.000000
1648652753.455280590,0,0.000000
1648652753.478158957,0,0.000000
1648652753.500428821,0,0.000000
1648652753.525759585,0,0.000000
1648652753.547261100,0,0.000000
1648652753.571122166,0,0.000000
1648652753.593992735,0,0.009000
1648652753.617042902,0,0.000000
1648652753.638748954,0,0.000000
1648652753.661835260,0,0.000000
1648652753.686464707,0,0.000000
1648652753.708198262,0,0.000000
1648652753.731509185,0,0.000000
1648652753.755411465,0,0.000000
1648652753.777851689,0,0.001000
1648652753.799994911,0,0.000000
1648652753.823243824,0,0.000000
1648652753.846845186,0,0.000000
1648652753.870407482,0,0.000000
1648652753.893858001,0,0.000000
1648652753.915578077,0,0.000000
1648652753.937668483,0,0.000000
1648652753.961855855,0,0.003000
1648652753.985810641,0,0.000000
1648652754.009296989,0,0.000000
1648652754.033016879,0,0.000000
1648652754.055840793,0,0.000000
1648652754.079602879,0,0.000000
1648652754.101161974,0,0.000000
1648652754.123548589,0,0.000000
1648652754.146118712,0,0.004000
1648652754.167448352,0,0.000000
1648652754.190469216,0,0.000000
1648652754.214844831,0,0.000000
1648652754.237280156,0,0.000000
1648652754.262444066,0,0.000000
1648652754.285460955,0,0.000000
1648652754.307482327,0,0.000000
1648652754.330530939,0,0.000000
1648652754.351618410,0,0.000000
1648652754.373153055,0,0.000000
1648652754.396356776,0,0.000000
1648652754.420057981,0,0.000000
1648652754.442090720,0,0.000000
1648652754.465203464,0,0.000000
1648652754.488529180,0,0.000000
1648652754.511446259,0,0.003000
1648652754.535321651,1,0.001000
1648652754.557957037,0,0.000000
1648652754.579388270,0,0.000000
1648652754.602678351,0,0.000000
1648652754.626388231,0,0.000000
1648652754.648278778,0,0.000000
1648652754.671377796,0,0.000000
1648652754.692651288,0,0.000000
1648652754.715046510,0,0.015000
1648652754.736481609,0,0.000000
1648652754.758405921,2,0.002000
1648652754.779299916,0,0.000000
1648652754.802498907,0,0.000000
1648652754.824111394,1,0.000000
1648652754.847192519,0,0.000000
1648652754.869748880,0,0.000000
1648652754.891153733,0,0.003000
1648652754.912925341,0,0.000000
1648652754.936114246,0,0.000000
1648652754.959506057,0,0.000000
1648652754.980889980,0,0.000000
1648652755.004269569,0,0.000000
1648652755.026612327,0,0.000000
1648652755.050460407,0,0.000000
1648652755.073555854,0,0.000000
1648652755.095445058,0,0.000000
1648652755.117759893,0,0.000000
1648652755.141066994,0,0.000000
1648652755.164012393,0,0.000000
1648652755.185762948,0,0.000000
1648652755.209466509,0,0.000000
1648652755.233345244,0,0.000000
1648652755.253857246,0,0.000000
1648652755.277506831,1,0.000000
1648652755.299636580,0,0.000000
1648652755.323027543,0,0.000000
1648652755.344879946,0,0.010000
1648652755.365685995,0,0.000000
1648652755.388232438,0,0.000000
1648652755.412395600,0,0.000000
1648652755.435010972,0,0.000000
1648652755.458369580,0,0.000000
1648652755.480531553,0,0.001000
1648652755.504735712,0,0.000000
1648652755.528489788,0,0.000000
1648652755.551487666,0,0.000000
1648652755.574020906,0,0.000000
1648652755.597276247,0,0.012000
1648652755.621591398,0,0.004000
1648652755.643560537,0,0.000000
1648652755.665593057,0,0.000000
1648652755.689093826,0,0.000000
1648652755.712612528,0,0.000000
1648652755.736289375,0,0.000000
1648652755.758566526,0,0.000000
1648652755.780461960,0,0.001000
1648652755.802219991,1,0.000000
1648652755.826422488,0,0.000000
1648652755.848912095,0,0.000000
1648652755.871602522,0,0.003000
1648652755.894973856,0,0.000000
1648652755.918897967,0,0.000000
1648652755.941822645,0,0.000000
1648652755.965271701,0,0.000000
1648652755.987494816,0,0.000000
1648652756.011823431,0,0.000000
1648652756.035051070,0,0.000000
1648652756.057885676,1,0.000000
1648652756.080066811,0,0.000000
1648652756.103844151,0,0.000000
1648652756.126134784,0,0.000000
1648652756.148247968,0,0.000000
1648652756.170575964,0,0.000000
1648652756.193333610,0,0.000000
1648652756.217259573,0,0.000000
1648652756.239652303,0,0.000000
1648652756.263857025,1,0.000000
1648652756.286382925,0,0.000000
1648652756.308309184,0,0.000000
1648652756.332890981,0,0.000000
1648652756.356465892,1,0.000000
1648652756.379037593,0,0.000000
1648652756.400368375,0,0.000000
1648652756.422422501,0,0.000000
1648652756.444481811,0,0.000000
1648652756.468918736,0,0.000000
1648652756.492381815,0,0.000000
1648652756.515744139,0,0.000000
1648652756.538427120,0,0.000000
1648652756.560334519,0,0.000000
1648652756.583320532,1,0.001000
1648652756.606230292,0,0.000000
1648652756.628926920,0,0.000000
1648652756.650351775,0,0.000000
1648652756.670834600,0,0.000000
1648652756.693395390,0,0.000000
1648652756.715759736,0,0.000000
1648652756.738922638,0,0.000000
1648652756.761451760,0,0.000000
1648652756.784582806,0,0.000000
1648652756.804925680,0,0.000000
1648652756.827874379,0,0.000000
1648652756.850699223,0,0.000000
1648652756.874334211,0,0.000000
1648652756.897436246,0,0.000000
1648652756.920106956,0,0.000000
1648652756.942266757,0,0.000000
1648652756.965385044,0,0.000000
1648652756.988426766,0,0.000000
1648652757.012003772,0,0.000000
1648652757.035702214,0,0.000000
1648652757.059241076,0,0.000000
1648652757.084015893,0,0.000000
1648652757.106468989,0,0.000000
1648652757.129163548,0,0.000000
1648652757.151440468,0,0.000000
1648652757.174356192,0,0.000000
1648652757.196504973,0,0.000000
1648652757.219311289,0,0.000000
1648652757.242429579,0,0.000000
1648652757.262905832,0,0.000000
1648652757.285193220,0,0.000000
1648652757.307707716,1,0.000000
1648652757.330778308,0,0.000000
1648652757.354107151,0,0.000000
1648652757.377360626,0,0.000000
1648652757.399913033,0,0.000000
1648652757.421311085,0,0.000000
1648652757.443735433,0,0.000000
1648652757.466955864,0,0.000000
1648652757.490099378,0,0.000000
1648652757.511458997,0,0.000000
1648652757.534778926,0,0.000000
1648652757.556778514,1,0.000000
1648652757.579643847,0,0.000000
1648652757.603730997,0,0.000000
1648652757.625323027,0,0.000000
1648652757.648182792,0,0.000000
1648652757.671969883,0,0.000000
1648652757.695005513,0,0.000000
1648652757.718079399,0,0.000000
1648652757.741481249,0,0.000000
1648652757.764208894,0,0.000000
1648652757.785910994,0,0.000000
1648652757.809036808,0,0.000000
1648652757.831900074,0,0.000000
1648652757.854714966,0,0.000000
1648652757.877883772,0,0.000000
1648652757.902417981,0,0.000000
1648652757.925355097,0,0.000000
1648652757.948292986,0,0.000000
1648652757.968810054,0,0.000000
1648652757.991023807,0,0.000000
1648652758.015016324,0,0.000000
1648652758.037436497,0,0.000000
1648652758.060758009,0,0.000000
1648652758.082393182,0,0.000000
1648652758.105201654,0,0.000000
1648652758.128189348,0,0.000000
1648652758.152368176,0,0.000000
1648652758.174837888,0,0.000000
1648652758.198442857,0,0.000000
1648652758.220768657,0,0.005000
1648652758.242206815,1,0.013000
1648652758.264773791,0,0.000000
1648652758.287470436,0,0.000000
1648652758.309403822,0,0.000000
1648652758.331553337,0,0.002000
1648652758.354199826,0,0.000000
1648652758.378487073,0,0.000000
1648652758.400743699,0,0.000000
1648652758.421975151,0,0.000000
1648652758.443029189,0,0.000000
1648652758.467270128,0,0.000000
1648652758.490258351,0,0.000000
1648652758.513102340,0,0.000000
1648652758.535337211,1,0.003000
1648652758.556823402,0,0.000000
1648652758.580569813,0,0.000000
1648652758.602499160,0,0.000000
1648652758.623059915,0,0.000000
1648652758.645887813,0,0.000000
1648652758.667880317,0,0.000000
1648652758.691344679,0,0.000000
1648652758.712371027,0,0.000000
1648652758.735450964,0,0.000000
1648652758.759756232,0,0.000000
1648652758.783110802,0,0.000000
1648652758.806914233,0,0.000000
1648652758.830094363,0,0.000000
1648652758.852837073,0,0.000000
1648652758.878031879,0,0.000000
1648652758.899782230,0,0.011000
1648652758.922609838,0,0.000000
1648652758.943336709,0,0.000000
1648652758.966989051,0,0.000000
1648652758.988599073,0,0.000000
1648652759.011821184,0,0.000000
1648652759.035969192,0,0.000000
1648652759.055372534,0,0.000000
1648652759.077998893,0,0.000000
1648652759.099645961,0,0.000000
1648652759.122724555,0,0.000000
1648652759.145797489,0,0.000000
1648652759.168045823,0,0.000000
1648652759.191488355,0,0.000000
1648652759.213760070,0,0.000000
1648652759.237589355,0,0.000000
1648652759.261200428,0,0.000000
1648652759.285982577,0,0.000000
1648652759.309335274,0,0.000000
1648652759.331942912,0,0.000000
1648652759.354246623,0,0.000000
1648652759.377553549,0,0.000000
1648652759.401782003,0,0.000000
1648652759.424368722,1,0.001000
1648652759.447100714,0,0.000000
1648652759.469500982,0,0.000000
1648652759.491403755,0,0.000000
1648652759.514139282,0,0.000000
1648652759.538054127,0,0.000000
1648652759.559940621,0,0.002000
1648652759.583333349,0,0.000000
1648652759.604599935,0,0.000000
1648652759.628389854,0,0.000000
1648652759.649734649,0,0.000000
1648652759.672796613,0,0.000000
1648652759.696206704,0,0.000000
1648652759.718852767,0,0.001000
1648652759.740768646,0,0.000000
1648652759.761988621,0,0.011000
1648652759.782924424,0,0.000000
1648652759.804815613,0,0.001000
1648652759.828653782,0,0.000000
1648652759.851437952,0,0.000000
1648652759.875217462,0,0.001000
1648652759.898342306,0,0.000000
1648652759.919529043,0,0.000000
1648652759.942384086,0,0.000000
1648652759.965426465,0,0.000000
1648652759.987720439,0,0.000000
1648652760.009180451,0,0.000000
1648652760.031502191,0,0.000000
1648652760.053806611,0,0.000000
1648652760.076430362,0,0.000000
1648652760.100483142,0,0.000000
1648652760.123322593,0,0.000000
1648652760.146698765,0,0.002000
1648652760.169376417,0,0.000000
1648652760.192055431,0,0.000000
1648652760.214403825,0,0.000000
1648652760.236027746,0,0.008000
1648652760.259195214,0,0.000000
1648652760.283133006,0,0.000000
1648652760.304398471,0,0.000000
1648652760.326410592,0,0.000000
1648652760.350335461,0,0.002000
1648652760.371291372,0,0.004000
1648652760.393753635,0,0.000000
1648652760.416935951,0,0.001000
1648652760.440466266,0,0.000000
1648652760.461524075,0,0.000000
1648652760.485843890,0,0.000000
1648652760.509167127,0,0.000000
1648652760.532029571,0,0.000000
1648652760.555976447,0,0.000000
1648652760.579068748,0,0.000000
1648652760.600627167,0,0.000000
1648652760.623510331,0,0.000000
1648652760.644923288,0,0.000000
1648652760.667508245,0,0.000000
1648652760.690333704,1,0.000000
1648652760.713507953,0,0.000000
1648652760.736500770,0,0.000000
1648652760.758261584,0,0.000000
1648652760.781394111,0,0.000000
1648652760.804496714,0,0.000000
1648652760.829562091,0,0.007000
1648652760.852496442,0,0.007000
1648652760.874177313,0,0.000000
1648652760.898968825,0,0.000000
1648652760.922430069,0,0.000000
1648652760.945584023,0,0.000000
1648652760.969493151,0,0.000000
1648652760.991891106,0,0.000000
1648652761.016368422,0,0.000000
1648652761.039833670,0,0.000000
1648652761.062139577,0,0.000000
1648652761.084614648,0,0.000000
1648652761.108064979,0,0.000000
1648652761.131413134,0,0.000000
1648652761.152958481,0,0.001000
1648652761.175281342,0,0.000000
1648652761.199709024,0,0.000000
1648652761.223123563,0,0.000000
1648652761.246153717,0,0.000000
1648652761.268389760,0,0.000000
1648652761.293249279,0,0.000000
1648652761.315221397,0,0.000000
1648652761.337563945,0,0.000000
1648652761.360859181,0,0.000000
1648652761.382741204,0,0.000000
1648652761.404505649,0,0.000000
1648652761.427410123,0,0.001000
1648652761.450398795,0,0.000000
1648652761.473492487,0,0.000000
1648652761.497159475,0,0.000000
1648652761.519894615,0,0.000000
1648652761.543263842,0,0.000000
1648652761.567331863,0,0.000000
1648652761.589932014,0,0.000000
1648652761.611281444,0,0.000000
1648652761.634276385,0,0.000000
1648652761.657271603,0,0.000000
1648652761.679163251,0,0.000000
1648652761.702100163,0,0.000000
1648652761.726197588,0,0.000000
1648652761.747624248,0,0.000000
1648652761.772172373,0,0.000000
1648652761.795389989,0,0.001000
1648652761.818825334,0,0.000000
1648652761.842395002,0,0.000000
1648652761.865324102,0,0.000000
1648652761.889436611,0,0.001000
1648652761.911784271,0,0.000000
1648652761.935164451,0,0.000000
1648652761.957194579,0,0.000000
1648652761.980356144,0,0.000000
1648652762.004147418,0,0.000000
1648652762.027600214,0,0.000000
1648652762.050176663,0,0.000000
1648652762.070771698,0,0.003000
1648652762.092315189,0,0.000000
1648652762.115447938,0,0.000000
1648652762.136387660,0,0.008000
1648652762.158602669,0,0.000000
1648652762.180945986,0,0.000000
1648652762.201951556,0,0.000000
1648652762.223165305,0,0.000000
1648652762.246390686,0,0.000000
1648652762.267625099,0,0.000000
1648652762.290213921,0,0.000000
1648652762.312859926,0,0.000000
1648652762.335447957,0,0.000000
1648652762.358966791,0,0.000000
1648652762.380743532,0,0.000000
1648652762.404132716,1,0.000000
1648652762.427445484,0,0.000000
1648652762.448150267,0,0.000000
1648652762.472415217,0,0.000000
1648652762.495503877,0,0.000000
1648652762.519249374,0,0.000000
1648652762.543206908,0,0.000000
1648652762.565051530,2,0.000000
1648652762.588439206,0,0.000000
1648652762.609491909,0,0.000000
1648652762.634266796,0,0.000000
1648652762.655418013,0,0.000000
1648652762.678166889,0,0.000000
1648652762.699888964,0,0.000000
1648652762.722087331,0,0.005000
1648652762.745247099,0,0.000000
1648652762.768448043,0,0.000000
1648652762.792657806,0,0.007000
1648652762.814145065,0,0.000000
1648652762.837352578,1,0.001000
1648652762.859068715,0,0.000000
1648652762.881691057,0,0.000000
1648652762.905273125,0,0.000000
1648652762.928426875,0,0.000000
1648652762.952892184,0,0.000000
1648652762.975449969,0,0.000000
1648652762.997460474,0,0.000000
1648652763.021473461,0,0.000000
1648652763.045029323,0,0.000000
1648652763.068084064,0,0.000000
1648652763.092141761,0,0.000000
1648652763.115263329,0,0.001000
1648652763.137821392,0,0.000000
1648652763.160954289,0,0.000000
1648652763.184154699,0,0.000000
1648652763.205351139,0,0.000000
1648652763.227580976,0,0.000000
1648652763.250352230,0,0.000000
1648652763.274192325,0,0.000000
1648652763.297863578,0,0.000000
1648652763.320154769,0,0.000000
1648652763.341874839,0,0.000000
1648652763.365385691,0,0.000000
1648652763.388078915,0,0.000000
1648652763.411851317,0,0.000000
1648652763.435310809,0,0.000000
1648652763.456802806,0,0.000000
1648652763.480072664,0,0.000000
1648652763.502394840,0,0.000000
1648652763.526030349,0,0.000000
1648652763.548833871,0,0.000000
1648652763.571941987,0,0.000000
1648652763.596844988,0,0.000000
1648652763.620766447,0,0.000000
1648652763.643483478,0,0.000000
1648652763.666019661,0,0.000000
1648652763.688502796,0,0.004000
1648652763.710704031,0,0.000000
1648652763.732621931,0,0.000000
1648652763.755222242,0,0.000000
1648652763.778158278,0,0.000000
1648652763.800964164,0,0.000000
1648652763.824156184,0,0.000000
1648652763.845382493,0,0.000000
1648652763.867165565,0,0.000000
1648652763.890119545,0,0.000000
1648652763.914345971,0,0.000000
1648652763.936546308,0,0.000000
1648652763.959969010,0,0.000000
1648652763.982226289,0,0.000000
1648652764.005903806,0,0.000000
1648652764.029475814,0,0.000000
1648652764.051871623,1,0.000000
1648652764.075616717,0,0.000000
1648652764.098887345,0,0.000000
1648652764.120923601,0,0.000000
1648652764.142426824,0,0.000000
1648652764.166116122,0,0.000000
1648652764.187658685,1,0.000000
1648652764.209354846,0,0.000000
1648652764.230322739,0,0.000000
1648652764.254015051,0,0.000000
1648652764.277488397,0,0.000000
1648652764.300408923,0,0.000000
1648652764.323356661,0,0.000000
1648652764.346723982,0,0.000000
1648652764.369183614,0,0.000000
1648652764.393022181,0,0.000000
1648652764.415785218,0,0.000000
1648652764.439387758,0,0.000000
1648652764.462440698,0,0.000000
1648652764.486322905,0,0.000000
1648652764.508881198,0,0.000000
1648652764.530970928,0,0.000000
1648652764.553365687,0,0.000000
1648652764.577360683,0,0.000000
1648652764.599466755,0,0.000000
1648652764.621367678,0,0.000000
1648652764.642997793,0,0.000000
1648652764.666060215,0,0.011000
1648652764.690537734,0,0.000000
1648652764.713860278,0,0.000000
1648652764.737402639,0,0.000000
1648652764.759845748,0,0.000000
1648652764.782101086,0,0.000000
1648652764.806338949,0,0.000000
1648652764.828769889,0,0.000000
1648652764.851636927,0,0.000000
1648652764.874282317,0,0.005000
1648652764.898125538,0,0.001000
1648652764.920399192,0,0.000000
1648652764.942922290,0,0.000000
1648652764.964066126,0,0.000000
1648652764.986175087,0,0.000000
1648652765.010954913,0,0.000000
1648652765.033575645,0,0.000000
1648652765.055560906,0,0.000000
1648652765.078225646,0,0.000000
1648652765.101032822,0,0.000000
1648652765.123643040,0,0.000000
1648652765.146432672,0,0.000000
1648652765.169548920,0,0.000000
1648652765.193300464,0,0.000000
1648652765.215385144,0,0.000000
1648652765.235935750,0,0.000000
1648652765.258923685,0,0.000000
1648652765.282835106,0,0.000000
1648652765.304940629,0,0.000000
1648652765.326780781,0,0.000000
1648652765.348081205,0,0.000000
1648652765.370876498,0,0.000000
1648652765.392948669,0,0.000000
1648652765.417341500,0,0.000000
1648652765.442037154,0,0.000000
1648652765.465372486,0,0.000000
1648652765.488442102,0,0.000000
1648652765.510229637,0,0.000000
1648652765.533386336,0,0.000000
1648652765.556078190,0,0.000000
1648652765.579028165,0,0.000000
1648652765.601007475,0,0.000000
1648652765.623246674,0,0.000000
1648652765.646702409,0,0.000000
1648652765.670347101,0,0.000000
1648652765.691080114,0,0.000000
1648652765.714034953,1,0.000000
1648652765.735991912,0,0.008000
1648652765.760115316,0,0.000000
1648652765.782746375,0,0.000000
1648652765.804358824,0,0.000000
1648652765.828609091,0,0.000000
1648652765.849215165,0,0.000000
1648652765.871907600,0,0.000000
1648652765.895557376,0,0.001000
1648652765.918393108,0,0.006000
1648652765.942263944,0,0.000000
1648652765.963768014,0,0.000000
1648652765.985960634,0,0.000000
1648652766.007435970,0,0.000000
1648652766.028949972,0,0.000000
1648652766.051261862,0,0.000000
1648652766.073945079,0,0.000000
1648652766.096390110,0,0.000000
1648652766.119605346,0,0.000000
1648652766.141318698,0,0.000000
1648652766.164815092,0,0.000000
1648652766.186148008,0,0.007000
1648652766.208291439,0,0.000000
1648652766.231755450,0,0.000000
1648652766.253910179,0,0.000000
1648652766.277210047,0,0.000000
1648652766.300134227,1,0.000000
1648652766.321740478,0,0.000000
1648652766.344071493,0,0.000000
1648652766.366287556,0,0.004000
1648652766.389171034,0,0.000000
1648652766.410692815,0,0.004000
1648652766.433104059,0,0.000000
1648652766.458261406,0,0.000000
1648652766.480175229,0,0.000000
1648652766.502407471,0,0.000000
1648652766.527194265,0,0.000000
1648652766.551184377,0,0.000000
1648652766.574850827,0,0.000000
1648652766.597158876,0,0.000000
1648652766.621367701,0,0.000000
1648652766.643658344,0,0.000000
1648652766.666231827,0,0.000000
1648652766.688662430,0,0.000000
1648652766.711456773,0,0.000000
1648652766.736024598,0,0.000000
1648652766.757494939,0,0.000000
1648652766.779535538,0,0.000000
1648652766.801376751,0,0.000000
1648652766.825421191,0,0.000000
1648652766.848497790,0,0.000000
1648652766.871888984,0,0.000000
1648652766.894909976,0,0.000000
1648652766.919268149,0,0.000000
1648652766.942949341,0,0.000000
1648652766.966233378,0,0.000000
1648652766.989775017,0,0.001000
1648652767.010665294,0,0.000000
1648652767.033580827,0,0.000000
1648652767.057435956,0,0.000000
1648652767.079737331,0,0.000000
1648652767.101470703,0,0.000000
1648652767.124447342,0,0.000000
1648652767.146455171,0,0.000000
1648652767.166263546,0,0.000000
1648652767.187759945,0,0.000000
1648652767.211613922,0,0.000000
1648652767.233869744,0,0.000000
1648652767.257032644,0,0.000000
1648652767.278299507,0,0.000000
1648652767.301764199,0,0.000000
1648652767.324452696,0,0.000000
1648652767.347834811,0,0.000000
1648652767.371416113,0,0.000000
1648652767.394120685,0,0.000000
1648652767.416086689,0,0.000000
1648652767.438082684,1,0.000000
1648652767.461323706,0,0.000000
1648652767.483049481,0,0.000000
1648652767.506764498,0,0.000000
1648652767.526033936,0,0.000000
1648652767.548223364,0,0.000000
1648652767.571165871,0,0.000000
1648652767.594149425,0,0.000000
1648652767.618375480,0,0.000000
1648652767.640427334,0,0.000000
1648652767.662003246,0,0.000000
1648652767.684614632,0,0.000000
1648652767.708477744,0,0.000000
1648652767.732004983,1,0.001000
1648652767.752794505,0,0.000000
1648652767.776125037,0,0.000000
1648652767.798423436,0,0.000000
1648652767.822206877,0,0.000000
1648652767.845622509,0,0.000000
1648652767.868371578,0,0.000000
1648652767.890845332,0,0.000000
1648652767.914286793,0,0.000000
1648652767.937344990,0,0.000000
1648652767.961201150,0,0.000000
1648652767.984575256,0,0.000000
1648652768.007150602,0,0.000000
1648652768.029481278,0,0.000000
1648652768.050030224,0,0.000000
1648652768.072148600,0,0.000000
1648652768.094105665,0,0.000000
1648652768.116590642,0,0.000000
1648652768.139190613,0,0.000000
1648652768.161755126,0,0.000000
1648652768.183354425,0,0.000000
1648652768.207275304,0,0.000000
1648652768.229638886,0,0.000000
1648652768.251759167,0,0.000000
1648652768.274187714,0,0.000000
1648652768.297425064,0,0.000000
1648652768.320490511,0,0.001000
1648652768.343962624,0,0.014000
1648652768.366850512,0,0.000000
1648652768.389272713,0,0.000000
1648652768.409670790,0,0.000000
1648652768.432450529,0,0.000000
1648652768.456134470,0,0.000000
1648652768.477905787,0,0.000000
1648652768.502206803,0,0.005000
1648652768.523202836,0,0.000000
1648652768.546498487,0,0.000000
1648652768.571423424,0,0.000000
1648652768.594480064,0,0.000000
1648652768.619000564,0,0.000000
1648652768.641752598,0,0.000000
1648652768.665549854,0,0.000000
1648652768.689972599,0,0.000000
1648652768.712690704,0,0.000000
1648652768.735428339,0,0.000000
1648652768.757219877,0,0.000000
1648652768.781990813,0,0.000000
1648652768.805074273,0,0.000000
1648652768.828634145,0,0.000000
1648652768.852025723,0,0.000000
1648652768.874674538,0,0.000000
1648652768.896110805,0,0.000000
1648652768.917429567,0,0.000000
1648652768.938587732,0,0.000000
1648652768.959569807,0,0.000000
1648652768.982357938,0,0.000000
1648652769.006599342,0,0.000000
1648652769.030667242,0,0.000000
1648652769.053972705,0,0.006000
1648652769.077128453,0,0.000000
1648652769.099616236,1,0.000000
1648652769.121649452,0,0.000000
1648652769.143093729,0,0.000000
1648652769.165708678,0,0.000000
1648652769.188322552,0,0.000000
1648652769.208289998,0,0.000000
1648652769.231466106,0,0.000000
1648652769.254756073,0,0.000000
1648652769.275958004,0,0.000000
1648652769.299841257,0,0.000000
1648652769.322064800,0,0.000000
1648652769.346732565,0,0.000000
1648652769.369318420,0,0.000000
1648652769.393252935,0,0.000000
1648652769.414851756,0,0.001000
1648652769.438113968,0,0.000000
1648652769.461305190,0,0.001000
1648652769.484828255,0,0.014000
1648652769.508026987,0,0.000000
1648652769.532234756,0,0.000000
1648652769.556278315,0,0.001000
1648652769.577145788,0,0.000000
1648652769.600383808,0,0.000000
1648652769.623335260,0,0.000000
1648652769.646229302,0,0.000000
1648652769.669936541,0,0.000000
1648652769.693256214,0,0.011000
1648652769.715827477,0,0.000000
1648652769.738730964,0,0.000000
1648652769.760839155,0,0.000000
1648652769.784242955,0,0.000000
1648652769.807626686,0,0.000000
1648652769.828868694,0,0.000000
1648652769.851637613,0,0.000000
1648652769.875114851,0,0.000000
1648652769.898231533,0,0.000000
1648652769.922317957,0,0.000000
1648652769.944379739,0,0.000000
1648652769.965762922,0,0.000000
1648652769.987981125,0,0.000000
1648652770.011137889,0,0.000000
1648652770.034097648,0,0.000000
1648652770.058296922,0,0.000000
1648652770.081906223,0,0.000000
1648652770.103873226,0,0.000000
1648652770.126456220,0,0.000000
1648652770.149610706,0,0.000000
1648652770.174325262,0,0.000000
1648652770.196144494,0,0.000000
1648652770.219446543,0,0.000000
1648652770.242851862,0,0.000000
1648652770.265723138,0,0.000000
1648652770.287880121,0,0.000000
1648652770.310654960,0,0.000000
1648652770.333489293,0,0.010000
1648652770.357139068,0,0.000000
1648652770.380201340,0,0.000000
1648652770.402294425,0,0.000000
1648652770.425060721,0,0.000000
1648652770.447307423,0,0.000000
1648652770.468585679,0,0.000000
1648652770.491986473,0,0.000000
1648652770.514984542,0,0.000000
1648652770.537831279,0,0.000000
1648652770.557935610,0,0.000000
1648652770.580186177,0,0.000000
1648652770.602538603,0,0.000000
1648652770.627350900,0,0.000000
1648652770.649538626,0,0.000000
1648652770.672741721,0,0.000000
1648652770.693857094,0,0.000000
1648652770.715349994,0,0.000000
1648652770.738285500,0,0.000000
1648652770.758815626,0,0.000000
1648652770.779569696,0,0.000000
1648652770.802739018,0,0.000000
1648652770.825867596,0,0.000000
1648652770.848260445,0,0.000000
1648652770.870833815,0,0.000000
1648652770.894265344,0,0.000000
1648652770.915995400,0,0.000000
1648652770.940905242,0,0.000000
1648652770.963624128,0,0.000000
1648652770.986278987,0,0.000000
1648652771.009952720,0,0.000000
1648652771.031022383,0,0.000000
1648652771.054993497,0,0.005000
1648652771.076872148,0,0.000000
1648652771.100535513,0,0.002000
1648652771.122934880,0,0.000000
1648652771.143615482,0,0.000000
1648652771.165794925,0,0.000000
1648652771.189291037,0,0.000000
1648652771.211962205,0,0.000000
1648652771.234739048,0,0.000000
1648652771.256570933,0,0.000000
1648652771.279228916,0,0.000000
1648652771.303135248,0,0.000000
1648652771.326802013,0,0.000000
1648652771.349386354,0,0.000000
1648652771.372208673,0,0.000000
1648652771.395333498,0,0.001000
1648652771.417987760,0,0.000000
1648652771.440228156,0,0.000000
1648652771.463187693,0,0.000000
1648652771.486971949,0,0.000000
1648652771.507954296,0,0.000000
1648652771.530417575,1,0.000000
1648652771.553341598,0,0.000000
1648652771.575668934,0,0.000000
1648652771.598714643,0,0.000000
1648652771.622303917,0,0.000000
1648652771.644448143,0,0.000000
1648652771.667950979,0,0.000000
1648652771.690311650,0,0.001000
1648652771.713317683,0,0.000000
1648652771.735501419,0,0.000000
1648652771.758446060,0,0.000000
1648652771.780308883,0,0.000000
1648652771.803148270,0,0.000000
1648652771.825993142,0,0.000000
1648652771.849829322,0,0.000000
1648652771.872148562,0,0.000000
1648652771.895036026,0,0.000000
1648652771.919880223,0,0.000000
1648652771.941685020,0,0.006000
1648652771.963894876,0,0.000000
1648652771.989207596,0,0.000000
1648652772.011838197,0,0.000000
1648652772.034412122,0,0.000000
1648652772.059087964,0,0.000000
1648652772.082168515,0,0.000000
1648652772.103616701,0,0.000000
1648652772.124809858,0,0.000000
1648652772.148203457,0,0.003000
1648652772.171360927,0,0.002000
1648652772.192438118,0,0.000000
1648652772.214585808,0,0.000000
1648652772.236888221,0,0.000000
1648652772.260010260,0,0.000000
1648652772.281119151,0,0.000000
1648652772.304285675,0,0.000000
1648652772.325499521,0,0.002000
1648652772.347728723,0,0.000000
1648652772.370839398,0,0.000000
1648652772.392489926,0,0.000000
1648652772.414904666,0,0.003000
1648652772.438303131,0,0.000000
1648652772.461237783,0,0.000000
1648652772.483632798,0,0.000000
1648652772.507311323,0,0.000000
1648652772.531257105,0,0.000000
1648652772.553802127,0,0.000000
1648652772.575984422,0,0.000000
1648652772.599795072,0,0.000000
1648652772.621965518,0,0.000000
1648652772.644055434,0,0.000000
1648652772.666500687,0,0.000000
1648652772.689529603,0,0.000000
1648652772.712078853,0,0.000000
1648652772.734751959,0,0.000000
1648652772.756436441,0,0.000000
1648652772.778068848,0,0.000000
1648652772.800484486,0,0.000000
1648652772.821770486,0,0.000000
1648652772.845760716,0,0.000000
1648652772.869435236,0,0.000000
1648652772.891400426,0,0.000000
1648652772.913867174,0,0.000000
1648652772.937291834,0,0.000000
1648652772.959111804,0,0.000000
1648652772.981618828,0,0.000000
1648652773.003765816,0,0.000000
1648652773.025116209,0,0.000000
1648652773.047935000,0,0.000000
1648652773.070332384,0,0.000000
1648652773.093109906,0,0.000000
1648652773.115125959,0,0.000000
1648652773.138240252,0,0.000000
1648652773.160397936,0,0.000000
1648652773.183470546,0,0.000000
1648652773.205402744,0,0.000000
1648652773.228384839,0,0.000000
1648652773.249759484,0,0.000000
