1648653114.655292838,0,0.002000
1648653114.680708406,0,0.002000
1648653114.701832092,0,0.002000
1648653114.724170744,0,0.002000
1648653114.746031852,0,0.002000
1648653114.767759380,0,0.002000
1648653114.789503561,0,0.002000
1648653114.811881156,0,0.002000
1648653114.833698659,0,0.002000
1648653114.855855382,0,0.002000
1648653114.877331339,0,0.002000
1648653114.899305686,0,0.002000
1648653114.922628312,0,0.002000
1648653114.946149970,0,0.002000
1648653114.968847399,0,0.002000
1648653114.992097810,0,0.002000
1648653115.015277163,0,0.002000
1648653115.038270472,0,0.002000
1648653115.060808087,2,0.012000
1648653115.084858548,30,0.377000
1648653115.107198005,1,0.006000
1648653115.130993890,0,0.001000
1648653115.153466507,0,0.000000
1648653115.176152601,0,0.000000
1648653115.197337005,0,0.002000
1648653115.221134729,0,0.000000
1648653115.245011336,0,0.000000
1648653115.266258421,0,0.000000
1648653115.289053702,0,0.000000
1648653115.311858083,0,0.000000
1648653115.334923051,0,0.000000
1648653115.358461673,0,0.000000
1648653115.381058847,0,0.000000
1648653115.403729361,0,0.000000
1648653115.428043773,0,0.000000
1648653115.450256637,0,0.000000
1648653115.472360981,0,0.000000
1648653115.493245173,0,0.000000
1648653115.515849610,0,0.000000
1648653115.537095448,0,0.000000
1648653115.558075266,0,0.000000
1648653115.580913261,0,0.000000
1648653115.602783310,0,0.001000
1648653115.625960066,0,0.000000
1648653115.649742409,0,0.000000
1648653115.672425501,0,0.000000
1648653115.693363573,0,0.000000
1648653115.715408479,0,0.000000
1648653115.737840640,0,0.000000
1648653115.761577344,0,0.000000
1648653115.782992417,0,0.000000
1648653115.805796383,0,0.000000
1648653115.827887295,0,0.000000
1648653115.851899611,0,0.003000
1648653115.874059625,0,0.000000
1648653115.896866468,0,0.000000
1648653115.918700990,1,0.000000
1648653115.940745667,0,0.000000
1648653115.964611201,0,0.000000
1648653115.988159681,0,0.000000
1648653116.011407466,0,0.000000
1648653116.035024930,0,0.000000
1648653116.057276120,0,0.000000
1648653116.080348697,0,0.000000
1648653116.102917775,0,0.000000
1648653116.126282744,0,0.000000
1648653116.149951071,0,0.000000
1648653116.173278239,0,0.000000
1648653116.197145835,0,0.000000
1648653116.220852303,0,0.000000
1648653116.243496997,0,0.000000
1648653116.265984166,0,0.000000
1648653116.290669345,0,0.000000
1648653116.312922159,0,0.000000
1648653116.336034006,0,0.000000
1648653116.358979221,0,0.000000
1648653116.381317984,0,0.000000
1648653116.404014818,0,0.000000
1648653116.427345280,0,0.001000
1648653116.450009811,0,0.000000
1648653116.473799309,0,0.000000
1648653116.497107818,0,0.000000
1648653116.519262766,0,0.000000
1648653116.542188646,0,0.000000
1648653116.564995431,0,0.000000
1648653116.585328256,0,0.001000
1648653116.607929709,0,0.000000
1648653116.631254157,0,0.000000
1648653116.653964218,0,0.000000
1648653116.675428618,0,0.000000
1648653116.697636454,0,0.000000
1648653116.718071221,0,0.000000
1648653116.741370940,0,0.000000
1648653116.764489528,0,0.000000
1648653116.787105132,0,0.000000
1648653116.809148811,0,0.000000
1648653116.832010489,0,0.000000
1648653116.853159144,0,0.000000
1648653116.875381190,0,0.001000
1648653116.898802475,0,0.000000
1648653116.921737825,0,0.000000
1648653116.946824796,0,0.000000
1648653116.970047599,0,0.000000
1648653116.992606275,1,0.000000
1648653117.015380260,0,0.000000
1648653117.038037174,0,0.000000
1648653117.061215418,0,0.000000
1648653117.084089690,0,0.000000
1648653117.106122507,0,0.000000
1648653117.127568428,1,0.000000
1648653117.150208950,0,0.000000
1648653117.174323635,0,0.000000
1648653117.196644696,0,0.000000
1648653117.219037773,0,0.000000
1648653117.240825491,0,0.000000
1648653117.261812548,0,0.000000
1648653117.283486560,0,0.000000
1648653117.306120344,0,0.000000
1648653117.328319568,0,0.000000
1648653117.350868385,0,0.000000
1648653117.372673427,0,0.000000
1648653117.395866038,0,0.000000
1648653117.417819921,0,0.000000
1648653117.440813085,0,0.000000
1648653117.464862752,0,0.000000
1648653117.488085737,0,0.000000
1648653117.510976291,0,0.001000
1648653117.532198569,0,0.000000
1648653117.555449801,0,0.000000
1648653117.578322922,0,0.000000
1648653117.601093768,0,0.000000
1648653117.622450518,0,0.000000
1648653117.644977197,0,0.000000
1648653117.668119035,0,0.000000
1648653117.690278314,0,0.000000
1648653117.714415672,0,0.011000
1648653117.735931479,0,0.003000
1648653117.759152353,0,0.000000
1648653117.782286923,0,0.001000
1648653117.804003052,0,0.000000
1648653117.826344897,0,0.000000
1648653117.847478084,0,0.000000
1648653117.870268017,0,0.000000
1648653117.894201391,0,0.000000
1648653117.915126287,0,0.000000
1648653117.939216384,0,0.000000
1648653117.960507753,0,0.000000
1648653117.983875414,0,0.000000
1648653118.006421186,0,0.001000
1648653118.028945962,0,0.000000
1648653118.051137299,0,0.000000
1648653118.072264723,0,0.000000
1648653118.095706341,0,0.000000
1648653118.117973353,0,0.000000
1648653118.141166911,0,0.000000
1648653118.160411244,0,0.000000
1648653118.183359142,0,0.003000
1648653118.204610871,0,0.000000
1648653118.228484044,0,0.000000
1648653118.251725165,0,0.000000
1648653118.274708063,0,0.000000
1648653118.297397445,0,0.000000
1648653118.320870524,0,0.000000
1648653118.343003965,0,0.000000
1648653118.366646210,0,0.000000
1648653118.389415689,0,0.000000
1648653118.412711384,0,0.000000
1648653118.434146881,0,0.000000
1648653118.458468147,1,0.000000
1648653118.480988231,0,0.000000
1648653118.504376596,0,0.000000
1648653118.525956787,0,0.000000
1648653118.549168317,0,0.000000
1648653118.570753964,0,0.002000
1648653118.590807371,0,0.000000
1648653118.613653847,0,0.000000
1648653118.636374638,0,0.000000
1648653118.658039241,0,0.000000
1648653118.681459888,0,0.000000
1648653118.703648565,0,0.000000
1648653118.725175712,0,0.001000
1648653118.747452956,0,0.001000
1648653118.769805612,0,0.000000
1648653118.793524147,0,0.000000
1648653118.815930602,0,0.000000
1648653118.837363096,0,0.000000
1648653118.859790582,0,0.000000
1648653118.882098579,0,0.000000
1648653118.905461529,0,0.000000
1648653118.929479139,0,0.000000
1648653118.949333067,0,0.000000
1648653118.971658936,1,0.000000
1648653118.993608431,0,0.008000
1648653119.016498458,0,0.010000
1648653119.039294302,0,0.001000
1648653119.062126758,0,0.000000
1648653119.084255247,0,0.000000
1648653119.107086439,0,0.001000
1648653119.130759804,0,0.000000
1648653119.153263466,0,0.000000
1648653119.174959764,0,0.001000
1648653119.198046739,0,0.000000
1648653119.219420374,0,0.000000
1648653119.242044363,0,0.000000
1648653119.263576366,0,0.000000
1648653119.284892139,0,0.000000
1648653119.308210291,0,0.000000
1648653119.330416831,0,0.000000
1648653119.353421954,0,0.001000
1648653119.376325560,0,0.000000
1648653119.399255771,0,0.000000
1648653119.421525546,0,0.000000
1648653119.445085483,0,0.000000
1648653119.467071633,0,0.000000
1648653119.490423400,0,0.001000
1648653119.513662708,0,0.001000
1648653119.535776512,0,0.000000
1648653119.559292340,0,0.000000
1648653119.579990729,0,0.000000
1648653119.603114319,0,0.000000
1648653119.627081378,0,0.000000
1648653119.648973814,0,0.000000
1648653119.671881273,1,0.001000
1648653119.694660063,0,0.000000
1648653119.716079304,0,0.000000
1648653119.738650219,0,0.000000
1648653119.760621128,0,0.000000
1648653119.783698474,0,0.000000
1648653119.806968929,0,0.000000
1648653119.828663287,0,0.000000
1648653119.851241361,0,0.000000
1648653119.874221646,0,0.000000
1648653119.898237099,0,0.000000
1648653119.920335854,0,0.000000
1648653119.942768663,1,0.000000
1648653119.962439688,0,0.000000
1648653119.984484270,0,0.000000
1648653120.006396896,0,0.000000
1648653120.029461921,0,0.000000
1648653120.053487747,0,0.000000
1648653120.075963084,0,0.000000
1648653120.099416458,0,0.000000
1648653120.123151063,0,0.002000
1648653120.146602394,0,0.000000
1648653120.169179020,1,0.000000
1648653120.190477924,0,0.000000
1648653120.214849489,0,0.000000
1648653120.236471157,0,0.000000
1648653120.259503836,0,0.001000
1648653120.281563864,0,0.000000
1648653120.301292623,0,0.000000
1648653120.323823422,0,0.000000
1648653120.346299676,1,0.000000
1648653120.369034218,0,0.001000
1648653120.390636138,0,0.000000
1648653120.413056268,0,0.000000
1648653120.435420356,0,0.000000
1648653120.457999340,0,0.000000
1648653120.481279462,0,0.000000
1648653120.504393176,0,0.000000
1648653120.527674879,0,0.000000
1648653120.549138783,0,0.000000
1648653120.571138536,0,0.000000
1648653120.594150959,0,0.000000
1648653120.617209273,0,0.000000
1648653120.640987662,0,0.000000
1648653120.664302704,0,0.000000
1648653120.685500945,0,0.000000
1648653120.708499472,0,0.000000
1648653120.729530276,0,0.000000
1648653120.748688939,0,0.000000
1648653120.772134558,0,0.000000
1648653120.795353827,0,0.000000
1648653120.816802396,0,0.000000
1648653120.840105319,0,0.000000
1648653120.862820534,0,0.005000
1648653120.885534373,0,0.000000
1648653120.910565144,0,0.000000
1648653120.933836621,0,0.001000
1648653120.956934995,0,0.000000
1648653120.980986913,0,0.000000
1648653121.002282436,0,0.000000
1648653121.025498287,0,0.000000
1648653121.046839704,0,0.000000
1648653121.068349111,0,0.000000
1648653121.091797317,0,0.000000
1648653121.115381959,0,0.000000
1648653121.135887346,0,0.000000
1648653121.157941925,1,0.000000
1648653121.179942780,0,0.000000
1648653121.202958524,0,0.000000
1648653121.225093846,0,0.000000
1648653121.248055854,0,0.000000
1648653121.270817557,0,0.000000
1648653121.293370914,0,0.000000
1648653121.316088812,0,0.000000
1648653121.337296217,0,0.003000
1648653121.358504428,0,0.000000
1648653121.381257081,0,0.000000
1648653121.402567791,1,0.012000
1648653121.421887033,0,0.000000
1648653121.443443891,0,0.000000
1648653121.466025710,0,0.000000
1648653121.488854597,0,0.000000
1648653121.511124543,0,0.001000
1648653121.534687768,0,0.000000
1648653121.557159229,1,0.013000
1648653121.580318205,0,0.000000
1648653121.601459418,0,0.010000
1648653121.625531820,0,0.000000
1648653121.647336812,0,0.000000
1648653121.669252144,0,0.000000
1648653121.691578035,0,0.001000
1648653121.715021764,0,0.000000
1648653121.738823281,0,0.000000
1648653121.762288310,0,0.001000
1648653121.783897433,0,0.000000
1648653121.807045205,0,0.000000
1648653121.830829377,0,0.000000
1648653121.852176324,0,0.000000
1648653121.873316766,0,0.000000
1648653121.895927493,0,0.000000
1648653121.917202502,0,0.000000
1648653121.940380969,0,0.007000
1648653121.961344706,0,0.000000
1648653121.982831816,0,0.000000
1648653122.005482717,0,0.000000
1648653122.027261690,0,0.000000
1648653122.050585639,0,0.000000
1648653122.074054356,0,0.000000
1648653122.096926714,0,0.001000
1648653122.118977379,0,0.000000
1648653122.141096771,0,0.000000
1648653122.163983802,0,0.000000
1648653122.186704719,0,0.000000
1648653122.208279085,0,0.000000
1648653122.230425977,0,0.000000
1648653122.253630380,0,0.000000
1648653122.277295936,0,0.000000
1648653122.300051970,0,0.000000
1648653122.323155535,0,0.000000
1648653122.343980409,0,0.000000
1648653122.365566072,0,0.000000
1648653122.387651025,0,0.000000
1648653122.408034048,0,0.000000
1648653122.429479651,0,0.000000
1648653122.452486290,0,0.000000
1648653122.474325242,0,0.000000
1648653122.496066232,0,0.000000
1648653122.518543164,0,0.000000
1648653122.539921871,0,0.000000
1648653122.562236893,0,0.000000
1648653122.585393911,0,0.000000
1648653122.607542856,0,0.000000
1648653122.630923489,0,0.001000
1648653122.652374004,0,0.000000
1648653122.676110827,0,0.000000
1648653122.699767654,0,0.000000
1648653122.723367449,0,0.000000
1648653122.745095832,0,0.000000
1648653122.767824078,0,0.000000
1648653122.790736190,0,0.000000
1648653122.815297723,0,0.000000
1648653122.836774429,0,0.001000
1648653122.860142118,0,0.000000
1648653122.881946232,0,0.000000
1648653122.904106306,0,0.000000
1648653122.927904038,0,0.000000
1648653122.951002011,0,0.000000
1648653122.973172831,0,0.000000
1648653122.995837447,0,0.000000
1648653123.017086403,0,0.000000
1648653123.040855401,0,0.000000
1648653123.064001663,1,0.000000
1648653123.086967808,0,0.000000
1648653123.109094012,0,0.001000
1648653123.131429429,0,0.000000
1648653123.154129891,0,0.000000
1648653123.176274782,0,0.000000
1648653123.199035787,0,0.000000
1648653123.220006150,0,0.001000
1648653123.243202599,0,0.000000
1648653123.267095341,0,0.000000
1648653123.289064809,0,0.001000
1648653123.313633464,0,0.000000
1648653123.337984539,1,0.000000
1648653123.360789655,0,0.000000
1648653123.382181426,0,0.000000
1648653123.404977233,0,0.001000
1648653123.425593155,0,0.001000
1648653123.449390002,0,0.000000
1648653123.470485254,0,0.000000
1648653123.492710743,0,0.005000
1648653123.514549605,0,0.000000
1648653123.537571816,0,0.000000
1648653123.559313466,0,0.000000
1648653123.581801311,0,0.001000
1648653123.604871808,0,0.000000
1648653123.626443291,0,0.000000
1648653123.647139186,0,0.000000
1648653123.669305888,0,0.000000
1648653123.692423643,0,0.000000
1648653123.715286434,0,0.000000
1648653123.738138378,0,0.000000
1648653123.759337425,0,0.000000
1648653123.782316280,0,0.000000
1648653123.805925380,0,0.000000
1648653123.829166207,0,0.000000
1648653123.851904624,0,0.000000
1648653123.873443558,0,0.000000
1648653123.894855421,0,0.000000
1648653123.918466017,0,0.000000
1648653123.940784198,0,0.000000
1648653123.961798143,0,0.000000
1648653123.984709858,0,0.000000
1648653124.007740410,0,0.000000
1648653124.031095380,0,0.000000
1648653124.054424889,0,0.000000
1648653124.077376496,0,0.001000
1648653124.098260456,0,0.000000
1648653124.119016672,0,0.001000
1648653124.142421491,0,0.000000
1648653124.164876920,0,0.000000
1648653124.185875434,0,0.000000
1648653124.207540027,0,0.000000
1648653124.229985939,0,0.000000
1648653124.253195645,0,0.000000
1648653124.275774343,1,0.000000
1648653124.296530598,0,0.001000
1648653124.319008173,0,0.000000
1648653124.342752640,0,0.000000
1648653124.365623031,0,0.000000
1648653124.388240080,0,0.001000
1648653124.411761679,0,0.000000
1648653124.434967799,0,0.005000
1648653124.458078828,0,0.000000
1648653124.478335467,0,0.000000
1648653124.501911893,0,0.000000
1648653124.524580281,0,0.000000
1648653124.546153432,1,0.000000
1648653124.569338013,0,0.000000
1648653124.591528466,0,0.000000
1648653124.614140612,0,0.000000
1648653124.635399341,0,0.000000
1648653124.657837958,0,0.000000
1648653124.681246604,0,0.000000
1648653124.704430698,0,0.000000
1648653124.727440458,0,0.000000
1648653124.750424118,0,0.000000
1648653124.772228238,0,0.000000
1648653124.792681781,0,0.000000
1648653124.815595111,0,0.000000
1648653124.836318437,0,0.000000
1648653124.857672789,0,0.000000
1648653124.880140277,0,0.000000
1648653124.902247084,0,0.000000
1648653124.925084559,0,0.001000
1648653124.948201653,0,0.000000
1648653124.970650613,0,0.000000
1648653124.991421315,0,0.000000
1648653125.014076008,0,0.000000
1648653125.038063154,0,0.001000
1648653125.060820693,0,0.000000
1648653125.083771886,0,0.000000
1648653125.105875703,0,0.000000
1648653125.128224998,0,0.000000
1648653125.151464981,0,0.000000
1648653125.173419317,0,0.000000
1648653125.196195037,0,0.000000
1648653125.220641193,0,0.000000
1648653125.244086533,0,0.000000
1648653125.266944499,0,0.000000
1648653125.290469631,0,0.000000
1648653125.312625403,0,0.000000
1648653125.336023500,0,0.000000
1648653125.356981343,0,0.000000
1648653125.379151488,0,0.000000
1648653125.401220946,0,0.000000
1648653125.423741892,0,0.000000
1648653125.446992946,0,0.000000
1648653125.470049509,0,0.000000
1648653125.491313889,0,0.000000
1648653125.513845881,0,0.001000
1648653125.535101975,0,0.000000
1648653125.556873189,0,0.000000
1648653125.580085228,0,0.000000
1648653125.602031623,0,0.000000
1648653125.625783449,0,0.000000
1648653125.647411128,0,0.000000
1648653125.670111500,0,0.000000
1648653125.692080760,0,0.000000
1648653125.713449997,1,0.001000
1648653125.734378760,0,0.000000
1648653125.755780352,0,0.000000
1648653125.778113371,0,0.007000
1648653125.798637785,0,0.000000
1648653125.822227874,0,0.000000
1648653125.842343983,0,0.000000
1648653125.864475870,0,0.000000
1648653125.887053693,0,0.000000
1648653125.908791223,0,0.000000
1648653125.929666051,0,0.000000
1648653125.951794312,0,0.000000
1648653125.973732295,0,0.000000
1648653125.995168957,0,0.000000
1648653126.018197649,0,0.009000
1648653126.041271468,0,0.000000
1648653126.064501926,0,0.000000
1648653126.088241536,0,0.001000
1648653126.111448403,0,0.000000
1648653126.134465616,0,0.000000
1648653126.156835825,0,0.000000
1648653126.179047850,0,0.000000
1648653126.200680555,0,0.000000
1648653126.222722245,0,0.001000
1648653126.246007468,0,0.000000
1648653126.268699020,0,0.000000
1648653126.291497356,0,0.000000
1648653126.314189478,0,0.000000
1648653126.334059142,0,0.000000
1648653126.355987688,0,0.000000
1648653126.377612887,0,0.000000
1648653126.398618221,0,0.000000
1648653126.421468675,0,0.000000
1648653126.443991657,0,0.000000
1648653126.465327487,0,0.000000
1648653126.487392183,0,0.000000
1648653126.510000037,0,0.000000
1648653126.533503153,0,0.000000
1648653126.556889843,0,0.000000
1648653126.578546403,0,0.000000
1648653126.600095379,0,0.000000
1648653126.623710670,0,0.000000
1648653126.645258652,0,0.000000
1648653126.666170455,0,0.000000
1648653126.689011547,0,0.000000
1648653126.711296053,0,0.000000
1648653126.734069602,0,0.000000
1648653126.757049878,0,0.000000
1648653126.780415856,0,0.000000
1648653126.802381966,0,0.002000
1648653126.824618340,0,0.000000
1648653126.846903789,0,0.000000
1648653126.870168124,0,0.000000
1648653126.891586859,0,0.001000
1648653126.914423107,0,0.000000
1648653126.937229130,0,0.000000
1648653126.960203153,0,0.010000
1648653126.982417200,0,0.000000
1648653127.004370137,0,0.001000
1648653127.025592860,0,0.000000
1648653127.047745235,1,0.000000
1648653127.070182749,0,0.000000
1648653127.092213807,0,0.000000
1648653127.114829772,0,0.000000
1648653127.138147412,0,0.000000
1648653127.160851688,0,0.000000
1648653127.182464584,0,0.000000
1648653127.204760015,0,0.000000
1648653127.226000064,0,0.000000
1648653127.247623807,0,0.000000
1648653127.269878615,0,0.000000
1648653127.293177764,0,0.000000
1648653127.315973518,0,0.000000
1648653127.338303576,0,0.000000
1648653127.361081245,0,0.000000
1648653127.382754911,0,0.000000
1648653127.404868760,0,0.000000
1648653127.426163124,0,0.000000
1648653127.449096033,0,0.000000
1648653127.470956549,0,0.001000
1648653127.493625408,0,0.000000
1648653127.516263817,0,0.002000
1648653127.538506071,0,0.000000
1648653127.560774413,0,0.000000
1648653127.581716422,0,0.000000
1648653127.602167451,0,0.000000
1648653127.624696990,0,0.000000
1648653127.647128828,0,0.000000
1648653127.670164909,0,0.001000
1648653127.691579438,0,0.000000
1648653127.714987835,0,0.000000
1648653127.737462002,0,0.000000
1648653127.760710128,0,0.001000
1648653127.782827525,0,0.000000
1648653127.806058250,0,0.008000
1648653127.828861731,0,0.000000
1648653127.851369673,0,0.000000
1648653127.872625837,0,0.001000
1648653127.896659778,0,0.000000
1648653127.920849574,0,0.000000
1648653127.941448261,0,0.000000
1648653127.961466816,0,0.000000
1648653127.982801015,0,0.000000
1648653128.005983090,0,0.001000
1648653128.028220704,0,0.000000
1648653128.051016271,0,0.000000
1648653128.073524866,0,0.000000
1648653128.095698156,0,0.000000
1648653128.118794737,0,0.000000
1648653128.141053651,0,0.000000
1648653128.163065372,0,0.000000
1648653128.184502328,0,0.000000
1648653128.207329781,0,0.000000
1648653128.230446304,0,0.000000
1648653128.254320858,0,0.000000
1648653128.276251037,0,0.000000
1648653128.298815323,0,0.000000
1648653128.322622539,0,0.000000
1648653128.345747814,0,0.000000
1648653128.368101741,0,0.000000
1648653128.390956337,0,0.000000
1648653128.413300732,1,0.000000
1648653128.434825350,0,0.000000
1648653128.457674479,0,0.000000
1648653128.480713293,0,0.000000
1648653128.503660938,0,0.000000
1648653128.526705576,0,0.000000
1648653128.549735279,0,0.001000
1648653128.572419255,0,0.000000
1648653128.595103435,0,0.000000
1648653128.617348899,0,0.000000
1648653128.638733409,0,0.000000
1648653128.661081592,0,0.001000
1648653128.682859070,0,0.001000
1648653128.706201969,0,0.000000
1648653128.728281254,0,0.001000
1648653128.751003453,0,0.000000
1648653128.773975956,0,0.000000
1648653128.794525131,0,0.000000
1648653128.818262334,0,0.000000
1648653128.842308168,0,0.000000
1648653128.863996495,0,0.000000
1648653128.883879120,0,0.000000
1648653128.906814170,0,0.000000
1648653128.930037343,0,0.005000
1648653128.952537080,1,0.000000
1648653128.975702866,0,0.000000
1648653128.998237364,0,0.000000
1648653129.019410984,0,0.000000
1648653129.040673477,0,0.000000
1648653129.063883334,0,0.000000
1648653129.086497655,0,0.000000
1648653129.108988929,0,0.000000
1648653129.131960378,0,0.000000
1648653129.153204388,0,0.001000
1648653129.175857214,0,0.000000
1648653129.197399425,0,0.000000
1648653129.218536398,0,0.000000
1648653129.240159377,0,0.000000
1648653129.261994118,0,0.000000
1648653129.284748245,0,0.000000
1648653129.307508604,0,0.000000
1648653129.330026589,0,0.000000
1648653129.351622888,0,0.000000
1648653129.372236791,0,0.001000
1648653129.394953525,0,0.000000
1648653129.416431519,1,0.000000
1648653129.440911279,0,0.001000
1648653129.463589560,0,0.000000
1648653129.485597029,0,0.000000
1648653129.506752715,0,0.000000
1648653129.528396708,1,0.001000
1648653129.550944639,0,0.001000
1648653129.573038514,0,0.000000
1648653129.595747528,0,0.001000
1648653129.618159488,0,0.000000
1648653129.641363444,0,0.000000
1648653129.663696670,0,0.000000
1648653129.684922075,0,0.000000
1648653129.706401342,1,0.000000
1648653129.728742435,0,0.007000
1648653129.752235642,0,0.001000
1648653129.773925711,0,0.000000
1648653129.793785877,0,0.000000
1648653129.818165008,0,0.004000
1648653129.840360486,0,0.000000
1648653129.862904729,0,0.000000
1648653129.883404730,0,0.000000
1648653129.905795181,0,0.000000
1648653129.924904266,0,0.000000
1648653129.945826968,0,0.000000
1648653129.969210672,0,0.000000
1648653129.991828240,0,0.000000
1648653130.013789867,0,0.000000
1648653130.037397418,0,0.000000
1648653130.060881425,0,0.000000
1648653130.083119087,0,0.000000
1648653130.107508626,0,0.000000
1648653130.128811164,1,0.000000
1648653130.152771305,0,0.001000
1648653130.176335581,0,0.000000
1648653130.197647707,1,0.000000
1648653130.221186752,0,0.000000
1648653130.244486534,0,0.000000
1648653130.267316798,0,0.010000
1648653130.289771747,0,0.000000
1648653130.312492943,0,0.000000
1648653130.336603343,0,0.000000
1648653130.358494907,1,0.000000
1648653130.381291965,0,0.000000
1648653130.404608087,0,0.000000
1648653130.427662642,0,0.000000
1648653130.448889098,0,0.001000
1648653130.471468452,0,0.000000
1648653130.493764902,0,0.000000
1648653130.514857131,0,0.000000
1648653130.536492640,0,0.000000
1648653130.560527317,0,0.001000
1648653130.582615400,0,0.000000
1648653130.605447642,0,0.000000
1648653130.626903667,0,0.000000
1648653130.648200842,0,0.000000
1648653130.670243388,0,0.000000
1648653130.692920396,0,0.000000
1648653130.717120064,0,0.000000
1648653130.739500532,0,0.000000
1648653130.762527137,0,0.001000
1648653130.784421489,0,0.000000
1648653130.806829882,1,0.000000
1648653130.828531607,0,0.000000
1648653130.852240514,0,0.000000
1648653130.874327522,0,0.000000
1648653130.897480141,0,0.000000
1648653130.919318422,0,0.000000
1648653130.941004009,0,0.000000
1648653130.964615362,0,0.000000
1648653130.985016405,0,0.000000
1648653131.006506456,0,0.000000
1648653131.029888298,0,0.000000
1648653131.053016640,0,0.001000
1648653131.074151085,0,0.000000
1648653131.097089519,0,0.000000
1648653131.119175802,1,0.001000
1648653131.141926229,0,0.000000
1648653131.164122443,0,0.000000
1648653131.187342319,0,0.000000
1648653131.210000979,0,0.000000
1648653131.232331240,0,0.000000
1648653131.254706886,0,0.000000
1648653131.276808538,0,0.000000
1648653131.297253635,0,0.000000
1648653131.319754457,0,0.000000
1648653131.342876997,0,0.000000
1648653131.364778665,0,0.000000
1648653131.387751169,0,0.000000
1648653131.410777878,0,0.000000
1648653131.433743101,0,0.000000
1648653131.454921666,0,0.000000
1648653131.477869828,0,0.001000
1648653131.499252476,0,0.000000
1648653131.522323808,0,0.000000
1648653131.543452756,0,0.000000
1648653131.565983330,0,0.000000
1648653131.588832090,0,0.000000
1648653131.611638045,0,0.000000
1648653131.634641223,0,0.000000
1648653131.657891682,0,0.000000
1648653131.679397625,0,0.000000
1648653131.701004910,0,0.000000
1648653131.723206454,1,0.000000
1648653131.746166360,0,0.000000
1648653131.768661105,0,0.000000
1648653131.791710101,0,0.000000
1648653131.812915080,0,0.000000
1648653131.832358057,0,0.000000
1648653131.855563806,0,0.000000
1648653131.879532679,0,0.000000
1648653131.903398111,0,0.000000
1648653131.926435834,0,0.000000
1648653131.947623254,0,0.000000
1648653131.970428555,0,0.000000
1648653131.991982273,0,0.000000
1648653132.015686084,0,0.000000
1648653132.037046927,0,0.000000
1648653132.059842285,0,0.000000
1648653132.080677052,0,0.000000
1648653132.103271745,0,0.000000
1648653132.126634120,0,0.000000
1648653132.150280091,0,0.001000
1648653132.170128626,0,0.000000
1648653132.191113800,0,0.000000
1648653132.213926150,0,0.000000
1648653132.236048565,0,0.000000
1648653132.260100461,0,0.000000
1648653132.282485492,0,0.000000
1648653132.306479418,0,0.000000
1648653132.329921841,0,0.000000
1648653132.352010531,0,0.000000
1648653132.374415088,0,0.000000
1648653132.396243878,0,0.000000
1648653132.418568000,0,0.000000
1648653132.440368435,0,0.000000
1648653132.463869553,0,0.000000
1648653132.486430046,0,0.000000
1648653132.507869214,0,0.005000
1648653132.530266368,0,0.000000
1648653132.553972606,0,0.001000
1648653132.576697266,0,0.000000
1648653132.598818071,0,0.000000
1648653132.621936415,0,0.000000
1648653132.645316014,0,0.000000
1648653132.667436484,0,0.000000
1648653132.689587675,0,0.000000
1648653132.710882609,0,0.000000
1648653132.734903586,0,0.000000
1648653132.757873046,0,0.000000
1648653132.780853175,0,0.000000
1648653132.803407954,0,0.000000
1648653132.825850407,0,0.000000
1648653132.847453617,0,0.000000
1648653132.870563137,0,0.000000
1648653132.893414763,0,0.000000
1648653132.916588882,0,0.002000
1648653132.938580552,0,0.000000
1648653132.961438122,0,0.000000
1648653132.984011027,0,0.001000
1648653133.006445736,1,0.000000
1648653133.028674016,0,0.001000
1648653133.051927281,0,0.000000
1648653133.074730423,0,0.000000
1648653133.096408987,0,0.005000
1648653133.119729511,0,0.000000
1648653133.140074116,0,0.000000
1648653133.163937280,0,0.000000
1648653133.186263453,0,0.000000
1648653133.209019580,0,0.000000
1648653133.231347408,0,0.001000
1648653133.251201183,0,0.000000
1648653133.273908213,0,0.000000
1648653133.294215575,0,0.000000
1648653133.316060696,0,0.000000
1648653133.336841091,0,0.000000
1648653133.359266913,0,0.000000
1648653133.381191692,0,0.000000
1648653133.402316899,0,0.001000
1648653133.424568443,0,0.000000
1648653133.447148401,1,0.001000
1648653133.470311738,0,0.000000
1648653133.494856222,0,0.000000
1648653133.517098161,0,0.000000
1648653133.539765804,0,0.000000
1648653133.562479051,0,0.000000
1648653133.585398159,0,0.000000
1648653133.608858890,0,0.000000
1648653133.631254149,0,0.000000
1648653133.653733539,0,0.000000
1648653133.676337021,0,0.000000
1648653133.699568802,0,0.000000
1648653133.722005077,0,0.000000
1648653133.744933733,0,0.000000
1648653133.767025799,0,0.000000
1648653133.789227538,0,0.000000
1648653133.811306896,0,0.001000
1648653133.832191526,0,0.000000
1648653133.852380661,0,0.001000
1648653133.874680365,0,0.000000
1648653133.895762390,0,0.000000
1648653133.917425500,0,0.011000
1648653133.938673661,0,0.000000
1648653133.961779637,0,0.000000
1648653133.984129486,0,0.000000
1648653134.007324109,0,0.000000
1648653134.030688486,0,0.000000
1648653134.054023150,0,0.004000
1648653134.075936529,0,0.000000
1648653134.098075221,0,0.000000
1648653134.122058116,0,0.001000
1648653134.145113840,0,0.000000
1648653134.165572261,0,0.000000
1648653134.189041976,0,0.000000
1648653134.211612486,0,0.000000
1648653134.235325812,0,0.001000
1648653134.257793818,0,0.000000
1648653134.279867852,0,0.000000
1648653134.299824878,0,0.000000
1648653134.321331114,0,0.000000
1648653134.344994722,0,0.000000
1648653134.367188502,0,0.000000
1648653134.388986044,0,0.001000
1648653134.411994050,0,0.000000
1648653134.434970215,0,0.000000
1648653134.456007940,0,0.000000
1648653134.479370769,0,0.000000
1648653134.500795373,0,0.000000
1648653134.523252562,0,0.000000
1648653134.545827084,0,0.000000
1648653134.568622402,0,0.000000
1648653134.591248782,0,0.002000
1648653134.613253403,0,0.000000
1648653134.636836937,0,0.000000
1648653134.659312190,0,0.000000
1648653134.681443186,0,0.000000
1648653134.704804647,0,0.000000
1648653134.727303674,0,0.000000
1648653134.748943914,0,0.000000
1648653134.771771008,0,0.000000
1648653134.793467898,0,0.000000
1648653134.816390855,0,0.000000
1648653134.839171086,0,0.000000
1648653134.860471788,0,0.000000
1648653134.883606409,0,0.000000
1648653134.905943462,0,0.000000
1648653134.930238536,0,0.000000
1648653134.954033487,0,0.000000
1648653134.976916272,0,0.000000
1648653134.999990313,0,0.000000
1648653135.023138219,0,0.000000
1648653135.044955246,0,0.001000
1648653135.067921241,0,0.000000
1648653135.091128359,0,0.004000
1648653135.113320784,0,0.000000
1648653135.134324299,0,0.000000
1648653135.157031597,0,0.001000
1648653135.178450710,0,0.001000
1648653135.201665897,0,0.005000
1648653135.223869088,0,0.000000
1648653135.246583400,0,0.000000
1648653135.267919043,0,0.000000
1648653135.290985463,0,0.000000
1648653135.313055732,0,0.000000
1648653135.336189000,0,0.000000
1648653135.356812665,1,0.000000
1648653135.379668885,0,0.000000
1648653135.400005718,0,0.000000
1648653135.421491571,0,0.000000
1648653135.444919092,0,0.000000
1648653135.467192602,0,0.000000
1648653135.489253153,0,0.000000
1648653135.511865921,0,0.000000
1648653135.534224929,0,0.000000
1648653135.557010207,0,0.000000
1648653135.579230578,0,0.001000
1648653135.602015992,0,0.004000
1648653135.624910477,0,0.000000
1648653135.647824246,0,0.000000
1648653135.671525454,0,0.000000
1648653135.694767039,0,0.000000
1648653135.716087735,0,0.007000
1648653135.738990978,0,0.000000
1648653135.761381956,0,0.000000
1648653135.783476088,0,0.000000
1648653135.805504007,0,0.000000
1648653135.828486118,0,0.000000
1648653135.850859420,0,0.000000
1648653135.871113756,0,0.000000
1648653135.893729084,0,0.000000
1648653135.915652010,0,0.000000
1648653135.938557879,0,0.000000
1648653135.960641557,0,0.001000
1648653135.983327896,0,0.000000
1648653136.005992590,0,0.000000
1648653136.029065590,0,0.001000
1648653136.052066831,0,0.000000
1648653136.075084654,0,0.000000
1648653136.097823064,0,0.000000
1648653136.122009933,0,0.000000
1648653136.145221105,0,0.001000
1648653136.169112329,0,0.000000
1648653136.189919261,0,0.000000
1648653136.213149021,0,0.000000
1648653136.234848711,0,0.000000
1648653136.257794233,0,0.000000
1648653136.282141753,0,0.000000
1648653136.305598065,0,0.000000
1648653136.326602327,0,0.001000
1648653136.350397116,0,0.000000
1648653136.371743322,0,0.000000
1648653136.394121664,0,0.000000
1648653136.415943470,0,0.000000
1648653136.438919602,0,0.000000
1648653136.462449257,0,0.000000
1648653136.484973832,0,0.000000
1648653136.505933232,1,0.000000
1648653136.527783842,0,0.000000
1648653136.548599617,0,0.000000
1648653136.571909982,0,0.000000
1648653136.594355382,0,0.000000
1648653136.617007224,0,0.000000
1648653136.638449696,0,0.000000
1648653136.661079055,0,0.000000
1648653136.683035834,0,0.000000
1648653136.705216025,0,0.000000
1648653136.728775161,0,0.000000
1648653136.750508492,0,0.000000
1648653136.770550237,0,0.001000
1648653136.791836699,0,0.000000
1648653136.813023378,0,0.000000
1648653136.835576119,0,0.000000
1648653136.858094206,0,0.000000
1648653136.881497166,0,0.000000
1648653136.903642220,0,0.000000
1648653136.927583129,0,0.012000
1648653136.950040540,0,0.000000
1648653136.972546271,0,0.000000
1648653136.996200535,0,0.000000
1648653137.017469631,0,0.000000
1648653137.039709000,0,0.000000
1648653137.063566058,0,0.000000
1648653137.086585755,0,0.000000
1648653137.106575266,0,0.000000
1648653137.129374300,0,0.000000
1648653137.152309700,0,0.000000
1648653137.175563988,0,0.000000
1648653137.198453870,0,0.000000
1648653137.221164427,0,0.000000
1648653137.243711884,0,0.000000
1648653137.266284033,0,0.000000
1648653137.288851996,0,0.001000
1648653137.309556571,0,0.000000
1648653137.332051748,0,0.010000
1648653137.355108377,1,0.000000
1648653137.377918393,0,0.000000
1648653137.399318445,0,0.000000
1648653137.422044057,0,0.000000
1648653137.443328070,0,0.000000
1648653137.466543597,0,0.000000
1648653137.490441929,0,0.000000
1648653137.512860624,0,0.000000
1648653137.536488832,0,0.003000
1648653137.558958461,0,0.000000
1648653137.581458028,0,0.000000
1648653137.603649993,0,0.000000
1648653137.626167357,0,0.000000
1648653137.649119003,0,0.009000
1648653137.671414010,0,0.000000
1648653137.695405779,0,0.000000
1648653137.719532975,0,0.000000
1648653137.741092704,0,0.000000
1648653137.762980809,0,0.000000
1648653137.785300157,0,0.000000
1648653137.806840990,0,0.000000
1648653137.828875898,0,0.001000
1648653137.851022033,0,0.000000
1648653137.872949000,0,0.000000
1648653137.895238118,1,0.000000
1648653137.919113503,0,0.000000
1648653137.942114081,0,0.000000
1648653137.964369520,0,0.000000
1648653137.987501031,0,0.000000
1648653138.010779253,0,0.000000
1648653138.030999395,0,0.000000
1648653138.052961293,1,0.000000
1648653138.076470580,0,0.000000
1648653138.099187198,0,0.000000
1648653138.121355085,0,0.000000
1648653138.143300538,0,0.000000
1648653138.165235748,0,0.000000
1648653138.187481885,0,0.000000
1648653138.211432783,0,0.000000
1648653138.234280631,0,0.000000
1648653138.257393071,0,0.000000
1648653138.279326917,0,0.000000
1648653138.300457632,0,0.000000
1648653138.323135383,0,0.001000
1648653138.344818907,0,0.002000
1648653138.366614851,0,0.001000
1648653138.389441822,0,0.001000
1648653138.411370732,0,0.000000
1648653138.433148878,0,0.000000
1648653138.455114910,0,0.000000
1648653138.478505528,0,0.000000
1648653138.501739858,0,0.000000
1648653138.525070690,0,0.000000
1648653138.548055131,0,0.000000
1648653138.569138791,0,0.000000
1648653138.591710201,0,0.000000
1648653138.615921078,0,0.000000
1648653138.637974968,0,0.000000
1648653138.660121433,0,0.000000
1648653138.679665999,0,0.000000
1648653138.701699485,0,0.000000
1648653138.722881432,0,0.000000
1648653138.746006708,0,0.000000
1648653138.768089244,0,0.000000
1648653138.790594965,0,0.000000
1648653138.811995640,0,0.000000
1648653138.834449185,0,0.001000
1648653138.856359731,0,0.000000
1648653138.879010968,0,0.007000
1648653138.902216648,0,0.001000
1648653138.924733068,0,0.000000
1648653138.947272799,0,0.000000
1648653138.970289985,0,0.000000
1648653138.992998306,0,0.000000
1648653139.016361029,0,0.000000
1648653139.039646017,0,0.000000
1648653139.062255440,0,0.000000
1648653139.085061709,0,0.000000
1648653139.108669518,0,0.000000
1648653139.131007022,0,0.000000
1648653139.154576963,0,0.000000
1648653139.176281139,0,0.000000
1648653139.198547312,0,0.001000
1648653139.220765942,0,0.000000
1648653139.243984576,0,0.000000
1648653139.267606195,0,0.000000
1648653139.288763650,0,0.000000
1648653139.310678338,0,0.000000
1648653139.334048927,0,0.000000
1648653139.357599708,0,0.000000
1648653139.380192171,0,0.000000
1648653139.402318662,0,0.001000
1648653139.424117080,0,0.000000
1648653139.444603024,0,0.000000
1648653139.466699206,0,0.000000
1648653139.490067278,0,0.000000
1648653139.512826725,0,0.000000
1648653139.535485279,0,0.000000
1648653139.558288531,0,0.000000
1648653139.581149868,0,0.000000
1648653139.604477854,0,0.000000
1648653139.627601245,0,0.000000
1648653139.650426461,0,0.000000
1648653139.674615828,0,0.000000
1648653139.696990955,0,0.000000
1648653139.718572476,0,0.000000
1648653139.740496656,0,0.000000
1648653139.761914686,0,0.000000
1648653139.785227993,0,0.000000
1648653139.808216415,0,0.000000
1648653139.831172749,0,0.000000
1648653139.854026951,0,0.001000
1648653139.875122113,0,0.000000
1648653139.898358308,0,0.000000
1648653139.922037451,0,0.000000
1648653139.944951185,0,0.000000
1648653139.966742712,0,0.000000
1648653139.988830652,0,0.000000
1648653140.012296284,0,0.001000
1648653140.035155455,0,0.000000
1648653140.058268690,0,0.000000
1648653140.082096990,0,0.000000
1648653140.102991251,0,0.000000
1648653140.126236757,0,0.000000
1648653140.148399234,0,0.000000
1648653140.169333555,0,0.000000
1648653140.192119383,0,0.000000
1648653140.214772740,0,0.000000
1648653140.237081388,0,0.000000
1648653140.260509847,0,0.000000
1648653140.282546781,0,0.000000
1648653140.305725732,0,0.001000
1648653140.327400819,0,0.002000
1648653140.349850288,0,0.000000
1648653140.372074940,1,0.000000
1648653140.394150612,0,0.000000
1648653140.416495295,0,0.000000
1648653140.439630335,0,0.000000
1648653140.463195738,0,0.000000
1648653140.486057722,0,0.000000
1648653140.508968687,0,0.000000
1648653140.531408094,0,0.000000
1648653140.554358945,0,0.000000
1648653140.577326279,0,0.000000
1648653140.600448651,0,0.000000
1648653140.622012606,0,0.000000
1648653140.645329849,0,0.001000
1648653140.666832633,0,0.000000
1648653140.688892961,0,0.000000
1648653140.711111001,0,0.000000
1648653140.734056330,0,0.000000
1648653140.757000125,0,0.000000
1648653140.779447467,0,0.000000
1648653140.802297367,0,0.000000
1648653140.825029773,0,0.000000
1648653140.846393506,0,0.000000
1648653140.867858200,0,0.000000
1648653140.891037881,0,0.000000
1648653140.913964551,0,0.000000
1648653140.935935798,0,0.000000
1648653140.956930034,0,0.000000
1648653140.979929838,0,0.000000
1648653141.002666374,0,0.000000
1648653141.025686155,0,0.000000
1648653141.046767811,0,0.000000
1648653141.069437828,0,0.000000
1648653141.090312356,0,0.000000
1648653141.112378586,0,0.000000
1648653141.135504299,0,0.000000
1648653141.159101396,0,0.000000
1648653141.181364208,0,0.015000
1648653141.205274686,0,0.000000
1648653141.228335980,0,0.003000
1648653141.250759615,0,0.000000
1648653141.273632315,0,0.000000
1648653141.295189869,0,0.000000
1648653141.317253755,0,0.006000
1648653141.339308763,0,0.000000
1648653141.362639198,0,0.000000
1648653141.385905016,0,0.000000
1648653141.408913577,0,0.000000
1648653141.431058566,0,0.000000
1648653141.453073234,0,0.000000
1648653141.476935664,0,0.001000
1648653141.500509980,0,0.007000
1648653141.523654855,0,0.000000
1648653141.546748938,0,0.002000
1648653141.568553412,0,0.000000
1648653141.593425689,0,0.000000
1648653141.616404831,0,0.000000
1648653141.640335203,0,0.000000
1648653141.661944761,0,0.000000
1648653141.683889854,0,0.000000
1648653141.705574351,0,0.000000
1648653141.727789031,0,0.000000
1648653141.749146018,0,0.000000
1648653141.770322365,0,0.000000
1648653141.791218020,0,0.000000
1648653141.813007998,0,0.000000
1648653141.835225713,0,0.006000
1648653141.858363102,0,0.005000
1648653141.880864085,0,0.001000
1648653141.902685679,0,0.000000
1648653141.925287443,0,0.000000
1648653141.945932856,0,0.000000
1648653141.968397104,0,0.000000
1648653141.991181175,0,0.000000
1648653142.012804714,0,0.000000
1648653142.035419598,0,0.000000
1648653142.057235833,0,0.000000
1648653142.080155214,0,0.000000
1648653142.103900484,0,0.000000
1648653142.124682307,0,0.000000
1648653142.147344768,0,0.000000
1648653142.170093536,0,0.001000
1648653142.193234156,0,0.000000
1648653142.215804943,0,0.000000
1648653142.238466814,0,0.001000
1648653142.259768902,0,0.000000
1648653142.282934561,0,0.000000
1648653142.305584537,0,0.001000
1648653142.328746589,0,0.000000
1648653142.352217404,0,0.000000
1648653142.374172019,1,0.000000
1648653142.396251950,0,0.000000
1648653142.417543827,0,0.000000
1648653142.439783768,0,0.000000
1648653142.462930021,0,0.000000
1648653142.484852085,0,0.000000
1648653142.506151177,0,0.000000
1648653142.529217036,0,0.000000
1648653142.551912439,0,0.000000
1648653142.574327257,0,0.000000
1648653142.597892904,0,0.000000
1648653142.618462229,0,0.000000
1648653142.640187040,0,0.000000
1648653142.662327575,0,0.001000
1648653142.685357492,0,0.000000
1648653142.708961253,0,0.000000
1648653142.729875678,0,0.000000
1648653142.752958179,0,0.000000
1648653142.774322577,0,0.000000
1648653142.797088832,0,0.000000
1648653142.819426005,0,0.000000
1648653142.843158982,0,0.000000
1648653142.865190566,0,0.000000
1648653142.887416370,0,0.001000
1648653142.910269463,0,0.000000
1648653142.932617977,0,0.000000
1648653142.955497609,0,0.000000
1648653142.976809585,0,0.000000
1648653142.998762166,0,0.000000
1648653143.020357964,0,0.000000
1648653143.042387435,0,0.000000
1648653143.065494752,0,0.000000
1648653143.088205424,0,0.000000
1648653143.110062467,0,0.000000
1648653143.131800233,0,0.000000
1648653143.154650407,0,0.001000
1648653143.175733068,0,0.000000
1648653143.199189761,0,0.000000
1648653143.222994657,0,0.001000
1648653143.244117244,0,0.000000
1648653143.266359161,0,0.000000
1648653143.288288727,0,0.000000
1648653143.310938125,0,0.000000
1648653143.334684979,0,0.000000
1648653143.357169903,0,0.000000
1648653143.377899568,0,0.000000
1648653143.401211985,0,0.000000
1648653143.424145120,0,0.000000
1648653143.446074914,0,0.000000
1648653143.468574288,0,0.000000
1648653143.489219680,0,0.000000
1648653143.511466246,0,0.000000
1648653143.533781595,0,0.000000
1648653143.554222559,0,0.000000
1648653143.577644189,0,0.000000
1648653143.599699853,0,0.005000
1648653143.621472616,0,0.000000
1648653143.642702744,0,0.000000
1648653143.666198692,0,0.000000
1648653143.688199378,0,0.000000
1648653143.711400551,0,0.000000
1648653143.735231124,0,0.000000
1648653143.756199762,0,0.000000
1648653143.778159094,0,0.000000
1648653143.799284489,0,0.000000
1648653143.823752840,0,0.000000
1648653143.844553902,0,0.000000
1648653143.866528166,0,0.000000
1648653143.887494851,0,0.000000
1648653143.910651326,0,0.000000
1648653143.934254844,0,0.000000
1648653143.956109681,0,0.000000
1648653143.977193303,0,0.000000
1648653143.998973333,0,0.000000
1648653144.021780990,0,0.000000
1648653144.044534451,0,0.014000
1648653144.067113431,0,0.000000
1648653144.089776663,0,0.000000
1648653144.112329259,0,0.000000
1648653144.136445843,0,0.000000
1648653144.159100808,0,0.000000
1648653144.182949459,0,0.000000
1648653144.203855059,0,0.000000
1648653144.225732003,0,0.000000
1648653144.247647956,0,0.000000
1648653144.269007693,0,0.000000
1648653144.291924249,0,0.000000
1648653144.315065628,0,0.000000
1648653144.337083044,0,0.004000
1648653144.358786185,0,0.000000
1648653144.381180559,0,0.000000
1648653144.403588817,0,0.000000
1648653144.425161601,0,0.000000
1648653144.447986809,0,0.000000
1648653144.471428010,0,0.000000
1648653144.493744097,0,0.000000
1648653144.513969237,0,0.000000
1648653144.537485651,0,0.001000
1648653144.560270942,0,0.000000
1648653144.582130054,0,0.000000
1648653144.604846778,0,0.000000
1648653144.627184140,0,0.015000
1648653144.649410007,0,0.000000
1648653144.672098822,0,0.000000
1648653144.694393690,0,0.000000
1648653144.716148681,0,0.000000
1648653144.740223882,0,0.000000
1648653144.762955061,0,0.012000
1648653144.782643542,0,0.001000
1648653144.804229585,0,0.001000
1648653144.826994235,0,0.000000
1648653144.848817502,0,0.000000
1648653144.871676166,0,0.001000
1648653144.893985337,0,0.001000
1648653144.914447947,0,0.000000
1648653144.937296285,0,0.000000
1648653144.959363564,0,0.000000
1648653144.982404638,0,0.000000
1648653145.004277535,0,0.000000
1648653145.027001732,0,0.000000
1648653145.050076056,0,0.000000
1648653145.072136343,0,0.012000
1648653145.095548552,0,0.000000
1648653145.118796584,0,0.000000
1648653145.138096790,0,0.001000
1648653145.160653667,0,0.000000
1648653145.182337617,0,0.000000
1648653145.204890070,0,0.000000
1648653145.227499989,0,0.001000
1648653145.249352624,0,0.000000
1648653145.269990709,0,0.000000
1648653145.293807293,0,0.000000
1648653145.316350891,0,0.000000
1648653145.338938074,0,0.000000
1648653145.363138865,0,0.000000
1648653145.386603628,0,0.001000
1648653145.409926090,0,0.000000
1648653145.432595375,0,0.000000
1648653145.454107232,0,0.000000
1648653145.477181773,0,0.000000
1648653145.500553345,1,0.000000
1648653145.522843210,0,0.000000
1648653145.545645808,0,0.000000
1648653145.568601609,0,0.000000
1648653145.590715648,0,0.000000
1648653145.613914073,0,0.000000
1648653145.636148669,0,0.000000
1648653145.659502473,0,0.000000
1648653145.682764001,0,0.008000
1648653145.706343056,0,0.005000
1648653145.728876350,0,0.000000
1648653145.750620660,0,0.000000
1648653145.771302012,0,0.003000
1648653145.795070058,0,0.000000
1648653145.817010433,0,0.000000
1648653145.838119141,0,0.000000
1648653145.859753748,0,0.000000
1648653145.882622797,0,0.000000
1648653145.905734264,0,0.000000
1648653145.928913745,0,0.000000
1648653145.950036836,0,0.000000
1648653145.973771561,0,0.000000
1648653145.995545154,0,0.000000
1648653146.017459436,0,0.000000
1648653146.041623459,0,0.014000
1648653146.064525963,0,0.000000
1648653146.086262717,0,0.000000
1648653146.109140402,0,0.000000
1648653146.132483034,0,0.000000
1648653146.154074965,0,0.000000
1648653146.175814186,0,0.000000
1648653146.197220050,0,0.000000
1648653146.217926892,0,0.000000
1648653146.238907306,2,0.000000
1648653146.261949867,0,0.001000
1648653146.285531065,0,0.000000
1648653146.307289957,0,0.000000
1648653146.329957757,0,0.000000
1648653146.351251419,0,0.000000
1648653146.372668564,0,0.000000
1648653146.394990611,0,0.000000
1648653146.416073584,0,0.000000
1648653146.437688632,0,0.001000
1648653146.460123050,0,0.000000
1648653146.483094308,0,0.000000
1648653146.506146889,0,0.000000
1648653146.529049023,0,0.001000
1648653146.552424598,0,0.000000
1648653146.575816531,0,0.000000
1648653146.598511023,0,0.000000
1648653146.621504338,0,0.000000
1648653146.643540400,0,0.000000
1648653146.666953775,0,0.000000
1648653146.688886250,0,0.000000
1648653146.711889686,0,0.000000
1648653146.734919343,0,0.000000
1648653146.757685391,0,0.000000
1648653146.778647014,0,0.000000
1648653146.799892610,0,0.000000
1648653146.821724500,1,0.000000
1648653146.843994669,0,0.002000
1648653146.866055964,0,0.000000
1648653146.888334149,0,0.000000
1648653146.908752180,0,0.005000
1648653146.931427196,0,0.000000
1648653146.954468489,0,0.000000
1648653146.975801073,0,0.000000
1648653147.000156169,0,0.000000
1648653147.023667358,0,0.000000
1648653147.044203046,0,0.002000
1648653147.065494462,0,0.001000
1648653147.087713766,0,0.000000
1648653147.108436753,0,0.000000
1648653147.130910560,0,0.000000
1648653147.152721155,0,0.000000
1648653147.175837904,0,0.000000
1648653147.198456797,0,0.001000
1648653147.221951778,0,0.000000
1648653147.244794843,0,0.001000
1648653147.267042443,0,0.000000
1648653147.289749082,0,0.000000
1648653147.310932420,0,0.000000
1648653147.334177019,0,0.000000
1648653147.356184438,0,0.012000
1648653147.378873786,0,0.000000
1648653147.401863722,0,0.001000
1648653147.426310473,0,0.000000
1648653147.450085778,0,0.000000
1648653147.474385316,0,0.000000
1648653147.495137960,0,0.000000
1648653147.518389591,0,0.000000
1648653147.542047702,0,0.001000
1648653147.563030808,0,0.001000
1648653147.586998901,0,0.000000
1648653147.609401659,0,0.000000
1648653147.630205044,0,0.000000
1648653147.651793316,0,0.000000
1648653147.673868897,1,0.000000
1648653147.696132682,0,0.000000
1648653147.719527339,0,0.000000
1648653147.742487064,0,0.001000
1648653147.764273314,0,0.000000
1648653147.785738110,0,0.000000
1648653147.809236200,0,0.000000
1648653147.830912166,0,0.000000
1648653147.854299052,0,0.000000
1648653147.877272931,0,0.000000
1648653147.898484509,0,0.000000
1648653147.921754081,0,0.000000
1648653147.944289138,0,0.000000
1648653147.968074896,0,0.000000
1648653147.992125504,0,0.000000
1648653148.014873554,0,0.000000
1648653148.036869539,0,0.000000
1648653148.058891908,0,0.000000
1648653148.080366765,0,0.000000
1648653148.103577693,0,0.000000
1648653148.124372251,0,0.000000
1648653148.145597098,0,0.000000
1648653148.165479904,0,0.000000
1648653148.187577969,0,0.000000
1648653148.210572866,0,0.000000
1648653148.232937378,0,0.000000
1648653148.255266943,0,0.000000
1648653148.277416621,0,0.000000
1648653148.299831673,0,0.000000
1648653148.322536510,0,0.000000
1648653148.344504319,0,0.000000
1648653148.367339369,0,0.000000
1648653148.390669170,0,0.000000
1648653148.414457243,0,0.000000
1648653148.437400295,0,0.007000
1648653148.459738404,0,0.000000
1648653148.483068165,0,0.000000
1648653148.504005001,0,0.000000
1648653148.526998444,1,0.000000
1648653148.549264020,0,0.000000
1648653148.570726556,0,0.000000
1648653148.594201473,0,0.000000
1648653148.615051553,0,0.000000
1648653148.637965563,0,0.000000
1648653148.660366389,0,0.000000
1648653148.683538332,0,0.000000
1648653148.705020664,0,0.000000
1648653148.726369903,0,0.000000
1648653148.747654663,0,0.000000
1648653148.770425466,0,0.000000
1648653148.793295198,0,0.013000
1648653148.815436893,0,0.000000
1648653148.837305731,0,0.000000
1648653148.860068038,0,0.000000
1648653148.884020928,0,0.000000
1648653148.906541656,2,0.000000
1648653148.928593153,0,0.000000
1648653148.950272448,0,0.001000
1648653148.973754547,0,0.000000
1648653148.996385144,0,0.000000
1648653149.020382499,0,0.000000
1648653149.041056412,0,0.000000
1648653149.063040160,0,0.000000
1648653149.086325379,0,0.000000
1648653149.111086915,0,0.000000
1648653149.131963921,0,0.001000
1648653149.154390853,0,0.000000
1648653149.177818625,0,0.000000
1648653149.199747870,0,0.000000
1648653149.221712380,0,0.000000
1648653149.244549707,0,0.000000
1648653149.267164589,0,0.000000
1648653149.290428853,0,0.000000
1648653149.313620501,0,0.000000
1648653149.335995050,0,0.000000
1648653149.357484510,0,0.000000
1648653149.378434099,0,0.000000
1648653149.402783839,0,0.000000
1648653149.426567337,0,0.000000
1648653149.449824934,0,0.000000
1648653149.471774658,0,0.000000
1648653149.494141727,0,0.000000
1648653149.516138357,0,0.000000
1648653149.539194304,0,0.012000
1648653149.562893648,0,0.000000
1648653149.583409923,0,0.000000
1648653149.605067552,0,0.000000
1648653149.628611662,0,0.000000
1648653149.652205734,0,0.000000
1648653149.672765203,0,0.000000
1648653149.695241324,0,0.000000
1648653149.718039243,0,0.000000
1648653149.739731024,0,0.000000
1648653149.762405278,0,0.000000
1648653149.784265090,0,0.000000
1648653149.807422630,0,0.000000
1648653149.830224658,0,0.000000
1648653149.852251870,0,0.000000
1648653149.874267318,0,0.000000
1648653149.897056810,0,0.000000
1648653149.919725645,0,0.000000
1648653149.943949058,0,0.000000
1648653149.966737773,0,0.002000
1648653149.989134430,0,0.005000
1648653150.011089494,0,0.001000
1648653150.034093984,0,0.000000
1648653150.056808097,0,0.001000
1648653150.079233554,0,0.000000
1648653150.100573112,0,0.000000
1648653150.121457391,0,0.000000
1648653150.145239123,0,0.001000
1648653150.167888045,0,0.000000
1648653150.189710492,0,0.001000
1648653150.213031952,0,0.000000
1648653150.233376594,0,0.001000
1648653150.254278868,0,0.000000
1648653150.277099595,0,0.000000
1648653150.299709009,0,0.000000
1648653150.322172962,1,0.000000
1648653150.345690275,0,0.000000
1648653150.368822238,0,0.000000
1648653150.392833439,0,0.000000
1648653150.415717586,1,0.000000
1648653150.438553159,0,0.000000
1648653150.461921675,0,0.000000
1648653150.483992859,0,0.000000
1648653150.506677896,0,0.000000
1648653150.529026190,0,0.000000
1648653150.552004963,0,0.000000
1648653150.573510609,0,0.000000
1648653150.596438924,1,0.000000
1648653150.620012823,0,0.006000
1648653150.641484296,0,0.000000
1648653150.665938525,0,0.000000
1648653150.690183208,0,0.001000
1648653150.712054131,0,0.000000
1648653150.734080321,0,0.000000
1648653150.757325109,0,0.000000
1648653150.779762685,0,0.004000
1648653150.800952054,0,0.000000
1648653150.823401643,0,0.000000
1648653150.846942521,0,0.000000
1648653150.869277529,0,0.001000
1648653150.890457487,0,0.000000
1648653150.913335593,0,0.000000
1648653150.934330475,0,0.000000
1648653150.957108495,0,0.000000
1648653150.977827159,0,0.001000
1648653150.999947167,0,0.000000
1648653151.020774948,0,0.000000
1648653151.043541024,0,0.003000
1648653151.066272875,0,0.000000
1648653151.088469639,0,0.000000
1648653151.110577680,0,0.000000
1648653151.133280166,0,0.000000
1648653151.156605848,0,0.000000
1648653151.180703801,0,0.000000
1648653151.202708903,0,0.000000
1648653151.225040688,0,0.000000
1648653151.246739284,0,0.000000
1648653151.269735480,0,0.000000
1648653151.290746741,0,0.000000
1648653151.313333597,0,0.000000
1648653151.334500597,0,0.000000
1648653151.358227510,0,0.000000
1648653151.381989688,0,0.000000
1648653151.404584091,0,0.000000
1648653151.425238597,0,0.000000
1648653151.448587046,0,0.000000
1648653151.472445542,0,0.000000
1648653151.495948999,0,0.000000
1648653151.518696817,0,0.000000
1648653151.540162736,1,0.000000
1648653151.562998309,0,0.000000
1648653151.585596231,0,0.000000
1648653151.608530490,0,0.000000
1648653151.631658813,0,0.000000
1648653151.652639718,0,0.000000
1648653151.674673200,0,0.000000
1648653151.698491906,0,0.000000
1648653151.720288772,0,0.000000
1648653151.741829565,0,0.000000
1648653151.764693830,0,0.000000
1648653151.786351552,0,0.000000
1648653151.808815498,0,0.000000
1648653151.833336718,0,0.000000
1648653151.855069583,0,0.000000
1648653151.878463285,0,0.000000
1648653151.901937651,0,0.000000
1648653151.924718958,0,0.000000
1648653151.947554278,0,0.000000
1648653151.971501066,0,0.000000
1648653151.995003506,0,0.000000
1648653152.016453466,0,0.000000
1648653152.039135914,0,0.000000
1648653152.061473659,0,0.000000
1648653152.084982472,0,0.000000
1648653152.108440443,0,0.000000
1648653152.132543325,0,0.000000
1648653152.152162352,0,0.000000
1648653152.173766866,0,0.000000
1648653152.196251946,0,0.001000
1648653152.220006083,0,0.000000
1648653152.243929400,0,0.000000
1648653152.266747734,0,0.000000
1648653152.287831917,0,0.001000
1648653152.309910397,0,0.000000
1648653152.331430986,0,0.000000
1648653152.354450974,0,0.000000
1648653152.376248432,0,0.001000
1648653152.399109405,0,0.000000
1648653152.420504821,0,0.000000
1648653152.444569474,0,0.000000
1648653152.467905572,0,0.000000
1648653152.491028148,0,0.000000
1648653152.513772154,0,0.000000
1648653152.536526499,0,0.015000
1648653152.560800874,0,0.000000
1648653152.583747550,0,0.000000
1648653152.606528860,0,0.000000
1648653152.627978436,0,0.000000
1648653152.649189976,0,0.000000
1648653152.673187110,0,0.000000
1648653152.696872840,0,0.000000
1648653152.719341551,0,0.000000
1648653152.740929490,0,0.000000
1648653152.763985358,0,0.000000
1648653152.787001739,0,0.000000
1648653152.809696177,0,0.000000
1648653152.832049337,0,0.000000
1648653152.855717113,0,0.000000
1648653152.878656038,0,0.000000
1648653152.899508272,0,0.000000
1648653152.923217069,0,0.000000
1648653152.946332356,0,0.000000
1648653152.970147354,0,0.000000
1648653152.993215669,0,0.001000
1648653153.014278419,0,0.000000
1648653153.038135056,0,0.000000
1648653153.062062393,0,0.000000
1648653153.084380966,0,0.000000
1648653153.107626968,0,0.000000
1648653153.129938085,0,0.000000
1648653153.152943560,0,0.000000
1648653153.174885587,0,0.003000
1648653153.197641784,0,0.000000
1648653153.219372166,0,0.000000
1648653153.242328391,0,0.000000
1648653153.265083437,0,0.000000
1648653153.286414480,0,0.000000
1648653153.308848398,0,0.002000
1648653153.331965965,0,0.001000
1648653153.354076848,0,0.000000
1648653153.376881422,1,0.000000
1648653153.400188165,0,0.000000
1648653153.421917185,0,0.000000
1648653153.445256778,0,0.000000
1648653153.466590197,1,0.000000
1648653153.488813523,0,0.000000
1648653153.510623344,0,0.000000
1648653153.533253941,0,0.000000
1648653153.556169774,0,0.000000
1648653153.580443001,0,0.000000
1648653153.603076623,0,0.000000
1648653153.625243307,0,0.000000
1648653153.646883076,0,0.000000
1648653153.669899990,0,0.000000
1648653153.690286772,0,0.000000
1648653153.712571465,0,0.000000
1648653153.733952886,0,0.000000
1648653153.757584339,0,0.000000
1648653153.781445061,0,0.000000
1648653153.804121969,0,0.000000
1648653153.827366980,0,0.000000
1648653153.850455211,0,0.000000
1648653153.872147276,0,0.007000
1648653153.894928856,0,0.000000
1648653153.917010151,0,0.000000
1648653153.938924778,0,0.000000
1648653153.961084734,0,0.000000
1648653153.984083009,0,0.000000
1648653154.008071973,0,0.000000
1648653154.030366875,0,0.000000
1648653154.053335050,0,0.001000
1648653154.076939285,0,0.001000
1648653154.097847790,0,0.000000
1648653154.121459666,0,0.000000
1648653154.143198388,0,0.000000
1648653154.167748388,0,0.001000
1648653154.190170703,0,0.000000
1648653154.212136188,0,0.000000
1648653154.235995688,0,0.000000
1648653154.257685546,0,0.000000
1648653154.279263636,0,0.000000
1648653154.301686169,1,0.000000
1648653154.324977399,0,0.000000
1648653154.348920130,0,0.001000
1648653154.370743187,0,0.000000
1648653154.393814195,0,0.000000
1648653154.417228047,0,0.000000
1648653154.440400629,0,0.000000
1648653154.462757143,0,0.000000
1648653154.485717588,0,0.000000
1648653154.507889661,0,0.000000
1648653154.530769186,0,0.011000
1648653154.554577283,0,0.000000
1648653154.578326508,0,0.000000
1648653154.601041727,0,0.000000
1648653154.623028819,0,0.000000
1648653154.645500993,0,0.001000
1648653154.667403895,0,0.000000
1648653154.690457385,0,0.000000
1648653154.711378740,0,0.000000
1648653154.734753481,0,0.006000
1648653154.757992296,1,0.000000
1648653154.781317148,0,0.000000
1648653154.804387694,0,0.000000
1648653154.826188249,0,0.000000
1648653154.847167830,0,0.000000
1648653154.869790481,0,0.000000
1648653154.893400867,0,0.000000
1648653154.916181429,0,0.000000
1648653154.937261077,0,0.000000
1648653154.960886713,0,0.000000
1648653154.984498044,0,0.000000
1648653155.005493403,0,0.000000
1648653155.028500093,0,0.000000
1648653155.050214906,0,0.000000
1648653155.074235952,0,0.000000
1648653155.097058720,0,0.000000
1648653155.120112097,0,0.000000
1648653155.142312441,0,0.000000
1648653155.164303348,0,0.000000
1648653155.185754455,0,0.000000
1648653155.208070960,0,0.000000
1648653155.230968404,0,0.002000
1648653155.253040570,0,0.000000
1648653155.275815679,0,0.000000
1648653155.297507619,0,0.000000
1648653155.321422714,0,0.000000
1648653155.344066240,0,0.000000
1648653155.365412159,0,0.000000
1648653155.388366768,0,0.000000
1648653155.409251645,0,0.000000
1648653155.431862326,0,0.000000
1648653155.453474989,0,0.000000
1648653155.475858294,0,0.000000
1648653155.499932832,0,0.000000
1648653155.523403324,0,0.000000
1648653155.546351849,0,0.000000
1648653155.569372142,0,0.000000
1648653155.592867496,0,0.000000
1648653155.615390200,0,0.000000
1648653155.638440955,0,0.000000
1648653155.662145654,0,0.000000
1648653155.683716863,0,0.000000
1648653155.707802484,0,0.000000
1648653155.730456868,0,0.001000
1648653155.754083908,0,0.000000
1648653155.775025109,0,0.000000
1648653155.798446478,0,0.001000
1648653155.821931524,0,0.000000
1648653155.845180394,0,0.000000
1648653155.867737687,0,0.001000
1648653155.890629591,0,0.000000
1648653155.912805033,0,0.000000
1648653155.934953520,0,0.000000
1648653155.957086011,0,0.000000
1648653155.978725797,0,0.000000
1648653156.001054811,0,0.000000
1648653156.023614402,0,0.000000
1648653156.047999698,1,0.000000
1648653156.069717261,0,0.001000
1648653156.093125746,0,0.000000
1648653156.115696350,0,0.000000
1648653156.138927792,0,0.002000
1648653156.161689823,0,0.000000
1648653156.185537019,0,0.000000
1648653156.209589848,0,0.000000
1648653156.230772370,0,0.000000
1648653156.254426072,0,0.001000
1648653156.276217858,0,0.001000
1648653156.299650073,0,0.000000
1648653156.319389297,0,0.000000
1648653156.341680157,0,0.000000
1648653156.362936917,0,0.000000
1648653156.384879652,0,0.000000
1648653156.407114053,0,0.000000
1648653156.429508203,0,0.000000
1648653156.452196848,0,0.000000
1648653156.473826959,0,0.000000
1648653156.496291848,0,0.001000
1648653156.520090359,1,0.000000
1648653156.542670276,1,0.001000
1648653156.564881206,0,0.000000
1648653156.586735319,0,0.000000
1648653156.607796503,0,0.000000
1648653156.630265127,0,0.000000
1648653156.653806568,0,0.000000
1648653156.676252112,0,0.000000
1648653156.696206628,0,0.000000
1648653156.719233430,0,0.000000
1648653156.741742970,0,0.000000
1648653156.764713874,0,0.000000
1648653156.788520753,0,0.000000
1648653156.811054437,0,0.000000
1648653156.833191264,0,0.000000
1648653156.857255523,0,0.000000
1648653156.880974149,0,0.006000
1648653156.902939485,0,0.000000
1648653156.925904376,0,0.000000
1648653156.949032813,0,0.000000
1648653156.971748014,0,0.000000
1648653156.995481100,0,0.000000
1648653157.017933652,0,0.000000
1648653157.039715202,0,0.000000
1648653157.060218986,0,0.000000
1648653157.083609103,0,0.000000
1648653157.105410761,0,0.000000
1648653157.129008968,0,0.000000
1648653157.151393412,0,0.000000
1648653157.174622081,0,0.000000
1648653157.197017357,0,0.000000
1648653157.220456416,0,0.000000
1648653157.242653519,0,0.002000
1648653157.263355689,0,0.000000
1648653157.285489869,0,0.000000
1648653157.307631959,0,0.000000
1648653157.330084481,0,0.000000
1648653157.352951952,0,0.000000
1648653157.374432421,0,0.000000
1648653157.398053605,0,0.000000
1648653157.419232692,0,0.000000
1648653157.441375333,0,0.000000
1648653157.464697564,0,0.001000
1648653157.484854951,0,0.000000
1648653157.506843478,0,0.000000
1648653157.529175613,0,0.000000
1648653157.550991582,0,0.000000
1648653157.575094732,0,0.000000
1648653157.598641574,0,0.000000
1648653157.621299642,0,0.000000
1648653157.642353183,0,0.000000
1648653157.664295257,0,0.004000
1648653157.686928183,0,0.000000
1648653157.709823166,0,0.000000
1648653157.732353948,0,0.000000
1648653157.756153315,0,0.001000
1648653157.779669331,0,0.000000
1648653157.801599463,0,0.000000
1648653157.823104448,0,0.000000
1648653157.846223684,0,0.008000
1648653157.869481246,0,0.000000
1648653157.892407918,0,0.000000
1648653157.915861361,0,0.000000
1648653157.936283066,0,0.000000
1648653157.958877254,0,0.000000
1648653157.981475059,0,0.000000
1648653158.004857252,0,0.000000
1648653158.025942517,0,0.000000
1648653158.047906506,0,0.000000
1648653158.068986873,0,0.000000
1648653158.092479347,0,0.001000
1648653158.116018987,0,0.000000
1648653158.137077179,0,0.000000
1648653158.159020883,0,0.000000
1648653158.182316681,0,0.000000
1648653158.204963451,0,0.000000
1648653158.227703656,0,0.000000
1648653158.250934389,0,0.000000
1648653158.272542349,0,0.000000
1648653158.295035075,0,0.000000
1648653158.317972798,0,0.000000
1648653158.339920410,0,0.000000
1648653158.360525420,0,0.003000
1648653158.383108585,0,0.000000
1648653158.405155466,0,0.000000
1648653158.427821348,0,0.000000
1648653158.450277405,0,0.000000
1648653158.473020583,0,0.000000
1648653158.495484769,0,0.000000
1648653158.517472041,0,0.000000
1648653158.541605398,0,0.000000
1648653158.564389334,0,0.000000
1648653158.585812063,0,0.000000
1648653158.608111786,0,0.000000
1648653158.631887520,0,0.008000
1648653158.655247284,0,0.000000
1648653158.679091827,0,0.000000
1648653158.698703211,0,0.000000
1648653158.721029236,0,0.001000
1648653158.742171901,0,0.000000
1648653158.765031609,0,0.000000
1648653158.787883475,0,0.000000
1648653158.809714294,0,0.000000
1648653158.830803877,0,0.000000
1648653158.853563221,0,0.000000
1648653158.874173109,0,0.000000
1648653158.897040910,0,0.001000
1648653158.918422464,0,0.000000
1648653158.941284485,0,0.001000
1648653158.962328171,0,0.000000
1648653158.983403416,0,0.000000
1648653159.005434440,0,0.011000
1648653159.027202405,0,0.000000
1648653159.050180815,0,0.000000
1648653159.073641226,0,0.005000
1648653159.096123649,0,0.000000
1648653159.118316802,0,0.001000
1648653159.140865241,0,0.000000
1648653159.163791065,0,0.000000
1648653159.185881184,0,0.000000
1648653159.207998942,0,0.000000
1648653159.230834855,0,0.000000
1648653159.252796233,1,0.001000
1648653159.276057811,0,0.000000
1648653159.299339446,0,0.000000
1648653159.321889568,0,0.000000
1648653159.342712327,0,0.000000
1648653159.364678574,0,0.000000
1648653159.387132037,0,0.000000
1648653159.410450036,0,0.000000
1648653159.432927079,0,0.000000
1648653159.455088808,0,0.000000
1648653159.477706977,0,0.000000
1648653159.500042149,0,0.000000
1648653159.521485445,0,0.001000
1648653159.545102705,0,0.001000
1648653159.566916641,0,0.000000
1648653159.589537263,0,0.000000
1648653159.610236237,0,0.000000
1648653159.632545414,0,0.009000
1648653159.655690903,0,0.000000
1648653159.679349792,0,0.000000
1648653159.702706104,0,0.000000
1648653159.725460328,0,0.000000
1648653159.748196559,0,0.000000
1648653159.771177609,0,0.000000
1648653159.794919735,0,0.000000
1648653159.818076451,0,0.000000
1648653159.839347559,0,0.000000
1648653159.862535417,0,0.000000
1648653159.884221540,0,0.000000
1648653159.907294441,0,0.001000
1648653159.930105389,0,0.000000
1648653159.951471144,0,0.000000
1648653159.974601886,0,0.005000
1648653159.997708146,0,0.000000
1648653160.019771830,0,0.000000
1648653160.042117714,0,0.000000
1648653160.065952312,0,0.000000
1648653160.087511397,0,0.000000
1648653160.110169923,0,0.000000
1648653160.132095215,0,0.000000
1648653160.155213042,0,0.000000
1648653160.177739335,0,0.001000
1648653160.200405062,0,0.000000
1648653160.222124474,0,0.000000
1648653160.245223325,0,0.000000
1648653160.264908411,0,0.005000
1648653160.286139264,0,0.000000
1648653160.308914043,0,0.000000
1648653160.329586021,0,0.000000
1648653160.350396323,0,0.000000
1648653160.371588364,0,0.001000
1648653160.393719626,0,0.000000
1648653160.415852916,0,0.000000
1648653160.438258496,0,0.000000
1648653160.460204600,0,0.000000
1648653160.483888198,0,0.000000
1648653160.507394081,0,0.000000
1648653160.529754510,0,0.000000
1648653160.554180101,0,0.000000
1648653160.576959682,0,0.001000
1648653160.599691432,0,0.000000
1648653160.622020352,0,0.000000
1648653160.643745287,0,0.000000
1648653160.666438020,0,0.000000
1648653160.689032467,0,0.000000
1648653160.712159209,0,0.000000
1648653160.735822192,0,0.000000
1648653160.759070354,0,0.000000
1648653160.779823377,0,0.000000
1648653160.802309886,0,0.000000
1648653160.825088049,0,0.000000
1648653160.848714810,0,0.001000
1648653160.872387366,0,0.000000
1648653160.893529669,0,0.000000
1648653160.916890917,0,0.000000
1648653160.939387117,0,0.000000
1648653160.962079346,0,0.000000
1648653160.984723320,0,0.000000
1648653161.009380661,0,0.000000
1648653161.033254058,1,0.000000
1648653161.054457647,0,0.000000
1648653161.077020969,0,0.000000
1648653161.101477904,0,0.000000
1648653161.124803253,0,0.000000
1648653161.148098516,0,0.000000
1648653161.169250644,0,0.000000
1648653161.193141860,0,0.000000
1648653161.215535176,0,0.000000
1648653161.237789178,0,0.000000
1648653161.258540232,0,0.012000
1648653161.280523834,0,0.000000
1648653161.303012746,0,0.000000
1648653161.324927549,0,0.000000
1648653161.347495954,0,0.003000
1648653161.369447885,0,0.000000
1648653161.390735341,0,0.000000
1648653161.413651529,0,0.000000
1648653161.435740738,0,0.000000
1648653161.458595285,0,0.000000
1648653161.481865891,1,0.012000
1648653161.505362884,0,0.000000
1648653161.527624868,0,0.000000
1648653161.549465030,0,0.000000
1648653161.573489389,0,0.000000
1648653161.598610334,0,0.000000
1648653161.621699329,0,0.001000
1648653161.643189881,0,0.000000
1648653161.664615915,0,0.000000
1648653161.688824805,0,0.007000
1648653161.711957395,0,0.000000
1648653161.734009056,0,0.000000
1648653161.756148166,0,0.000000
1648653161.778962858,0,0.000000
1648653161.803633679,0,0.000000
1648653161.825139435,0,0.000000
1648653161.847551020,0,0.000000
1648653161.869435515,0,0.000000
1648653161.891864723,0,0.000000
1648653161.915895437,0,0.000000
1648653161.936701882,0,0.000000
1648653161.959655540,0,0.000000
1648653161.983358266,0,0.000000
1648653162.005869390,0,0.000000
1648653162.028257608,0,0.000000
1648653162.052323272,0,0.000000
1648653162.075678770,0,0.000000
1648653162.098092029,0,0.000000
1648653162.121236187,0,0.000000
1648653162.144849983,0,0.000000
1648653162.166469598,0,0.000000
1648653162.189282946,0,0.000000
1648653162.211925260,0,0.002000
1648653162.235218025,0,0.000000
1648653162.256153290,0,0.000000
1648653162.278345775,0,0.000000
1648653162.301490120,0,0.000000
1648653162.325035388,0,0.000000
1648653162.347531458,0,0.000000
1648653162.367889720,0,0.000000
1648653162.391625665,0,0.000000
1648653162.414811338,0,0.000000
1648653162.439245403,0,0.000000
1648653162.461358869,0,0.000000
1648653162.484203426,0,0.000000
1648653162.506447765,0,0.000000
1648653162.530404091,0,0.000000
1648653162.552035801,0,0.000000
1648653162.574940170,0,0.000000
1648653162.596431116,0,0.000000
1648653162.618339243,0,0.001000
1648653162.640063120,0,0.000000
1648653162.663102273,0,0.000000
1648653162.683497746,0,0.002000
1648653162.705429112,0,0.000000
1648653162.728980711,0,0.002000
1648653162.751611181,0,0.000000
1648653162.774332139,0,0.000000
1648653162.797237309,0,0.000000
1648653162.819697128,0,0.008000
1648653162.841168196,0,0.000000
1648653162.863006100,0,0.000000
1648653162.886208001,0,0.000000
1648653162.908702648,0,0.000000
1648653162.932076068,0,0.000000
1648653162.955652348,0,0.000000
1648653162.978839938,0,0.000000
1648653163.003880669,0,0.001000
1648653163.026308216,0,0.000000
1648653163.047731083,0,0.000000
1648653163.071090477,0,0.016000
1648653163.093041803,0,0.000000
1648653163.117135987,0,0.000000
1648653163.140419456,0,0.000000
1648653163.164361194,0,0.000000
1648653163.187128060,0,0.000000
1648653163.208635908,1,0.000000
1648653163.231879468,0,0.000000
1648653163.255593811,0,0.000000
1648653163.276500023,0,0.005000
1648653163.298948128,0,0.000000
1648653163.322080655,0,0.000000
1648653163.344060758,0,0.000000
1648653163.367240170,0,0.000000
1648653163.389430493,0,0.000000
1648653163.410686039,0,0.000000
1648653163.433278402,0,0.000000
1648653163.456900117,0,0.000000
1648653163.478991848,0,0.000000
1648653163.500327227,0,0.000000
1648653163.522591470,0,0.000000
1648653163.542833873,0,0.000000
1648653163.563082811,0,0.000000
1648653163.584687851,0,0.000000
1648653163.607405897,0,0.000000
1648653163.627774156,0,0.000000
1648653163.650541326,0,0.000000
1648653163.669851400,0,0.000000
1648653163.692274133,0,0.000000
1648653163.714338663,0,0.000000
1648653163.737433832,0,0.000000
1648653163.758892856,0,0.000000
1648653163.782359120,0,0.000000
1648653163.804485342,0,0.000000
1648653163.827463788,0,0.000000
1648653163.850676822,0,0.000000
1648653163.872559727,0,0.000000
1648653163.895296046,1,0.000000
1648653163.918665062,0,0.000000
1648653163.941410177,0,0.001000
1648653163.962842134,0,0.000000
1648653163.985835863,0,0.000000
1648653164.009260557,0,0.000000
1648653164.032946330,0,0.000000
1648653164.056416929,0,0.000000
1648653164.080065247,2,0.002000
1648653164.102333905,0,0.000000
1648653164.126746123,0,0.000000
1648653164.149339289,0,0.000000
1648653164.171355308,0,0.000000
1648653164.194232837,0,0.000000
1648653164.217341513,0,0.000000
1648653164.238824032,0,0.000000
1648653164.260492915,0,0.000000
1648653164.283284777,0,0.000000
1648653164.306927968,0,0.000000
1648653164.329794050,0,0.000000
1648653164.352926706,0,0.000000
1648653164.375487866,0,0.001000
1648653164.398386950,0,0.000000
1648653164.421506896,0,0.000000
1648653164.445047353,0,0.000000
1648653164.468415416,0,0.000000
1648653164.490875770,0,0.001000
1648653164.513350038,0,0.000000
1648653164.534760926,0,0.000000
1648653164.558475895,0,0.000000
1648653164.580993308,0,0.000000
1648653164.603481954,0,0.000000
1648653164.625818615,0,0.003000
1648653164.648464071,0,0.000000
1648653164.670404452,0,0.000000
1648653164.694415002,0,0.000000
1648653164.714820110,0,0.010000
1648653164.735005074,0,0.000000
1648653164.757933615,0,0.004000
1648653164.778687629,0,0.000000
1648653164.800710653,0,0.000000
1648653164.824331754,0,0.000000
1648653164.846880375,0,0.000000
1648653164.868086431,0,0.000000
1648653164.889508300,0,0.000000
1648653164.910765220,0,0.000000
1648653164.933324462,0,0.000000
1648653164.956594421,0,0.000000
1648653164.979677838,0,0.003000
1648653165.003474537,0,0.000000
1648653165.024022547,0,0.000000
1648653165.047400618,0,0.000000
1648653165.070814951,0,0.001000
1648653165.093272969,0,0.000000
1648653165.116313843,0,0.000000
1648653165.138485613,0,0.000000
1648653165.159360908,0,0.000000
1648653165.182181288,0,0.000000
1648653165.204249693,0,0.000000
1648653165.226457648,0,0.000000
1648653165.247506617,0,0.000000
1648653165.271293188,0,0.000000
1648653165.292705684,0,0.000000
1648653165.315510905,0,0.000000
1648653165.338738856,0,0.000000
1648653165.360027063,0,0.001000
1648653165.382058567,0,0.000000
1648653165.405878086,0,0.001000
1648653165.429253688,0,0.000000
1648653165.450970442,0,0.000000
1648653165.473635723,0,0.000000
1648653165.496476916,0,0.000000
1648653165.519574827,0,0.000000
1648653165.540863886,0,0.000000
1648653165.564657668,0,0.001000
1648653165.587166691,0,0.001000
1648653165.611234791,0,0.000000
1648653165.632521581,0,0.002000
1648653165.654660080,0,0.000000
1648653165.676291643,0,0.000000
1648653165.698660365,0,0.000000
1648653165.722071579,0,0.000000
1648653165.746644987,0,0.000000
1648653165.766903233,0,0.000000
1648653165.790885332,0,0.000000
1648653165.815221779,0,0.000000
1648653165.835450469,0,0.001000
1648653165.858126195,0,0.000000
1648653165.880969830,0,0.000000
1648653165.901805784,0,0.000000
1648653165.925284883,0,0.000000
1648653165.948620481,0,0.000000
1648653165.971474703,0,0.000000
1648653165.993157902,0,0.000000
1648653166.016043531,0,0.001000
1648653166.039806641,0,0.000000
1648653166.063725546,0,0.000000
1648653166.086080649,0,0.000000
1648653166.107986122,0,0.000000
1648653166.131350776,0,0.000000
1648653166.154718209,0,0.000000
1648653166.177419679,0,0.000000
1648653166.199899650,0,0.000000
1648653166.222336542,0,0.001000
1648653166.245944313,0,0.000000
1648653166.268017168,0,0.000000
1648653166.290490465,0,0.000000
1648653166.313434749,0,0.000000
1648653166.336545777,0,0.000000
1648653166.359381194,0,0.000000
1648653166.381181043,0,0.000000
1648653166.404363198,0,0.003000
1648653166.426878767,0,0.000000
1648653166.448079497,0,0.000000
1648653166.471479589,0,0.001000
1648653166.493076384,0,0.000000
1648653166.515548394,0,0.000000
1648653166.536973273,0,0.000000
1648653166.558715977,1,0.000000
1648653166.582339385,0,0.000000
1648653166.605658119,0,0.000000
1648653166.628882661,0,0.000000
1648653166.651774680,0,0.000000
1648653166.673645312,0,0.000000
1648653166.697132295,0,0.000000
1648653166.720170142,0,0.000000
1648653166.740222530,0,0.000000
1648653166.762928345,0,0.000000
1648653166.785778993,0,0.000000
1648653166.807387646,0,0.000000
1648653166.829423030,0,0.004000
1648653166.851941333,0,0.001000
1648653166.876459528,0,0.000000
1648653166.897703249,0,0.000000
1648653166.918869665,0,0.000000
1648653166.942304885,0,0.001000
1648653166.963031065,0,0.000000
1648653166.986456200,0,0.000000
1648653167.010932387,0,0.000000
1648653167.033866713,0,0.001000
1648653167.055895679,0,0.000000
1648653167.078317212,0,0.001000
1648653167.102313506,0,0.000000
1648653167.125366643,0,0.000000
1648653167.147823787,0,0.000000
1648653167.171103456,0,0.001000
1648653167.193684442,1,0.000000
1648653167.217408237,0,0.004000
1648653167.241252522,0,0.000000
1648653167.262842860,0,0.000000
1648653167.285968281,0,0.000000
1648653167.307987812,0,0.000000
1648653167.330012574,0,0.000000
1648653167.353195971,0,0.000000
1648653167.375943641,0,0.000000
1648653167.399147442,0,0.000000
1648653167.422471302,0,0.000000
1648653167.445530218,0,0.000000
1648653167.466314636,0,0.000000
1648653167.488435661,0,0.002000
1648653167.511431602,0,0.002000
1648653167.535348904,0,0.000000
1648653167.557066616,0,0.000000
1648653167.579451673,0,0.000000
1648653167.603118875,0,0.000000
1648653167.624739685,0,0.000000
1648653167.646073257,0,0.002000
1648653167.668692536,0,0.000000
1648653167.690060258,0,0.000000
1648653167.711580520,0,0.000000
1648653167.734325140,0,0.000000
1648653167.754978877,0,0.000000
1648653167.778281327,0,0.000000
1648653167.800762560,0,0.000000
1648653167.823695763,0,0.000000
1648653167.846245351,0,0.000000
1648653167.868925675,0,0.001000
1648653167.893194852,0,0.000000
1648653167.917036932,0,0.000000
1648653167.939269174,0,0.000000
1648653167.962375035,0,0.000000
1648653167.984762545,0,0.000000
1648653168.006925556,0,0.000000
1648653168.030541238,0,0.000000
1648653168.051940591,0,0.000000
1648653168.074147072,0,0.000000
1648653168.097359421,0,0.001000
1648653168.118471453,0,0.000000
1648653168.140873407,0,0.000000
1648653168.163299405,0,0.000000
1648653168.183951583,0,0.000000
1648653168.205852406,0,0.000000
1648653168.227986120,1,0.000000
1648653168.250457088,0,0.000000
1648653168.272377427,0,0.000000
1648653168.295462115,0,0.000000
1648653168.318078248,0,0.000000
1648653168.342179038,0,0.000000
1648653168.365724370,2,0.000000
1648653168.387959351,0,0.000000
1648653168.411202134,0,0.000000
1648653168.434133099,0,0.000000
1648653168.456994581,0,0.000000
1648653168.480284680,0,0.000000
1648653168.501367655,0,0.000000
1648653168.523969922,0,0.001000
1648653168.547131280,0,0.000000
1648653168.568681184,0,0.000000
1648653168.590454820,0,0.000000
1648653168.612968787,0,0.000000
1648653168.636260079,0,0.000000
1648653168.660303871,0,0.000000
1648653168.683862722,0,0.000000
1648653168.705019555,0,0.000000
1648653168.727756970,0,0.000000
1648653168.749096989,0,0.000000
1648653168.771369287,0,0.000000
1648653168.793594310,0,0.000000
1648653168.815749033,0,0.000000
1648653168.837663437,0,0.000000
1648653168.861122376,0,0.000000
1648653168.884938999,0,0.000000
1648653168.906995449,0,0.000000
1648653168.930408717,0,0.000000
1648653168.953200206,0,0.000000
1648653168.975646718,0,0.000000
1648653168.997010905,0,0.000000
1648653169.018788605,0,0.000000
1648653169.042719205,1,0.000000
1648653169.066426742,0,0.000000
1648653169.086524193,0,0.000000
1648653169.108732123,0,0.000000
1648653169.132441858,0,0.000000
1648653169.154925033,0,0.005000
1648653169.177605488,0,0.000000
1648653169.200745793,1,0.000000
1648653169.225162891,1,0.001000
1648653169.248226311,0,0.000000
1648653169.269098785,0,0.000000
1648653169.292187327,0,0.000000
1648653169.313408993,0,0.003000
1648653169.337121983,0,0.000000
1648653169.360894979,0,0.000000
1648653169.382854098,0,0.000000
1648653169.405765129,0,0.000000
1648653169.425674779,0,0.000000
1648653169.449009222,0,0.000000
1648653169.470542874,0,0.000000
1648653169.494239814,0,0.000000
1648653169.518196274,0,0.000000
1648653169.540052873,0,0.000000
1648653169.562329730,0,0.001000
1648653169.582540162,0,0.000000
1648653169.605328054,0,0.000000
1648653169.628502877,0,0.000000
1648653169.652458963,0,0.000000
1648653169.674051873,0,0.000000
1648653169.697293701,0,0.000000
1648653169.718289913,0,0.000000
1648653169.740329741,0,0.000000
1648653169.762609371,0,0.001000
1648653169.784142787,0,0.000000
1648653169.808105347,0,0.000000
1648653169.830921260,0,0.000000
1648653169.851847673,0,0.000000
1648653169.874501633,0,0.000000
1648653169.896720426,0,0.000000
1648653169.920433958,0,0.000000
1648653169.944450822,0,0.000000
1648653169.965481055,0,0.001000
1648653169.987214107,0,0.000000
1648653170.009223845,0,0.000000
1648653170.031379290,0,0.000000
1648653170.054326477,0,0.000000
1648653170.074562032,0,0.000000
1648653170.097194761,0,0.000000
1648653170.120010468,0,0.013000
1648653170.143061283,0,0.000000
1648653170.165002841,0,0.000000
1648653170.188779645,0,0.001000
1648653170.212900107,0,0.000000
1648653170.235714936,0,0.000000
1648653170.258500187,0,0.000000
1648653170.279410353,0,0.001000
1648653170.302277822,0,0.001000
1648653170.324792982,0,0.000000
1648653170.345439034,0,0.000000
1648653170.369357362,0,0.000000
1648653170.390755837,0,0.000000
1648653170.413541454,0,0.006000
1648653170.436671722,0,0.000000
1648653170.459430522,0,0.000000
1648653170.480739392,0,0.000000
1648653170.503928087,0,0.003000
1648653170.526161849,0,0.000000
1648653170.548895730,0,0.000000
1648653170.571408851,0,0.000000
1648653170.594403817,0,0.000000
1648653170.617387968,0,0.000000
1648653170.638846184,0,0.000000
1648653170.661492727,0,0.002000
1648653170.681722379,0,0.000000
1648653170.703299697,0,0.000000
1648653170.725723488,0,0.001000
1648653170.747817165,0,0.000000
1648653170.771733528,0,0.000000
1648653170.793989488,0,0.000000
1648653170.816524158,0,0.000000
1648653170.837472531,0,0.000000
1648653170.860538927,0,0.001000
1648653170.882467587,0,0.000000
1648653170.904917523,0,0.001000
1648653170.927369769,0,0.000000
1648653170.950162382,0,0.000000
1648653170.973557098,0,0.001000
1648653170.996569538,0,0.000000
1648653171.019978281,1,0.000000
1648653171.042013853,0,0.000000
1648653171.065376596,0,0.000000
1648653171.088710281,0,0.000000
1648653171.110442098,0,0.000000
1648653171.132481787,0,0.000000
1648653171.155180617,0,0.001000
1648653171.179098545,0,0.000000
1648653171.200475124,0,0.000000
1648653171.223416731,0,0.000000
1648653171.245325358,0,0.000000
1648653171.268059265,0,0.000000
1648653171.289487047,0,0.000000
1648653171.313161848,0,0.000000
1648653171.335152518,0,0.000000
1648653171.357794587,0,0.000000
1648653171.380198663,0,0.000000
1648653171.401185523,0,0.000000
1648653171.423486664,0,0.000000
1648653171.445848414,0,0.001000
1648653171.467785236,0,0.001000
1648653171.490459775,0,0.000000
1648653171.512439648,0,0.000000
1648653171.534961919,0,0.003000
1648653171.557431634,0,0.000000
1648653171.580050674,0,0.000000
1648653171.602574505,0,0.000000
1648653171.625494245,0,0.001000
1648653171.648030565,0,0.000000
1648653171.671566508,0,0.000000
1648653171.692169861,0,0.000000
1648653171.714787173,0,0.000000
1648653171.736850630,0,0.015000
1648653171.759128042,0,0.000000
1648653171.782467115,0,0.000000
1648653171.806805443,0,0.001000
1648653171.830798316,0,0.000000
1648653171.853388752,0,0.000000
1648653171.876444492,0,0.000000
1648653171.899088352,0,0.001000
1648653171.923423296,0,0.000000
1648653171.945434496,0,0.001000
1648653171.967104631,0,0.000000
1648653171.989905455,0,0.000000
1648653172.012695071,0,0.000000
1648653172.033757766,0,0.000000
1648653172.058007260,0,0.000000
1648653172.079690782,0,0.000000
1648653172.101039653,0,0.000000
1648653172.124741640,0,0.000000
1648653172.146498833,0,0.000000
1648653172.169438018,0,0.000000
1648653172.192341217,0,0.000000
1648653172.214160352,0,0.000000
1648653172.237936764,0,0.000000
1648653172.258990126,1,0.000000
1648653172.281072143,0,0.000000
1648653172.302449745,0,0.000000
1648653172.325297521,0,0.000000
1648653172.349776696,0,0.000000
1648653172.370478578,0,0.000000
1648653172.393199801,0,0.000000
1648653172.414808769,0,0.000000
1648653172.436656987,0,0.000000
1648653172.457915502,0,0.000000
1648653172.480947540,1,0.000000
1648653172.502819046,0,0.000000
1648653172.525713155,0,0.001000
1648653172.548623297,0,0.000000
1648653172.571463160,0,0.000000
1648653172.593472952,0,0.003000
1648653172.617027035,0,0.000000
1648653172.638411573,0,0.000000
1648653172.660255980,0,0.000000
1648653172.682493298,0,0.000000
1648653172.703004622,1,0.000000
1648653172.726333381,0,0.000000
1648653172.747387748,0,0.000000
1648653172.769817595,0,0.000000
1648653172.794089027,0,0.000000
1648653172.815755600,0,0.000000
1648653172.837789954,0,0.000000
1648653172.859937163,0,0.000000
1648653172.882036679,0,0.000000
1648653172.904171816,0,0.001000
1648653172.926788885,0,0.000000
1648653172.949248633,0,0.000000
1648653172.972578927,0,0.008000
1648653172.994463263,0,0.000000
1648653173.013941127,0,0.000000
1648653173.035496224,0,0.000000
1648653173.058243095,0,0.000000
1648653173.079187894,0,0.000000
1648653173.101246012,0,0.000000
1648653173.123962004,0,0.000000
1648653173.146076326,0,0.003000
1648653173.168593857,0,0.000000
1648653173.191416470,0,0.001000
1648653173.213933149,0,0.000000
1648653173.236468312,1,0.000000
1648653173.258961511,0,0.000000
1648653173.281981073,0,0.000000
1648653173.303846823,0,0.000000
1648653173.328779777,0,0.000000
1648653173.349442832,0,0.000000
1648653173.373493065,0,0.000000
1648653173.395578186,0,0.000000
1648653173.416323741,0,0.000000
1648653173.438827212,0,0.000000
1648653173.459625921,0,0.000000
1648653173.482744099,0,0.000000
1648653173.506266842,1,0.000000
1648653173.529675746,0,0.000000
1648653173.551610056,0,0.000000
1648653173.575460236,1,0.000000
1648653173.596255580,1,0.002000
1648653173.618673002,0,0.000000
1648653173.639598906,0,0.000000
1648653173.660555123,0,0.001000
1648653173.681871808,0,0.000000
1648653173.706290341,0,0.001000
1648653173.729768078,0,0.000000
1648653173.753590325,0,0.000000
1648653173.776508522,0,0.000000
1648653173.799845831,0,0.000000
1648653173.821101685,0,0.000000
1648653173.843537344,0,0.000000
1648653173.865962864,0,0.011000
1648653173.888667472,0,0.000000
1648653173.911152417,0,0.001000
1648653173.933965375,0,0.000000
1648653173.956013693,0,0.006000
1648653173.978546788,0,0.000000
1648653174.001963851,0,0.000000
1648653174.024444337,0,0.000000
1648653174.047804079,0,0.000000
1648653174.069837531,0,0.001000
1648653174.092600767,0,0.000000
1648653174.114747347,0,0.000000
1648653174.137239338,0,0.000000
1648653174.159259120,0,0.000000
1648653174.180718025,0,0.000000
1648653174.201020523,0,0.002000
1648653174.224380787,0,0.011000
1648653174.247093047,0,0.000000
1648653174.269800350,0,0.000000
1648653174.292657972,0,0.000000
1648653174.315989022,0,0.000000
1648653174.339624799,0,0.000000
1648653174.361997201,0,0.000000
1648653174.384851013,0,0.000000
1648653174.408818292,0,0.000000
1648653174.431401904,0,0.000000
1648653174.453013667,0,0.000000
1648653174.476844130,0,0.000000
1648653174.499891754,0,0.000000
1648653174.521908701,0,0.000000
1648653174.543966321,0,0.000000
1648653174.565901743,0,0.000000
1648653174.586969038,0,0.000000
1648653174.609105519,0,0.000000
1648653174.632344333,0,0.000000
1648653174.655190050,0,0.002000
1648653174.678609491,0,0.000000
1648653174.700880909,0,0.001000
1648653174.721360437,0,0.000000
1648653174.744085082,0,0.000000
1648653174.767230971,0,0.000000
1648653174.787993154,0,0.000000
1648653174.809041199,0,0.000000
1648653174.832494764,0,0.000000
1648653174.855757667,0,0.000000
1648653174.878784944,0,0.000000
1648653174.901106720,0,0.000000
1648653174.923404865,0,0.000000
1648653174.946285154,0,0.000000
1648653174.968508152,0,0.000000
1648653174.990309399,0,0.000000
1648653175.013374155,0,0.000000
1648653175.034960930,0,0.001000
1648653175.058411233,0,0.000000
1648653175.081972497,0,0.000000
1648653175.104422206,0,0.000000
1648653175.127411710,0,0.000000
1648653175.150676745,0,0.000000
1648653175.174675217,0,0.000000
1648653175.197285020,0,0.001000
1648653175.220918165,0,0.000000
1648653175.243473758,0,0.000000
1648653175.265490882,0,0.000000
1648653175.286666562,0,0.000000
1648653175.309229947,0,0.000000
1648653175.330197013,0,0.000000
1648653175.351269446,0,0.000000
1648653175.373015535,0,0.000000
1648653175.395423983,0,0.000000
1648653175.417442310,0,0.000000
1648653175.440311117,0,0.000000
1648653175.463392587,0,0.000000
1648653175.484081024,0,0.000000
1648653175.506771746,0,0.000000
1648653175.528575571,0,0.000000
1648653175.550024449,0,0.000000
