1648654155.542699306,0,0.000000
1648654155.566950280,0,0.000000
1648654155.587503312,0,0.000000
1648654155.608949189,0,0.000000
1648654155.632277684,0,0.000000
1648654155.653960869,0,0.000000
1648654155.674405950,0,0.000000
1648654155.695958490,0,0.000000
1648654155.718805503,0,0.000000
1648654155.739450339,0,0.000000
1648654155.760503559,0,0.000000
1648654155.781967593,0,0.000000
1648654155.804544997,0,0.000000
1648654155.826665110,0,0.000000
1648654155.847658721,0,0.000000
1648654155.870784176,0,0.000000
1648654155.893362885,0,0.000000
1648654155.915417337,0,0.000000
1648654155.936664355,0,0.000000
1648654155.959366495,0,0.000000
1648654155.980294535,0,0.001000
1648654156.003971457,37,0.455000
1648654156.025799844,20,0.255000
1648654156.047860326,0,0.000000
1648654156.071509989,0,0.000000
1648654156.094793879,0,0.000000
1648654156.117820452,0,0.000000
1648654156.142129177,0,0.000000
1648654156.165201834,0,0.000000
1648654156.188571318,0,0.000000
1648654156.213325990,0,0.006000
1648654156.236991450,0,0.000000
1648654156.258429466,0,0.000000
1648654156.281309791,0,0.000000
1648654156.303562236,0,0.000000
1648654156.325797441,1,0.000000
1648654156.348731152,0,0.000000
1648654156.371836464,0,0.000000
1648654156.394215029,0,0.001000
1648654156.415531894,0,0.000000
1648654156.438662785,0,0.000000
1648654156.462091557,0,0.000000
1648654156.484827618,0,0.000000
1648654156.507166541,0,0.001000
1648654156.527118561,0,0.000000
1648654156.550277757,0,0.000000
1648654156.572952069,1,0.000000
1648654156.594835987,0,0.000000
1648654156.617364053,0,0.000000
1648654156.637111736,0,0.001000
1648654156.659622806,0,0.000000
1648654156.684229110,0,0.000000
1648654156.706137934,0,0.000000
1648654156.728245228,0,0.001000
1648654156.751210175,0,0.000000
1648654156.774468086,0,0.001000
1648654156.797003208,0,0.000000
1648654156.820279253,0,0.000000
1648654156.843147829,0,0.001000
1648654156.865423051,0,0.000000
1648654156.889945763,0,0.000000
1648654156.913414916,0,0.000000
1648654156.937209512,0,0.000000
1648654156.959470703,0,0.000000
1648654156.982725834,0,0.000000
1648654157.005602844,0,0.000000
1648654157.027586327,0,0.000000
1648654157.049083493,0,0.000000
1648654157.072313560,0,0.000000
1648654157.094895841,0,0.002000
1648654157.116332132,0,0.000000
1648654157.138806890,0,0.000000
1648654157.159362595,0,0.000000
1648654157.182500625,0,0.000000
1648654157.204410546,0,0.000000
1648654157.226231863,0,0.000000
1648654157.248567345,0,0.000000
1648654157.270956860,0,0.000000
1648654157.295310611,0,0.000000
1648654157.317317182,0,0.000000
1648654157.338398484,0,0.000000
1648654157.361573856,0,0.000000
1648654157.383374074,0,0.000000
1648654157.405669953,0,0.000000
1648654157.427848401,0,0.000000
1648654157.450450150,0,0.000000
1648654157.473407990,0,0.000000
1648654157.494803604,0,0.001000
1648654157.517320656,1,0.001000
1648654157.538783453,1,0.014000
1648654157.561469000,0,0.000000
1648654157.584106215,0,0.000000
1648654157.607928344,0,0.001000
1648654157.632394788,0,0.001000
1648654157.655228705,0,0.000000
1648654157.676898428,0,0.000000
1648654157.698634152,0,0.000000
1648654157.722100185,0,0.000000
1648654157.745219181,0,0.000000
1648654157.769121536,0,0.000000
1648654157.792173129,0,0.012000
1648654157.814102757,0,0.000000
1648654157.836579639,0,0.000000
1648654157.860500181,0,0.000000
1648654157.881649089,0,0.000000
1648654157.904301568,0,0.000000
1648654157.925260551,0,0.000000
1648654157.949301403,0,0.000000
1648654157.970162191,0,0.000000
1648654157.991080322,0,0.000000
1648654158.012734964,0,0.004000
1648654158.036394862,0,0.000000
1648654158.057723841,0,0.000000
1648654158.081051666,0,0.001000
1648654158.103536906,0,0.000000
1648654158.126449092,0,0.000000
1648654158.149456463,0,0.000000
1648654158.171961586,0,0.000000
1648654158.192386007,0,0.000000
1648654158.215002355,0,0.000000
1648654158.238054318,0,0.000000
1648654158.259152766,0,0.000000
1648654158.280017717,0,0.000000
1648654158.302342025,0,0.000000
1648654158.325479020,0,0.000000
1648654158.346106501,0,0.000000
1648654158.368268125,0,0.000000
1648654158.390533034,0,0.000000
1648654158.410879192,0,0.000000
1648654158.433436286,0,0.000000
1648654158.455140342,1,0.000000
1648654158.477206923,0,0.000000
1648654158.500320955,0,0.001000
1648654158.521372574,0,0.000000
1648654158.543853468,0,0.000000
1648654158.565717916,0,0.000000
1648654158.588949809,0,0.000000
1648654158.610637707,0,0.000000
1648654158.634138698,0,0.001000
1648654158.656442486,0,0.000000
1648654158.681029873,0,0.000000
1648654158.703057545,0,0.001000
1648654158.725758617,0,0.000000
1648654158.748812586,0,0.000000
1648654158.771087964,0,0.000000
1648654158.795089199,0,0.000000
1648654158.816773504,0,0.000000
1648654158.838498231,0,0.000000
1648654158.860371804,0,0.000000
1648654158.882277530,0,0.001000
1648654158.905324053,0,0.000000
1648654158.925809656,0,0.000000
1648654158.948411359,0,0.000000
1648654158.970645726,0,0.005000
1648654158.990464207,0,0.000000
1648654159.013273635,0,0.001000
1648654159.037371823,0,0.001000
1648654159.060474646,0,0.000000
1648654159.083405974,0,0.000000
1648654159.106620782,0,0.000000
1648654159.128981054,0,0.000000
1648654159.152762102,0,0.000000
1648654159.174201919,0,0.000000
1648654159.196420990,0,0.000000
1648654159.219098318,0,0.000000
1648654159.241547679,0,0.000000
1648654159.263975596,0,0.000000
1648654159.285261915,0,0.000000
1648654159.308323325,1,0.000000
1648654159.332255546,0,0.000000
1648654159.354195249,0,0.000000
1648654159.376248302,0,0.000000
1648654159.399886368,0,0.000000
1648654159.422369009,0,0.000000
1648654159.443449938,0,0.000000
1648654159.466533731,0,0.000000
1648654159.490122681,0,0.000000
1648654159.512178192,1,0.000000
1648654159.535021788,0,0.002000
1648654159.556986887,0,0.000000
1648654159.578415079,0,0.000000
1648654159.598998276,0,0.000000
1648654159.619842240,0,0.000000
1648654159.642222972,0,0.000000
1648654159.665493974,0,0.000000
1648654159.687065234,0,0.000000
1648654159.710445522,0,0.000000
1648654159.733101986,0,0.005000
1648654159.755839723,0,0.000000
1648654159.779547213,0,0.000000
1648654159.801631930,1,0.000000
1648654159.822637647,0,0.001000
1648654159.845988759,0,0.000000
1648654159.869465136,0,0.000000
1648654159.891388847,1,0.000000
1648654159.913389684,0,0.000000
1648654159.937841948,0,0.003000
1648654159.960864640,0,0.000000
1648654159.981808185,0,0.000000
1648654160.004761792,0,0.000000
1648654160.028117206,1,0.000000
1648654160.050656736,0,0.000000
1648654160.072550479,0,0.000000
1648654160.096919397,0,0.010000
1648654160.119721945,1,0.002000
1648654160.142887313,0,0.000000
1648654160.165669130,0,0.000000
1648654160.188703509,0,0.000000
1648654160.210425843,0,0.000000
1648654160.232725935,0,0.000000
1648654160.255544027,0,0.000000
1648654160.279285703,0,0.005000
1648654160.302328781,0,0.000000
1648654160.326206453,0,0.000000
1648654160.348063675,1,0.000000
1648654160.369929148,0,0.000000
1648654160.391769958,0,0.000000
1648654160.414403755,0,0.000000
1648654160.438597105,0,0.000000
1648654160.461987807,0,0.000000
1648654160.483952505,0,0.011000
1648654160.505682323,0,0.000000
1648654160.525685503,0,0.000000
1648654160.549761792,0,0.000000
1648654160.572061659,0,0.000000
1648654160.593303651,0,0.000000
1648654160.616881546,0,0.000000
1648654160.640875340,0,0.000000
1648654160.663975991,0,0.000000
1648654160.686876391,0,0.000000
1648654160.709952323,0,0.000000
1648654160.733318524,1,0.000000
1648654160.754334234,0,0.001000
1648654160.776018515,0,0.000000
1648654160.798725421,0,0.000000
1648654160.821428773,0,0.000000
1648654160.844531071,0,0.000000
1648654160.866678431,0,0.000000
1648654160.888028202,0,0.000000
1648654160.909505241,0,0.000000
1648654160.932213178,0,0.000000
1648654160.952754280,0,0.000000
1648654160.974674857,0,0.003000
1648654160.995373609,0,0.000000
1648654161.019332479,0,0.000000
1648654161.038288944,0,0.000000
1648654161.059953435,0,0.000000
1648654161.081270953,1,0.000000
1648654161.103157871,0,0.000000
1648654161.125505971,0,0.000000
1648654161.148918392,0,0.008000
1648654161.172027690,0,0.000000
1648654161.195676214,0,0.000000
1648654161.218501545,0,0.000000
1648654161.242946751,0,0.000000
1648654161.265368252,0,0.000000
1648654161.288294060,0,0.000000
1648654161.310309181,0,0.000000
1648654161.333556258,0,0.000000
1648654161.356082954,0,0.000000
1648654161.378715119,0,0.000000
1648654161.403066357,0,0.000000
1648654161.424565597,0,0.000000
1648654161.447210371,0,0.000000
1648654161.470147486,0,0.000000
1648654161.493112030,0,0.000000
1648654161.516293340,0,0.000000
1648654161.539182479,0,0.000000
1648654161.562669874,0,0.000000
1648654161.583421081,0,0.010000
1648654161.606898711,0,0.000000
1648654161.630720650,0,0.000000
1648654161.653698531,0,0.000000
1648654161.674259034,0,0.000000
1648654161.695491851,0,0.000000
1648654161.718296096,0,0.000000
1648654161.741309994,0,0.000000
1648654161.761388559,0,0.000000
1648654161.782440874,0,0.000000
1648654161.804887505,0,0.000000
1648654161.826182457,0,0.000000
1648654161.847487456,0,0.000000
1648654161.869990055,0,0.000000
1648654161.890745679,0,0.000000
1648654161.913989922,0,0.000000
1648654161.934979317,0,0.000000
1648654161.957324093,0,0.000000
1648654161.978727182,0,0.000000
1648654162.001061626,0,0.004000
1648654162.023110056,0,0.000000
1648654162.047202014,0,0.003000
1648654162.068297506,0,0.000000
1648654162.092177657,0,0.000000
1648654162.114063670,0,0.000000
1648654162.137273968,0,0.000000
1648654162.160397437,0,0.000000
1648654162.183014695,0,0.000000
1648654162.204950673,0,0.011000
1648654162.226151255,0,0.000000
1648654162.250061528,0,0.000000
1648654162.272868444,0,0.001000
1648654162.296309111,0,0.000000
1648654162.319074208,0,0.000000
1648654162.340022415,0,0.000000
1648654162.360865459,0,0.000000
1648654162.382501173,0,0.000000
1648654162.405503221,0,0.000000
1648654162.428626742,0,0.000000
1648654162.450831199,0,0.004000
1648654162.474064303,0,0.000000
1648654162.493302801,0,0.000000
1648654162.516298302,0,0.000000
1648654162.539540000,0,0.000000
1648654162.563232137,0,0.000000
1648654162.586308455,0,0.000000
1648654162.610376215,0,0.010000
1648654162.632943520,0,0.000000
1648654162.655461109,0,0.000000
1648654162.677993088,0,0.000000
1648654162.701005638,0,0.000000
1648654162.723976208,0,0.002000
1648654162.746302498,0,0.008000
1648654162.770028402,0,0.000000
1648654162.790860968,0,0.000000
1648654162.814338541,0,0.000000
1648654162.837221656,0,0.000000
1648654162.859751493,0,0.000000
1648654162.881412508,0,0.000000
1648654162.905250303,0,0.000000
1648654162.928872232,0,0.001000
1648654162.951227233,0,0.000000
1648654162.972948220,0,0.000000
1648654162.995118733,0,0.000000
1648654163.019251438,0,0.000000
1648654163.041077221,0,0.000000
1648654163.063746893,0,0.000000
1648654163.085351668,0,0.000000
1648654163.107075562,0,0.000000
1648654163.130080456,0,0.000000
1648654163.152064796,0,0.009000
1648654163.173003085,0,0.000000
1648654163.193649186,0,0.000000
1648654163.214907888,0,0.000000
1648654163.237686567,0,0.003000
1648654163.261551808,0,0.006000
1648654163.284139046,0,0.000000
1648654163.305235181,0,0.000000
1648654163.326069076,0,0.000000
1648654163.347934069,0,0.005000
1648654163.367910876,0,0.001000
1648654163.392288391,0,0.000000
1648654163.414687908,0,0.011000
1648654163.437227869,0,0.007000
1648654163.460273184,0,0.000000
1648654163.482111584,0,0.000000
1648654163.505047211,0,0.000000
1648654163.527614607,0,0.003000
1648654163.551676381,0,0.000000
1648654163.574819770,0,0.000000
1648654163.596302657,0,0.000000
1648654163.618563354,0,0.000000
1648654163.637478596,0,0.000000
1648654163.661065953,0,0.000000
1648654163.684620102,0,0.000000
1648654163.708770874,0,0.000000
1648654163.730406469,0,0.000000
1648654163.753260305,0,0.000000
1648654163.776160058,0,0.000000
1648654163.798689093,0,0.000000
1648654163.820504847,0,0.011000
1648654163.843764322,0,0.000000
1648654163.866219135,0,0.000000
1648654163.889075187,0,0.000000
1648654163.913623152,0,0.000000
1648654163.935057951,0,0.000000
1648654163.958491713,0,0.000000
1648654163.981051881,0,0.000000
1648654164.004453695,0,0.000000
1648654164.027128507,0,0.000000
1648654164.049800168,0,0.000000
1648654164.072217523,0,0.000000
1648654164.094023400,0,0.000000
1648654164.117918361,0,0.000000
1648654164.140971771,0,0.000000
1648654164.164531727,0,0.000000
1648654164.186851080,0,0.009000
1648654164.207717305,0,0.000000
1648654164.232543401,0,0.000000
1648654164.255130507,0,0.000000
1648654164.277303886,0,0.000000
1648654164.299742656,0,0.000000
1648654164.322548013,0,0.000000
1648654164.345856786,0,0.000000
1648654164.369824919,0,0.010000
1648654164.392181215,0,0.000000
1648654164.414501586,0,0.000000
1648654164.436175151,0,0.000000
1648654164.460508775,0,0.000000
1648654164.483121037,0,0.000000
1648654164.506892460,0,0.012000
1648654164.529233078,0,0.000000
1648654164.551484027,0,0.000000
1648654164.573865709,0,0.000000
1648654164.594452145,2,0.003000
1648654164.615740169,0,0.000000
1648654164.638726636,0,0.000000
1648654164.662300968,0,0.000000
1648654164.684366551,0,0.000000
1648654164.707565008,0,0.000000
1648654164.730020702,0,0.000000
1648654164.752562127,0,0.000000
1648654164.774893781,0,0.000000
1648654164.798248257,0,0.000000
1648654164.821181106,0,0.003000
1648654164.843694286,0,0.000000
1648654164.867159398,0,0.000000
1648654164.890121870,0,0.001000
1648654164.911405479,0,0.000000
1648654164.935775956,0,0.000000
1648654164.959119636,1,0.000000
1648654164.983095171,0,0.005000
1648654165.007118366,0,0.000000
1648654165.028437987,0,0.000000
1648654165.051648632,1,0.000000
1648654165.073021982,1,0.005000
1648654165.097060367,0,0.000000
1648654165.119480362,0,0.000000
1648654165.141041055,0,0.011000
1648654165.161968998,0,0.000000
1648654165.184459441,0,0.000000
1648654165.206005627,0,0.000000
1648654165.229293018,0,0.000000
1648654165.251918519,0,0.000000
1648654165.277435512,0,0.003000
1648654165.299580331,0,0.000000
1648654165.322024689,0,0.000000
1648654165.345417048,1,0.000000
1648654165.367993645,0,0.000000
1648654165.391217652,0,0.000000
1648654165.415347277,0,0.000000
1648654165.436225777,0,0.000000
1648654165.459036326,0,0.000000
1648654165.482712170,0,0.004000
1648654165.505671928,0,0.000000
1648654165.527650117,0,0.000000
1648654165.550367431,0,0.001000
1648654165.571440947,0,0.000000
1648654165.593333850,0,0.000000
1648654165.616065024,0,0.003000
1648654165.639453827,0,0.000000
1648654165.662414399,0,0.000000
1648654165.685114591,0,0.000000
1648654165.708631637,0,0.000000
1648654165.729796484,0,0.000000
1648654165.752909844,0,0.004000
1648654165.775778797,0,0.009000
1648654165.797317063,0,0.000000
1648654165.819874786,0,0.000000
1648654165.843367316,0,0.005000
1648654165.866812632,0,0.000000
1648654165.888760037,0,0.000000
1648654165.909455540,0,0.000000
1648654165.932489370,0,0.000000
1648654165.956895118,0,0.005000
1648654165.981090828,0,0.003000
1648654166.003336150,0,0.000000
1648654166.027203998,0,0.000000
1648654166.049333485,0,0.000000
1648654166.070362710,0,0.000000
1648654166.093343913,0,0.000000
1648654166.114060122,0,0.000000
1648654166.137439524,0,0.000000
1648654166.160491374,0,0.000000
1648654166.182221030,0,0.000000
1648654166.206266576,0,0.000000
1648654166.228918979,0,0.000000
1648654166.252134437,0,0.000000
1648654166.275020215,0,0.000000
1648654166.298402413,0,0.000000
1648654166.318271526,0,0.000000
1648654166.341722349,0,0.000000
1648654166.365031011,0,0.000000
1648654166.384556363,0,0.000000
1648654166.407300742,0,0.000000
1648654166.429177561,0,0.000000
1648654166.449305727,0,0.000000
1648654166.472580115,0,0.000000
1648654166.494166994,0,0.000000
1648654166.517304134,0,0.000000
1648654166.540471730,0,0.000000
1648654166.562191521,0,0.000000
1648654166.583165384,0,0.000000
1648654166.605859036,0,0.000000
1648654166.627312500,0,0.000000
1648654166.650338119,0,0.000000
1648654166.673908890,0,0.000000
1648654166.697023686,0,0.003000
1648654166.720342224,0,0.000000
1648654166.741444495,0,0.000000
1648654166.762634623,0,0.000000
1648654166.786119619,0,0.000000
1648654166.807739602,0,0.000000
1648654166.831131960,0,0.000000
1648654166.853154963,0,0.000000
1648654166.876963674,0,0.000000
1648654166.898413979,0,0.000000
1648654166.921763088,0,0.000000
1648654166.944286466,0,0.000000
1648654166.964674667,0,0.000000
1648654166.988460777,0,0.000000
1648654167.012989055,0,0.000000
1648654167.035834103,0,0.000000
1648654167.058988795,0,0.000000
1648654167.082654148,0,0.000000
1648654167.105049127,0,0.000000
1648654167.128246936,0,0.000000
1648654167.151022182,0,0.000000
1648654167.173349401,0,0.000000
1648654167.197093866,0,0.000000
1648654167.220904572,0,0.007000
1648654167.243058460,0,0.000000
1648654167.264266240,0,0.003000
1648654167.287743751,0,0.000000
1648654167.311550427,0,0.000000
1648654167.333097928,0,0.000000
1648654167.356368412,0,0.000000
1648654167.379959575,0,0.009000
1648654167.402856920,0,0.000000
1648654167.427387788,0,0.000000
1648654167.449296451,0,0.000000
1648654167.471928613,0,0.000000
1648654167.494375084,0,0.000000
1648654167.516044184,0,0.000000
1648654167.537985405,0,0.000000
1648654167.560765081,0,0.000000
1648654167.583984500,0,0.000000
1648654167.607045074,0,0.000000
1648654167.628463024,0,0.000000
1648654167.651923928,0,0.000000
1648654167.673210960,0,0.000000
1648654167.696533486,0,0.000000
1648654167.720671184,0,0.000000
1648654167.745509526,0,0.000000
1648654167.767409247,0,0.000000
1648654167.787950475,0,0.000000
1648654167.811806931,0,0.000000
1648654167.836310465,0,0.000000
1648654167.859228249,0,0.000000
1648654167.880815792,0,0.000000
1648654167.902414064,0,0.000000
1648654167.923431622,0,0.000000
1648654167.947881338,0,0.000000
1648654167.971237903,0,0.014000
1648654167.995176442,0,0.000000
1648654168.017757868,0,0.000000
1648654168.040561467,0,0.005000
1648654168.063102220,0,0.000000
1648654168.085578836,0,0.000000
1648654168.107468850,0,0.000000
1648654168.129295726,0,0.009000
1648654168.152537055,0,0.000000
1648654168.176668319,0,0.000000
1648654168.200023432,0,0.000000
1648654168.221993357,0,0.001000
1648654168.244407127,0,0.000000
1648654168.268072161,0,0.000000
1648654168.288859202,0,0.000000
1648654168.312042858,0,0.000000
1648654168.334715869,0,0.000000
1648654168.357771575,0,0.000000
1648654168.380385269,0,0.000000
1648654168.404501061,0,0.000000
1648654168.424655682,1,0.000000
1648654168.447800425,0,0.000000
1648654168.472411760,0,0.000000
1648654168.494284661,0,0.000000
1648654168.517468441,0,0.000000
1648654168.540387765,0,0.015000
1648654168.563486616,0,0.000000
1648654168.586817976,0,0.000000
1648654168.609092282,0,0.000000
1648654168.630965150,1,0.003000
1648654168.654849492,0,0.000000
1648654168.677208389,0,0.000000
1648654168.699662278,0,0.000000
1648654168.722556090,0,0.001000
1648654168.743931669,0,0.000000
1648654168.766462813,0,0.000000
1648654168.788070291,0,0.000000
1648654168.811560175,0,0.000000
1648654168.834476025,0,0.000000
1648654168.858450479,0,0.000000
1648654168.882938394,0,0.000000
1648654168.904216887,0,0.000000
1648654168.926290282,0,0.000000
1648654168.951017581,1,0.000000
1648654168.973404440,0,0.000000
1648654168.993491660,0,0.000000
1648654169.015715191,0,0.000000
1648654169.038249421,0,0.000000
1648654169.060083056,2,0.001000
1648654169.083204777,0,0.000000
1648654169.107546580,0,0.000000
1648654169.129577780,0,0.000000
1648654169.151683465,0,0.000000
1648654169.174822031,0,0.000000
1648654169.197722661,0,0.000000
1648654169.218029400,0,0.000000
1648654169.241024853,0,0.000000
1648654169.262780102,0,0.000000
1648654169.284996089,0,0.000000
1648654169.307135535,0,0.000000
1648654169.329918373,1,0.005000
1648654169.351318131,1,0.002000
1648654169.371954613,0,0.000000
1648654169.396049425,0,0.001000
1648654169.418814583,0,0.000000
1648654169.441690089,0,0.001000
1648654169.462651965,0,0.000000
1648654169.486579001,0,0.000000
1648654169.508229335,0,0.000000
1648654169.529401257,0,0.000000
1648654169.552405297,0,0.000000
1648654169.574886235,0,0.000000
1648654169.596897902,0,0.000000
1648654169.620802034,0,0.000000
1648654169.642370773,0,0.000000
1648654169.664304002,0,0.000000
1648654169.685592343,0,0.000000
1648654169.706700854,0,0.000000
1648654169.729505587,0,0.000000
1648654169.754030578,1,0.018000
1648654169.776452331,0,0.000000
1648654169.799019617,0,0.000000
1648654169.818687548,0,0.000000
1648654169.841490923,0,0.000000
1648654169.864554885,0,0.000000
1648654169.886768262,0,0.000000
1648654169.910749646,0,0.000000
1648654169.933217861,0,0.000000
1648654169.955917781,0,0.000000
1648654169.976586747,0,0.004000
1648654170.000097492,0,0.002000
1648654170.022611965,0,0.000000
1648654170.045227587,0,0.000000
1648654170.067487446,0,0.000000
1648654170.088827165,0,0.000000
1648654170.111774728,0,0.000000
1648654170.134222644,0,0.011000
1648654170.156844668,0,0.000000
1648654170.179317984,0,0.000000
1648654170.201915080,0,0.000000
1648654170.224033439,0,0.000000
1648654170.245775181,0,0.000000
1648654170.268825962,0,0.000000
1648654170.292660973,0,0.000000
1648654170.314053696,0,0.000000
1648654170.337175958,0,0.000000
1648654170.360601661,0,0.000000
1648654170.383560788,0,0.000000
1648654170.407299663,0,0.000000
1648654170.429812138,0,0.007000
1648654170.453083678,0,0.000000
1648654170.474890278,0,0.000000
1648654170.497623455,0,0.005000
1648654170.519400437,0,0.000000
1648654170.543727627,0,0.000000
1648654170.566190651,0,0.004000
1648654170.589945454,0,0.000000
1648654170.610814847,0,0.000000
1648654170.633036789,0,0.000000
1648654170.654290309,0,0.000000
1648654170.677263130,0,0.000000
1648654170.699575796,0,0.000000
1648654170.721749978,0,0.000000
1648654170.744488512,0,0.000000
1648654170.767445669,0,0.000000
1648654170.787221213,0,0.000000
1648654170.808871000,0,0.000000
1648654170.833336458,0,0.000000
1648654170.854975636,0,0.000000
1648654170.878236470,0,0.000000
1648654170.902630208,0,0.000000
1648654170.924290131,1,0.000000
1648654170.946905255,0,0.000000
1648654170.969865645,0,0.000000
1648654170.992530992,0,0.001000
1648654171.013087841,0,0.000000
1648654171.034956173,0,0.000000
1648654171.058983209,0,0.000000
1648654171.081213044,0,0.000000
1648654171.104054587,0,0.003000
1648654171.126030806,0,0.000000
1648654171.149479275,1,0.020000
1648654171.172550096,1,0.000000
1648654171.195790816,0,0.000000
1648654171.218654402,0,0.000000
1648654171.243226605,0,0.001000
1648654171.267659311,1,0.006000
1648654171.288917627,0,0.000000
1648654171.312378945,0,0.000000
1648654171.336987910,0,0.000000
1648654171.358977209,0,0.000000
1648654171.381102754,0,0.000000
1648654171.404487936,0,0.000000
1648654171.426365613,0,0.000000
1648654171.450556687,0,0.000000
1648654171.473737463,0,0.000000
1648654171.495606373,0,0.000000
1648654171.519799550,0,0.000000
1648654171.541403524,0,0.000000
1648654171.565344402,0,0.000000
1648654171.588595754,0,0.000000
1648654171.613402093,0,0.000000
1648654171.634966150,0,0.000000
1648654171.658489410,0,0.003000
1648654171.682994702,0,0.000000
1648654171.703975683,0,0.000000
1648654171.725882050,0,0.000000
1648654171.750525393,0,0.006000
1648654171.773140640,0,0.000000
1648654171.796419999,0,0.000000
1648654171.818499763,0,0.003000
1648654171.840957480,0,0.000000
1648654171.863289022,0,0.000000
1648654171.886024661,0,0.000000
1648654171.909375761,0,0.000000
1648654171.929272759,0,0.000000
1648654171.950556458,0,0.009000
1648654171.972288970,0,0.000000
1648654171.993565325,0,0.000000
1648654172.017351219,0,0.000000
1648654172.039764178,0,0.000000
1648654172.062665093,0,0.000000
1648654172.084573136,0,0.000000
1648654172.108311962,0,0.000000
1648654172.131188205,0,0.001000
1648654172.154268028,0,0.000000
1648654172.175584435,0,0.000000
1648654172.199085432,0,0.000000
1648654172.222056821,0,0.000000
1648654172.244570684,0,0.000000
1648654172.265510505,0,0.000000
1648654172.287837527,0,0.000000
1648654172.310359267,0,0.000000
1648654172.332280284,1,0.009000
1648654172.354181250,0,0.000000
1648654172.376643366,0,0.000000
1648654172.399376354,0,0.000000
1648654172.422467236,0,0.000000
1648654172.445263396,0,0.000000
1648654172.468450640,0,0.000000
1648654172.490671428,0,0.000000
1648654172.513708121,0,0.000000
1648654172.536089925,0,0.000000
1648654172.558640455,0,0.000000
1648654172.582222404,0,0.000000
1648654172.604719594,1,0.000000
1648654172.626239280,0,0.000000
1648654172.649180049,0,0.000000
1648654172.671875869,0,0.000000
1648654172.693580199,0,0.007000
1648654172.717291689,0,0.000000
1648654172.740341880,0,0.000000
1648654172.762371908,0,0.000000
1648654172.785342396,0,0.000000
1648654172.808792135,0,0.005000
1648654172.831019214,0,0.000000
1648654172.851944458,0,0.000000
1648654172.875831177,0,0.000000
1648654172.898657325,0,0.000000
1648654172.919474299,0,0.000000
1648654172.942024845,0,0.000000
1648654172.964024611,0,0.000000
1648654172.987375419,0,0.000000
1648654173.008275434,0,0.000000
1648654173.030582263,0,0.000000
1648654173.050711568,0,0.005000
1648654173.073999060,0,0.000000
1648654173.096778462,0,0.000000
1648654173.119331802,0,0.000000
1648654173.141394954,0,0.000000
1648654173.161576594,0,0.000000
1648654173.182541308,0,0.000000
1648654173.204866045,0,0.000000
1648654173.227892354,0,0.001000
1648654173.251272548,0,0.000000
1648654173.274272485,0,0.000000
1648654173.297034010,0,0.000000
1648654173.319163906,0,0.000000
1648654173.343446799,0,0.000000
1648654173.365815478,0,0.000000
1648654173.388720612,0,0.006000
1648654173.411542716,0,0.000000
1648654173.434718175,0,0.000000
1648654173.456955021,0,0.000000
1648654173.479550162,0,0.000000
1648654173.502571866,0,0.001000
1648654173.524017829,0,0.000000
1648654173.546864944,0,0.000000
1648654173.570305801,0,0.000000
1648654173.593035424,0,0.000000
1648654173.616371114,0,0.001000
1648654173.639162335,0,0.000000
1648654173.662950365,0,0.000000
1648654173.686119338,0,0.003000
1648654173.705951387,0,0.000000
1648654173.728672960,0,0.001000
1648654173.750005621,0,0.000000
1648654173.771486974,0,0.000000
1648654173.792987547,0,0.000000
1648654173.816240657,0,0.000000
1648654173.841167652,0,0.000000
1648654173.863487352,0,0.000000
1648654173.885315514,0,0.005000
1648654173.907957320,0,0.000000
1648654173.929851432,0,0.000000
1648654173.953547295,0,0.000000
1648654173.975461464,0,0.000000
1648654173.997861555,0,0.000000
1648654174.021507518,0,0.000000
1648654174.043448493,0,0.001000
1648654174.066286782,0,0.000000
1648654174.090006956,0,0.000000
1648654174.111992838,0,0.000000
1648654174.131321375,0,0.000000
1648654174.152971187,0,0.000000
1648654174.174968597,0,0.000000
1648654174.197224165,0,0.000000
1648654174.219246896,0,0.000000
1648654174.241782519,0,0.002000
1648654174.264127760,0,0.000000
1648654174.287035738,0,0.000000
1648654174.310204931,0,0.000000
1648654174.332085073,0,0.000000
1648654174.352886634,0,0.000000
1648654174.375859173,0,0.000000
1648654174.398576100,0,0.000000
1648654174.421596423,0,0.001000
1648654174.444428191,0,0.000000
1648654174.467286151,0,0.000000
1648654174.487507593,0,0.000000
1648654174.510678927,0,0.000000
1648654174.532395956,0,0.000000
1648654174.555430782,0,0.000000
1648654174.576297457,0,0.000000
1648654174.598448977,0,0.004000
1648654174.622215636,1,0.000000
1648654174.643900879,1,0.000000
1648654174.667383796,2,0.007000
1648654174.689309549,1,0.000000
1648654174.710738277,0,0.000000
1648654174.733039073,0,0.000000
1648654174.757723393,0,0.000000
1648654174.779362604,0,0.001000
1648654174.801824629,0,0.000000
1648654174.825370072,0,0.000000
1648654174.848370255,0,0.000000
1648654174.871198905,0,0.003000
1648654174.893302989,0,0.000000
1648654174.916462488,1,0.000000
1648654174.939064193,0,0.000000
1648654174.958807672,0,0.007000
1648654174.980791696,0,0.000000
1648654175.003334963,0,0.003000
1648654175.022185083,0,0.000000
1648654175.043642987,0,0.000000
1648654175.064058540,0,0.003000
1648654175.089143519,0,0.000000
1648654175.111755167,0,0.000000
1648654175.134054656,0,0.000000
1648654175.157641027,0,0.000000
1648654175.180027121,0,0.000000
1648654175.200884198,1,0.004000
1648654175.223648395,0,0.000000
1648654175.247170166,0,0.000000
1648654175.268591159,0,0.000000
1648654175.292483054,0,0.000000
1648654175.315480573,0,0.005000
1648654175.339221993,0,0.000000
1648654175.363611734,1,0.003000
1648654175.386055465,0,0.000000
1648654175.408265209,0,0.000000
1648654175.430115222,0,0.006000
1648654175.452478117,0,0.000000
1648654175.474012813,0,0.000000
1648654175.496094818,0,0.000000
1648654175.518949088,0,0.000000
1648654175.540017770,0,0.000000
1648654175.562743027,0,0.000000
1648654175.586575891,0,0.000000
1648654175.610160057,0,0.000000
1648654175.633505245,0,0.000000
1648654175.655668547,0,0.000000
1648654175.677968406,0,0.000000
1648654175.702037101,0,0.000000
1648654175.724319121,0,0.000000
1648654175.746740284,0,0.000000
1648654175.768284005,0,0.000000
1648654175.793479733,0,0.000000
1648654175.814656413,0,0.000000
1648654175.837070666,0,0.000000
1648654175.858608090,0,0.000000
1648654175.880777029,0,0.000000
1648654175.903340469,0,0.000000
1648654175.926210293,1,0.000000
1648654175.949664415,0,0.000000
1648654175.973044958,1,0.007000
1648654175.996976866,0,0.000000
1648654176.020983731,0,0.000000
1648654176.043348881,0,0.000000
1648654176.065188510,0,0.005000
1648654176.088402919,0,0.000000
1648654176.110594586,0,0.000000
1648654176.133642127,0,0.000000
1648654176.157165430,0,0.000000
1648654176.179555379,1,0.000000
1648654176.202440560,0,0.000000
1648654176.225600006,0,0.000000
1648654176.248449331,0,0.000000
1648654176.271226422,0,0.000000
1648654176.294957121,0,0.000000
1648654176.317017011,0,0.000000
1648654176.338885096,0,0.001000
1648654176.363132453,0,0.001000
1648654176.382624738,0,0.000000
1648654176.405209310,0,0.000000
1648654176.427320034,0,0.000000
1648654176.451820836,0,0.001000
1648654176.474516251,0,0.000000
1648654176.496680550,0,0.001000
1648654176.519872519,0,0.000000
1648654176.544044458,0,0.005000
1648654176.566824643,0,0.000000
1648654176.588901977,0,0.000000
1648654176.612714166,0,0.000000
1648654176.635445024,0,0.001000
1648654176.658122632,0,0.000000
1648654176.681150893,0,0.000000
1648654176.703542409,0,0.000000
1648654176.725531707,0,0.000000
1648654176.747896733,0,0.000000
1648654176.771293804,0,0.000000
1648654176.793942176,0,0.001000
1648654176.816237925,0,0.000000
1648654176.837953105,0,0.000000
1648654176.860291995,0,0.000000
1648654176.882427321,0,0.000000
1648654176.904722283,0,0.000000
1648654176.928248539,0,0.000000
1648654176.951160692,0,0.000000
1648654176.974175889,0,0.000000
1648654176.995880028,0,0.000000
1648654177.017584814,0,0.000000
1648654177.041960361,0,0.000000
1648654177.064717969,0,0.000000
1648654177.085588825,0,0.000000
1648654177.108934711,0,0.000000
1648654177.132458843,0,0.000000
1648654177.156098020,0,0.000000
1648654177.179139075,0,0.000000
1648654177.200018658,0,0.000000
1648654177.223532534,0,0.000000
1648654177.248128114,0,0.006000
1648654177.269548753,0,0.000000
1648654177.292156974,0,0.000000
1648654177.314475703,1,0.000000
1648654177.337555785,0,0.000000
1648654177.359416639,0,0.000000
1648654177.381084544,0,0.000000
1648654177.403259450,0,0.000000
1648654177.426651375,0,0.000000
1648654177.450015018,0,0.000000
1648654177.472881389,0,0.000000
1648654177.496589303,0,0.000000
1648654177.520285188,0,0.000000
1648654177.544358708,0,0.013000
1648654177.566893443,0,0.003000
1648654177.591020305,0,0.000000
1648654177.614191076,0,0.000000
1648654177.635566244,0,0.000000
1648654177.659368248,0,0.000000
1648654177.682068660,1,0.003000
1648654177.704787980,0,0.000000
1648654177.729542072,0,0.000000
1648654177.752063628,0,0.000000
1648654177.775192651,0,0.000000
1648654177.797211646,0,0.003000
1648654177.820233752,0,0.000000
1648654177.844366620,0,0.000000
1648654177.867495582,0,0.000000
1648654177.887576430,0,0.000000
1648654177.909347679,0,0.000000
1648654177.932890741,0,0.000000
1648654177.953991847,0,0.000000
1648654177.977322515,1,0.012000
1648654177.998161906,0,0.000000
1648654178.021548332,0,0.000000
1648654178.042219693,0,0.000000
1648654178.065151138,0,0.000000
1648654178.089348215,0,0.000000
1648654178.109014601,0,0.001000
1648654178.131850730,0,0.001000
1648654178.152849518,0,0.000000
1648654178.174948883,0,0.000000
1648654178.198468218,0,0.000000
1648654178.220715547,0,0.000000
1648654178.243215521,0,0.000000
1648654178.266200699,0,0.000000
1648654178.289490213,0,0.000000
1648654178.311789579,0,0.002000
1648654178.335588595,1,0.000000
1648654178.358724092,0,0.007000
1648654178.381168104,1,0.001000
1648654178.403363899,0,0.000000
1648654178.425827233,0,0.000000
1648654178.447317489,0,0.000000
1648654178.468397205,0,0.000000
1648654178.493975534,0,0.000000
1648654178.515402146,0,0.000000
1648654178.537847196,0,0.000000
1648654178.561993158,0,0.000000
1648654178.584318267,0,0.000000
1648654178.606979199,0,0.000000
1648654178.629468074,0,0.000000
1648654178.652185432,0,0.000000
1648654178.674931077,0,0.000000
1648654178.697791989,0,0.000000
1648654178.718954375,0,0.000000
1648654178.742044521,0,0.000000
1648654178.762628909,0,0.000000
1648654178.784143689,0,0.000000
1648654178.808221978,0,0.000000
1648654178.831313793,0,0.000000
1648654178.855424770,0,0.000000
1648654178.877591611,0,0.008000
1648654178.900111856,0,0.000000
1648654178.921405641,0,0.000000
1648654178.944083218,0,0.000000
1648654178.966863549,0,0.000000
1648654178.990397676,0,0.000000
1648654179.013999295,1,0.000000
1648654179.038068014,0,0.000000
1648654179.063435304,0,0.000000
1648654179.086819899,0,0.004000
1648654179.108424592,0,0.000000
1648654179.132309132,0,0.000000
1648654179.153064217,1,0.000000
1648654179.177254850,0,0.000000
1648654179.197267355,0,0.000000
1648654179.219728469,0,0.000000
1648654179.243159201,0,0.000000
1648654179.264215405,0,0.000000
1648654179.288843896,0,0.000000
1648654179.310503308,0,0.000000
1648654179.333915852,0,0.000000
1648654179.356334347,0,0.000000
1648654179.379294710,0,0.000000
1648654179.403131206,0,0.000000
1648654179.425469131,0,0.000000
1648654179.449480868,0,0.000000
1648654179.471109360,0,0.000000
1648654179.495006681,0,0.000000
1648654179.516449540,0,0.000000
1648654179.538262363,0,0.000000
1648654179.561286879,0,0.000000
1648654179.582710959,0,0.000000
1648654179.605891484,0,0.000000
1648654179.627496422,0,0.000000
1648654179.648539877,0,0.001000
1648654179.670870947,0,0.000000
1648654179.692907466,0,0.000000
1648654179.717055620,0,0.000000
1648654179.740357204,0,0.011000
1648654179.762487423,0,0.000000
1648654179.782538889,0,0.000000
1648654179.804934674,0,0.000000
1648654179.828455384,0,0.000000
1648654179.851675227,0,0.000000
1648654179.873491491,0,0.000000
1648654179.896327872,0,0.000000
1648654179.919692657,0,0.000000
1648654179.942834334,1,0.000000
1648654179.965381167,0,0.000000
1648654179.988486291,0,0.000000
1648654180.012056449,0,0.000000
1648654180.034229855,0,0.000000
1648654180.057402008,0,0.000000
1648654180.079299028,0,0.000000
1648654180.102392315,0,0.000000
1648654180.125962847,0,0.000000
1648654180.147887022,0,0.000000
1648654180.171460476,0,0.000000
1648654180.192686279,1,0.002000
1648654180.215328516,0,0.009000
1648654180.238141198,0,0.000000
1648654180.260751650,0,0.002000
1648654180.285175341,0,0.000000
1648654180.307161647,0,0.001000
1648654180.330709706,0,0.000000
1648654180.353339029,0,0.000000
1648654180.375634868,0,0.000000
1648654180.398007847,0,0.000000
1648654180.418991522,0,0.000000
1648654180.442189729,0,0.000000
1648654180.465301301,0,0.001000
1648654180.488789410,0,0.000000
1648654180.511368695,1,0.012000
1648654180.532124512,0,0.000000
1648654180.554022066,0,0.000000
1648654180.575039220,0,0.000000
1648654180.596030437,0,0.000000
1648654180.619902238,1,0.000000
1648654180.643056137,0,0.001000
1648654180.663614448,0,0.000000
1648654180.688697671,0,0.000000
1648654180.710499730,0,0.000000
1648654180.734194767,0,0.000000
1648654180.756056118,0,0.000000
1648654180.779452026,0,0.000000
1648654180.802993686,0,0.000000
1648654180.823006833,0,0.000000
1648654180.844620789,0,0.000000
1648654180.867448975,0,0.000000
1648654180.889700644,0,0.000000
1648654180.913033129,0,0.000000
1648654180.934993051,0,0.000000
1648654180.955076389,0,0.000000
1648654180.977431106,1,0.000000
1648654181.001864974,0,0.000000
1648654181.025091363,0,0.000000
1648654181.047496179,1,0.011000
1648654181.068461400,0,0.000000
1648654181.090632050,0,0.000000
1648654181.114601664,0,0.000000
1648654181.137151096,0,0.000000
1648654181.159204104,0,0.000000
1648654181.180142814,0,0.000000
1648654181.203215855,0,0.009000
1648654181.227177860,0,0.000000
1648654181.248662478,0,0.000000
1648654181.270665251,0,0.000000
1648654181.293197322,0,0.000000
1648654181.316424433,0,0.000000
1648654181.339690432,0,0.000000
1648654181.362056757,0,0.000000
1648654181.385691524,0,0.000000
1648654181.406269151,0,0.000000
1648654181.429695285,0,0.000000
1648654181.452309587,0,0.000000
1648654181.475618075,0,0.000000
1648654181.497818158,0,0.003000
1648654181.521769145,0,0.000000
1648654181.545481166,0,0.000000
1648654181.568352609,0,0.000000
1648654181.592025302,0,0.000000
1648654181.616283908,0,0.000000
1648654181.638284155,0,0.000000
1648654181.660945117,0,0.000000
1648654181.683286400,0,0.000000
1648654181.705331924,0,0.000000
1648654181.728853537,0,0.000000
1648654181.753203513,0,0.000000
1648654181.776004816,0,0.000000
1648654181.798720557,0,0.000000
1648654181.821982195,0,0.000000
1648654181.845397635,0,0.000000
1648654181.869256173,0,0.000000
1648654181.891530526,0,0.006000
1648654181.912415270,1,0.000000
1648654181.935487279,0,0.000000
1648654181.959008634,0,0.000000
1648654181.983178185,0,0.000000
1648654182.004348332,0,0.000000
1648654182.026626790,0,0.001000
1648654182.048271761,0,0.000000
1648654182.072016665,0,0.000000
1648654182.095115782,0,0.000000
1648654182.117606755,0,0.000000
1648654182.141260551,0,0.000000
1648654182.164839350,0,0.000000
1648654182.188955495,0,0.004000
1648654182.211601805,0,0.001000
1648654182.233291425,0,0.000000
1648654182.255521630,0,0.000000
1648654182.277737646,0,0.000000
1648654182.300016461,0,0.000000
1648654182.323256292,0,0.000000
1648654182.345928046,0,0.000000
1648654182.368949969,0,0.000000
1648654182.392354454,0,0.005000
1648654182.415737824,0,0.000000
1648654182.437319194,0,0.000000
1648654182.460671221,0,0.000000
1648654182.485698717,0,0.000000
1648654182.508765702,1,0.000000
1648654182.529865747,0,0.000000
1648654182.551995936,0,0.000000
1648654182.574539040,0,0.000000
1648654182.597735299,0,0.000000
1648654182.619749951,0,0.000000
1648654182.640425823,0,0.000000
1648654182.662047405,0,0.000000
1648654182.684652033,0,0.000000
1648654182.707748065,0,0.000000
1648654182.731736822,0,0.000000
1648654182.754286696,0,0.000000
1648654182.775046945,0,0.004000
1648654182.797237927,0,0.000000
1648654182.821263409,0,0.000000
1648654182.843435276,0,0.000000
1648654182.866854598,0,0.000000
1648654182.889754101,0,0.000000
1648654182.911123452,0,0.000000
1648654182.932827192,0,0.000000
1648654182.956347285,0,0.000000
1648654182.978863710,0,0.006000
1648654183.002123907,0,0.000000
1648654183.024440344,0,0.000000
1648654183.046013317,0,0.000000
1648654183.068080523,0,0.009000
1648654183.092954760,0,0.000000
1648654183.116167795,0,0.000000
1648654183.138134233,0,0.000000
1648654183.160294266,0,0.000000
1648654183.182966992,0,0.000000
1648654183.206755064,0,0.000000
1648654183.230571772,0,0.000000
1648654183.251507868,0,0.000000
1648654183.275717944,0,0.000000
1648654183.297654951,0,0.000000
1648654183.320052628,0,0.000000
1648654183.343560320,0,0.000000
1648654183.364986633,0,0.000000
1648654183.388330649,0,0.000000
1648654183.410914552,0,0.000000
1648654183.433961369,0,0.003000
1648654183.456418082,0,0.000000
1648654183.477310008,0,0.000000
1648654183.498898826,0,0.000000
1648654183.521971332,0,0.000000
1648654183.544134527,0,0.000000
1648654183.567618881,0,0.000000
1648654183.589876572,0,0.001000
1648654183.611721408,0,0.000000
1648654183.633799170,0,0.000000
1648654183.657510317,1,0.006000
1648654183.680182101,1,0.000000
1648654183.701340735,0,0.003000
1648654183.723527907,0,0.000000
1648654183.747992938,0,0.000000
1648654183.770582313,0,0.000000
1648654183.793370494,0,0.000000
1648654183.815837453,0,0.000000
1648654183.838406338,0,0.001000
1648654183.860741932,0,0.000000
1648654183.883484040,0,0.000000
1648654183.907150112,0,0.001000
1648654183.929644237,0,0.000000
1648654183.952080917,0,0.000000
1648654183.974552695,0,0.000000
1648654183.997679136,0,0.000000
1648654184.020930040,0,0.000000
1648654184.044404953,1,0.000000
1648654184.066307866,0,0.000000
1648654184.088875219,0,0.000000
1648654184.113176085,0,0.000000
1648654184.136671641,0,0.000000
1648654184.159806308,0,0.001000
1648654184.181678999,0,0.000000
1648654184.203939286,1,0.017000
1648654184.226168255,0,0.001000
1648654184.247925663,0,0.000000
1648654184.270080938,0,0.000000
1648654184.290896840,0,0.000000
1648654184.313334135,0,0.000000
1648654184.335543357,0,0.000000
1648654184.359302288,0,0.000000
1648654184.382758303,0,0.000000
1648654184.406587594,0,0.000000
1648654184.429455317,0,0.000000
1648654184.452534315,0,0.000000
1648654184.473495594,0,0.000000
1648654184.496815778,0,0.003000
1648654184.518507209,0,0.000000
1648654184.541646154,0,0.000000
1648654184.565977985,0,0.000000
1648654184.587966783,0,0.000000
1648654184.612112773,0,0.000000
1648654184.631401419,0,0.000000
1648654184.652890209,0,0.000000
1648654184.674870650,0,0.000000
1648654184.697058486,0,0.000000
1648654184.718919236,0,0.000000
1648654184.742272127,0,0.000000
1648654184.761976357,0,0.000000
1648654184.784084046,0,0.003000
1648654184.806753275,0,0.000000
1648654184.827795043,0,0.000000
1648654184.851220480,0,0.000000
1648654184.873054913,0,0.000000
1648654184.896309499,0,0.000000
1648654184.919870826,0,0.000000
1648654184.940208828,0,0.000000
1648654184.961168146,0,0.000000
1648654184.984762195,0,0.000000
1648654185.006615544,0,0.001000
1648654185.029896970,0,0.000000
1648654185.053068214,0,0.000000
1648654185.076152960,0,0.000000
1648654185.100004179,0,0.000000
1648654185.122716606,0,0.000000
1648654185.144930995,0,0.000000
1648654185.166877800,0,0.000000
1648654185.189078748,0,0.000000
1648654185.212075995,0,0.000000
1648654185.235269410,0,0.000000
1648654185.259351922,0,0.000000
1648654185.281180323,0,0.000000
1648654185.302297735,0,0.000000
1648654185.324302685,0,0.000000
1648654185.346995818,0,0.000000
1648654185.370408968,0,0.000000
1648654185.393283450,0,0.000000
1648654185.416190033,0,0.000000
1648654185.437109246,0,0.001000
1648654185.459647608,0,0.000000
1648654185.483311506,0,0.000000
1648654185.505079744,0,0.000000
1648654185.528509972,1,0.000000
1648654185.551494116,0,0.000000
1648654185.575331877,0,0.000000
1648654185.597731350,0,0.000000
1648654185.620436878,0,0.002000
1648654185.643486147,0,0.000000
1648654185.665481455,0,0.000000
1648654185.689308507,0,0.000000
1648654185.710019089,0,0.000000
1648654185.731652080,0,0.000000
1648654185.753998358,0,0.000000
1648654185.776040944,0,0.000000
1648654185.797775333,0,0.000000
1648654185.820786973,0,0.000000
1648654185.843743409,1,0.015000
1648654185.867455840,0,0.000000
1648654185.890148101,0,0.000000
1648654185.913302622,0,0.000000
1648654185.935773766,0,0.000000
1648654185.958425831,0,0.000000
1648654185.981289924,0,0.001000
1648654186.002838114,0,0.000000
1648654186.025445091,0,0.000000
1648654186.048670039,0,0.006000
1648654186.072274161,0,0.000000
1648654186.095833793,0,0.000000
1648654186.118386716,0,0.000000
1648654186.141491216,0,0.020000
1648654186.164058624,0,0.000000
1648654186.187769238,0,0.000000
1648654186.209418104,1,0.000000
1648654186.232167498,0,0.000000
1648654186.254112242,0,0.000000
1648654186.276760849,1,0.010000
1648654186.301841345,0,0.000000
1648654186.322254586,0,0.000000
1648654186.344864251,0,0.000000
1648654186.366081717,0,0.000000
1648654186.388589749,0,0.000000
1648654186.413151791,0,0.000000
1648654186.435547452,1,0.007000
1648654186.458962733,0,0.000000
1648654186.482708450,0,0.000000
1648654186.506046023,0,0.000000
1648654186.527984417,0,0.009000
1648654186.550743636,0,0.000000
1648654186.574537110,0,0.000000
1648654186.597702829,0,0.000000
1648654186.618323403,1,0.000000
1648654186.641526999,0,0.000000
1648654186.663581116,0,0.002000
1648654186.685454608,0,0.000000
1648654186.708955087,0,0.000000
1648654186.731277558,0,0.000000
1648654186.754268936,0,0.000000
1648654186.776540276,1,0.000000
1648654186.801839809,0,0.000000
1648654186.824362283,0,0.000000
1648654186.846782495,1,0.002000
1648654186.869308697,0,0.000000
1648654186.892708524,0,0.000000
1648654186.914064902,0,0.001000
1648654186.937377148,0,0.000000
1648654186.959070567,0,0.000000
1648654186.981483008,0,0.000000
1648654187.004131576,0,0.000000
1648654187.027846127,0,0.000000
1648654187.049846817,0,0.000000
1648654187.072348541,0,0.000000
1648654187.096883195,0,0.000000
1648654187.119555928,0,0.005000
1648654187.143167680,0,0.000000
1648654187.167359427,0,0.000000
1648654187.190627712,0,0.000000
1648654187.212300526,0,0.000000
1648654187.236831954,0,0.000000
1648654187.260021504,0,0.000000
1648654187.281050552,0,0.000000
1648654187.302846020,0,0.000000
1648654187.326215844,0,0.000000
1648654187.348621915,0,0.000000
1648654187.371174999,0,0.000000
1648654187.393210212,1,0.000000
1648654187.418186180,0,0.000000
1648654187.441315085,1,0.000000
1648654187.462679182,0,0.000000
1648654187.485637085,0,0.000000
1648654187.508374810,0,0.000000
1648654187.532254964,0,0.000000
1648654187.554350308,0,0.000000
1648654187.577470063,0,0.000000
1648654187.600816523,0,0.000000
1648654187.623456641,0,0.000000
1648654187.647107484,0,0.000000
1648654187.669251175,0,0.000000
1648654187.694012749,0,0.000000
1648654187.715434117,0,0.003000
1648654187.736990589,0,0.001000
1648654187.759806177,0,0.000000
1648654187.783309063,0,0.000000
1648654187.806166285,0,0.000000
1648654187.828842238,0,0.001000
1648654187.851624412,0,0.009000
1648654187.876179826,0,0.000000
1648654187.897767312,0,0.000000
1648654187.919590550,0,0.000000
1648654187.939797863,0,0.000000
1648654187.962353061,0,0.000000
1648654187.986045366,0,0.017000
1648654188.008841857,0,0.000000
1648654188.030987520,0,0.000000
1648654188.053682012,0,0.000000
1648654188.075543990,0,0.000000
1648654188.098025169,0,0.000000
1648654188.120061270,0,0.000000
1648654188.142129281,0,0.000000
1648654188.165179103,1,0.000000
1648654188.189060576,0,0.000000
1648654188.211851111,0,0.000000
1648654188.234441646,0,0.000000
1648654188.256154154,0,0.000000
1648654188.278712715,1,0.010000
1648654188.300524599,0,0.000000
1648654188.321121992,1,0.011000
1648654188.343405610,1,0.000000
1648654188.367403892,0,0.000000
1648654188.390366550,0,0.000000
1648654188.412849840,0,0.000000
1648654188.435973688,0,0.000000
1648654188.456139015,0,0.000000
1648654188.478436214,0,0.000000
1648654188.501379749,0,0.000000
1648654188.524345742,0,0.000000
1648654188.546664618,0,0.000000
1648654188.568806560,0,0.000000
1648654188.589357524,0,0.000000
1648654188.611956386,0,0.000000
1648654188.634879805,0,0.000000
1648654188.657258798,0,0.000000
1648654188.681627152,0,0.000000
1648654188.704948376,0,0.000000
1648654188.728057295,0,0.000000
1648654188.750114657,0,0.003000
1648654188.772168496,0,0.000000
1648654188.794710681,0,0.000000
1648654188.817935936,0,0.001000
1648654188.840116063,0,0.000000
1648654188.862406710,0,0.001000
1648654188.883950898,1,0.000000
1648654188.905191774,0,0.000000
1648654188.929695124,0,0.000000
1648654188.952682882,2,0.000000
1648654188.975024780,0,0.000000
1648654188.996787801,0,0.000000
1648654189.018494608,0,0.008000
1648654189.041412223,0,0.000000
1648654189.065418525,0,0.000000
1648654189.088894539,0,0.000000
1648654189.112541081,0,0.001000
1648654189.133957101,0,0.000000
1648654189.157534327,0,0.000000
1648654189.180662242,0,0.000000
1648654189.203507847,0,0.000000
1648654189.225082260,0,0.000000
1648654189.246964518,0,0.000000
1648654189.270174882,0,0.000000
1648654189.292001397,0,0.003000
1648654189.314086542,0,0.000000
1648654189.336884300,0,0.000000
1648654189.359405733,0,0.000000
1648654189.382797426,0,0.000000
1648654189.405111880,0,0.000000
1648654189.426628708,0,0.000000
1648654189.451040393,0,0.001000
1648654189.472788303,0,0.000000
1648654189.495228653,0,0.000000
1648654189.517125806,0,0.000000
1648654189.538891966,0,0.001000
1648654189.561389490,0,0.000000
1648654189.584286962,0,0.000000
1648654189.606130602,0,0.000000
1648654189.629957274,1,0.000000
1648654189.653510739,0,0.000000
1648654189.677485263,0,0.000000
1648654189.700157669,0,0.000000
1648654189.720825668,1,0.000000
1648654189.743861329,0,0.000000
1648654189.765892508,0,0.000000
1648654189.786805357,0,0.000000
1648654189.809384183,0,0.003000
1648654189.831856969,0,0.000000
1648654189.854935957,0,0.003000
1648654189.878451938,0,0.000000
1648654189.900535042,0,0.000000
1648654189.925260599,0,0.000000
1648654189.946896044,0,0.000000
1648654189.970044826,0,0.000000
1648654189.993360295,0,0.000000
1648654190.018502816,0,0.000000
1648654190.040935752,0,0.000000
1648654190.063956288,0,0.000000
1648654190.087364126,0,0.000000
1648654190.109870171,0,0.000000
1648654190.132719273,0,0.000000
1648654190.153975804,0,0.000000
1648654190.177202370,0,0.000000
1648654190.201392513,0,0.000000
1648654190.223166522,0,0.000000
1648654190.245159817,0,0.000000
1648654190.266346076,0,0.000000
1648654190.288822693,0,0.000000
1648654190.311807690,0,0.000000
1648654190.334366023,0,0.000000
1648654190.357956826,0,0.000000
1648654190.380835061,0,0.000000
1648654190.403642998,0,0.007000
1648654190.427242621,0,0.000000
1648654190.450595062,0,0.000000
1648654190.473715558,0,0.000000
1648654190.495175022,0,0.000000
1648654190.519037983,0,0.000000
1648654190.540302519,0,0.000000
1648654190.564814135,0,0.001000
1648654190.586748939,0,0.000000
1648654190.608886731,0,0.000000
1648654190.631703513,0,0.000000
1648654190.654406291,0,0.001000
1648654190.675601010,0,0.000000
1648654190.697680129,0,0.006000
1648654190.719934923,0,0.000000
1648654190.744107448,0,0.000000
1648654190.767000889,0,0.000000
1648654190.790880217,0,0.000000
1648654190.813043169,0,0.000000
1648654190.835206464,0,0.000000
1648654190.857545532,0,0.001000
1648654190.879622745,0,0.000000
1648654190.901343178,0,0.000000
1648654190.923947531,0,0.003000
1648654190.947643780,0,0.000000
1648654190.970489894,0,0.000000
1648654190.992987904,0,0.000000
1648654191.015124159,0,0.000000
1648654191.036044023,0,0.000000
1648654191.060094236,0,0.000000
1648654191.082432516,0,0.000000
1648654191.105102735,1,0.000000
1648654191.126461974,0,0.000000
1648654191.149259010,0,0.000000
1648654191.171598841,0,0.000000
1648654191.194084704,1,0.000000
1648654191.218352574,0,0.000000
1648654191.240922961,0,0.000000
1648654191.263139980,0,0.000000
1648654191.284888620,0,0.000000
1648654191.307927377,0,0.000000
1648654191.330291546,0,0.000000
1648654191.352394458,0,0.000000
1648654191.373896762,0,0.000000
1648654191.398394948,1,0.001000
1648654191.421177441,0,0.000000
1648654191.444490542,0,0.000000
1648654191.468320220,0,0.000000
1648654191.489436283,0,0.001000
1648654191.512293522,0,0.013000
1648654191.536214876,0,0.000000
1648654191.560353987,0,0.003000
1648654191.582865865,0,0.000000
1648654191.605670669,0,0.000000
1648654191.626851778,0,0.000000
1648654191.649987882,0,0.000000
1648654191.671170062,0,0.000000
1648654191.694808686,0,0.002000
1648654191.716912269,0,0.000000
1648654191.738408693,0,0.000000
1648654191.761732687,1,0.004000
1648654191.784539456,0,0.000000
1648654191.807043039,0,0.000000
1648654191.829784708,0,0.000000
1648654191.852561467,0,0.000000
1648654191.875620269,0,0.006000
1648654191.899276205,0,0.000000
1648654191.919925823,0,0.000000
1648654191.943442282,0,0.000000
1648654191.967182655,0,0.000000
1648654191.990970438,0,0.000000
1648654192.013314105,0,0.000000
1648654192.034605054,0,0.000000
1648654192.058611161,0,0.000000
1648654192.080574079,0,0.012000
1648654192.102601893,0,0.000000
1648654192.125424351,0,0.000000
1648654192.148869350,0,0.000000
1648654192.169949759,0,0.000000
1648654192.191282545,0,0.000000
1648654192.213654719,0,0.000000
1648654192.235434398,0,0.000000
1648654192.256860183,0,0.000000
1648654192.279412740,0,0.000000
1648654192.302208194,0,0.000000
1648654192.325893131,0,0.000000
1648654192.348131791,0,0.000000
1648654192.371191157,0,0.000000
1648654192.394422360,0,0.000000
1648654192.417396775,0,0.000000
1648654192.438138704,0,0.011000
1648654192.461000774,0,0.000000
1648654192.484335184,0,0.000000
1648654192.507747666,0,0.000000
1648654192.530412073,0,0.000000
1648654192.551992708,0,0.015000
1648654192.574752527,0,0.000000
1648654192.596740157,0,0.000000
1648654192.618694113,0,0.000000
1648654192.642146570,0,0.000000
1648654192.664723801,1,0.000000
1648654192.687350567,0,0.000000
1648654192.707844883,1,0.000000
1648654192.728958110,0,0.000000
1648654192.751873903,0,0.000000
1648654192.774114312,0,0.000000
1648654192.797459529,0,0.000000
1648654192.819506259,2,0.001000
1648654192.840159226,0,0.002000
1648654192.861117588,0,0.000000
1648654192.883853135,0,0.000000
1648654192.907109558,0,0.000000
1648654192.930692425,0,0.000000
1648654192.954314134,0,0.000000
1648654192.978039961,0,0.000000
1648654193.001258049,0,0.000000
1648654193.024476224,0,0.000000
1648654193.048206752,0,0.000000
1648654193.068149141,0,0.000000
1648654193.091776877,0,0.000000
1648654193.114749082,0,0.000000
1648654193.137334872,0,0.000000
1648654193.159504569,0,0.000000
1648654193.181433966,0,0.001000
1648654193.203840431,0,0.000000
1648654193.226144252,0,0.000000
1648654193.249318908,0,0.000000
1648654193.272021936,0,0.000000
1648654193.293936730,0,0.000000
1648654193.317675869,0,0.000000
1648654193.341065890,0,0.000000
1648654193.362986958,0,0.000000
1648654193.384899137,1,0.011000
1648654193.407952589,0,0.000000
1648654193.431569552,0,0.000000
1648654193.453728122,0,0.000000
1648654193.477436593,1,0.000000
1648654193.499283353,1,0.001000
1648654193.521892262,0,0.000000
1648654193.543414874,0,0.000000
1648654193.565709217,0,0.000000
1648654193.588354006,0,0.001000
1648654193.611183987,1,0.000000
1648654193.632446405,0,0.000000
1648654193.655223068,0,0.005000
1648654193.678110676,0,0.000000
1648654193.698444008,0,0.000000
1648654193.721191475,0,0.000000
1648654193.743260048,0,0.000000
1648654193.766963381,0,0.000000
1648654193.788473033,0,0.000000
1648654193.811698555,0,0.000000
1648654193.833760149,0,0.000000
1648654193.856083363,0,0.000000
1648654193.879464096,0,0.000000
1648654193.901725785,0,0.000000
1648654193.923166342,0,0.000000
1648654193.944912114,0,0.000000
1648654193.967285016,0,0.000000
1648654193.989104401,0,0.006000
1648654194.011408209,0,0.000000
1648654194.032442277,0,0.000000
1648654194.056026528,0,0.000000
1648654194.077989405,0,0.000000
1648654194.100031380,0,0.000000
1648654194.124209051,0,0.000000
1648654194.145963868,0,0.000000
1648654194.167470438,1,0.000000
1648654194.190384653,0,0.000000
1648654194.212307986,0,0.000000
1648654194.234994527,0,0.000000
1648654194.256342204,0,0.000000
1648654194.278221262,0,0.000000
1648654194.299365437,0,0.000000
1648654194.321936600,0,0.000000
1648654194.344782950,0,0.002000
1648654194.365973386,0,0.000000
1648654194.389140761,0,0.000000
1648654194.410939048,0,0.000000
1648654194.434351365,0,0.000000
1648654194.457843373,0,0.004000
1648654194.479722461,0,0.000000
1648654194.504297202,0,0.000000
1648654194.527292272,0,0.000000
1648654194.549831061,0,0.000000
1648654194.570583940,0,0.000000
1648654194.593925521,0,0.000000
1648654194.617496711,0,0.000000
1648654194.638984241,0,0.000000
1648654194.662236448,0,0.000000
1648654194.685942233,0,0.000000
1648654194.708815942,0,0.000000
1648654194.732024844,0,0.000000
1648654194.754281211,0,0.011000
1648654194.778530859,0,0.000000
1648654194.801286843,0,0.001000
1648654194.823891759,0,0.000000
1648654194.845613795,0,0.000000
1648654194.867458620,0,0.000000
1648654194.890250238,0,0.000000
1648654194.911906019,0,0.000000
1648654194.934705767,0,0.000000
1648654194.958781097,0,0.000000
1648654194.983840344,0,0.000000
1648654195.006003611,1,0.000000
1648654195.027928176,0,0.000000
1648654195.048463344,0,0.000000
1648654195.073847028,0,0.001000
1648654195.095554039,0,0.000000
1648654195.118986873,0,0.000000
1648654195.142243076,0,0.000000
1648654195.163943815,0,0.000000
1648654195.186767111,0,0.000000
1648654195.207808856,0,0.003000
1648654195.231916010,0,0.007000
1648654195.253386233,0,0.000000
1648654195.276758950,0,0.000000
1648654195.299457870,0,0.000000
1648654195.323788814,0,0.000000
1648654195.346601376,0,0.000000
1648654195.368998373,0,0.000000
1648654195.390900756,0,0.000000
1648654195.411144844,0,0.000000
1648654195.433969197,0,0.000000
1648654195.456757655,0,0.000000
1648654195.478608737,0,0.000000
1648654195.502047946,0,0.000000
1648654195.524938838,0,0.001000
1648654195.548087318,0,0.000000
1648654195.569244991,0,0.000000
1648654195.590229380,0,0.000000
1648654195.614534926,0,0.000000
1648654195.637083008,0,0.000000
1648654195.660667897,0,0.006000
1648654195.686344450,0,0.000000
1648654195.709092676,0,0.000000
1648654195.729967973,0,0.000000
1648654195.750903290,0,0.001000
1648654195.772383398,0,0.000000
1648654195.794857557,0,0.000000
1648654195.817983187,0,0.000000
1648654195.840471967,0,0.000000
1648654195.863290190,0,0.006000
1648654195.887046627,0,0.000000
1648654195.909372473,0,0.000000
1648654195.932557091,0,0.011000
1648654195.955860987,0,0.000000
1648654195.977289884,0,0.000000
1648654195.998744189,0,0.000000
1648654196.021550835,0,0.000000
1648654196.043380031,0,0.000000
1648654196.066265589,0,0.003000
1648654196.088378550,0,0.000000
1648654196.110839997,0,0.000000
1648654196.131099495,0,0.000000
1648654196.153157110,0,0.000000
1648654196.177739417,0,0.000000
1648654196.200616118,0,0.000000
1648654196.222130928,0,0.000000
1648654196.244161648,0,0.000000
1648654196.267015618,0,0.000000
1648654196.289310939,0,0.000000
1648654196.311922561,0,0.000000
1648654196.334987166,0,0.000000
1648654196.359246088,0,0.000000
1648654196.382031786,0,0.004000
1648654196.405616752,0,0.000000
1648654196.425946227,0,0.000000
1648654196.447533749,0,0.000000
1648654196.471359116,0,0.000000
1648654196.494607398,0,0.000000
1648654196.517263013,0,0.000000
1648654196.540264971,0,0.000000
1648654196.562572354,0,0.001000
1648654196.585968035,0,0.000000
1648654196.609550885,0,0.000000
1648654196.631855903,0,0.000000
1648654196.653000094,0,0.000000
1648654196.677805359,0,0.000000
1648654196.699054263,0,0.000000
1648654196.722087118,0,0.000000
1648654196.744183532,0,0.000000
1648654196.768183424,0,0.000000
1648654196.791069363,0,0.000000
1648654196.812566554,0,0.000000
1648654196.835318266,0,0.000000
1648654196.857085600,0,0.000000
1648654196.879115382,0,0.000000
1648654196.901379257,0,0.000000
1648654196.925209422,1,0.001000
1648654196.947788569,0,0.000000
1648654196.968560900,0,0.000000
1648654196.992467558,0,0.000000
1648654197.015710504,0,0.000000
1648654197.039717383,0,0.000000
1648654197.061368554,0,0.000000
1648654197.083608954,0,0.000000
1648654197.106531720,0,0.000000
1648654197.130438671,0,0.000000
1648654197.151523863,0,0.000000
1648654197.173187926,0,0.000000
1648654197.196395270,0,0.000000
1648654197.219925772,0,0.000000
1648654197.243383122,0,0.000000
1648654197.267149400,0,0.000000
1648654197.291596102,0,0.000000
1648654197.313903274,1,0.000000
1648654197.337268480,0,0.000000
1648654197.358928325,0,0.003000
1648654197.382165568,0,0.000000
1648654197.404339971,0,0.000000
1648654197.428153557,0,0.000000
1648654197.450811646,0,0.000000
1648654197.473602414,0,0.000000
1648654197.494189802,0,0.000000
1648654197.518200943,0,0.000000
1648654197.543033159,0,0.000000
1648654197.565813881,0,0.000000
1648654197.587460748,0,0.000000
1648654197.610242412,0,0.000000
1648654197.633346473,0,0.000000
1648654197.656163385,0,0.000000
1648654197.680473853,0,0.002000
1648654197.702430672,0,0.000000
1648654197.725018964,0,0.000000
1648654197.747171748,0,0.000000
1648654197.767841116,0,0.000000
1648654197.790494783,0,0.000000
1648654197.814269657,0,0.000000
1648654197.838202042,0,0.000000
1648654197.860377170,0,0.000000
1648654197.884224265,0,0.001000
1648654197.907855098,0,0.000000
1648654197.931359352,0,0.000000
1648654197.953393446,1,0.002000
1648654197.976166334,0,0.004000
1648654197.997161400,0,0.000000
1648654198.021232026,0,0.000000
1648654198.042792488,0,0.000000
1648654198.065937223,0,0.001000
1648654198.090088581,0,0.000000
1648654198.112698343,0,0.000000
1648654198.136385328,0,0.000000
1648654198.158974182,0,0.003000
1648654198.179572316,0,0.000000
1648654198.200774458,0,0.000000
1648654198.222438036,1,0.000000
1648654198.245668434,0,0.000000
1648654198.270129972,0,0.000000
1648654198.294288862,0,0.009000
1648654198.317483318,0,0.000000
1648654198.341057247,0,0.000000
1648654198.363961370,0,0.000000
1648654198.386503874,0,0.000000
1648654198.409374274,1,0.007000
1648654198.431452696,0,0.000000
1648654198.452374763,0,0.000000
1648654198.473774130,0,0.000000
1648654198.495804763,0,0.000000
1648654198.517678871,0,0.000000
1648654198.541021293,0,0.000000
1648654198.564747270,0,0.000000
1648654198.585661680,0,0.000000
1648654198.608487933,0,0.011000
1648654198.630128740,1,0.003000
1648654198.653364312,0,0.000000
1648654198.675399304,0,0.010000
1648654198.697827365,0,0.000000
1648654198.720868237,1,0.000000
1648654198.744548853,0,0.000000
1648654198.767292173,0,0.000000
1648654198.789931510,0,0.001000
1648654198.812294956,0,0.000000
1648654198.836253839,0,0.000000
1648654198.860661322,0,0.000000
1648654198.883761059,0,0.000000
1648654198.908565813,0,0.000000
1648654198.929998280,0,0.000000
1648654198.952098696,0,0.000000
1648654198.974470615,0,0.000000
1648654198.997454101,0,0.000000
1648654199.020733713,0,0.000000
1648654199.041091064,0,0.000000
1648654199.063951992,0,0.000000
1648654199.085493482,0,0.000000
1648654199.108868562,0,0.000000
1648654199.133027996,1,0.009000
1648654199.156558671,0,0.000000
1648654199.177180340,0,0.000000
1648654199.199633443,0,0.000000
1648654199.222224132,0,0.000000
1648654199.244780471,0,0.000000
1648654199.265739832,0,0.000000
1648654199.287658448,0,0.000000
1648654199.309591542,0,0.000000
1648654199.334175128,0,0.000000
1648654199.356749169,0,0.000000
1648654199.378787058,0,0.000000
1648654199.403439154,0,0.000000
1648654199.424672259,0,0.000000
1648654199.447335224,0,0.000000
1648654199.470208818,0,0.000000
1648654199.493038589,0,0.000000
1648654199.515488053,0,0.000000
1648654199.537109497,0,0.000000
1648654199.559476438,0,0.000000
1648654199.582143665,0,0.000000
1648654199.604642888,1,0.000000
1648654199.627509103,0,0.000000
1648654199.649108056,0,0.000000
1648654199.670124177,0,0.000000
1648654199.693378143,0,0.000000
1648654199.716045066,0,0.000000
1648654199.737393824,0,0.000000
1648654199.760432037,0,0.000000
1648654199.784108574,1,0.001000
1648654199.807805149,0,0.000000
1648654199.830872106,0,0.001000
1648654199.853845607,0,0.000000
1648654199.877356706,0,0.000000
1648654199.898415240,0,0.000000
1648654199.921592237,0,0.000000
1648654199.943074525,0,0.000000
1648654199.964451754,0,0.000000
1648654199.986832063,0,0.000000
1648654200.009600835,0,0.000000
1648654200.032600402,0,0.000000
1648654200.053964241,0,0.000000
1648654200.077200648,0,0.000000
1648654200.099186882,0,0.000000
1648654200.121144365,0,0.000000
1648654200.143950947,0,0.000000
1648654200.166615268,0,0.000000
1648654200.187245666,0,0.000000
1648654200.209616116,0,0.000000
1648654200.232726603,0,0.000000
1648654200.256011181,0,0.000000
1648654200.278340773,0,0.000000
1648654200.301290414,0,0.000000
1648654200.324326493,0,0.000000
1648654200.346726040,0,0.000000
1648654200.368800783,0,0.000000
1648654200.391236411,0,0.000000
1648654200.413055298,0,0.005000
1648654200.435184341,0,0.000000
1648654200.456705895,1,0.001000
1648654200.480492316,0,0.000000
1648654200.503386010,0,0.000000
1648654200.525534674,0,0.000000
1648654200.547617607,0,0.000000
1648654200.570166491,0,0.003000
1648654200.594298288,0,0.000000
1648654200.616356908,0,0.000000
1648654200.637967339,0,0.000000
1648654200.661220129,0,0.000000
1648654200.681164306,0,0.000000
1648654200.703408648,0,0.001000
1648654200.726469306,0,0.000000
1648654200.748851643,0,0.000000
1648654200.771551896,0,0.000000
1648654200.795267245,0,0.000000
1648654200.819668587,0,0.000000
1648654200.842117387,0,0.000000
1648654200.864729379,0,0.000000
1648654200.885340533,0,0.000000
1648654200.909245522,0,0.000000
1648654200.932235556,0,0.000000
1648654200.954886446,0,0.000000
1648654200.977487802,0,0.000000
1648654200.999974638,0,0.000000
1648654201.023933673,0,0.000000
1648654201.047334782,0,0.001000
1648654201.068612473,0,0.000000
1648654201.091865320,0,0.000000
1648654201.115050163,0,0.000000
1648654201.136890254,0,0.000000
1648654201.159163363,1,0.005000
1648654201.181479217,0,0.000000
1648654201.204464096,0,0.008000
1648654201.227558302,0,0.000000
1648654201.250360157,0,0.000000
1648654201.273754171,1,0.000000
1648654201.297003575,0,0.000000
1648654201.318504614,0,0.000000
1648654201.341753889,0,0.000000
1648654201.363443565,0,0.000000
1648654201.387508177,0,0.000000
1648654201.408266128,0,0.011000
1648654201.430676855,0,0.000000
1648654201.453503926,0,0.003000
1648654201.475271850,0,0.000000
1648654201.498687878,0,0.000000
1648654201.519939469,0,0.003000
1648654201.543005258,0,0.000000
1648654201.564441976,0,0.000000
1648654201.589107101,1,0.000000
1648654201.612729470,0,0.000000
1648654201.634270951,0,0.000000
1648654201.657215508,0,0.000000
1648654201.680385041,0,0.000000
1648654201.702017204,0,0.005000
1648654201.724585630,0,0.000000
1648654201.747480847,0,0.000000
1648654201.769271389,0,0.003000
1648654201.791680544,0,0.000000
1648654201.814471102,0,0.000000
1648654201.836959481,1,0.000000
1648654201.859587326,0,0.000000
1648654201.881416545,0,0.001000
1648654201.903963717,0,0.000000
1648654201.927257731,0,0.000000
1648654201.949003839,0,0.000000
1648654201.972307653,0,0.000000
1648654201.992900632,0,0.000000
1648654202.015766116,1,0.000000
1648654202.039021400,0,0.000000
1648654202.061447011,0,0.000000
1648654202.085071168,0,0.000000
1648654202.108904117,0,0.000000
1648654202.132833174,0,0.000000
1648654202.155794598,0,0.000000
1648654202.176717856,0,0.004000
1648654202.198865501,0,0.000000
1648654202.220101047,0,0.000000
1648654202.239911681,0,0.000000
1648654202.262200434,0,0.000000
1648654202.285016186,0,0.000000
1648654202.308866761,0,0.000000
1648654202.331488482,0,0.000000
1648654202.353675970,0,0.000000
1648654202.377231466,0,0.000000
1648654202.397717459,0,0.000000
1648654202.421009027,0,0.000000
1648654202.443224439,0,0.000000
1648654202.466281788,0,0.000000
1648654202.487695640,0,0.000000
1648654202.510571816,0,0.000000
1648654202.532726016,0,0.000000
1648654202.555236212,0,0.000000
1648654202.579541840,0,0.000000
1648654202.602657901,1,0.000000
1648654202.624888972,0,0.000000
1648654202.647399511,0,0.000000
1648654202.669492719,0,0.000000
1648654202.692836963,0,0.000000
1648654202.715348608,0,0.004000
1648654202.738768784,0,0.000000
1648654202.761356537,1,0.001000
1648654202.782031983,0,0.000000
1648654202.804306566,0,0.000000
1648654202.827628307,0,0.000000
1648654202.850025378,0,0.000000
1648654202.872433729,0,0.000000
1648654202.894535114,0,0.000000
1648654202.915865808,0,0.000000
1648654202.938397275,0,0.000000
1648654202.962044236,0,0.000000
1648654202.985250662,0,0.000000
1648654203.007656206,0,0.000000
1648654203.030369943,0,0.000000
1648654203.054300570,0,0.000000
1648654203.075986594,0,0.000000
1648654203.099175654,0,0.001000
1648654203.122148265,0,0.000000
1648654203.145792371,1,0.012000
1648654203.168879777,0,0.002000
1648654203.191861908,1,0.000000
1648654203.213716795,0,0.000000
1648654203.237117695,0,0.000000
1648654203.259279487,0,0.000000
1648654203.281631489,0,0.000000
1648654203.304983828,0,0.000000
1648654203.326972629,0,0.000000
1648654203.350164331,0,0.004000
1648654203.372500360,0,0.000000
1648654203.395489900,0,0.001000
1648654203.418689740,0,0.000000
1648654203.442477755,0,0.000000
1648654203.465438861,0,0.000000
1648654203.488937279,0,0.000000
1648654203.511155896,0,0.000000
1648654203.534959395,0,0.000000
1648654203.555997234,0,0.000000
1648654203.578214696,0,0.000000
1648654203.600999558,0,0.000000
1648654203.623720205,0,0.005000
1648654203.644371430,0,0.000000
1648654203.666304065,0,0.000000
1648654203.687071460,0,0.000000
1648654203.709284416,0,0.000000
1648654203.730904539,0,0.001000
1648654203.753702445,0,0.000000
1648654203.776511025,0,0.003000
1648654203.799024832,0,0.000000
1648654203.821324161,0,0.000000
1648654203.844195393,0,0.000000
1648654203.867510409,0,0.000000
1648654203.888839737,0,0.000000
1648654203.910126915,0,0.000000
1648654203.932679634,0,0.000000
1648654203.955757580,0,0.000000
1648654203.978979264,0,0.000000
1648654204.000458592,0,0.000000
1648654204.023643467,0,0.004000
1648654204.045086986,0,0.000000
1648654204.068396694,0,0.000000
1648654204.091963314,0,0.000000
1648654204.114585321,0,0.000000
1648654204.138277218,0,0.000000
1648654204.161153875,1,0.000000
1648654204.185223113,0,0.000000
1648654204.207228980,0,0.000000
1648654204.229954441,0,0.000000
1648654204.251023984,0,0.000000
1648654204.274086836,0,0.000000
1648654204.297649230,0,0.000000
1648654204.320128268,0,0.000000
1648654204.343089785,0,0.000000
1648654204.365155031,0,0.000000
1648654204.388545039,0,0.000000
1648654204.411123894,0,0.000000
1648654204.434936847,0,0.000000
1648654204.455128476,0,0.000000
1648654204.476996925,0,0.000000
1648654204.499543771,0,0.000000
1648654204.523649556,0,0.000000
1648654204.545367969,0,0.000000
1648654204.566430118,0,0.000000
1648654204.589335103,0,0.000000
1648654204.610234585,0,0.005000
1648654204.632904461,0,0.000000
1648654204.655328366,0,0.001000
1648654204.677642498,0,0.000000
1648654204.700724236,0,0.000000
1648654204.722929582,0,0.000000
1648654204.746406201,0,0.000000
1648654204.766562955,0,0.000000
1648654204.788005012,0,0.000000
1648654204.809775613,0,0.000000
1648654204.830338637,0,0.000000
1648654204.854393350,0,0.000000
1648654204.875919386,0,0.000000
1648654204.899085572,0,0.000000
1648654204.918973922,0,0.000000
1648654204.940568122,0,0.000000
1648654204.963972337,0,0.000000
1648654204.987050784,0,0.000000
1648654205.010718993,0,0.000000
1648654205.031480391,0,0.007000
1648654205.052257467,0,0.000000
1648654205.075338103,0,0.000000
1648654205.097555239,0,0.000000
1648654205.120055510,0,0.000000
1648654205.143421310,0,0.011000
1648654205.165804512,0,0.000000
1648654205.190648053,0,0.000000
1648654205.212697944,0,0.000000
1648654205.235891886,1,0.018000
1648654205.258044868,0,0.000000
1648654205.280292791,0,0.000000
1648654205.304412391,0,0.000000
1648654205.327181465,0,0.000000
1648654205.348102031,1,0.000000
1648654205.370726621,0,0.000000
1648654205.393211344,0,0.000000
1648654205.414267431,0,0.000000
1648654205.435383684,0,0.000000
1648654205.459602938,1,0.000000
1648654205.482154194,0,0.000000
1648654205.506412991,0,0.000000
1648654205.527905035,0,0.000000
1648654205.550878852,0,0.000000
1648654205.574065715,0,0.000000
1648654205.598641516,0,0.000000
1648654205.621202555,0,0.001000
1648654205.643488472,1,0.001000
1648654205.667055263,0,0.000000
1648654205.688047598,0,0.000000
1648654205.710728734,0,0.000000
1648654205.734425193,0,0.000000
1648654205.755710331,0,0.000000
1648654205.777532159,0,0.000000
1648654205.798435433,0,0.000000
1648654205.821067026,0,0.000000
1648654205.843333295,0,0.000000
1648654205.866333354,0,0.000000
1648654205.887097135,0,0.000000
1648654205.909034419,0,0.000000
1648654205.929777856,0,0.000000
1648654205.952282371,0,0.000000
1648654205.974014219,0,0.000000
1648654205.997308925,0,0.000000
1648654206.020125583,0,0.000000
1648654206.043168388,0,0.000000
1648654206.065177101,0,0.001000
1648654206.086100930,0,0.000000
1648654206.108216675,0,0.001000
1648654206.130865029,0,0.000000
1648654206.153958787,0,0.000000
1648654206.176864665,0,0.000000
1648654206.199712489,0,0.000000
1648654206.223145901,0,0.000000
1648654206.246488913,0,0.000000
1648654206.269218649,0,0.001000
1648654206.291509499,0,0.000000
1648654206.314554625,0,0.000000
1648654206.335865610,0,0.003000
1648654206.357206411,1,0.000000
1648654206.377772164,0,0.000000
1648654206.399194565,0,0.000000
1648654206.421978582,0,0.000000
1648654206.443985429,0,0.000000
1648654206.465238357,0,0.000000
1648654206.487759387,0,0.003000
1648654206.510051882,0,0.000000
1648654206.532177867,0,0.004000
1648654206.555299472,1,0.000000
1648654206.577324613,0,0.000000
1648654206.599663977,0,0.001000
1648654206.622027888,0,0.000000
1648654206.642689407,0,0.000000
1648654206.665127175,0,0.000000
1648654206.687256402,0,0.014000
1648654206.709070325,0,0.000000
1648654206.729014306,0,0.000000
1648654206.751103640,0,0.000000
1648654206.772202029,0,0.000000
1648654206.794610523,0,0.000000
1648654206.815958611,0,0.000000
1648654206.837941766,0,0.000000
1648654206.859380131,0,0.000000
1648654206.880154443,0,0.000000
1648654206.902635101,0,0.000000
1648654206.926319733,0,0.000000
1648654206.946937190,0,0.000000
1648654206.968177428,2,0.000000
1648654206.991247434,0,0.000000
1648654207.013996304,0,0.000000
1648654207.034521774,0,0.000000
1648654207.055911789,0,0.000000
1648654207.078809126,0,0.000000
1648654207.098687589,0,0.000000
1648654207.121327000,0,0.000000
1648654207.142832084,0,0.000000
1648654207.164631886,0,0.000000
1648654207.186407164,0,0.000000
1648654207.209251807,0,0.000000
1648654207.230119737,0,0.000000
1648654207.253356769,0,0.000000
1648654207.275760583,0,0.000000
1648654207.298672192,0,0.006000
1648654207.321165012,0,0.000000
1648654207.343659219,0,0.012000
1648654207.365308958,0,0.000000
1648654207.387688060,0,0.000000
1648654207.410209181,0,0.000000
1648654207.432371497,0,0.000000
1648654207.456166045,0,0.000000
1648654207.478877451,0,0.000000
1648654207.499349811,0,0.008000
1648654207.520803711,0,0.000000
1648654207.542397677,0,0.000000
1648654207.563783679,0,0.000000
1648654207.587397508,0,0.000000
1648654207.610723435,0,0.000000
1648654207.633224199,0,0.000000
1648654207.654246406,0,0.000000
1648654207.677109687,0,0.000000
1648654207.699294370,0,0.000000
1648654207.721019757,0,0.000000
1648654207.744347228,0,0.000000
1648654207.766203387,0,0.000000
1648654207.788396367,0,0.000000
1648654207.810661463,0,0.000000
1648654207.833412915,0,0.000000
1648654207.854794371,0,0.000000
1648654207.876458487,0,0.000000
1648654207.899042827,0,0.000000
1648654207.921285325,1,0.001000
1648654207.944996528,0,0.000000
1648654207.967228287,0,0.000000
1648654207.990458803,0,0.000000
1648654208.011733062,0,0.000000
1648654208.033372743,0,0.000000
1648654208.056960825,0,0.000000
1648654208.080161842,0,0.000000
1648654208.102299453,0,0.000000
1648654208.123554419,0,0.008000
1648654208.146552046,0,0.000000
1648654208.169528168,0,0.002000
1648654208.192564569,0,0.000000
1648654208.216815937,0,0.008000
1648654208.240154786,0,0.000000
1648654208.260996210,0,0.000000
1648654208.282885818,0,0.000000
1648654208.305023287,0,0.015000
1648654208.328402850,0,0.000000
1648654208.349579140,0,0.000000
1648654208.372336372,0,0.000000
1648654208.394291005,0,0.000000
1648654208.416701021,1,0.012000
1648654208.438094084,0,0.000000
1648654208.461412038,1,0.000000
1648654208.482935504,0,0.000000
1648654208.503754093,0,0.000000
1648654208.524833643,1,0.000000
1648654208.546861279,1,0.001000
1648654208.567677725,0,0.000000
1648654208.590007974,0,0.000000
1648654208.613188248,0,0.000000
1648654208.635326778,0,0.000000
1648654208.657533440,0,0.000000
1648654208.680069880,0,0.000000
1648654208.702911392,0,0.000000
1648654208.726079097,0,0.000000
1648654208.748500553,0,0.000000
1648654208.772421905,0,0.000000
1648654208.794554500,0,0.006000
1648654208.815793060,0,0.000000
1648654208.839065371,0,0.000000
1648654208.862498555,0,0.000000
1648654208.885415212,0,0.007000
1648654208.908799944,0,0.000000
1648654208.932165171,0,0.000000
1648654208.954927707,0,0.000000
1648654208.976950687,0,0.000000
1648654209.000436299,0,0.000000
1648654209.023353274,0,0.000000
1648654209.045723828,0,0.000000
1648654209.067467230,1,0.000000
1648654209.089111598,0,0.000000
1648654209.110860160,0,0.001000
1648654209.133494770,0,0.007000
1648654209.155328927,0,0.000000
1648654209.179550791,0,0.000000
1648654209.202554277,0,0.000000
1648654209.225460147,0,0.000000
1648654209.248727382,0,0.000000
1648654209.271166219,0,0.000000
1648654209.293701230,0,0.000000
1648654209.317236876,0,0.000000
1648654209.339685389,0,0.000000
1648654209.362741042,0,0.000000
1648654209.385170948,0,0.000000
1648654209.406327485,0,0.000000
1648654209.429447173,0,0.000000
1648654209.451442221,0,0.000000
1648654209.473976038,0,0.000000
1648654209.497160372,0,0.000000
1648654209.521089606,0,0.000000
1648654209.543818631,0,0.000000
1648654209.565304178,1,0.008000
1648654209.587924795,0,0.000000
1648654209.611421934,0,0.003000
1648654209.633756432,0,0.000000
1648654209.655417520,0,0.000000
1648654209.679204366,0,0.006000
1648654209.699964541,0,0.000000
1648654209.722587105,1,0.000000
1648654209.744472257,0,0.000000
1648654209.766967186,0,0.000000
1648654209.790569271,0,0.000000
1648654209.812802227,0,0.000000
1648654209.835013564,0,0.000000
1648654209.856977713,0,0.000000
1648654209.879956441,0,0.000000
1648654209.902419308,1,0.000000
1648654209.925036733,0,0.000000
1648654209.945960214,0,0.000000
1648654209.969338018,0,0.001000
1648654209.992561437,0,0.000000
1648654210.016538444,0,0.000000
1648654210.040246908,0,0.000000
1648654210.063546607,0,0.000000
1648654210.086565077,0,0.008000
1648654210.110208771,0,0.000000
1648654210.133617881,0,0.000000
1648654210.154386114,0,0.000000
1648654210.176416454,0,0.000000
1648654210.198821429,0,0.000000
1648654210.222233336,0,0.000000
1648654210.246065640,0,0.000000
1648654210.270088140,0,0.000000
1648654210.292466919,0,0.000000
1648654210.316109022,0,0.000000
1648654210.340262513,0,0.000000
1648654210.362054091,0,0.000000
1648654210.384884502,0,0.000000
1648654210.407948622,0,0.000000
1648654210.428058021,0,0.001000
1648654210.450346949,0,0.000000
1648654210.472329713,0,0.000000
1648654210.494536528,0,0.000000
1648654210.515304220,0,0.000000
1648654210.537209468,0,0.000000
1648654210.561062657,1,0.000000
1648654210.583478963,0,0.000000
1648654210.606816887,0,0.000000
1648654210.630616110,0,0.000000
1648654210.652076289,0,0.000000
1648654210.675381691,0,0.000000
1648654210.697902531,0,0.014000
1648654210.722289505,0,0.000000
1648654210.742338048,0,0.000000
1648654210.766036069,0,0.000000
1648654210.788467683,0,0.000000
1648654210.808432712,0,0.000000
1648654210.829807524,0,0.000000
1648654210.851496369,0,0.000000
1648654210.873277041,0,0.000000
1648654210.895290443,0,0.000000
1648654210.918192238,0,0.000000
1648654210.939173544,0,0.000000
1648654210.962930728,0,0.000000
1648654210.984297954,0,0.000000
1648654211.008823603,0,0.000000
1648654211.031430025,0,0.000000
1648654211.053816455,0,0.000000
1648654211.077858022,1,0.016000
1648654211.099162095,0,0.000000
1648654211.121902734,0,0.000000
1648654211.144999058,0,0.000000
1648654211.167069113,0,0.000000
1648654211.189208956,0,0.000000
1648654211.211333558,1,0.000000
1648654211.233279755,0,0.000000
1648654211.256352111,1,0.010000
1648654211.279073411,0,0.002000
1648654211.302116740,0,0.000000
1648654211.322384820,0,0.000000
1648654211.345231008,0,0.000000
1648654211.368620621,0,0.000000
1648654211.392273735,0,0.000000
1648654211.413844246,0,0.000000
1648654211.437715902,0,0.000000
1648654211.460818263,0,0.000000
1648654211.483611960,0,0.000000
1648654211.504977055,0,0.000000
1648654211.526259519,0,0.000000
1648654211.550405673,0,0.002000
1648654211.571227100,1,0.017000
1648654211.594292533,0,0.000000
1648654211.617049320,1,0.003000
1648654211.638091707,0,0.000000
1648654211.661227224,0,0.000000
1648654211.684590497,0,0.000000
1648654211.706525253,0,0.000000
1648654211.729474578,0,0.000000
1648654211.750270868,0,0.000000
1648654211.774429874,0,0.000000
1648654211.796252927,0,0.000000
1648654211.817601312,0,0.000000
1648654211.839739134,0,0.000000
1648654211.862432594,0,0.000000
1648654211.885083013,0,0.000000
1648654211.907015437,0,0.000000
1648654211.931436907,0,0.000000
1648654211.954418934,0,0.000000
1648654211.977382308,0,0.000000
1648654211.999336033,0,0.000000
1648654212.021225829,0,0.006000
1648654212.043975710,0,0.000000
1648654212.067432539,0,0.000000
1648654212.091180835,0,0.000000
1648654212.115903121,0,0.000000
1648654212.139235620,0,0.000000
1648654212.162658099,0,0.000000
1648654212.185482523,1,0.003000
1648654212.209142953,0,0.000000
1648654212.231693382,0,0.000000
1648654212.255011543,0,0.000000
1648654212.277477607,0,0.000000
1648654212.298544316,1,0.000000
1648654212.321101684,0,0.000000
1648654212.343744004,0,0.000000
1648654212.366366420,0,0.000000
1648654212.388570337,0,0.000000
1648654212.411470482,0,0.000000
1648654212.434696271,0,0.000000
1648654212.457969443,0,0.000000
1648654212.481133492,0,0.003000
1648654212.503693668,0,0.009000
1648654212.527882071,0,0.000000
1648654212.550444745,0,0.000000
1648654212.571707125,0,0.000000
1648654212.594832816,0,0.000000
1648654212.615133492,0,0.000000
1648654212.637294920,0,0.000000
1648654212.661375147,0,0.000000
1648654212.683233959,0,0.000000
1648654212.708050614,0,0.000000
1648654212.732294900,0,0.000000
1648654212.754097426,0,0.000000
1648654212.776250221,0,0.000000
1648654212.798316426,0,0.000000
1648654212.819159462,1,0.000000
1648654212.840971595,0,0.000000
1648654212.862961049,0,0.000000
1648654212.885697827,0,0.000000
1648654212.909182178,0,0.000000
1648654212.931362215,0,0.000000
1648654212.953707454,1,0.018000
1648654212.975800529,0,0.000000
1648654212.997622428,1,0.000000
1648654213.020071179,0,0.003000
1648654213.041877933,0,0.000000
1648654213.065451936,0,0.000000
1648654213.086208871,1,0.000000
1648654213.108467284,0,0.000000
1648654213.130195490,0,0.000000
1648654213.153043194,0,0.004000
1648654213.177181045,0,0.000000
1648654213.198056888,0,0.000000
1648654213.221257475,0,0.001000
1648654213.244162568,0,0.000000
1648654213.265289761,0,0.000000
1648654213.288165101,0,0.000000
1648654213.312104537,0,0.000000
1648654213.334342942,0,0.000000
1648654213.357081872,0,0.000000
1648654213.378310120,0,0.000000
1648654213.400308798,0,0.004000
1648654213.423217583,0,0.000000
1648654213.446245729,0,0.000000
1648654213.469406057,0,0.000000
1648654213.491011662,0,0.000000
1648654213.514769505,0,0.000000
1648654213.537960619,0,0.000000
1648654213.558332946,0,0.000000
1648654213.579902554,0,0.000000
1648654213.602555556,0,0.000000
1648654213.625892188,0,0.000000
1648654213.647917003,1,0.000000
1648654213.669992379,0,0.000000
1648654213.690857328,0,0.000000
1648654213.712484105,0,0.000000
1648654213.735957803,0,0.000000
1648654213.759291172,0,0.000000
1648654213.779774171,0,0.000000
1648654213.802536846,0,0.000000
1648654213.827268531,0,0.000000
1648654213.850701333,0,0.000000
1648654213.872006806,0,0.002000
1648654213.893497074,0,0.000000
1648654213.916219188,0,0.000000
1648654213.939297747,0,0.000000
1648654213.960965437,0,0.000000
1648654213.982681640,0,0.000000
1648654214.005778032,0,0.000000
1648654214.027983394,0,0.000000
1648654214.050392228,0,0.002000
1648654214.070631201,0,0.000000
1648654214.093280039,0,0.000000
1648654214.116749055,0,0.003000
1648654214.138307064,0,0.000000
1648654214.160369705,0,0.000000
1648654214.183360018,0,0.000000
1648654214.207103660,0,0.000000
1648654214.227496272,0,0.000000
1648654214.248497747,0,0.000000
1648654214.270075137,0,0.000000
1648654214.293086228,0,0.000000
1648654214.316774407,0,0.000000
1648654214.339189409,0,0.000000
1648654214.361685261,1,0.000000
1648654214.384646478,0,0.000000
1648654214.406243746,0,0.000000
1648654214.428227224,0,0.000000
1648654214.450771866,0,0.000000
1648654214.472455720,0,0.001000
1648654214.495610683,0,0.000000
1648654214.518064600,0,0.000000
1648654214.540209741,0,0.000000
1648654214.563228313,0,0.000000
1648654214.584959776,0,0.000000
1648654214.609140885,0,0.000000
1648654214.630356327,0,0.000000
1648654214.653492678,0,0.000000
1648654214.676173374,0,0.000000
1648654214.700011631,0,0.000000
1648654214.720364552,0,0.000000
1648654214.741799975,1,0.000000
1648654214.765276735,0,0.000000
1648654214.785546653,0,0.000000
1648654214.806720091,0,0.000000
1648654214.827900252,0,0.000000
1648654214.850916663,0,0.000000
1648654214.872244136,0,0.000000
1648654214.894771613,0,0.000000
1648654214.916874265,0,0.000000
1648654214.940178269,0,0.000000
1648654214.963300447,0,0.009000
1648654214.987338577,0,0.000000
1648654215.009073943,0,0.000000
1648654215.032361427,0,0.003000
1648654215.055565758,0,0.000000
1648654215.079498407,0,0.000000
1648654215.102472223,0,0.000000
1648654215.124294196,0,0.000000
1648654215.145052798,0,0.000000
1648654215.168115704,0,0.000000
1648654215.192567352,0,0.000000
1648654215.216321017,0,0.000000
1648654215.237299260,0,0.000000
1648654215.259865605,0,0.000000
1648654215.284366685,1,0.000000
1648654215.306607699,0,0.000000
1648654215.329953055,0,0.000000
1648654215.352456464,0,0.000000
1648654215.373242098,0,0.000000
1648654215.396070922,0,0.001000
1648654215.418695695,0,0.000000
1648654215.440984936,0,0.005000
1648654215.463628849,0,0.000000
1648654215.485485601,0,0.000000
1648654215.507894599,0,0.000000
1648654215.530435696,0,0.000000
1648654215.554525890,0,0.000000
1648654215.576411837,0,0.000000
1648654215.600146971,0,0.000000
1648654215.622622127,0,0.000000
1648654215.645869511,0,0.000000
1648654215.668504713,0,0.000000
1648654215.691001326,0,0.000000
1648654215.712893873,0,0.004000
1648654215.735326377,0,0.000000
1648654215.757882671,0,0.000000
1648654215.780748896,0,0.000000
1648654215.803448244,1,0.000000
1648654215.827614777,0,0.000000
1648654215.849860614,0,0.001000
1648654215.873154873,0,0.000000
1648654215.895025888,0,0.000000
1648654215.919031032,0,0.000000
1648654215.942468221,0,0.000000
1648654215.966575213,0,0.001000
1648654215.989978506,0,0.000000
1648654216.012784291,1,0.000000
1648654216.035508931,1,0.006000
1648654216.058497449,0,0.000000
1648654216.080914708,0,0.000000
1648654216.102897383,0,0.000000
1648654216.125604845,0,0.003000
1648654216.148089199,0,0.000000
1648654216.171070826,0,0.000000
1648654216.193420888,0,0.000000
1648654216.216658241,0,0.000000
1648654216.239004972,0,0.000000
1648654216.260324297,0,0.000000
1648654216.283376950,0,0.000000
1648654216.306227524,0,0.000000
1648654216.329339183,0,0.000000
1648654216.352139191,0,0.000000
1648654216.373876023,0,0.000000
1648654216.396667442,0,0.000000
1648654216.419504289,0,0.000000
