1648653601.566748083,0,0.001000
1648653601.589878881,0,0.001000
1648653601.610645630,0,0.001000
1648653601.631587730,0,0.001000
1648653601.653210402,0,0.001000
1648653601.675598174,0,0.001000
1648653601.697617989,0,0.001000
1648653601.719388504,0,0.001000
1648653601.740529542,0,0.001000
1648653601.762474031,0,0.001000
1648653601.785056065,0,0.001000
1648653601.806507313,0,0.001000
1648653601.826976905,0,0.001000
1648653601.849730789,0,0.001000
1648653601.870261746,0,0.001000
1648653601.892108637,0,0.001000
1648653601.912796212,0,0.001000
1648653601.933449304,0,0.001000
1648653601.955687756,0,0.001000
1648653601.978644281,1,0.000000
1648653602.000882576,30,0.395000
1648653602.022423503,0,0.000000
1648653602.047338718,1,0.000000
1648653602.068238764,0,0.004000
1648653602.090696203,0,0.000000
1648653602.112181400,0,0.000000
1648653602.133960676,0,0.000000
1648653602.155821242,0,0.000000
1648653602.178430615,0,0.000000
1648653602.199725185,2,0.072000
1648653602.222481032,0,0.000000
1648653602.245545374,0,0.018000
1648653602.268087931,0,0.000000
1648653602.291590841,0,0.000000
1648653602.313399170,3,0.056000
1648653602.335651755,0,0.000000
1648653602.360138232,0,0.003000
1648653602.383320129,0,0.000000
1648653602.404661883,0,0.000000
1648653602.426162593,3,0.048000
1648653602.449115731,0,0.000000
1648653602.469998146,0,0.000000
1648653602.492494261,1,0.026000
1648653602.515551028,0,0.020000
1648653602.537718688,2,0.020000
1648653602.558302883,0,0.000000
1648653602.581897466,2,0.047000
1648653602.603265581,0,0.000000
1648653602.625811042,1,0.000000
1648653602.648504816,0,0.000000
1648653602.671169093,1,0.025000
1648653602.694160841,0,0.000000
1648653602.715678098,0,0.000000
1648653602.738623926,0,0.000000
1648653602.760501286,2,0.012000
1648653602.783782651,0,0.000000
1648653602.807291960,0,0.009000
1648653602.828838143,1,0.014000
1648653602.850497765,0,0.000000
1648653602.873268554,0,0.000000
1648653602.895127929,0,0.000000
1648653602.918097095,1,0.018000
1648653602.939111989,0,0.018000
1648653602.961307685,0,0.000000
1648653602.984842438,0,0.000000
1648653603.008524225,0,0.000000
1648653603.031177661,0,0.000000
1648653603.054034990,0,0.000000
1648653603.073909158,0,0.025000
1648653603.094699917,0,0.006000
1648653603.118651946,0,0.000000
1648653603.140674722,0,0.000000
1648653603.162469311,0,0.000000
1648653603.186953402,2,0.000000
1648653603.209964805,0,0.000000
1648653603.232000669,0,0.000000
1648653603.254967322,0,0.000000
1648653603.278057197,0,0.000000
1648653603.298813446,1,0.008000
1648653603.320195914,0,0.000000
1648653603.343273917,0,0.000000
1648653603.365811255,2,0.032000
1648653603.389188952,0,0.000000
1648653603.411613985,0,0.000000
1648653603.433012242,3,0.043000
1648653603.456162287,0,0.000000
1648653603.476966468,1,0.007000
1648653603.498345065,0,0.000000
1648653603.520864083,0,0.000000
1648653603.543886620,0,0.000000
1648653603.567323389,0,0.000000
1648653603.589141924,3,0.041000
1648653603.612440985,0,0.000000
1648653603.635834660,0,0.000000
1648653603.656867586,0,0.000000
1648653603.680451631,0,0.000000
1648653603.703125856,0,0.000000
1648653603.726835990,0,0.000000
1648653603.750561077,0,0.000000
1648653603.771056696,0,0.014000
1648653603.793461943,0,0.000000
1648653603.815295024,0,0.000000
1648653603.838533314,0,0.000000
1648653603.859474580,0,0.000000
1648653603.883076370,0,0.000000
1648653603.906021150,0,0.000000
1648653603.928198821,0,0.000000
1648653603.951378806,3,0.003000
1648653603.974553963,0,0.000000
1648653603.996616882,1,0.024000
1648653604.018791420,0,0.000000
1648653604.041389299,0,0.000000
1648653604.065838732,1,0.000000
1648653604.086966324,2,0.035000
1648653604.110411892,0,0.000000
1648653604.134462540,1,0.025000
1648653604.158294730,0,0.000000
1648653604.180942255,1,0.026000
1648653604.203391074,2,0.038000
1648653604.226915739,0,0.000000
1648653604.247722044,1,0.025000
1648653604.271117218,0,0.000000
1648653604.295569171,0,0.000000
1648653604.317339047,1,0.008000
1648653604.337446590,0,0.000000
1648653604.359208999,0,0.000000
1648653604.382322572,0,0.005000
1648653604.405166042,0,0.000000
1648653604.427900265,0,0.000000
1648653604.451415988,3,0.053000
1648653604.472681656,0,0.000000
1648653604.494117958,0,0.000000
1648653604.517030591,2,0.047000
1648653604.539932395,0,0.000000
1648653604.562450370,1,0.000000
1648653604.585099951,2,0.020000
1648653604.606050931,0,0.000000
1648653604.628485184,0,0.000000
1648653604.650834435,0,0.000000
1648653604.674064716,0,0.000000
1648653604.697398365,0,0.027000
1648653604.720559582,0,0.000000
1648653604.744199112,0,0.000000
1648653604.766241665,0,0.000000
1648653604.788127441,0,0.000000
1648653604.810926962,0,0.000000
1648653604.833788219,0,0.000000
1648653604.856570719,0,0.044000
1648653604.879839823,0,0.000000
1648653604.901289061,2,0.037000
1648653604.923228217,2,0.009000
1648653604.945924835,0,0.003000
1648653604.969473629,0,0.000000
1648653604.991804438,0,0.000000
1648653605.015158119,1,0.013000
1648653605.037467630,0,0.000000
1648653605.059437644,0,0.000000
1648653605.081162687,0,0.000000
1648653605.104504968,2,0.022000
1648653605.127276689,1,0.009000
1648653605.150267224,3,0.039000
1648653605.174355621,0,0.000000
1648653605.194471269,0,0.000000
1648653605.215909500,0,0.013000
1648653605.238546250,3,0.040000
1648653605.261704947,1,0.055000
1648653605.283878103,0,0.000000
1648653605.305984463,1,0.019000
1648653605.329198959,0,0.000000
1648653605.352686218,0,0.000000
1648653605.375426616,2,0.058000
1648653605.397666356,0,0.000000
1648653605.419445321,1,0.015000
1648653605.441148204,0,0.031000
1648653605.463748379,2,0.039000
1648653605.485782402,0,0.000000
1648653605.506923241,0,0.000000
1648653605.528064604,3,0.022000
1648653605.549300674,0,0.000000
1648653605.572131398,0,0.000000
1648653605.595895914,1,0.010000
1648653605.619999406,0,0.000000
1648653605.643259477,4,0.034000
1648653605.665057712,3,0.041000
1648653605.687386739,0,0.000000
1648653605.710649282,0,0.008000
1648653605.733838268,0,0.000000
1648653605.754571701,0,0.000000
1648653605.777482859,0,0.000000
1648653605.799774797,0,0.000000
1648653605.822800900,0,0.000000
1648653605.845150235,0,0.000000
1648653605.868530254,1,0.000000
1648653605.890664068,0,0.000000
1648653605.912949264,1,0.019000
1648653605.933581137,0,0.000000
1648653605.955430248,0,0.000000
1648653605.977563117,0,0.000000
1648653606.001430769,0,0.000000
1648653606.023006063,0,0.000000
1648653606.044984044,0,0.000000
1648653606.065794777,0,0.004000
1648653606.089020683,0,0.000000
1648653606.109502749,2,0.031000
1648653606.131254662,1,0.012000
1648653606.155007304,1,0.041000
1648653606.177082158,0,0.000000
1648653606.199691233,0,0.010000
1648653606.223084918,1,0.032000
1648653606.246361497,0,0.000000
1648653606.270071776,1,0.013000
1648653606.290920117,0,0.000000
1648653606.312971653,3,0.044000
1648653606.335569272,0,0.000000
1648653606.358364238,0,0.000000
1648653606.380937223,0,0.000000
1648653606.404554020,0,0.000000
1648653606.427192753,0,0.000000
1648653606.450041878,2,0.076000
1648653606.471638687,0,0.000000
1648653606.493646617,0,0.022000
1648653606.516360189,0,0.000000
1648653606.538248663,0,0.000000
1648653606.561275000,0,0.006000
1648653606.582436106,1,0.045000
1648653606.605872911,0,0.000000
1648653606.628692706,0,0.000000
1648653606.652544680,2,0.054000
1648653606.674664127,0,0.000000
1648653606.697599403,0,0.000000
1648653606.718588059,0,0.000000
1648653606.740998197,0,0.000000
1648653606.763922891,0,0.000000
1648653606.785412174,4,0.078000
1648653606.808898929,0,0.001000
1648653606.830578991,1,0.004000
1648653606.854045134,0,0.000000
1648653606.876913899,0,0.007000
1648653606.900006429,0,0.000000
1648653606.922500260,0,0.000000
1648653606.945278300,0,0.000000
1648653606.968735207,2,0.000000
1648653606.990843146,0,0.000000
1648653607.014417538,0,0.000000
1648653607.037502743,0,0.000000
1648653607.059695099,0,0.000000
1648653607.083118064,0,0.000000
1648653607.107480715,1,0.043000
1648653607.129593738,0,0.000000
1648653607.152327618,0,0.000000
1648653607.175750001,0,0.000000
1648653607.198757263,4,0.083000
1648653607.221820023,0,0.000000
1648653607.244396323,2,0.057000
1648653607.268150093,0,0.000000
1648653607.290598170,0,0.000000
1648653607.313662657,3,0.054000
1648653607.335396750,2,0.067000
1648653607.358430795,2,0.035000
1648653607.379709315,0,0.000000
1648653607.401867588,1,0.054000
1648653607.423357413,0,0.009000
1648653607.444313593,0,0.000000
1648653607.467429220,0,0.000000
1648653607.489828600,0,0.000000
1648653607.511851190,1,0.007000
1648653607.535906779,2,0.025000
1648653607.558247559,2,0.053000
1648653607.580677690,1,0.027000
1648653607.602452166,0,0.000000
1648653607.623272367,0,0.000000
1648653607.645667739,0,0.000000
1648653607.668789874,0,0.000000
1648653607.692019982,0,0.000000
1648653607.714156107,0,0.000000
1648653607.736959072,0,0.000000
1648653607.759360114,0,0.000000
1648653607.782642209,0,0.000000
1648653607.806276576,0,0.000000
1648653607.829928053,6,0.058000
1648653607.852130390,1,0.020000
1648653607.875859744,0,0.000000
1648653607.898909995,0,0.000000
1648653607.923213725,0,0.000000
1648653607.945851472,0,0.000000
1648653607.966886925,3,0.043000
1648653607.988314699,0,0.000000
1648653608.010661626,0,0.000000
1648653608.033084849,0,0.000000
1648653608.054816757,0,0.000000
1648653608.078475568,0,0.042000
1648653608.101692737,0,0.000000
1648653608.123286743,0,0.000000
1648653608.146480726,0,0.000000
1648653608.167764684,0,0.000000
1648653608.191160438,0,0.000000
1648653608.214426264,0,0.000000
1648653608.238583696,0,0.000000
1648653608.261228817,0,0.000000
1648653608.285839034,0,0.000000
1648653608.307867223,0,0.000000
1648653608.331229492,0,0.000000
1648653608.353421323,0,0.000000
1648653608.375966867,0,0.029000
1648653608.397434643,0,0.020000
1648653608.418948732,0,0.000000
1648653608.442083216,2,0.044000
1648653608.464672628,3,0.029000
1648653608.487294422,0,0.000000
1648653608.511477353,0,0.000000
1648653608.534352542,0,0.000000
1648653608.555948683,0,0.000000
1648653608.577391559,0,0.003000
1648653608.600706786,0,0.000000
1648653608.624281403,1,0.006000
1648653608.645965701,0,0.000000
1648653608.667862974,0,0.000000
1648653608.690962445,0,0.000000
1648653608.712606976,0,0.000000
1648653608.735869815,0,0.000000
1648653608.760362072,0,0.000000
1648653608.782323263,3,0.034000
1648653608.804950407,0,0.000000
1648653608.827045600,0,0.000000
1648653608.849934963,1,0.000000
1648653608.870925302,0,0.005000
1648653608.893529700,0,0.000000
1648653608.915284963,2,0.051000
1648653608.938423110,1,0.048000
1648653608.960213425,0,0.000000
1648653608.983112896,0,0.000000
1648653609.006406792,0,0.000000
1648653609.029037054,0,0.000000
1648653609.051842572,0,0.000000
1648653609.075292093,3,0.039000
1648653609.096873411,0,0.000000
1648653609.119509217,0,0.000000
1648653609.143549511,0,0.003000
1648653609.164253550,1,0.000000
1648653609.188243606,0,0.000000
1648653609.211110042,0,0.000000
1648653609.233952142,0,0.001000
1648653609.255097547,0,0.000000
1648653609.278510828,0,0.000000
1648653609.301323281,0,0.003000
1648653609.324289666,0,0.000000
1648653609.347656174,0,0.000000
1648653609.369839539,0,0.000000
1648653609.394462080,0,0.000000
1648653609.416470233,0,0.000000
1648653609.439597721,0,0.000000
1648653609.461143820,0,0.000000
1648653609.484998982,2,0.029000
1648653609.505981684,0,0.000000
1648653609.529096242,0,0.000000
1648653609.552241191,0,0.000000
1648653609.573219418,0,0.000000
1648653609.595099337,0,0.000000
1648653609.615585469,0,0.000000
1648653609.638696524,1,0.024000
1648653609.661716399,0,0.000000
1648653609.685301225,0,0.000000
1648653609.707671126,3,0.078000
1648653609.728774349,0,0.000000
1648653609.751097712,0,0.000000
1648653609.774240037,1,0.006000
1648653609.797033693,2,0.083000
1648653609.820511039,1,0.031000
1648653609.843224404,1,0.000000
1648653609.866842504,0,0.000000
1648653609.889527101,0,0.000000
1648653609.910858956,0,0.014000
1648653609.934348147,0,0.000000
1648653609.957625901,1,0.012000
1648653609.979701645,0,0.000000
1648653610.001897093,0,0.000000
1648653610.023944462,0,0.000000
1648653610.047431447,0,0.000000
1648653610.071324222,0,0.000000
1648653610.095914409,0,0.000000
1648653610.117473561,1,0.027000
1648653610.140998032,0,0.000000
1648653610.164434097,0,0.000000
1648653610.186584890,1,0.029000
1648653610.209455945,0,0.000000
1648653610.232178279,0,0.000000
1648653610.253545513,0,0.000000
1648653610.275747736,3,0.028000
1648653610.297597691,1,0.034000
1648653610.320495983,0,0.000000
1648653610.343823314,0,0.000000
1648653610.365912435,0,0.014000
1648653610.388133685,0,0.000000
1648653610.409238226,0,0.032000
1648653610.430766807,1,0.000000
1648653610.453098951,0,0.000000
1648653610.476869790,0,0.013000
1648653610.500459451,0,0.034000
1648653610.523255358,0,0.000000
1648653610.546935148,3,0.068000
1648653610.570425459,0,0.000000
1648653610.593598408,0,0.015000
1648653610.615214118,0,0.000000
1648653610.638603899,0,0.015000
1648653610.661596226,1,0.041000
1648653610.683155936,0,0.000000
1648653610.705363864,0,0.000000
1648653610.728469906,0,0.004000
1648653610.750277478,1,0.016000
1648653610.771152178,0,0.000000
1648653610.792402087,0,0.000000
1648653610.813740185,0,0.000000
1648653610.836308172,0,0.007000
1648653610.858224504,0,0.000000
1648653610.878604895,0,0.020000
1648653610.902417903,0,0.000000
1648653610.923825101,0,0.000000
1648653610.947264329,2,0.000000
1648653610.970472788,0,0.010000
1648653610.992443541,1,0.048000
1648653611.017370121,0,0.000000
1648653611.040272973,1,0.026000
1648653611.062681437,0,0.000000
1648653611.085641436,1,0.000000
1648653611.108922399,2,0.026000
1648653611.131876157,0,0.030000
1648653611.155209748,0,0.000000
1648653611.179306059,0,0.000000
1648653611.201830142,0,0.000000
1648653611.224824661,2,0.046000
1648653611.247832579,0,0.000000
1648653611.271705094,0,0.000000
1648653611.295430797,0,0.000000
1648653611.317977165,0,0.000000
1648653611.340327813,0,0.000000
1648653611.363926955,0,0.000000
1648653611.385579238,0,0.000000
1648653611.406323064,1,0.049000
1648653611.430431867,0,0.000000
1648653611.453553121,2,0.025000
1648653611.475921532,1,0.000000
1648653611.499177179,2,0.048000
1648653611.523260788,0,0.011000
1648653611.545181334,0,0.000000
1648653611.568877940,0,0.000000
1648653611.591803162,0,0.000000
1648653611.615402418,0,0.000000
1648653611.637963001,0,0.005000
1648653611.661152333,0,0.000000
1648653611.684112335,1,0.000000
1648653611.707082182,0,0.000000
1648653611.729617783,0,0.000000
1648653611.752464847,0,0.000000
1648653611.775939548,0,0.000000
1648653611.798835318,1,0.009000
1648653611.822052704,0,0.000000
1648653611.844368663,0,0.000000
1648653611.866599129,0,0.000000
1648653611.890461572,2,0.014000
1648653611.911172282,3,0.043000
1648653611.933478598,0,0.000000
1648653611.955373637,0,0.000000
1648653611.978301625,0,0.000000
1648653612.001361294,1,0.000000
1648653612.022880895,0,0.000000
1648653612.045592330,2,0.051000
1648653612.068081768,0,0.000000
1648653612.090922155,2,0.049000
1648653612.114066714,3,0.052000
1648653612.136129181,0,0.000000
1648653612.160059125,0,0.000000
1648653612.181880488,0,0.000000
1648653612.204491939,4,0.019000
1648653612.227303374,2,0.025000
1648653612.248576908,0,0.000000
1648653612.270842201,1,0.009000
1648653612.293824096,1,0.019000
1648653612.316855351,0,0.000000
1648653612.340459446,2,0.019000
1648653612.364305823,0,0.000000
1648653612.387161747,2,0.042000
1648653612.407765829,0,0.000000
1648653612.431221676,3,0.044000
1648653612.454008737,0,0.000000
1648653612.476265293,1,0.000000
1648653612.499018573,0,0.000000
1648653612.521742653,0,0.000000
1648653612.545185710,0,0.000000
1648653612.566956821,1,0.052000
1648653612.590212700,1,0.013000
1648653612.611401294,0,0.000000
1648653612.633667442,0,0.000000
1648653612.656835027,0,0.007000
1648653612.680312150,0,0.000000
1648653612.702416048,2,0.036000
1648653612.724595150,0,0.000000
1648653612.746756532,0,0.000000
1648653612.766947421,0,0.024000
1648653612.789306593,2,0.000000
1648653612.812110362,0,0.000000
1648653612.834124697,0,0.000000
1648653612.856557172,1,0.000000
1648653612.879179676,0,0.000000
1648653612.902251949,0,0.000000
1648653612.926384582,0,0.000000
1648653612.947396949,0,0.000000
1648653612.969809709,0,0.010000
1648653612.990978655,0,0.000000
1648653613.012832397,1,0.017000
1648653613.034787502,0,0.000000
1648653613.056220997,2,0.028000
1648653613.078811279,0,0.000000
1648653613.101244208,0,0.018000
1648653613.123721612,0,0.000000
1648653613.146501337,1,0.017000
1648653613.168847845,0,0.000000
1648653613.192770746,0,0.000000
1648653613.215458713,3,0.066000
1648653613.238574337,0,0.000000
1648653613.260881199,1,0.063000
1648653613.283849240,1,0.025000
1648653613.305720903,0,0.000000
1648653613.327894050,2,0.067000
1648653613.349529470,0,0.000000
1648653613.373059551,0,0.000000
1648653613.395240583,0,0.000000
1648653613.417142948,0,0.037000
1648653613.439395447,0,0.000000
1648653613.461903714,0,0.000000
1648653613.484364789,0,0.000000
1648653613.507197269,0,0.000000
1648653613.529650834,0,0.000000
1648653613.553640017,0,0.000000
1648653613.576817246,1,0.000000
1648653613.599556994,0,0.000000
1648653613.622240474,0,0.000000
1648653613.644143586,0,0.000000
1648653613.668197582,1,0.000000
1648653613.691292903,0,0.000000
1648653613.713743593,1,0.004000
1648653613.736327111,0,0.000000
1648653613.758024678,4,0.072000
1648653613.780863312,1,0.000000
1648653613.803759132,0,0.010000
1648653613.826986695,0,0.000000
1648653613.849349240,0,0.000000
1648653613.871833059,0,0.000000
1648653613.893868697,2,0.019000
1648653613.915139869,0,0.000000
1648653613.937426360,0,0.000000
1648653613.959373970,0,0.000000
1648653613.981278874,3,0.047000
1648653614.004312116,0,0.000000
1648653614.027388480,0,0.000000
1648653614.049592425,2,0.003000
1648653614.071652705,0,0.000000
1648653614.094421160,2,0.022000
1648653614.114157553,1,0.013000
1648653614.136279316,3,0.054000
1648653614.158317435,0,0.000000
1648653614.180839256,0,0.028000
1648653614.202474196,0,0.000000
1648653614.225144160,0,0.007000
1648653614.247009215,0,0.000000
1648653614.268566805,1,0.023000
1648653614.291721321,0,0.000000
1648653614.314314212,2,0.000000
1648653614.337846371,0,0.009000
1648653614.358470413,0,0.000000
1648653614.380949257,0,0.000000
1648653614.403850202,0,0.000000
1648653614.427158723,0,0.000000
1648653614.449670662,0,0.000000
1648653614.472772146,0,0.000000
1648653614.496912064,1,0.013000
1648653614.519733269,0,0.000000
1648653614.541775066,0,0.000000
1648653614.564329487,0,0.003000
1648653614.586539743,2,0.051000
1648653614.609499444,0,0.000000
1648653614.633199286,2,0.000000
1648653614.655728773,0,0.000000
1648653614.678329189,0,0.000000
1648653614.700970898,0,0.000000
1648653614.724370437,0,0.017000
1648653614.748119351,4,0.070000
1648653614.769907648,1,0.000000
1648653614.791315220,0,0.000000
1648653614.812468701,0,0.000000
1648653614.833333378,0,0.000000
1648653614.854666455,0,0.000000
1648653614.877788583,0,0.000000
1648653614.900488037,2,0.039000
1648653614.921019414,0,0.000000
1648653614.944909009,0,0.000000
1648653614.966675639,0,0.000000
1648653614.989026493,0,0.031000
1648653615.011772580,0,0.000000
1648653615.034051707,1,0.000000
1648653615.057401388,1,0.030000
1648653615.080193442,0,0.000000
1648653615.101316075,2,0.028000
1648653615.124811346,0,0.000000
1648653615.147701492,0,0.000000
1648653615.170262887,0,0.000000
1648653615.192563517,0,0.000000
1648653615.214966454,0,0.000000
1648653615.237837002,2,0.000000
1648653615.261021172,0,0.000000
1648653615.283877132,0,0.000000
1648653615.304903476,0,0.000000
1648653615.328065556,0,0.000000
1648653615.351249166,0,0.000000
1648653615.373166973,0,0.000000
1648653615.395465815,2,0.041000
1648653615.419101417,0,0.000000
1648653615.441715793,0,0.000000
1648653615.462720475,0,0.000000
1648653615.485464978,1,0.009000
1648653615.508702684,0,0.000000
1648653615.531749706,0,0.000000
1648653615.554395395,0,0.000000
1648653615.576577685,2,0.016000
1648653615.596825825,0,0.012000
1648653615.619572150,1,0.074000
1648653615.642283323,0,0.009000
1648653615.664794192,0,0.000000
1648653615.684862550,1,0.037000
1648653615.706226706,0,0.000000
1648653615.730003741,0,0.000000
1648653615.751021883,0,0.000000
1648653615.773325815,1,0.030000
1648653615.795491965,0,0.000000
1648653615.818212920,3,0.044000
1648653615.841097555,0,0.009000
1648653615.864482460,0,0.000000
1648653615.887407228,0,0.000000
1648653615.910370784,1,0.008000
1648653615.931776733,0,0.000000
1648653615.954098866,0,0.000000
1648653615.977286524,0,0.000000
1648653616.000461544,0,0.000000
1648653616.023316832,0,0.000000
1648653616.046184394,0,0.000000
1648653616.069056591,0,0.000000
1648653616.089451332,0,0.000000
1648653616.111579253,0,0.000000
1648653616.134014125,0,0.000000
1648653616.157354127,1,0.014000
1648653616.179394661,0,0.000000
1648653616.203599531,1,0.009000
1648653616.225846500,0,0.000000
1648653616.247245798,0,0.000000
1648653616.268904310,0,0.000000
1648653616.289910773,0,0.000000
1648653616.311822360,1,0.004000
1648653616.332105434,2,0.033000
1648653616.354473520,2,0.029000
1648653616.375574076,0,0.000000
1648653616.398031420,0,0.000000
1648653616.420648668,0,0.000000
1648653616.442560445,0,0.000000
1648653616.463786964,0,0.000000
1648653616.484546564,2,0.000000
1648653616.506583324,2,0.021000
1648653616.529110907,0,0.000000
1648653616.550853875,0,0.000000
1648653616.571660768,0,0.000000
1648653616.594109536,0,0.000000
1648653616.618347892,1,0.018000
1648653616.639119925,0,0.000000
1648653616.661697472,0,0.000000
1648653616.682782643,0,0.000000
1648653616.705272395,0,0.000000
1648653616.728749294,1,0.015000
1648653616.750996733,0,0.010000
1648653616.772982633,0,0.000000
1648653616.795813621,0,0.000000
1648653616.816242798,0,0.000000
1648653616.838344286,0,0.000000
1648653616.862043787,0,0.000000
1648653616.885174535,0,0.000000
1648653616.907934969,3,0.038000
1648653616.930167376,0,0.000000
1648653616.953240917,4,0.035000
1648653616.976049381,0,0.000000
1648653616.999059965,0,0.000000
1648653617.021808607,0,0.000000
1648653617.043003467,0,0.000000
1648653617.067178378,0,0.000000
1648653617.088913150,0,0.000000
1648653617.111803772,0,0.000000
1648653617.131498380,0,0.020000
1648653617.154652883,2,0.027000
1648653617.176443969,0,0.000000
1648653617.198618619,2,0.005000
1648653617.219319917,0,0.000000
1648653617.242070286,1,0.000000
1648653617.262372903,1,0.000000
1648653617.285450200,0,0.021000
1648653617.307990101,2,0.024000
1648653617.330324168,1,0.034000
1648653617.352142939,0,0.011000
1648653617.375693719,0,0.000000
1648653617.397138496,0,0.000000
1648653617.420302597,0,0.000000
1648653617.443112460,1,0.037000
1648653617.465198574,0,0.000000
1648653617.487329213,1,0.043000
1648653617.510088467,0,0.000000
1648653617.532338335,0,0.000000
1648653617.554549087,0,0.000000
1648653617.577566681,0,0.000000
1648653617.600336798,0,0.011000
1648653617.622349049,0,0.000000
1648653617.644751192,0,0.000000
1648653617.667459913,3,0.059000
1648653617.689865517,0,0.000000
1648653617.713239096,0,0.000000
1648653617.735730855,0,0.003000
1648653617.758012520,0,0.015000
1648653617.780676769,0,0.000000
1648653617.802208398,0,0.000000
1648653617.825382487,0,0.000000
1648653617.848542509,0,0.000000
1648653617.871700640,0,0.004000
1648653617.894377637,0,0.000000
1648653617.917295580,0,0.000000
1648653617.937124830,0,0.000000
1648653617.958629213,3,0.056000
1648653617.981363752,3,0.070000
1648653618.003227114,3,0.011000
1648653618.023625430,0,0.000000
1648653618.045752640,0,0.000000
1648653618.070411708,0,0.000000
1648653618.093153976,0,0.000000
1648653618.115961794,0,0.000000
1648653618.136903965,0,0.000000
1648653618.159330125,2,0.060000
1648653618.180767318,0,0.000000
1648653618.203304402,0,0.000000
1648653618.226208994,0,0.008000
1648653618.247790842,3,0.045000
1648653618.271340864,0,0.000000
1648653618.293041726,0,0.000000
1648653618.314944858,0,0.004000
1648653618.336428062,0,0.000000
1648653618.358476719,0,0.000000
1648653618.381439897,2,0.018000
1648653618.403215278,3,0.085000
1648653618.426400830,0,0.000000
1648653618.449752307,0,0.003000
1648653618.471410648,0,0.000000
1648653618.493400020,3,0.077000
1648653618.515506562,0,0.000000
1648653618.538696125,3,0.057000
1648653618.560153530,2,0.031000
1648653618.583272650,3,0.055000
1648653618.606341625,0,0.000000
1648653618.628885481,0,0.000000
1648653618.650967133,2,0.000000
1648653618.674508371,1,0.000000
1648653618.695958555,0,0.000000
1648653618.719292652,0,0.000000
1648653618.742505702,0,0.000000
1648653618.765914535,2,0.036000
1648653618.788892651,0,0.000000
1648653618.811951078,0,0.000000
1648653618.835031972,1,0.006000
1648653618.859210197,0,0.000000
1648653618.881544181,0,0.000000
1648653618.904756184,0,0.000000
1648653618.924345076,0,0.000000
1648653618.947130307,0,0.000000
1648653618.969862125,0,0.016000
1648653618.990628592,0,0.000000
1648653619.013275336,0,0.000000
1648653619.034552687,1,0.030000
1648653619.057968299,0,0.000000
1648653619.079752029,0,0.000000
1648653619.101938447,0,0.000000
1648653619.122314089,1,0.000000
1648653619.145024299,0,0.000000
1648653619.167433780,0,0.000000
1648653619.189553524,1,0.000000
1648653619.212905420,0,0.000000
1648653619.234997865,1,0.019000
1648653619.256774120,0,0.009000
1648653619.278540927,0,0.000000
1648653619.301061767,0,0.000000
1648653619.324246270,0,0.000000
1648653619.343750835,0,0.000000
1648653619.366972495,0,0.000000
1648653619.389542968,0,0.000000
1648653619.412321806,1,0.000000
1648653619.435442080,2,0.066000
1648653619.456545239,0,0.000000
1648653619.479201753,0,0.010000
1648653619.500295594,0,0.000000
1648653619.523624325,0,0.000000
1648653619.546396231,0,0.000000
1648653619.568776373,0,0.000000
1648653619.591313924,3,0.049000
1648653619.614111974,0,0.000000
1648653619.635236720,0,0.000000
1648653619.657903234,0,0.000000
1648653619.679099276,0,0.000000
1648653619.700491506,0,0.000000
1648653619.723398032,0,0.000000
1648653619.746656530,0,0.000000
1648653619.770159483,0,0.000000
1648653619.791357079,0,0.000000
1648653619.813603280,0,0.000000
1648653619.834171365,0,0.000000
1648653619.856365724,4,0.065000
1648653619.878231658,0,0.000000
1648653619.900675539,0,0.010000
1648653619.923284776,1,0.000000
1648653619.945824485,0,0.000000
1648653619.967595055,3,0.025000
1648653619.990671851,0,0.000000
1648653620.012376215,1,0.026000
1648653620.036891912,2,0.000000
1648653620.059573196,0,0.005000
1648653620.081989808,1,0.005000
1648653620.105266984,0,0.000000
1648653620.127357630,1,0.023000
1648653620.148543251,0,0.000000
1648653620.171113734,0,0.000000
1648653620.192898301,0,0.000000
1648653620.215550505,1,0.025000
1648653620.237315340,1,0.018000
1648653620.256938592,0,0.008000
1648653620.278351742,0,0.000000
1648653620.300533594,0,0.000000
1648653620.322584644,0,0.000000
1648653620.345566065,0,0.000000
1648653620.368675822,2,0.042000
1648653620.392075005,0,0.000000
1648653620.413981478,0,0.037000
1648653620.435862411,0,0.000000
1648653620.458943281,0,0.000000
1648653620.481025554,0,0.000000
1648653620.504531631,0,0.000000
1648653620.527141934,0,0.029000
1648653620.550588231,1,0.031000
1648653620.574484660,0,0.000000
1648653620.597837469,0,0.000000
1648653620.620938816,2,0.033000
1648653620.642274173,0,0.000000
1648653620.665490642,1,0.000000
1648653620.688999653,0,0.000000
1648653620.710027885,0,0.000000
1648653620.732066996,0,0.006000
1648653620.755118731,0,0.006000
1648653620.777187567,0,0.000000
1648653620.799931459,1,0.012000
1648653620.821058592,0,0.004000
1648653620.843582361,0,0.000000
1648653620.864122762,0,0.000000
1648653620.887226228,0,0.000000
1648653620.909751822,0,0.000000
1648653620.932790039,0,0.000000
1648653620.954563217,1,0.012000
1648653620.978156706,0,0.000000
1648653621.000441361,0,0.000000
1648653621.023499388,0,0.000000
1648653621.047052153,2,0.017000
1648653621.068722684,0,0.000000
1648653621.091598325,0,0.000000
1648653621.114840700,1,0.005000
1648653621.136085924,0,0.000000
1648653621.159110578,0,0.045000
1648653621.181625166,0,0.000000
1648653621.204078015,0,0.007000
1648653621.226853302,0,0.003000
1648653621.249200812,1,0.025000
1648653621.271746155,4,0.054000
1648653621.294871884,0,0.000000
1648653621.318060606,0,0.000000
1648653621.341188835,0,0.000000
1648653621.362573223,3,0.040000
1648653621.384732244,0,0.000000
1648653621.407760134,0,0.000000
1648653621.430063035,0,0.018000
1648653621.452464731,0,0.000000
1648653621.474823518,0,0.000000
1648653621.497752507,1,0.013000
1648653621.519597099,2,0.011000
1648653621.543424695,2,0.015000
1648653621.566660572,0,0.003000
1648653621.588870298,1,0.019000
1648653621.612042280,0,0.000000
1648653621.634780727,0,0.000000
1648653621.657365474,0,0.000000
1648653621.679582277,0,0.000000
1648653621.702320035,0,0.000000
1648653621.723334808,0,0.000000
1648653621.745658048,0,0.014000
1648653621.767795832,0,0.000000
1648653621.789847132,0,0.000000
1648653621.812844795,1,0.032000
1648653621.835083030,0,0.000000
1648653621.856973318,0,0.003000
1648653621.879431010,0,0.000000
1648653621.901455205,0,0.000000
1648653621.925138619,0,0.000000
1648653621.947443932,2,0.000000
1648653621.968079306,0,0.000000
1648653621.989603187,3,0.083000
1648653622.010619354,0,0.000000
1648653622.032381836,0,0.000000
1648653622.054828574,0,0.003000
1648653622.078195508,0,0.003000
1648653622.098821391,0,0.000000
1648653622.122686705,0,0.000000
1648653622.145301667,0,0.000000
1648653622.168766305,2,0.017000
1648653622.191942792,0,0.000000
1648653622.215836615,0,0.000000
1648653622.238179305,0,0.000000
1648653622.257914301,0,0.023000
1648653622.280936980,0,0.000000
1648653622.304361584,0,0.000000
1648653622.327446586,0,0.000000
1648653622.350299707,0,0.000000
1648653622.374293377,0,0.000000
1648653622.396072029,0,0.000000
1648653622.419411119,3,0.073000
1648653622.440704405,0,0.000000
1648653622.463810491,0,0.000000
1648653622.486770551,0,0.000000
1648653622.510196074,0,0.000000
1648653622.532708039,0,0.000000
1648653622.556269751,0,0.000000
1648653622.577769450,1,0.006000
1648653622.600017048,0,0.034000
1648653622.621142219,0,0.000000
1648653622.643413882,0,0.000000
1648653622.664863996,0,0.000000
1648653622.686285421,0,0.000000
1648653622.707402869,0,0.000000
1648653622.729186838,1,0.000000
1648653622.752313633,0,0.000000
1648653622.771757286,0,0.000000
1648653622.793248758,0,0.000000
1648653622.814988974,0,0.000000
1648653622.837419725,0,0.000000
1648653622.860573706,0,0.000000
1648653622.884270363,0,0.000000
1648653622.908272215,0,0.003000
1648653622.931155648,0,0.000000
1648653622.954285835,0,0.004000
1648653622.977334120,0,0.000000
1648653623.001257148,0,0.023000
1648653623.023272873,0,0.000000
1648653623.045439908,0,0.003000
1648653623.067890368,0,0.000000
1648653623.091128871,0,0.000000
1648653623.114119805,0,0.000000
1648653623.134354997,1,0.031000
1648653623.157088828,0,0.000000
1648653623.179024960,0,0.000000
1648653623.203390792,0,0.000000
1648653623.226278072,0,0.000000
1648653623.249074099,0,0.003000
1648653623.271510188,0,0.000000
1648653623.294800780,0,0.000000
1648653623.317426521,0,0.000000
1648653623.340739908,0,0.000000
1648653623.363753839,2,0.041000
1648653623.387011167,0,0.003000
1648653623.407988251,0,0.000000
1648653623.430724870,0,0.000000
1648653623.454297050,1,0.067000
1648653623.476603051,0,0.021000
1648653623.498910610,0,0.000000
1648653623.521872077,0,0.003000
1648653623.545476899,0,0.000000
1648653623.567231619,0,0.000000
1648653623.588627773,1,0.013000
1648653623.612455289,2,0.046000
1648653623.635619264,1,0.025000
1648653623.657757371,2,0.016000
1648653623.681277994,2,0.040000
1648653623.705712013,0,0.000000
1648653623.728096893,0,0.000000
1648653623.750715489,0,0.000000
1648653623.773316845,0,0.000000
1648653623.793481212,0,0.000000
1648653623.815374975,0,0.000000
1648653623.837403057,0,0.000000
1648653623.860620250,0,0.000000
1648653623.884267236,0,0.026000
1648653623.904769571,0,0.000000
1648653623.925724222,3,0.021000
1648653623.948107207,0,0.000000
1648653623.972528840,0,0.000000
1648653623.994606157,0,0.009000
1648653624.017845747,0,0.000000
1648653624.040819050,0,0.000000
1648653624.063563113,0,0.000000
1648653624.086322369,0,0.000000
1648653624.108832199,0,0.000000
1648653624.132063802,0,0.000000
1648653624.153916804,0,0.000000
1648653624.174260474,0,0.000000
1648653624.196468637,0,0.000000
1648653624.220263113,0,0.000000
1648653624.243793230,0,0.000000
1648653624.266480279,0,0.000000
1648653624.288550570,0,0.000000
1648653624.310338809,0,0.000000
1648653624.334932054,0,0.003000
1648653624.357673187,0,0.000000
1648653624.379382455,0,0.000000
1648653624.401281489,0,0.000000
1648653624.424936934,2,0.000000
1648653624.447872914,0,0.000000
1648653624.471666193,0,0.000000
1648653624.496468402,0,0.000000
1648653624.518650932,0,0.000000
1648653624.541413106,1,0.006000
1648653624.564110958,0,0.000000
1648653624.586890325,0,0.000000
1648653624.610470539,3,0.074000
1648653624.633454299,0,0.000000
1648653624.655236370,0,0.000000
1648653624.678705724,1,0.000000
1648653624.699620911,1,0.000000
1648653624.722411667,0,0.000000
1648653624.746468848,2,0.020000
1648653624.769950438,0,0.000000
1648653624.791385356,0,0.000000
1648653624.813944779,0,0.000000
1648653624.838827525,0,0.000000
1648653624.859687707,3,0.093000
1648653624.880766648,0,0.000000
1648653624.903923635,0,0.000000
1648653624.926688529,0,0.005000
1648653624.950357460,0,0.000000
1648653624.975456044,2,0.046000
1648653624.998412915,0,0.000000
1648653625.021280815,0,0.000000
1648653625.043402896,2,0.034000
1648653625.066754576,0,0.000000
1648653625.090184841,1,0.000000
1648653625.110084036,2,0.015000
1648653625.131796487,0,0.000000
1648653625.153672116,1,0.024000
1648653625.175948697,0,0.000000
1648653625.199274259,0,0.000000
1648653625.221814195,0,0.000000
1648653625.246245729,0,0.000000
1648653625.269076960,0,0.000000
1648653625.291435927,0,0.000000
1648653625.313597008,0,0.000000
1648653625.337232823,1,0.006000
1648653625.360177187,0,0.000000
1648653625.384149160,0,0.000000
1648653625.406611845,0,0.009000
1648653625.430234752,3,0.043000
1648653625.455227029,0,0.000000
1648653625.477723037,0,0.000000
1648653625.501212599,0,0.000000
1648653625.522624127,0,0.000000
1648653625.544638894,0,0.000000
1648653625.568032120,2,0.038000
1648653625.590131129,2,0.005000
1648653625.613618501,0,0.000000
1648653625.637236083,0,0.000000
1648653625.659857745,1,0.032000
1648653625.682675190,2,0.021000
1648653625.705360601,0,0.000000
1648653625.728059392,0,0.000000
1648653625.749716364,0,0.000000
1648653625.770927197,1,0.006000
1648653625.793329894,4,0.048000
1648653625.816577481,0,0.000000
1648653625.836426129,0,0.023000
1648653625.858251474,0,0.000000
1648653625.880348851,0,0.000000
1648653625.903306382,0,0.000000
1648653625.926483352,0,0.000000
1648653625.949393122,0,0.019000
1648653625.971192761,0,0.008000
1648653625.994155022,0,0.000000
1648653626.018043168,1,0.006000
1648653626.040793965,0,0.000000
1648653626.062899521,0,0.000000
1648653626.086268079,0,0.000000
1648653626.109069809,0,0.000000
1648653626.131849613,0,0.000000
1648653626.154964323,1,0.036000
1648653626.177728538,0,0.011000
1648653626.196866393,0,0.000000
1648653626.219982062,1,0.000000
1648653626.244372315,0,0.000000
1648653626.267972146,1,0.020000
1648653626.290537315,1,0.023000
1648653626.313491683,0,0.000000
1648653626.336511374,0,0.000000
1648653626.359245480,0,0.000000
1648653626.381088873,0,0.000000
1648653626.405561206,0,0.000000
1648653626.427494929,0,0.004000
1648653626.449201172,0,0.000000
1648653626.472161988,0,0.009000
1648653626.494936530,1,0.000000
1648653626.518546859,0,0.000000
1648653626.543356966,0,0.000000
1648653626.566364604,0,0.000000
1648653626.588282726,1,0.000000
1648653626.611785454,0,0.015000
1648653626.635533013,0,0.021000
1648653626.657962927,2,0.039000
1648653626.680545293,2,0.029000
1648653626.702217038,1,0.000000
1648653626.721391506,0,0.000000
1648653626.743534764,0,0.000000
1648653626.764406542,0,0.000000
1648653626.786380859,0,0.000000
1648653626.809655074,0,0.000000
1648653626.831454626,0,0.000000
1648653626.852663744,0,0.000000
1648653626.875357453,0,0.000000
1648653626.897566650,2,0.003000
1648653626.920385621,0,0.000000
1648653626.943203563,1,0.023000
1648653626.966498013,0,0.000000
1648653626.988998030,0,0.000000
1648653627.010317468,0,0.000000
1648653627.033256257,0,0.000000
1648653627.056760193,2,0.011000
1648653627.080782587,2,0.040000
1648653627.103049781,3,0.078000
1648653627.124370344,0,0.000000
1648653627.144895551,0,0.004000
1648653627.166207670,2,0.038000
1648653627.189695980,1,0.016000
1648653627.212985069,0,0.004000
1648653627.236325541,3,0.051000
1648653627.257466387,1,0.036000
1648653627.280680114,0,0.000000
1648653627.301305574,1,0.000000
1648653627.324319642,0,0.000000
1648653627.345423788,0,0.000000
1648653627.368468583,0,0.000000
1648653627.392181543,0,0.000000
1648653627.414389270,2,0.055000
1648653627.436933166,0,0.000000
1648653627.459688135,0,0.000000
1648653627.483385612,0,0.000000
1648653627.506059663,1,0.007000
1648653627.528737829,0,0.000000
1648653627.551857027,0,0.000000
1648653627.574361517,0,0.000000
1648653627.596808716,0,0.000000
1648653627.619113812,1,0.015000
1648653627.641057587,0,0.000000
1648653627.662104923,0,0.019000
1648653627.684783810,0,0.000000
1648653627.706375055,1,0.000000
1648653627.729739733,0,0.000000
1648653627.751190077,0,0.000000
1648653627.771864354,1,0.033000
1648653627.795457450,0,0.000000
1648653627.818051170,0,0.006000
1648653627.841841549,0,0.000000
1648653627.865170780,1,0.028000
1648653627.888564392,0,0.000000
1648653627.911310530,2,0.024000
1648653627.933448585,0,0.000000
1648653627.957259301,1,0.000000
1648653627.978545962,0,0.000000
1648653627.998840817,0,0.000000
1648653628.021934539,1,0.013000
1648653628.043460205,0,0.000000
1648653628.067304657,2,0.035000
1648653628.090449775,0,0.000000
1648653628.112972978,0,0.000000
1648653628.135365679,0,0.009000
1648653628.158236053,0,0.000000
1648653628.180636250,0,0.000000
1648653628.202771695,0,0.000000
1648653628.225459265,2,0.015000
1648653628.247071292,0,0.011000
1648653628.268061525,2,0.026000
1648653628.289929791,0,0.000000
1648653628.313919473,0,0.000000
1648653628.336137100,0,0.000000
1648653628.358532669,1,0.000000
1648653628.380812269,0,0.000000
1648653628.402842067,0,0.006000
1648653628.425792905,3,0.042000
1648653628.447224798,0,0.000000
1648653628.470074157,0,0.004000
1648653628.490874467,0,0.000000
1648653628.513768360,3,0.038000
1648653628.536361139,2,0.000000
1648653628.560965519,0,0.000000
1648653628.584039357,0,0.003000
1648653628.605522653,0,0.000000
1648653628.628397920,0,0.000000
1648653628.652214419,0,0.000000
1648653628.675010453,0,0.003000
1648653628.698562090,0,0.000000
1648653628.722251024,0,0.000000
1648653628.744434808,0,0.000000
1648653628.766421468,0,0.000000
1648653628.787158900,0,0.000000
1648653628.810769249,0,0.000000
1648653628.832927130,0,0.000000
1648653628.858194961,0,0.000000
1648653628.881014580,1,0.000000
1648653628.904970470,0,0.008000
1648653628.926506027,0,0.000000
1648653628.948446944,0,0.000000
1648653628.972168453,0,0.000000
1648653628.994647934,0,0.000000
1648653629.016559960,0,0.000000
1648653629.040366902,2,0.000000
1648653629.063418501,1,0.000000
1648653629.085995926,0,0.000000
1648653629.108471461,0,0.000000
1648653629.129008997,0,0.000000
1648653629.152071914,0,0.000000
1648653629.174057584,0,0.000000
1648653629.196227583,0,0.000000
1648653629.219037392,0,0.000000
1648653629.241573781,0,0.000000
1648653629.265033476,0,0.000000
1648653629.286969421,0,0.000000
1648653629.307897063,1,0.009000
1648653629.331012160,1,0.000000
1648653629.354215074,0,0.000000
1648653629.379088300,1,0.037000
1648653629.401146258,0,0.000000
1648653629.423847845,0,0.000000
1648653629.446593141,1,0.024000
1648653629.467367466,0,0.000000
1648653629.490121758,0,0.008000
1648653629.512878163,0,0.000000
1648653629.534628019,0,0.000000
1648653629.556542331,1,0.039000
1648653629.579868529,0,0.000000
1648653629.602942367,0,0.000000
1648653629.625078904,1,0.020000
1648653629.647274922,0,0.000000
1648653629.668497614,0,0.000000
1648653629.690391230,0,0.000000
1648653629.711268620,0,0.000000
1648653629.736422763,0,0.000000
1648653629.757940286,0,0.000000
1648653629.780185164,0,0.000000
1648653629.802854952,1,0.000000
1648653629.825453054,0,0.000000
1648653629.848253983,2,0.028000
1648653629.870865341,1,0.033000
1648653629.893982285,0,0.000000
1648653629.916407728,0,0.000000
1648653629.940360817,0,0.000000
1648653629.962312997,0,0.000000
1648653629.984984112,0,0.000000
1648653630.005497974,2,0.055000
1648653630.028590821,0,0.000000
1648653630.052253611,0,0.000000
1648653630.076108557,4,0.051000
1648653630.098096915,0,0.000000
1648653630.118704122,0,0.035000
1648653630.141820465,0,0.000000
1648653630.165006682,0,0.000000
1648653630.186035143,0,0.000000
1648653630.208491379,0,0.000000
1648653630.230635838,0,0.000000
1648653630.252751315,0,0.000000
1648653630.274698997,0,0.000000
1648653630.297590880,1,0.010000
1648653630.321817279,0,0.000000
1648653630.343650684,0,0.000000
1648653630.368584540,1,0.033000
1648653630.389973316,0,0.000000
1648653630.413256223,2,0.031000
1648653630.435379769,0,0.000000
1648653630.458391838,0,0.018000
1648653630.481282754,0,0.000000
1648653630.504450281,0,0.000000
1648653630.526013143,1,0.042000
1648653630.550558898,0,0.000000
1648653630.572740467,0,0.000000
1648653630.596934048,1,0.000000
1648653630.618225880,0,0.000000
1648653630.640174773,0,0.000000
1648653630.661805890,0,0.000000
1648653630.686653313,0,0.000000
1648653630.709228693,0,0.000000
1648653630.731979992,0,0.000000
1648653630.754338299,0,0.000000
1648653630.775763907,0,0.000000
1648653630.797835504,2,0.034000
1648653630.820151814,0,0.000000
1648653630.842650183,1,0.036000
1648653630.865623986,0,0.000000
1648653630.890459940,0,0.010000
1648653630.912761599,1,0.025000
1648653630.936654260,1,0.014000
1648653630.959335682,0,0.000000
1648653630.980525159,0,0.000000
1648653631.004395371,0,0.000000
1648653631.025667247,0,0.000000
1648653631.048551954,0,0.000000
1648653631.071790168,0,0.000000
1648653631.094718016,0,0.000000
1648653631.118082243,0,0.006000
1648653631.138975203,0,0.000000
1648653631.161084500,0,0.000000
1648653631.184095542,0,0.000000
1648653631.206699594,0,0.000000
1648653631.229929940,0,0.000000
1648653631.252088294,0,0.000000
1648653631.273714197,0,0.000000
1648653631.295400960,0,0.003000
1648653631.317770612,0,0.000000
1648653631.339274969,0,0.013000
1648653631.362094184,0,0.000000
1648653631.382981913,2,0.033000
1648653631.404225509,0,0.000000
1648653631.427647988,0,0.000000
1648653631.450577228,0,0.000000
1648653631.472159015,0,0.003000
1648653631.495539966,0,0.000000
1648653631.519664085,0,0.000000
1648653631.541588453,0,0.000000
1648653631.563877057,0,0.000000
1648653631.586385939,0,0.000000
1648653631.608404530,2,0.014000
1648653631.631098902,0,0.003000
1648653631.653131994,0,0.000000
1648653631.674026942,0,0.000000
1648653631.696132258,0,0.000000
1648653631.719203834,0,0.010000
1648653631.741031599,0,0.000000
1648653631.764384350,1,0.044000
1648653631.786435437,1,0.012000
1648653631.809555759,0,0.000000
1648653631.832499889,0,0.000000
1648653631.854183322,0,0.000000
1648653631.876554903,0,0.000000
1648653631.900399973,0,0.003000
1648653631.923155673,1,0.037000
1648653631.944035763,1,0.019000
1648653631.966986425,0,0.000000
1648653631.990557988,0,0.000000
1648653632.014906292,0,0.000000
1648653632.037816656,0,0.000000
1648653632.059439719,0,0.000000
1648653632.082416751,0,0.000000
1648653632.105993260,0,0.000000
1648653632.129725523,0,0.000000
1648653632.151865406,0,0.003000
1648653632.176170709,1,0.000000
1648653632.199115857,0,0.000000
1648653632.222475980,0,0.000000
1648653632.245509684,0,0.006000
1648653632.266445253,0,0.000000
1648653632.290510290,0,0.005000
1648653632.312936665,0,0.000000
1648653632.334241643,0,0.000000
1648653632.357571261,0,0.000000
1648653632.380729997,0,0.000000
1648653632.405487474,1,0.031000
1648653632.428381121,0,0.000000
1648653632.451119027,0,0.000000
1648653632.475459669,1,0.025000
1648653632.497161622,2,0.017000
1648653632.519589791,4,0.080000
1648653632.542599001,1,0.044000
1648653632.567270306,0,0.000000
1648653632.589818026,0,0.000000
1648653632.613096158,0,0.000000
1648653632.636280874,0,0.003000
1648653632.658887916,0,0.003000
1648653632.682562775,0,0.000000
1648653632.703535016,0,0.000000
1648653632.725101360,0,0.000000
1648653632.747729644,0,0.000000
1648653632.769916190,1,0.000000
1648653632.792299583,0,0.000000
1648653632.814382422,1,0.060000
1648653632.837830202,0,0.000000
1648653632.861279760,0,0.000000
1648653632.883754511,0,0.000000
1648653632.906828326,1,0.021000
1648653632.928713154,2,0.026000
1648653632.952123546,0,0.000000
1648653632.976316395,1,0.000000
1648653632.999178703,1,0.022000
1648653633.021474278,0,0.000000
1648653633.044792653,0,0.012000
1648653633.068925821,0,0.000000
1648653633.092285782,0,0.000000
1648653633.114902916,0,0.000000
1648653633.138414800,0,0.000000
1648653633.160587645,0,0.009000
1648653633.185298305,0,0.009000
1648653633.207860855,0,0.000000
1648653633.231814110,0,0.000000
1648653633.253507421,0,0.000000
1648653633.276304811,0,0.000000
1648653633.298580709,0,0.000000
1648653633.320460368,1,0.000000
1648653633.343848380,2,0.026000
1648653633.366721958,0,0.000000
1648653633.389240557,0,0.000000
1648653633.411572836,1,0.009000
1648653633.434757100,0,0.000000
1648653633.458387838,0,0.000000
1648653633.481427704,0,0.000000
1648653633.502918923,0,0.007000
1648653633.525036180,0,0.000000
1648653633.548500981,0,0.000000
1648653633.571150087,0,0.000000
1648653633.594482017,1,0.030000
1648653633.619547269,0,0.000000
1648653633.642163342,0,0.000000
1648653633.665816434,0,0.000000
1648653633.687338629,0,0.000000
1648653633.710429454,1,0.014000
1648653633.732842750,2,0.006000
1648653633.755970458,1,0.008000
1648653633.778122556,0,0.000000
1648653633.800573125,0,0.001000
1648653633.823556077,0,0.000000
1648653633.846889233,0,0.000000
1648653633.869362255,0,0.000000
1648653633.894344464,0,0.000000
1648653633.917131070,0,0.000000
1648653633.940170119,0,0.024000
1648653633.962929971,0,0.000000
1648653633.985841738,0,0.021000
1648653634.007974148,0,0.000000
1648653634.031106392,1,0.033000
1648653634.055464321,0,0.000000
1648653634.078315153,0,0.000000
1648653634.100624264,0,0.000000
1648653634.123833016,0,0.000000
1648653634.146149003,0,0.000000
1648653634.169706179,0,0.000000
1648653634.192874157,0,0.014000
1648653634.214340877,0,0.000000
1648653634.236660894,0,0.013000
1648653634.260067438,0,0.000000
1648653634.283020906,0,0.000000
1648653634.307174282,0,0.000000
1648653634.330620189,0,0.000000
1648653634.354305952,0,0.000000
1648653634.375734834,4,0.006000
1648653634.398450001,0,0.000000
1648653634.421561009,3,0.053000
1648653634.444080007,2,0.079000
1648653634.466946648,0,0.000000
1648653634.488923264,0,0.000000
1648653634.511460767,0,0.000000
1648653634.534004550,0,0.000000
1648653634.555968108,0,0.000000
1648653634.580126004,0,0.000000
1648653634.603134850,0,0.000000
1648653634.626228985,0,0.000000
1648653634.648841938,0,0.000000
1648653634.671092356,1,0.000000
1648653634.692055285,0,0.000000
1648653634.714308160,0,0.000000
1648653634.736852369,0,0.000000
1648653634.758573863,0,0.000000
1648653634.780429638,0,0.000000
1648653634.801833672,0,0.000000
1648653634.823932211,0,0.000000
1648653634.848035018,1,0.016000
1648653634.870637782,1,0.024000
1648653634.892594675,0,0.000000
1648653634.914019606,3,0.036000
1648653634.936159948,0,0.000000
1648653634.957714953,0,0.000000
1648653634.980979794,0,0.000000
1648653635.004495499,0,0.000000
1648653635.027690222,0,0.000000
1648653635.051357550,1,0.014000
1648653635.073391988,0,0.000000
1648653635.095523832,0,0.000000
1648653635.117173478,2,0.068000
1648653635.141351538,0,0.000000
1648653635.164961149,0,0.000000
1648653635.187899016,0,0.000000
1648653635.210089901,0,0.000000
1648653635.231935247,0,0.000000
1648653635.253829554,0,0.000000
1648653635.277476168,0,0.000000
1648653635.297814786,0,0.000000
1648653635.319554135,0,0.000000
1648653635.338624864,0,0.000000
1648653635.361841806,0,0.000000
1648653635.384657291,0,0.003000
1648653635.406388452,1,0.018000
1648653635.427551457,0,0.000000
1648653635.450628729,0,0.000000
1648653635.472681681,0,0.000000
1648653635.497089691,0,0.020000
1648653635.519679114,0,0.000000
1648653635.543422268,2,0.044000
1648653635.565565218,0,0.000000
1648653635.588656846,0,0.000000
1648653635.610115452,0,0.000000
1648653635.632109604,0,0.000000
1648653635.654237009,1,0.000000
1648653635.674971443,0,0.000000
1648653635.696551035,0,0.000000
1648653635.719500859,0,0.000000
1648653635.741324102,0,0.000000
1648653635.765288097,0,0.000000
1648653635.788205786,0,0.011000
1648653635.809744701,3,0.000000
1648653635.831389379,0,0.000000
1648653635.854198331,2,0.045000
1648653635.876573723,0,0.004000
1648653635.898282939,0,0.000000
1648653635.922169202,0,0.000000
1648653635.945997911,0,0.000000
1648653635.967441008,2,0.039000
1648653635.988843922,0,0.000000
1648653636.012344336,0,0.000000
1648653636.034947231,0,0.000000
1648653636.056327269,1,0.040000
1648653636.081982835,1,0.000000
1648653636.104411035,2,0.038000
1648653636.124361409,0,0.000000
1648653636.145431105,0,0.000000
1648653636.166654786,0,0.000000
1648653636.188622924,0,0.000000
1648653636.211313282,0,0.000000
1648653636.233082304,0,0.000000
1648653636.255068711,0,0.001000
1648653636.275493403,0,0.032000
1648653636.297873077,1,0.026000
1648653636.320232059,0,0.000000
1648653636.342371432,0,0.000000
1648653636.365116383,0,0.000000
1648653636.388318015,0,0.000000
1648653636.411468467,2,0.036000
1648653636.432916234,0,0.000000
1648653636.455531642,0,0.000000
1648653636.479124013,3,0.022000
1648653636.503084793,0,0.000000
1648653636.526005424,0,0.000000
1648653636.547726077,0,0.003000
1648653636.567902890,0,0.000000
1648653636.591282886,0,0.006000
1648653636.615057376,0,0.000000
1648653636.639140671,0,0.000000
1648653636.662588280,0,0.000000
1648653636.685046108,3,0.070000
1648653636.707542915,0,0.000000
1648653636.729119527,0,0.000000
1648653636.751691797,2,0.040000
1648653636.775256975,0,0.000000
1648653636.798931053,0,0.000000
1648653636.820612275,0,0.000000
1648653636.842363404,1,0.000000
1648653636.862598373,0,0.000000
1648653636.885964091,0,0.000000
1648653636.909101136,1,0.029000
1648653636.931241529,0,0.010000
1648653636.954034781,0,0.000000
1648653636.977029256,0,0.000000
1648653636.998867556,0,0.009000
1648653637.021903173,2,0.023000
1648653637.043875268,1,0.020000
1648653637.066556804,2,0.020000
1648653637.086979676,0,0.000000
1648653637.108574390,1,0.027000
1648653637.131331902,0,0.000000
1648653637.155208025,0,0.000000
1648653637.177724035,0,0.000000
1648653637.199141404,0,0.000000
1648653637.220633432,0,0.000000
1648653637.241953165,0,0.000000
1648653637.264545835,0,0.000000
1648653637.288184139,1,0.000000
1648653637.311566377,0,0.013000
1648653637.334029812,0,0.000000
1648653637.356311657,0,0.000000
1648653637.379276771,0,0.000000
1648653637.402476351,0,0.000000
1648653637.425345821,0,0.000000
1648653637.447194698,0,0.000000
1648653637.469767446,0,0.019000
1648653637.492669142,2,0.030000
1648653637.515525374,2,0.028000
1648653637.539027737,3,0.035000
1648653637.562201986,2,0.046000
1648653637.585394416,0,0.003000
1648653637.608809600,0,0.000000
1648653637.632155046,0,0.000000
1648653637.655853297,0,0.000000
1648653637.679879202,0,0.000000
1648653637.701447407,1,0.024000
1648653637.725938398,0,0.000000
1648653637.749231449,0,0.000000
1648653637.771531924,0,0.000000
1648653637.794833878,0,0.000000
1648653637.818125995,0,0.000000
1648653637.841605645,1,0.005000
1648653637.863679504,0,0.009000
1648653637.886531104,0,0.000000
1648653637.909782934,1,0.023000
1648653637.931226789,0,0.000000
1648653637.953770110,4,0.044000
1648653637.976700475,1,0.000000
1648653638.000273877,1,0.015000
1648653638.023060178,0,0.000000
1648653638.044938420,1,0.039000
1648653638.068014474,0,0.003000
1648653638.090286255,2,0.031000
1648653638.113476554,0,0.000000
1648653638.135713069,0,0.000000
1648653638.158369850,0,0.000000
1648653638.181852292,0,0.000000
1648653638.204425682,0,0.000000
1648653638.226914206,0,0.000000
1648653638.250291135,0,0.007000
1648653638.272828958,0,0.004000
1648653638.294953167,0,0.000000
1648653638.319285158,1,0.000000
1648653638.343089167,0,0.000000
1648653638.366858021,0,0.000000
1648653638.390276074,0,0.000000
1648653638.412268979,0,0.007000
1648653638.435545054,0,0.000000
1648653638.457296043,3,0.069000
1648653638.479901991,2,0.050000
1648653638.504982184,1,0.034000
1648653638.526886303,0,0.000000
1648653638.549383129,0,0.000000
1648653638.572336126,0,0.000000
1648653638.594534925,0,0.000000
1648653638.617907623,0,0.000000
1648653638.641984697,0,0.000000
1648653638.663313029,0,0.000000
1648653638.688185192,2,0.014000
1648653638.710569728,0,0.000000
1648653638.732396601,0,0.000000
1648653638.752495376,0,0.000000
1648653638.774224891,0,0.000000
1648653638.797172566,0,0.000000
1648653638.819980753,0,0.000000
1648653638.842004731,0,0.000000
1648653638.866243432,3,0.043000
1648653638.888796260,0,0.000000
1648653638.909641467,0,0.000000
1648653638.931783853,0,0.006000
1648653638.953123255,0,0.000000
1648653638.974958759,0,0.000000
1648653638.997184705,0,0.000000
1648653639.020219285,3,0.016000
1648653639.043293500,2,0.020000
1648653639.064095438,0,0.000000
1648653639.087335093,0,0.000000
1648653639.109957878,0,0.000000
1648653639.133427748,2,0.010000
1648653639.155525448,0,0.006000
1648653639.177472682,0,0.000000
1648653639.200508073,0,0.000000
1648653639.223249950,0,0.000000
1648653639.244980597,4,0.053000
1648653639.268443571,0,0.047000
1648653639.291897030,1,0.044000
1648653639.314188510,2,0.052000
1648653639.337370245,0,0.000000
1648653639.359422414,2,0.045000
1648653639.380885127,0,0.000000
1648653639.404256812,0,0.000000
1648653639.427408714,0,0.000000
1648653639.450939202,0,0.000000
1648653639.473059955,0,0.000000
1648653639.496432217,0,0.000000
1648653639.519238341,0,0.000000
1648653639.540926558,1,0.020000
1648653639.563588544,2,0.030000
1648653639.586458789,0,0.003000
1648653639.609073693,0,0.000000
1648653639.632295238,0,0.000000
1648653639.655226441,0,0.000000
1648653639.676594400,2,0.024000
1648653639.698820379,1,0.040000
1648653639.721287982,1,0.017000
1648653639.745198334,0,0.000000
1648653639.766794163,1,0.035000
1648653639.788479814,2,0.048000
1648653639.813072564,0,0.000000
1648653639.835823750,0,0.000000
1648653639.858542579,0,0.000000
1648653639.880392580,0,0.000000
1648653639.903849092,2,0.047000
1648653639.927405222,0,0.000000
1648653639.950487300,0,0.019000
1648653639.973092200,0,0.000000
1648653639.994694789,0,0.000000
1648653640.016508112,0,0.000000
1648653640.038103877,0,0.000000
1648653640.062111128,0,0.000000
1648653640.085101898,1,0.069000
1648653640.107285659,1,0.012000
1648653640.130462694,1,0.014000
1648653640.152620566,0,0.000000
1648653640.174624337,0,0.022000
1648653640.196860949,0,0.000000
1648653640.218356984,0,0.000000
1648653640.241556823,0,0.000000
1648653640.265749756,0,0.000000
1648653640.289112358,0,0.000000
1648653640.311779281,0,0.016000
1648653640.335852270,0,0.000000
1648653640.358940035,0,0.000000
1648653640.382003261,1,0.000000
1648653640.406486830,0,0.000000
1648653640.430395734,1,0.040000
1648653640.453275573,0,0.000000
1648653640.475445718,2,0.000000
1648653640.497751024,2,0.000000
1648653640.521024072,2,0.045000
1648653640.543058973,2,0.040000
1648653640.565265514,0,0.000000
1648653640.588963596,0,0.000000
1648653640.611364865,0,0.000000
1648653640.632784239,0,0.000000
1648653640.656823105,0,0.000000
1648653640.680856829,0,0.000000
1648653640.702561267,0,0.000000
1648653640.725751866,2,0.024000
1648653640.746676328,0,0.005000
1648653640.772292053,0,0.012000
1648653640.795113347,0,0.000000
1648653640.816490392,0,0.000000
1648653640.839378333,0,0.000000
1648653640.859690530,3,0.026000
1648653640.882139221,0,0.000000
1648653640.903295358,0,0.000000
1648653640.925182567,2,0.031000
1648653640.947671050,2,0.034000
1648653640.969867564,0,0.000000
1648653640.993838877,0,0.000000
1648653641.018279246,0,0.019000
1648653641.041386183,0,0.000000
1648653641.064966072,0,0.000000
1648653641.087432814,0,0.000000
1648653641.110015784,2,0.006000
1648653641.132977637,0,0.000000
1648653641.155742330,0,0.000000
1648653641.176396263,0,0.000000
1648653641.199146737,0,0.000000
1648653641.221946442,0,0.005000
1648653641.243767269,0,0.000000
1648653641.267224986,0,0.000000
1648653641.292063670,0,0.000000
1648653641.315625963,2,0.000000
1648653641.336277363,0,0.000000
1648653641.358052729,3,0.082000
1648653641.382426231,0,0.000000
1648653641.405864030,0,0.000000
1648653641.430196971,2,0.013000
1648653641.450291724,0,0.000000
1648653641.474196163,0,0.000000
1648653641.495482726,2,0.041000
1648653641.519338248,0,0.000000
1648653641.542217810,0,0.000000
1648653641.564438641,0,0.000000
1648653641.587387233,2,0.031000
1648653641.610186679,0,0.000000
1648653641.633820934,1,0.038000
1648653641.656501309,0,0.000000
1648653641.679641382,2,0.078000
1648653641.700503825,0,0.009000
1648653641.724225617,0,0.000000
1648653641.747119759,3,0.028000
1648653641.767114407,0,0.000000
1648653641.789520244,0,0.000000
1648653641.813055203,1,0.025000
1648653641.835441311,1,0.014000
1648653641.858840519,0,0.000000
1648653641.881613525,0,0.000000
1648653641.905230376,2,0.057000
1648653641.928177676,0,0.021000
1648653641.952083744,0,0.000000
1648653641.973435199,0,0.006000
1648653641.996341608,2,0.037000
1648653642.020188527,1,0.012000
1648653642.042039782,0,0.000000
1648653642.065478254,3,0.044000
1648653642.086479566,1,0.000000
1648653642.109716423,0,0.000000
1648653642.129833426,1,0.027000
1648653642.150736176,0,0.000000
1648653642.173750751,2,0.022000
1648653642.197260118,0,0.023000
1648653642.220117240,0,0.000000
1648653642.243230167,0,0.000000
1648653642.265524805,0,0.027000
1648653642.287507735,0,0.000000
1648653642.311000679,0,0.000000
1648653642.334054982,0,0.000000
1648653642.357235396,0,0.000000
1648653642.380463623,1,0.033000
1648653642.402840760,0,0.000000
1648653642.424945142,0,0.011000
1648653642.446354110,0,0.000000
1648653642.467676786,1,0.000000
1648653642.490637693,0,0.000000
1648653642.512831392,0,0.000000
1648653642.534979342,0,0.003000
1648653642.558409113,1,0.000000
1648653642.580252884,0,0.000000
1648653642.602624852,0,0.000000
1648653642.625300935,0,0.000000
1648653642.647873043,0,0.000000
1648653642.668502762,0,0.000000
1648653642.690978757,0,0.009000
1648653642.713463671,0,0.000000
1648653642.735304535,1,0.010000
1648653642.758113794,3,0.044000
1648653642.778334903,0,0.000000
1648653642.800673444,0,0.000000
1648653642.823399401,0,0.000000
1648653642.844966937,0,0.000000
1648653642.866011013,0,0.022000
1648653642.889309216,0,0.000000
1648653642.912163911,2,0.018000
1648653642.934021686,0,0.000000
1648653642.956904174,2,0.000000
1648653642.979527095,0,0.000000
1648653643.002199002,0,0.017000
1648653643.025095595,0,0.000000
1648653643.048055039,0,0.000000
1648653643.070549754,0,0.034000
1648653643.094742880,2,0.026000
1648653643.117229722,0,0.000000
1648653643.139944378,1,0.000000
1648653643.161652619,0,0.000000
1648653643.184168730,0,0.000000
1648653643.206936427,1,0.003000
1648653643.230123004,3,0.000000
1648653643.253106161,0,0.000000
1648653643.274334681,0,0.000000
1648653643.295374759,0,0.000000
1648653643.317928002,2,0.021000
1648653643.340994685,0,0.000000
1648653643.363854979,0,0.000000
1648653643.385934567,0,0.000000
1648653643.406712505,0,0.000000
1648653643.427894749,1,0.005000
1648653643.451031978,0,0.000000
1648653643.474053694,0,0.000000
1648653643.497354372,0,0.000000
1648653643.519382458,2,0.035000
1648653643.542852473,0,0.000000
1648653643.565985013,0,0.000000
1648653643.588948075,0,0.000000
1648653643.611489848,0,0.000000
1648653643.634278510,0,0.000000
1648653643.655960902,2,0.037000
1648653643.679424302,0,0.000000
1648653643.702211928,2,0.060000
1648653643.725499518,0,0.018000
1648653643.748224074,4,0.059000
1648653643.770085399,0,0.014000
1648653643.792060049,1,0.010000
1648653643.816121486,0,0.000000
1648653643.838701183,0,0.000000
1648653643.859854106,0,0.000000
1648653643.882357297,0,0.000000
1648653643.904873581,0,0.000000
1648653643.929813540,0,0.000000
1648653643.952076418,0,0.000000
1648653643.973006315,0,0.000000
1648653643.995030080,0,0.000000
1648653644.016962818,0,0.000000
1648653644.039469187,1,0.044000
1648653644.061531433,2,0.023000
1648653644.084526345,1,0.026000
1648653644.105565484,1,0.032000
1648653644.128448000,0,0.000000
1648653644.151453399,0,0.000000
1648653644.174154838,0,0.000000
1648653644.198088852,1,0.003000
1648653644.221102791,0,0.000000
1648653644.243922655,0,0.000000
1648653644.264797416,0,0.000000
1648653644.286580731,1,0.000000
1648653644.309433069,0,0.000000
1648653644.332089808,0,0.000000
1648653644.354096222,0,0.000000
1648653644.377785081,2,0.052000
1648653644.402083144,2,0.044000
1648653644.423228752,0,0.000000
1648653644.447024645,0,0.000000
1648653644.466678462,1,0.011000
1648653644.490271850,0,0.000000
1648653644.514402604,0,0.005000
1648653644.537151237,2,0.034000
1648653644.559334910,2,0.016000
1648653644.582970608,0,0.024000
1648653644.606488305,0,0.000000
1648653644.630096915,0,0.000000
1648653644.651663062,1,0.022000
1648653644.674346821,2,0.032000
1648653644.695950724,0,0.000000
1648653644.719401770,2,0.019000
1648653644.741332976,0,0.000000
1648653644.763447216,0,0.000000
1648653644.784603887,0,0.000000
1648653644.807130025,1,0.003000
1648653644.830739686,0,0.005000
1648653644.852829325,0,0.003000
1648653644.874609856,0,0.018000
1648653644.896366710,0,0.000000
1648653644.916493867,0,0.000000
1648653644.938380679,0,0.014000
1648653644.961318438,0,0.000000
1648653644.983383479,0,0.000000
1648653645.006068001,3,0.012000
1648653645.028274135,0,0.000000
1648653645.050773550,0,0.000000
1648653645.073105570,0,0.000000
1648653645.094476474,0,0.000000
1648653645.118324301,0,0.000000
1648653645.142117600,2,0.051000
1648653645.164979647,0,0.000000
1648653645.187442948,0,0.000000
1648653645.208948764,0,0.000000
1648653645.231686947,0,0.000000
1648653645.253911689,0,0.000000
1648653645.276259496,0,0.000000
1648653645.301257102,0,0.000000
1648653645.324325164,0,0.000000
1648653645.345854177,0,0.000000
1648653645.368110512,0,0.000000
1648653645.390246559,0,0.000000
1648653645.413196902,0,0.003000
1648653645.436461300,0,0.000000
1648653645.457961346,0,0.000000
1648653645.480108197,0,0.000000
1648653645.502641581,1,0.003000
1648653645.525248523,0,0.000000
1648653645.546320642,0,0.000000
1648653645.569930064,2,0.026000
1648653645.590808562,0,0.000000
1648653645.613437722,2,0.064000
1648653645.635100793,0,0.000000
1648653645.656478576,0,0.000000
1648653645.677848620,0,0.020000
1648653645.700175857,0,0.000000
1648653645.722130041,0,0.000000
1648653645.745452844,0,0.000000
1648653645.769468330,0,0.000000
1648653645.792227221,0,0.000000
1648653645.816291406,0,0.000000
1648653645.839109694,1,0.023000
1648653645.863910021,2,0.035000
1648653645.886847387,2,0.003000
1648653645.907067938,0,0.000000
1648653645.931015423,1,0.000000
1648653645.955107069,0,0.000000
1648653645.978200198,0,0.000000
1648653646.000441497,0,0.047000
1648653646.023545124,1,0.007000
1648653646.047064036,0,0.000000
1648653646.069408201,0,0.027000
1648653646.090885533,1,0.000000
1648653646.113994231,0,0.000000
1648653646.137075880,0,0.000000
1648653646.160385487,0,0.010000
1648653646.182948927,0,0.000000
1648653646.204732956,1,0.000000
1648653646.227351996,0,0.000000
1648653646.250383398,0,0.000000
1648653646.273209270,0,0.000000
1648653646.296056960,0,0.000000
1648653646.318309541,1,0.012000
1648653646.341487602,0,0.000000
1648653646.362957142,0,0.000000
1648653646.385228714,0,0.000000
1648653646.407991963,0,0.000000
1648653646.430820405,0,0.000000
1648653646.453313243,1,0.000000
1648653646.475753667,0,0.000000
1648653646.498398007,4,0.027000
1648653646.521034905,1,0.014000
1648653646.544201134,0,0.000000
1648653646.567533875,0,0.000000
1648653646.590040193,0,0.000000
1648653646.613712841,0,0.000000
1648653646.636926369,0,0.000000
1648653646.660587364,0,0.000000
1648653646.680707029,0,0.000000
1648653646.703280925,1,0.049000
1648653646.725104153,0,0.000000
1648653646.747037398,2,0.038000
1648653646.769448480,0,0.000000
1648653646.792014023,1,0.000000
1648653646.813407204,0,0.000000
1648653646.835879670,0,0.000000
1648653646.858044213,0,0.000000
1648653646.880839658,0,0.000000
1648653646.904536851,0,0.000000
1648653646.926421036,0,0.000000
1648653646.948704933,0,0.000000
1648653646.971606511,0,0.000000
1648653646.996275003,0,0.000000
1648653647.018842690,3,0.012000
1648653647.042387021,1,0.000000
1648653647.064184635,0,0.002000
1648653647.086911220,0,0.000000
1648653647.109741868,2,0.063000
1648653647.132724917,0,0.000000
1648653647.156139463,0,0.010000
1648653647.178185127,2,0.068000
1648653647.200776646,0,0.000000
1648653647.224848730,0,0.017000
1648653647.248939924,0,0.000000
1648653647.271820015,0,0.000000
1648653647.294375408,0,0.000000
1648653647.316489542,0,0.000000
1648653647.339245334,1,0.000000
1648653647.362459957,0,0.000000
1648653647.384953407,0,0.016000
1648653647.408194548,0,0.000000
1648653647.431365413,0,0.000000
1648653647.452432332,0,0.000000
1648653647.474959211,3,0.032000
1648653647.496918659,0,0.000000
1648653647.518487339,0,0.000000
1648653647.540391253,0,0.000000
1648653647.562879858,0,0.000000
1648653647.587761012,1,0.003000
1648653647.611109388,1,0.056000
1648653647.634101771,0,0.032000
1648653647.657367283,0,0.000000
1648653647.679477796,0,0.000000
1648653647.700122432,0,0.015000
1648653647.722137465,0,0.024000
1648653647.744108994,0,0.000000
1648653647.765143540,2,0.037000
1648653647.787739166,0,0.000000
1648653647.808487558,0,0.000000
1648653647.830030679,0,0.000000
1648653647.852132732,1,0.000000
1648653647.875478995,0,0.000000
1648653647.898382976,0,0.030000
1648653647.919482887,0,0.010000
1648653647.943078643,0,0.000000
1648653647.965980662,0,0.000000
1648653647.988253504,0,0.025000
1648653648.011471494,2,0.017000
1648653648.033993517,2,0.000000
1648653648.056901632,0,0.000000
1648653648.079351469,1,0.000000
1648653648.100612567,0,0.019000
1648653648.122996669,0,0.000000
1648653648.144990635,0,0.000000
1648653648.167294254,0,0.000000
1648653648.189582357,2,0.020000
1648653648.211462897,0,0.000000
1648653648.235529329,2,0.027000
1648653648.257374801,0,0.000000
1648653648.281410140,0,0.000000
1648653648.302575942,0,0.000000
1648653648.324675221,0,0.000000
1648653648.348179149,0,0.017000
1648653648.371811977,0,0.000000
1648653648.393276462,1,0.024000
1648653648.415975147,0,0.000000
1648653648.436909422,1,0.036000
1648653648.459888005,0,0.000000
1648653648.483457299,0,0.006000
1648653648.506497490,0,0.000000
1648653648.530558220,1,0.042000
1648653648.552913235,0,0.000000
1648653648.576220447,0,0.000000
1648653648.601623273,0,0.000000
1648653648.624379951,0,0.000000
1648653648.646184737,0,0.000000
1648653648.668823949,0,0.000000
1648653648.692265101,0,0.000000
1648653648.714995097,0,0.000000
1648653648.737106814,0,0.000000
1648653648.759681081,0,0.000000
1648653648.780842912,1,0.000000
1648653648.805097451,0,0.000000
1648653648.826509120,0,0.000000
1648653648.849631384,2,0.036000
1648653648.873975684,1,0.017000
1648653648.896408099,0,0.000000
1648653648.919593740,0,0.020000
1648653648.941487484,0,0.000000
1648653648.963693733,0,0.012000
1648653648.987948393,0,0.000000
1648653649.010169385,1,0.000000
1648653649.034145021,0,0.013000
1648653649.056199057,0,0.000000
1648653649.079287615,0,0.000000
1648653649.101920689,0,0.000000
1648653649.126140359,0,0.000000
1648653649.149855040,0,0.000000
1648653649.173198396,1,0.037000
1648653649.198447387,0,0.000000
1648653649.221009331,1,0.019000
1648653649.243825765,0,0.000000
1648653649.266829171,1,0.034000
1648653649.289970474,0,0.010000
1648653649.311354881,2,0.033000
1648653649.335441212,1,0.037000
1648653649.358490142,0,0.025000
1648653649.381252260,0,0.000000
1648653649.402462757,2,0.015000
1648653649.424828784,1,0.034000
1648653649.447142604,0,0.000000
1648653649.471950396,0,0.000000
1648653649.493926164,0,0.000000
1648653649.517386551,1,0.005000
1648653649.539387092,2,0.024000
1648653649.560984324,0,0.000000
1648653649.583691087,2,0.057000
1648653649.605747799,0,0.000000
1648653649.628082363,0,0.000000
1648653649.652372664,0,0.000000
1648653649.675736348,0,0.000000
1648653649.698736763,0,0.000000
1648653649.721527240,0,0.000000
1648653649.743953262,0,0.000000
1648653649.765356884,0,0.003000
1648653649.789267935,0,0.000000
1648653649.811404981,0,0.000000
1648653649.833434923,0,0.000000
1648653649.856002156,0,0.000000
1648653649.878535743,0,0.000000
1648653649.900710157,4,0.073000
1648653649.921941001,0,0.000000
1648653649.944578626,0,0.000000
1648653649.968137735,2,0.000000
1648653649.991827843,4,0.008000
1648653650.014294107,0,0.021000
1648653650.035155622,0,0.000000
1648653650.057084984,0,0.000000
1648653650.079743546,2,0.038000
1648653650.101310308,2,0.000000
1648653650.124314647,2,0.028000
1648653650.147338691,2,0.015000
1648653650.171078375,0,0.000000
1648653650.191341401,2,0.009000
1648653650.213286100,0,0.000000
1648653650.232210452,0,0.000000
1648653650.253600150,3,0.058000
1648653650.276864419,0,0.000000
1648653650.299603976,2,0.017000
1648653650.321987882,0,0.000000
1648653650.344791400,1,0.018000
1648653650.367653640,2,0.032000
1648653650.388987483,0,0.000000
1648653650.412556130,0,0.000000
1648653650.435852989,0,0.000000
1648653650.458583379,0,0.000000
1648653650.481847199,0,0.007000
1648653650.504570441,1,0.017000
1648653650.526084405,0,0.006000
1648653650.548920587,0,0.000000
1648653650.572663310,1,0.014000
1648653650.595658837,0,0.021000
1648653650.617957299,0,0.000000
1648653650.641413274,0,0.025000
1648653650.663498304,0,0.000000
1648653650.684478491,0,0.000000
1648653650.707330126,0,0.000000
1648653650.730976644,0,0.000000
1648653650.754288377,1,0.003000
1648653650.779217297,0,0.026000
1648653650.800468268,2,0.032000
1648653650.823043503,1,0.000000
1648653650.846178543,0,0.011000
1648653650.869344897,0,0.000000
1648653650.892046136,0,0.000000
1648653650.914679943,0,0.031000
1648653650.937172168,1,0.000000
1648653650.960446288,2,0.013000
1648653650.982747473,0,0.007000
1648653651.004912953,0,0.000000
1648653651.027003167,0,0.000000
1648653651.052216697,0,0.000000
1648653651.074899855,1,0.000000
1648653651.098436778,0,0.000000
1648653651.120769705,1,0.013000
1648653651.143373377,1,0.020000
1648653651.166112520,0,0.000000
1648653651.187824890,0,0.000000
1648653651.211550330,0,0.000000
1648653651.232834110,0,0.000000
1648653651.258089154,0,0.044000
1648653651.281531313,0,0.000000
1648653651.304961057,3,0.028000
1648653651.326237293,1,0.036000
1648653651.348155877,2,0.036000
1648653651.370975684,0,0.012000
1648653651.391131005,2,0.000000
1648653651.412964176,0,0.000000
1648653651.433998082,0,0.000000
1648653651.458688695,0,0.003000
1648653651.479547430,0,0.000000
1648653651.503167871,1,0.011000
1648653651.526247590,3,0.029000
1648653651.548979739,0,0.000000
1648653651.570898137,1,0.015000
1648653651.593092072,4,0.085000
1648653651.616153126,1,0.000000
1648653651.638949256,0,0.000000
1648653651.661858479,0,0.000000
1648653651.683780932,0,0.000000
1648653651.705963178,0,0.000000
1648653651.728675390,0,0.026000
1648653651.752713672,0,0.000000
1648653651.775336206,1,0.000000
1648653651.797168193,0,0.000000
1648653651.820482539,0,0.000000
1648653651.842207310,3,0.040000
1648653651.863504332,0,0.000000
1648653651.885919945,0,0.000000
1648653651.907810100,1,0.025000
1648653651.930782486,0,0.000000
1648653651.953154017,0,0.000000
1648653651.975029367,2,0.043000
1648653651.997978197,0,0.000000
1648653652.020792672,0,0.000000
1648653652.043060655,4,0.073000
1648653652.065387013,0,0.000000
1648653652.088343886,2,0.024000
1648653652.111795288,0,0.000000
1648653652.132054162,0,0.000000
1648653652.153822878,1,0.012000
1648653652.175766225,2,0.022000
1648653652.198676192,0,0.009000
1648653652.222483627,0,0.000000
1648653652.244336322,1,0.015000
1648653652.267194055,0,0.000000
1648653652.289385953,0,0.000000
1648653652.311838294,0,0.000000
1648653652.334822317,2,0.001000
1648653652.358899782,0,0.000000
1648653652.380749754,0,0.000000
1648653652.402578917,0,0.006000
1648653652.424011617,0,0.000000
1648653652.446294674,0,0.000000
1648653652.469660287,0,0.003000
1648653652.493056839,0,0.000000
1648653652.514694701,0,0.000000
1648653652.536491575,3,0.049000
1648653652.558778627,0,0.000000
1648653652.581086428,0,0.012000
1648653652.603968087,2,0.061000
1648653652.625723638,0,0.000000
1648653652.648020198,0,0.000000
1648653652.670400649,0,0.000000
1648653652.692386701,0,0.000000
1648653652.715221485,0,0.000000
1648653652.738696881,0,0.000000
1648653652.759987333,0,0.005000
1648653652.782493261,0,0.000000
1648653652.805365410,0,0.000000
1648653652.826399134,0,0.000000
1648653652.848501490,3,0.066000
1648653652.870506645,0,0.000000
1648653652.893293148,0,0.000000
1648653652.915623866,0,0.003000
1648653652.938940542,0,0.000000
1648653652.960295927,0,0.000000
1648653652.983028473,0,0.000000
1648653653.004775558,0,0.000000
1648653653.025598333,1,0.010000
1648653653.048316951,0,0.006000
1648653653.070797716,0,0.000000
1648653653.093217106,0,0.000000
1648653653.114398911,1,0.000000
1648653653.136749189,0,0.005000
1648653653.160398106,0,0.000000
1648653653.183911134,0,0.000000
1648653653.205727689,0,0.007000
1648653653.226988911,0,0.000000
1648653653.249481004,0,0.000000
1648653653.271443240,0,0.000000
1648653653.293759740,1,0.027000
1648653653.315448082,0,0.035000
1648653653.338371889,4,0.076000
1648653653.361881019,1,0.032000
1648653653.384200353,0,0.000000
1648653653.405168540,0,0.027000
1648653653.427784022,0,0.000000
1648653653.450404824,0,0.000000
1648653653.472557365,1,0.000000
1648653653.495027151,0,0.000000
1648653653.518510498,0,0.000000
1648653653.539373015,3,0.037000
1648653653.561476703,2,0.022000
1648653653.584243079,0,0.000000
1648653653.606875227,1,0.000000
1648653653.629957909,0,0.000000
1648653653.653271615,0,0.000000
1648653653.676345793,3,0.081000
1648653653.697963927,2,0.039000
1648653653.720944537,0,0.000000
1648653653.742606714,0,0.000000
1648653653.765802311,3,0.042000
1648653653.787744748,0,0.000000
1648653653.810441442,0,0.000000
1648653653.833413458,0,0.000000
1648653653.855244083,0,0.000000
1648653653.878072298,0,0.000000
1648653653.901666177,1,0.029000
1648653653.924132487,0,0.000000
1648653653.947367065,1,0.030000
1648653653.969357105,0,0.000000
1648653653.989770334,0,0.000000
1648653654.011502511,2,0.031000
1648653654.034545454,2,0.051000
1648653654.057091008,1,0.000000
1648653654.079193845,1,0.017000
1648653654.101943918,0,0.000000
1648653654.126103525,0,0.000000
1648653654.147442987,0,0.000000
1648653654.169246353,0,0.000000
1648653654.192290812,0,0.000000
1648653654.215817971,0,0.000000
1648653654.238994314,0,0.000000
1648653654.260937407,3,0.041000
1648653654.284296298,0,0.000000
1648653654.306373355,3,0.056000
1648653654.326310111,1,0.000000
1648653654.349046652,0,0.025000
1648653654.371691801,0,0.000000
1648653654.394050067,0,0.000000
1648653654.418363183,0,0.000000
1648653654.439986643,0,0.000000
1648653654.463555467,0,0.000000
1648653654.486179746,0,0.000000
1648653654.509210798,1,0.000000
1648653654.531817756,0,0.000000
1648653654.555548497,0,0.000000
1648653654.578505785,0,0.000000
1648653654.603051931,0,0.000000
1648653654.625439627,0,0.000000
1648653654.648086520,0,0.004000
1648653654.671453671,0,0.000000
1648653654.693524484,2,0.044000
1648653654.716294998,2,0.072000
1648653654.739411873,0,0.000000
1648653654.763569918,0,0.000000
1648653654.787404656,0,0.000000
1648653654.811336884,0,0.000000
1648653654.832435851,0,0.000000
1648653654.855547363,3,0.035000
1648653654.877940009,0,0.000000
1648653654.899576981,1,0.000000
1648653654.921751668,1,0.043000
1648653654.946007491,1,0.008000
1648653654.968124869,0,0.011000
1648653654.989351641,0,0.007000
1648653655.012052320,0,0.022000
1648653655.033652289,0,0.000000
1648653655.057635508,0,0.000000
1648653655.080252714,0,0.018000
1648653655.103073294,0,0.000000
1648653655.126134406,0,0.000000
1648653655.148956839,0,0.000000
1648653655.171464101,0,0.000000
1648653655.193480476,1,0.013000
1648653655.217649999,0,0.000000
1648653655.239114553,1,0.043000
1648653655.262994961,1,0.025000
1648653655.286208316,0,0.000000
1648653655.309916516,0,0.000000
1648653655.332424340,0,0.000000
1648653655.355052550,3,0.061000
1648653655.376427930,3,0.000000
1648653655.399481033,0,0.009000
1648653655.422723899,2,0.060000
1648653655.446328274,0,0.000000
1648653655.468822743,2,0.014000
1648653655.492079898,3,0.057000
1648653655.514759252,0,0.000000
1648653655.536132786,3,0.051000
1648653655.559957106,0,0.000000
1648653655.583046191,0,0.000000
1648653655.606207035,0,0.015000
1648653655.627654820,1,0.005000
1648653655.649989947,2,0.048000
1648653655.671388641,1,0.056000
1648653655.693702398,0,0.000000
1648653655.715828361,0,0.009000
1648653655.739385961,0,0.000000
1648653655.763371516,0,0.000000
1648653655.786623245,4,0.029000
1648653655.808299920,0,0.000000
1648653655.831214860,0,0.000000
1648653655.851847917,2,0.047000
1648653655.873189235,2,0.019000
1648653655.894557206,0,0.000000
1648653655.919244696,1,0.000000
1648653655.940452184,0,0.000000
1648653655.963187467,2,0.041000
1648653655.986317888,2,0.000000
1648653656.009429580,0,0.000000
1648653656.032007376,0,0.000000
1648653656.054425261,3,0.074000
1648653656.077114958,3,0.074000
1648653656.100046031,4,0.027000
1648653656.124555263,2,0.058000
1648653656.148403518,0,0.000000
1648653656.171377696,0,0.000000
1648653656.193335820,0,0.000000
1648653656.216340935,0,0.009000
1648653656.238883145,0,0.000000
1648653656.260384963,0,0.000000
1648653656.282702791,0,0.000000
1648653656.306113560,0,0.000000
1648653656.329338890,0,0.000000
1648653656.349978008,0,0.000000
1648653656.372755102,2,0.016000
1648653656.395425322,0,0.000000
1648653656.417721175,0,0.000000
1648653656.441773580,0,0.000000
1648653656.463903508,0,0.000000
1648653656.485631520,0,0.000000
1648653656.508965623,1,0.032000
1648653656.534086777,0,0.000000
1648653656.555430727,0,0.000000
1648653656.578051700,2,0.043000
1648653656.601228073,0,0.000000
1648653656.623229494,0,0.013000
1648653656.645243599,0,0.000000
1648653656.668479139,0,0.000000
1648653656.692029638,0,0.000000
1648653656.715222529,0,0.000000
1648653656.737836236,0,0.000000
1648653656.760333147,0,0.000000
1648653656.783470486,0,0.000000
1648653656.806346109,0,0.000000
1648653656.829947334,0,0.000000
1648653656.852983801,0,0.000000
1648653656.874030775,0,0.000000
1648653656.896890745,1,0.000000
1648653656.918613495,0,0.000000
1648653656.941093306,0,0.000000
1648653656.963024896,2,0.040000
1648653656.987440329,0,0.008000
1648653657.009869557,2,0.024000
1648653657.033133648,1,0.031000
1648653657.056402821,0,0.020000
1648653657.077755645,0,0.000000
1648653657.100773308,4,0.065000
1648653657.122182884,0,0.000000
1648653657.144344256,0,0.000000
1648653657.169127795,0,0.000000
1648653657.193007873,0,0.000000
1648653657.215544433,0,0.000000
1648653657.239431972,0,0.000000
1648653657.262674748,0,0.000000
1648653657.287148903,0,0.000000
1648653657.308546813,0,0.019000
1648653657.331181698,0,0.000000
1648653657.352848485,1,0.000000
1648653657.375294641,0,0.000000
1648653657.396962742,1,0.000000
1648653657.419097869,1,0.056000
1648653657.441298555,0,0.000000
1648653657.465349157,1,0.010000
1648653657.488080546,0,0.000000
1648653657.510768312,0,0.000000
1648653657.533363991,2,0.055000
1648653657.556812304,0,0.000000
1648653657.579157808,0,0.035000
1648653657.601833558,1,0.000000
1648653657.624379295,1,0.025000
1648653657.646616798,0,0.000000
1648653657.670409082,0,0.000000
1648653657.693875686,2,0.024000
1648653657.717046857,0,0.000000
1648653657.740203772,1,0.023000
1648653657.764163009,0,0.000000
1648653657.785277921,2,0.015000
1648653657.807453469,2,0.037000
1648653657.830933643,0,0.000000
1648653657.853214691,2,0.025000
1648653657.875017764,0,0.000000
1648653657.897835190,0,0.000000
1648653657.921299307,1,0.000000
1648653657.944843649,0,0.000000
1648653657.967123208,0,0.000000
1648653657.988735113,0,0.000000
1648653658.011150671,0,0.000000
1648653658.033627841,0,0.030000
1648653658.055397462,0,0.000000
1648653658.078280494,1,0.028000
1648653658.102809088,0,0.000000
1648653658.125450529,0,0.000000
1648653658.147505870,0,0.000000
1648653658.169767149,2,0.050000
1648653658.193530957,0,0.000000
1648653658.215534100,0,0.000000
1648653658.238446777,0,0.000000
1648653658.261352120,2,0.025000
1648653658.284910249,0,0.000000
1648653658.309197709,1,0.038000
1648653658.332164964,0,0.000000
1648653658.355397717,0,0.000000
1648653658.379202664,0,0.000000
1648653658.401615914,0,0.004000
1648653658.424411809,0,0.000000
1648653658.449568809,0,0.000000
1648653658.472184535,1,0.011000
1648653658.494983708,0,0.000000
1648653658.517885855,0,0.000000
1648653658.541231757,2,0.026000
1648653658.564986477,1,0.006000
1648653658.589852449,0,0.000000
1648653658.613276681,0,0.000000
1648653658.636064265,0,0.000000
1648653658.660910795,2,0.049000
1648653658.684667926,1,0.006000
1648653658.704923807,0,0.000000
1648653658.726833334,2,0.060000
1648653658.749008299,0,0.000000
1648653658.773560992,0,0.000000
1648653658.796534106,0,0.000000
1648653658.818601588,3,0.071000
1648653658.842076609,0,0.000000
1648653658.863776114,0,0.000000
1648653658.886561672,0,0.000000
1648653658.908836056,1,0.014000
1648653658.930826261,0,0.000000
1648653658.953877596,1,0.031000
1648653658.977001023,0,0.000000
1648653658.999554286,0,0.000000
1648653659.022877899,0,0.000000
1648653659.044562547,1,0.021000
1648653659.066187649,0,0.000000
1648653659.088685774,0,0.000000
1648653659.110297660,0,0.000000
1648653659.132783311,0,0.000000
1648653659.153345648,0,0.000000
1648653659.177326203,0,0.000000
1648653659.199944875,0,0.000000
1648653659.222403438,2,0.022000
1648653659.244329393,2,0.024000
1648653659.269204713,0,0.000000
1648653659.290949467,4,0.099000
1648653659.314490811,1,0.059000
1648653659.337807504,0,0.000000
1648653659.360807991,0,0.000000
1648653659.384205356,0,0.000000
1648653659.404693165,0,0.000000
1648653659.427977589,1,0.014000
1648653659.449511274,0,0.000000
1648653659.471672496,1,0.045000
1648653659.492931827,1,0.038000
1648653659.515503218,0,0.000000
1648653659.537344848,2,0.007000
1648653659.562485136,0,0.000000
1648653659.583653537,2,0.053000
1648653659.605632570,0,0.000000
1648653659.628730867,1,0.024000
1648653659.649711635,1,0.000000
1648653659.672572410,0,0.000000
1648653659.693740524,0,0.000000
1648653659.716143743,3,0.040000
1648653659.739087859,0,0.000000
1648653659.761788797,0,0.000000
1648653659.785263469,0,0.026000
1648653659.808961838,0,0.000000
1648653659.830287048,0,0.000000
1648653659.853174233,0,0.000000
1648653659.879235235,0,0.000000
1648653659.901583912,0,0.000000
1648653659.925184620,0,0.000000
1648653659.947544605,0,0.000000
1648653659.969910715,0,0.000000
1648653659.993741912,0,0.000000
1648653660.017229944,0,0.000000
1648653660.037972190,0,0.008000
1648653660.061431292,1,0.000000
1648653660.084158784,0,0.000000
1648653660.107095000,0,0.000000
1648653660.127971590,0,0.006000
1648653660.151011422,1,0.000000
1648653660.175084825,0,0.014000
1648653660.198781848,1,0.008000
1648653660.219183617,0,0.000000
1648653660.243066023,0,0.000000
1648653660.266741445,0,0.017000
1648653660.289467046,0,0.008000
1648653660.312294904,0,0.000000
1648653660.336163274,0,0.000000
1648653660.357077345,2,0.022000
1648653660.380478019,0,0.000000
1648653660.403862219,0,0.000000
1648653660.427190951,0,0.021000
1648653660.447245532,0,0.009000
1648653660.469929094,0,0.000000
1648653660.492415101,0,0.000000
1648653660.515271607,0,0.000000
1648653660.537363747,0,0.000000
1648653660.559420518,0,0.026000
1648653660.582684491,0,0.009000
1648653660.606082431,0,0.000000
1648653660.628844809,0,0.044000
1648653660.652977720,0,0.000000
1648653660.675847351,0,0.000000
1648653660.698344519,1,0.019000
1648653660.720196869,0,0.000000
1648653660.741531128,0,0.000000
1648653660.766324656,0,0.000000
1648653660.789480863,0,0.000000
1648653660.813215314,0,0.000000
1648653660.835174073,1,0.033000
1648653660.857898649,2,0.015000
1648653660.882510051,1,0.042000
1648653660.904730325,0,0.000000
1648653660.927915201,0,0.000000
1648653660.950779317,1,0.022000
1648653660.975258831,0,0.000000
1648653660.998956200,0,0.000000
1648653661.021200330,0,0.000000
1648653661.043408216,4,0.041000
1648653661.065813063,0,0.000000
1648653661.088122760,0,0.000000
1648653661.110143302,0,0.000000
1648653661.132322484,0,0.000000
1648653661.156604124,1,0.000000
1648653661.179867718,0,0.000000
1648653661.203116254,0,0.000000
1648653661.226695713,0,0.000000
1648653661.250581563,0,0.000000
1648653661.272145093,1,0.009000
1648653661.295469181,2,0.030000
1648653661.318791457,0,0.000000
1648653661.340430377,0,0.000000
1648653661.364952493,0,0.000000
1648653661.386043082,0,0.009000
1648653661.409048010,0,0.000000
1648653661.432701282,0,0.000000
1648653661.457753826,0,0.000000
1648653661.478501152,0,0.000000
1648653661.500452969,0,0.000000
1648653661.524269752,0,0.022000
1648653661.546077850,1,0.024000
1648653661.569412321,0,0.000000
1648653661.595547487,0,0.000000
1648653661.618089397,0,0.000000
1648653661.639437519,0,0.020000
1648653661.662090675,0,0.000000
1648653661.684895018,0,0.000000
1648653661.706323817,0,0.006000
1648653661.729501994,0,0.000000
1648653661.751473603,0,0.000000
1648653661.774200146,0,0.000000
1648653661.796371930,0,0.012000
1648653661.818874927,0,0.000000
1648653661.841623758,0,0.000000
1648653661.864067458,0,0.016000
1648653661.888503325,0,0.000000
1648653661.909875852,0,0.000000
1648653661.932428180,0,0.000000
1648653661.955079422,1,0.000000
1648653661.978555003,0,0.000000
1648653662.002621354,0,0.000000
1648653662.024040505,2,0.014000
1648653662.047125664,0,0.000000
1648653662.068888236,0,0.000000
1648653662.093116844,1,0.030000
1648653662.114264242,0,0.000000
1648653662.138289361,0,0.020000
1648653662.159558573,0,0.004000
1648653662.181109333,0,0.000000
1648653662.203899351,0,0.000000
1648653662.225097177,0,0.000000
1648653662.247124806,0,0.000000
1648653662.270136691,0,0.000000
1648653662.289888861,0,0.000000
1648653662.312051801,0,0.000000
1648653662.334567378,0,0.000000
1648653662.357235759,0,0.000000
1648653662.380537179,0,0.000000
1648653662.403479497,0,0.000000
1648653662.426319989,0,0.000000
1648653662.449366516,0,0.000000
