1648656842.282047605,0,0.000000
1648656842.305473538,0,0.000000
1648656842.325632382,0,0.000000
1648656842.347356347,0,0.000000
1648656842.369304204,0,0.000000
1648656842.390702539,0,0.000000
1648656842.409592471,0,0.000000
1648656842.432287239,0,0.000000
1648656842.455722315,0,0.000000
1648656842.477410119,0,0.000000
1648656842.498846364,0,0.000000
1648656842.521522299,0,0.000000
1648656842.543280008,0,0.000000
1648656842.565701995,0,0.000000
1648656842.587669015,0,0.000000
1648656842.612149864,52,0.712000
1648656842.635766969,42,0.540000
1648656842.657489082,3,0.031000
1648656842.680505415,1,0.000000
1648656842.703205775,0,0.000000
1648656842.724755704,0,0.001000
1648656842.747542591,0,0.009000
1648656842.770170695,0,0.000000
1648656842.792978572,0,0.000000
1648656842.815653522,0,0.000000
1648656842.837508147,1,0.000000
1648656842.860230809,0,0.000000
1648656842.881173084,0,0.000000
1648656842.903345049,0,0.001000
1648656842.925499600,1,0.012000
1648656842.948303624,0,0.000000
1648656842.971194304,0,0.004000
1648656842.993100727,0,0.001000
1648656843.015967254,0,0.000000
1648656843.040641066,0,0.000000
1648656843.062299132,0,0.000000
1648656843.083573740,0,0.000000
1648656843.106069141,0,0.008000
1648656843.129802243,2,0.026000
1648656843.151470539,0,0.001000
1648656843.174332680,1,0.006000
1648656843.199062000,0,0.007000
1648656843.222109536,0,0.006000
1648656843.242557667,0,0.000000
1648656843.266035906,0,0.005000
1648656843.290347165,0,0.000000
1648656843.310532413,1,0.005000
1648656843.333663127,0,0.000000
1648656843.353980602,1,0.011000
1648656843.375583179,0,0.000000
1648656843.398507334,0,0.004000
1648656843.423417657,1,0.000000
1648656843.445045467,0,0.001000
1648656843.468379816,0,0.000000
1648656843.489569743,0,0.000000
1648656843.511446771,0,0.000000
1648656843.534380091,0,0.000000
1648656843.557202618,2,0.025000
1648656843.580305117,0,0.000000
1648656843.603199217,0,0.001000
1648656843.626481603,0,0.000000
1648656843.649918299,0,0.000000
1648656843.673721428,0,0.000000
1648656843.695247676,0,0.006000
1648656843.718385187,1,0.014000
1648656843.741288932,0,0.001000
1648656843.764374028,0,0.000000
1648656843.786641493,0,0.000000
1648656843.807912232,0,0.000000
1648656843.829455094,0,0.000000
1648656843.851940124,1,0.000000
1648656843.873927925,0,0.000000
1648656843.896668049,1,0.000000
1648656843.918679143,0,0.000000
1648656843.941002720,0,0.000000
1648656843.964568181,0,0.000000
1648656843.987452585,0,0.000000
1648656844.010852137,0,0.007000
1648656844.032543454,0,0.000000
1648656844.054373278,0,0.000000
1648656844.075418858,0,0.008000
1648656844.098355260,0,0.000000
1648656844.120730677,0,0.008000
1648656844.142401531,0,0.000000
1648656844.165387885,0,0.000000
1648656844.189459321,1,0.016000
1648656844.212752938,0,0.000000
1648656844.235323580,0,0.000000
1648656844.257236147,0,0.000000
1648656844.279335344,0,0.000000
1648656844.301444099,0,0.008000
1648656844.323967916,0,0.003000
1648656844.345946403,0,0.000000
1648656844.369940099,0,0.000000
1648656844.394971186,0,0.000000
1648656844.418037731,0,0.000000
1648656844.441870031,0,0.000000
1648656844.465477482,0,0.000000
1648656844.488074935,0,0.000000
1648656844.509406629,0,0.000000
1648656844.532905209,1,0.007000
1648656844.554459633,0,0.000000
1648656844.577801600,0,0.000000
1648656844.600624967,0,0.000000
1648656844.623128131,0,0.000000
1648656844.643925924,0,0.008000
1648656844.666437221,0,0.000000
1648656844.688445514,0,0.000000
1648656844.713193401,0,0.000000
1648656844.736557631,0,0.000000
1648656844.759534743,0,0.000000
1648656844.781289129,1,0.007000
1648656844.804659359,0,0.000000
1648656844.827286036,0,0.003000
1648656844.849417725,1,0.014000
1648656844.872459902,0,0.000000
1648656844.896212025,0,0.007000
1648656844.918927134,1,0.018000
1648656844.940049350,0,0.000000
1648656844.962397813,0,0.006000
1648656844.984855358,1,0.000000
1648656845.008021374,0,0.000000
1648656845.029924733,0,0.000000
1648656845.052845324,0,0.000000
1648656845.075683966,0,0.000000
1648656845.098110369,0,0.000000
1648656845.120852418,0,0.000000
1648656845.143876594,0,0.000000
1648656845.165401053,0,0.003000
1648656845.189149011,0,0.000000
1648656845.211109456,0,0.003000
1648656845.232555828,0,0.000000
1648656845.256125324,0,0.000000
1648656845.281314256,1,0.008000
1648656845.304162513,0,0.005000
1648656845.327320671,0,0.007000
1648656845.348826487,0,0.000000
1648656845.371878884,0,0.000000
1648656845.396299148,0,0.000000
1648656845.419785245,1,0.000000
1648656845.443878829,0,0.000000
1648656845.466502082,0,0.000000
1648656845.488435719,0,0.000000
1648656845.509743883,0,0.000000
1648656845.532396587,3,0.044000
1648656845.555055072,0,0.000000
1648656845.576992469,0,0.000000
1648656845.599810448,0,0.000000
1648656845.620854256,1,0.000000
1648656845.645464378,0,0.000000
1648656845.668473462,0,0.000000
1648656845.692289978,1,0.008000
1648656845.712809170,0,0.000000
1648656845.736128902,0,0.004000
1648656845.760422471,1,0.000000
1648656845.782847166,0,0.000000
1648656845.805959859,0,0.000000
1648656845.827208164,0,0.000000
1648656845.850678261,0,0.000000
1648656845.873771701,0,0.000000
1648656845.896186507,0,0.000000
1648656845.917954860,0,0.000000
1648656845.938962510,0,0.012000
1648656845.961699880,0,0.005000
1648656845.984977048,0,0.000000
1648656846.006695737,0,0.000000
1648656846.029011999,0,0.000000
1648656846.051616524,0,0.000000
1648656846.074273830,0,0.003000
1648656846.096702169,0,0.008000
1648656846.118779002,0,0.006000
1648656846.142218381,0,0.000000
1648656846.163459035,1,0.011000
1648656846.186684883,0,0.011000
1648656846.209625011,0,0.000000
1648656846.230981406,0,0.008000
1648656846.253966491,0,0.000000
1648656846.276538473,0,0.000000
1648656846.299532877,0,0.000000
1648656846.322473578,0,0.000000
1648656846.345336348,0,0.000000
1648656846.369164448,0,0.000000
1648656846.392830005,0,0.000000
1648656846.414733487,0,0.000000
1648656846.438905962,1,0.000000
1648656846.462759086,0,0.003000
1648656846.485568784,1,0.023000
1648656846.510340419,0,0.000000
1648656846.533086029,0,0.000000
1648656846.555705830,0,0.000000
1648656846.579562590,0,0.003000
1648656846.602753403,1,0.011000
1648656846.625362347,0,0.000000
1648656846.649124538,0,0.000000
1648656846.670316038,0,0.011000
1648656846.692229174,0,0.000000
1648656846.714796699,0,0.000000
1648656846.735837802,0,0.000000
1648656846.758548770,0,0.000000
1648656846.782167211,1,0.008000
1648656846.805682606,0,0.000000
1648656846.829223713,0,0.000000
1648656846.853273901,0,0.007000
1648656846.877133216,0,0.000000
1648656846.900030486,0,0.009000
1648656846.923123901,0,0.000000
1648656846.943384033,0,0.000000
1648656846.967357329,0,0.000000
1648656846.988081765,0,0.000000
1648656847.011700426,0,0.000000
1648656847.033965481,1,0.000000
1648656847.055181390,0,0.000000
1648656847.078639120,0,0.000000
1648656847.101205254,0,0.006000
1648656847.123232501,0,0.000000
1648656847.145992078,0,0.000000
1648656847.167835146,0,0.000000
1648656847.191709903,0,0.007000
1648656847.213777664,0,0.000000
1648656847.236641521,2,0.019000
1648656847.260253040,0,0.000000
1648656847.283035166,0,0.000000
1648656847.305043391,0,0.000000
1648656847.327478360,2,0.009000
1648656847.351252486,0,0.000000
1648656847.372901922,0,0.000000
1648656847.395865232,0,0.000000
1648656847.419293229,1,0.006000
1648656847.441112773,1,0.000000
1648656847.463468688,0,0.000000
1648656847.485731200,0,0.000000
1648656847.508568136,0,0.000000
1648656847.532152110,0,0.000000
1648656847.552753237,1,0.006000
1648656847.576404620,0,0.000000
1648656847.599375357,0,0.006000
1648656847.620383973,0,0.000000
1648656847.644139744,0,0.000000
1648656847.667324110,0,0.000000
1648656847.690808814,0,0.000000
1648656847.712286685,0,0.000000
1648656847.735562648,0,0.000000
1648656847.758587888,0,0.000000
1648656847.782585041,0,0.000000
1648656847.805343749,0,0.000000
1648656847.827047141,0,0.000000
1648656847.850379400,0,0.000000
1648656847.872435921,1,0.000000
1648656847.894718668,0,0.005000
1648656847.916713754,0,0.000000
1648656847.940890945,1,0.000000
1648656847.963410779,0,0.006000
1648656847.986433969,0,0.000000
1648656848.008255326,0,0.012000
1648656848.031709376,0,0.000000
1648656848.053608350,0,0.002000
1648656848.075088427,0,0.000000
1648656848.098840518,1,0.013000
1648656848.122317682,0,0.000000
1648656848.142564400,0,0.000000
1648656848.165187384,1,0.000000
1648656848.189276457,0,0.000000
1648656848.212870509,0,0.000000
1648656848.235894373,2,0.004000
1648656848.256970148,0,0.000000
1648656848.279871664,0,0.000000
1648656848.302149123,0,0.005000
1648656848.325167692,1,0.000000
1648656848.349333607,0,0.000000
1648656848.372449471,0,0.000000
1648656848.395951592,0,0.000000
1648656848.419095842,0,0.000000
1648656848.441261760,0,0.000000
1648656848.464484855,0,0.000000
1648656848.486948194,0,0.000000
1648656848.509647003,0,0.000000
1648656848.532709099,0,0.000000
1648656848.555495166,0,0.000000
1648656848.578052963,0,0.000000
1648656848.599365852,0,0.000000
1648656848.620473657,0,0.000000
1648656848.643252136,0,0.006000
1648656848.664690071,1,0.005000
1648656848.687701047,0,0.000000
1648656848.710278243,0,0.000000
1648656848.733362225,0,0.000000
1648656848.753917920,1,0.000000
1648656848.776595203,0,0.000000
1648656848.800568183,0,0.000000
1648656848.821244631,0,0.000000
1648656848.843649635,0,0.000000
1648656848.866014477,0,0.000000
1648656848.886340955,0,0.000000
1648656848.909550709,0,0.000000
1648656848.932128082,0,0.000000
1648656848.955919050,0,0.000000
1648656848.978847086,0,0.000000
1648656849.001928632,0,0.000000
1648656849.024959606,0,0.000000
1648656849.047810769,0,0.000000
1648656849.070922213,0,0.000000
1648656849.090913827,0,0.000000
1648656849.113825522,0,0.000000
1648656849.138000539,1,0.000000
1648656849.159304880,0,0.000000
1648656849.182027046,0,0.000000
1648656849.204879250,0,0.000000
1648656849.227672326,0,0.000000
1648656849.249451820,1,0.000000
1648656849.272729458,0,0.000000
1648656849.296144664,0,0.000000
1648656849.321406481,0,0.000000
1648656849.343292035,0,0.000000
1648656849.367023445,0,0.000000
1648656849.391475037,0,0.000000
1648656849.414551932,0,0.000000
1648656849.437227125,1,0.000000
1648656849.459360207,0,0.003000
1648656849.483436523,0,0.009000
1648656849.506443332,0,0.000000
1648656849.529292933,0,0.003000
1648656849.550961960,0,0.000000
1648656849.572829153,0,0.000000
1648656849.594705310,0,0.000000
1648656849.615952550,0,0.000000
1648656849.638535395,0,0.008000
1648656849.659956470,1,0.007000
1648656849.680041620,1,0.000000
1648656849.703989539,0,0.000000
1648656849.727332970,1,0.006000
1648656849.749898955,0,0.000000
1648656849.773769268,0,0.001000
1648656849.795406762,0,0.003000
1648656849.818102110,1,0.008000
1648656849.842214000,0,0.000000
1648656849.862495413,0,0.000000
1648656849.884453833,0,0.000000
1648656849.909595386,0,0.003000
1648656849.932374555,0,0.000000
1648656849.955226770,0,0.000000
1648656849.979936742,0,0.000000
1648656850.001753463,0,0.000000
1648656850.024798169,1,0.005000
1648656850.047030673,1,0.000000
1648656850.068889227,0,0.000000
1648656850.091587200,0,0.013000
1648656850.113408896,0,0.000000
1648656850.137112913,0,0.000000
1648656850.159099863,0,0.000000
1648656850.180426280,0,0.000000
1648656850.203439430,1,0.000000
1648656850.227251476,0,0.000000
1648656850.249947508,1,0.007000
1648656850.271804372,0,0.003000
1648656850.293942212,0,0.000000
1648656850.316262478,0,0.000000
1648656850.340205100,1,0.000000
1648656850.362103990,0,0.006000
1648656850.386093063,1,0.000000
1648656850.408755954,0,0.000000
1648656850.432416272,0,0.000000
1648656850.456570482,0,0.000000
1648656850.478675663,0,0.000000
1648656850.500458945,0,0.000000
1648656850.525245413,0,0.004000
1648656850.549198214,0,0.000000
1648656850.572879357,0,0.000000
1648656850.593947270,0,0.001000
1648656850.617389524,0,0.000000
1648656850.640388510,0,0.000000
1648656850.663689292,1,0.000000
1648656850.687048218,0,0.000000
1648656850.709315945,1,0.011000
1648656850.731188782,0,0.000000
1648656850.754166933,1,0.000000
1648656850.776957009,0,0.000000
1648656850.799966063,0,0.011000
1648656850.823499945,0,0.000000
1648656850.849340709,0,0.000000
1648656850.872390398,0,0.000000
1648656850.894361323,0,0.000000
1648656850.916361114,0,0.000000
1648656850.938639412,0,0.000000
1648656850.962451667,0,0.000000
1648656850.985411347,0,0.000000
1648656851.008704508,0,0.005000
1648656851.031476307,1,0.018000
1648656851.054386800,0,0.000000
1648656851.078597677,0,0.000000
1648656851.101131258,0,0.000000
1648656851.123369282,1,0.006000
1648656851.145368111,0,0.000000
1648656851.169313950,0,0.000000
1648656851.192288291,2,0.014000
1648656851.215852831,1,0.012000
1648656851.239061863,0,0.000000
1648656851.261621605,0,0.000000
1648656851.284227852,0,0.000000
1648656851.306991580,0,0.000000
1648656851.329795969,0,0.000000
1648656851.353155419,0,0.000000
1648656851.374577295,0,0.000000
1648656851.397216357,0,0.009000
1648656851.419912519,0,0.000000
1648656851.443436772,0,0.003000
1648656851.466357066,0,0.000000
1648656851.489238905,0,0.000000
1648656851.514330087,0,0.003000
1648656851.536065733,0,0.000000
1648656851.558611526,1,0.003000
1648656851.581852815,1,0.006000
1648656851.603366658,3,0.021000
1648656851.624815130,0,0.000000
1648656851.646993966,0,0.000000
1648656851.669102912,0,0.000000
1648656851.689603471,0,0.000000
1648656851.712398215,0,0.007000
1648656851.736291513,0,0.000000
1648656851.757177866,0,0.000000
1648656851.778777080,0,0.000000
1648656851.802086367,0,0.000000
1648656851.827596275,0,0.000000
1648656851.850975500,0,0.000000
1648656851.872435109,0,0.000000
1648656851.894113084,0,0.003000
1648656851.917148467,2,0.001000
1648656851.938814377,0,0.000000
1648656851.962792060,0,0.000000
1648656851.987003016,0,0.010000
1648656852.008998578,0,0.003000
1648656852.031783899,0,0.000000
1648656852.057019943,0,0.000000
1648656852.080808142,0,0.000000
1648656852.103996756,1,0.000000
1648656852.127621672,0,0.003000
1648656852.151596343,0,0.000000
1648656852.174315182,0,0.000000
1648656852.197406136,2,0.030000
1648656852.219927309,0,0.000000
1648656852.244022654,0,0.000000
1648656852.265972657,0,0.000000
1648656852.289993928,1,0.004000
1648656852.313426228,1,0.000000
1648656852.337096424,0,0.000000
1648656852.359436877,1,0.006000
1648656852.381021386,0,0.000000
1648656852.402766086,0,0.000000
1648656852.424556202,0,0.006000
1648656852.447467304,0,0.000000
1648656852.471362653,0,0.000000
1648656852.495211849,0,0.003000
1648656852.518561815,0,0.000000
1648656852.541538669,0,0.000000
1648656852.565301010,0,0.000000
1648656852.588010565,0,0.000000
1648656852.612976183,0,0.011000
1648656852.635318430,0,0.000000
1648656852.655499573,0,0.000000
1648656852.678122099,0,0.000000
1648656852.701971533,0,0.004000
1648656852.725784076,0,0.000000
1648656852.748820578,0,0.000000
1648656852.771535630,1,0.003000
1648656852.792755967,0,0.000000
1648656852.814754083,0,0.000000
1648656852.838702576,0,0.000000
1648656852.862352239,0,0.000000
1648656852.883002653,1,0.000000
1648656852.905098730,0,0.000000
1648656852.927766858,2,0.000000
1648656852.950484055,0,0.004000
1648656852.973508686,0,0.003000
1648656852.994024441,0,0.000000
1648656853.017938475,0,0.000000
1648656853.040278871,0,0.000000
1648656853.062504813,1,0.000000
1648656853.084266666,1,0.003000
1648656853.105336467,1,0.000000
1648656853.128725232,0,0.000000
1648656853.151482886,0,0.000000
1648656853.174925574,1,0.014000
1648656853.197091247,0,0.000000
1648656853.219550394,0,0.000000
1648656853.242314396,0,0.000000
1648656853.264049514,0,0.000000
1648656853.285356953,0,0.000000
1648656853.308029087,0,0.000000
1648656853.328035498,1,0.000000
1648656853.350480103,0,0.003000
1648656853.373459297,0,0.000000
1648656853.397115040,0,0.000000
1648656853.419872453,0,0.013000
1648656853.441610873,0,0.000000
1648656853.464241461,0,0.023000
1648656853.488198848,0,0.007000
1648656853.510162131,0,0.000000
1648656853.530952262,2,0.000000
1648656853.552327048,0,0.005000
1648656853.575738543,0,0.000000
1648656853.599799725,0,0.000000
1648656853.623064367,1,0.010000
1648656853.644986587,0,0.000000
1648656853.669194423,0,0.000000
1648656853.692172014,0,0.000000
1648656853.715773905,0,0.000000
1648656853.739359093,0,0.000000
1648656853.761948179,0,0.001000
1648656853.784970893,0,0.000000
1648656853.807713846,0,0.000000
1648656853.830482777,0,0.000000
1648656853.853073399,0,0.000000
1648656853.875847046,0,0.000000
1648656853.898827180,0,0.000000
1648656853.920459557,1,0.000000
1648656853.942733275,0,0.011000
1648656853.964415172,0,0.000000
1648656853.986881279,0,0.008000
1648656854.010074648,0,0.000000
1648656854.031989434,0,0.000000
1648656854.055215695,0,0.000000
1648656854.078754142,2,0.014000
1648656854.102179977,0,0.000000
1648656854.125219431,0,0.000000
1648656854.147830997,0,0.003000
1648656854.170411510,0,0.000000
1648656854.193361055,0,0.000000
1648656854.216899265,0,0.000000
1648656854.239593464,0,0.000000
1648656854.260553545,0,0.000000
1648656854.284307986,0,0.000000
1648656854.307389912,0,0.000000
1648656854.330389184,0,0.011000
1648656854.351503725,1,0.000000
1648656854.374345648,0,0.000000
1648656854.396696026,0,0.003000
1648656854.419440880,1,0.000000
1648656854.442454538,0,0.000000
1648656854.465235292,0,0.000000
1648656854.487329434,2,0.033000
1648656854.510804910,0,0.000000
1648656854.533770180,0,0.000000
1648656854.557212000,0,0.003000
1648656854.579458687,2,0.012000
1648656854.601439089,1,0.000000
1648656854.623496057,0,0.000000
1648656854.647205490,0,0.004000
1648656854.670530397,0,0.000000
1648656854.693724991,0,0.000000
1648656854.715912686,0,0.000000
1648656854.739650713,0,0.000000
1648656854.763021279,0,0.012000
1648656854.784872114,0,0.000000
1648656854.806229454,0,0.000000
1648656854.829951785,1,0.000000
1648656854.853086325,0,0.000000
1648656854.874255398,0,0.000000
1648656854.897272857,0,0.000000
1648656854.921711860,0,0.000000
1648656854.944421575,0,0.000000
1648656854.967471056,1,0.000000
1648656854.989008361,2,0.009000
1648656855.012495014,0,0.000000
1648656855.035273551,0,0.003000
1648656855.058678739,0,0.000000
1648656855.082433191,0,0.000000
1648656855.104805925,0,0.000000
1648656855.128056652,0,0.000000
1648656855.149743965,0,0.000000
1648656855.172550264,0,0.000000
1648656855.195558452,0,0.003000
1648656855.219276025,1,0.000000
1648656855.241189564,0,0.000000
1648656855.264215377,0,0.004000
1648656855.286991169,0,0.011000
1648656855.310439185,0,0.000000
1648656855.333975930,0,0.000000
1648656855.358089582,0,0.000000
1648656855.379573018,0,0.000000
1648656855.401991392,0,0.000000
1648656855.424107812,1,0.000000
1648656855.446479181,0,0.000000
1648656855.470117287,0,0.000000
1648656855.493897269,0,0.003000
1648656855.515390683,0,0.000000
1648656855.537076413,0,0.000000
1648656855.559423193,0,0.000000
1648656855.583448269,0,0.000000
1648656855.605497326,0,0.000000
1648656855.625442969,0,0.000000
1648656855.649225837,0,0.000000
1648656855.672430653,0,0.000000
1648656855.695218529,0,0.005000
1648656855.718037108,0,0.000000
1648656855.739529781,0,0.003000
1648656855.761459706,0,0.000000
1648656855.783950381,0,0.000000
1648656855.806492000,0,0.000000
1648656855.829508903,0,0.006000
1648656855.852317612,0,0.005000
1648656855.873433984,0,0.000000
1648656855.896777057,0,0.000000
1648656855.918459333,0,0.005000
1648656855.939416413,1,0.000000
1648656855.961785416,0,0.000000
1648656855.984161093,0,0.000000
1648656856.006884003,0,0.003000
1648656856.030722260,0,0.000000
1648656856.053226473,0,0.000000
1648656856.076425011,0,0.000000
1648656856.097849298,0,0.000000
1648656856.120441393,0,0.000000
1648656856.143031801,0,0.000000
1648656856.164233303,0,0.000000
1648656856.186957674,0,0.000000
1648656856.209955751,0,0.011000
1648656856.233277847,0,0.000000
1648656856.255824275,0,0.000000
1648656856.277247266,0,0.003000
1648656856.299587266,0,0.000000
1648656856.322967542,0,0.000000
1648656856.345227937,1,0.000000
1648656856.368716871,0,0.000000
1648656856.392572674,0,0.000000
1648656856.414891685,0,0.000000
1648656856.436449126,0,0.000000
1648656856.456984361,0,0.000000
1648656856.479489250,0,0.000000
1648656856.502450173,0,0.003000
1648656856.524857763,1,0.000000
1648656856.548787090,0,0.000000
1648656856.571190312,0,0.008000
1648656856.592929192,0,0.000000
1648656856.615882565,0,0.000000
1648656856.639144063,0,0.000000
1648656856.661598808,0,0.000000
1648656856.684422935,0,0.000000
1648656856.707362946,0,0.009000
1648656856.728673050,0,0.000000
1648656856.751432495,0,0.000000
1648656856.772754334,0,0.000000
1648656856.796261594,0,0.006000
1648656856.818343671,0,0.000000
1648656856.841310343,0,0.000000
1648656856.864079533,0,0.000000
1648656856.887595707,0,0.003000
1648656856.910944235,0,0.000000
1648656856.934000138,0,0.000000
1648656856.956467449,0,0.000000
1648656856.980180266,0,0.000000
1648656857.003211336,0,0.007000
1648656857.025730391,0,0.000000
1648656857.049239143,0,0.000000
1648656857.071007651,0,0.000000
1648656857.093368033,0,0.004000
1648656857.115628606,0,0.000000
1648656857.135844900,0,0.000000
1648656857.158654243,0,0.000000
1648656857.182080079,0,0.000000
1648656857.203321290,0,0.000000
1648656857.227381511,0,0.000000
1648656857.248883079,0,0.006000
1648656857.271795062,0,0.000000
1648656857.294055349,0,0.000000
1648656857.317776893,0,0.000000
1648656857.340344512,0,0.000000
1648656857.362972849,0,0.003000
1648656857.384119475,0,0.000000
1648656857.406116393,0,0.000000
1648656857.429062851,0,0.013000
1648656857.453421386,1,0.000000
1648656857.477445377,1,0.000000
1648656857.501153659,0,0.016000
1648656857.523718797,0,0.000000
1648656857.545569915,0,0.000000
1648656857.568327412,0,0.000000
1648656857.591120084,0,0.000000
1648656857.613669467,0,0.004000
1648656857.636482596,0,0.000000
1648656857.659377814,1,0.000000
1648656857.681820733,0,0.013000
1648656857.704773482,0,0.000000
1648656857.727371917,0,0.004000
1648656857.748549009,0,0.000000
1648656857.770239039,0,0.000000
1648656857.793633127,0,0.000000
1648656857.816058105,1,0.000000
1648656857.839219618,0,0.000000
1648656857.862844499,0,0.000000
1648656857.884714588,0,0.000000
1648656857.907531331,0,0.000000
1648656857.929742376,0,0.000000
1648656857.949760430,0,0.000000
1648656857.971392323,1,0.000000
1648656857.994205205,0,0.000000
1648656858.017272333,1,0.004000
1648656858.039985980,0,0.000000
1648656858.062223303,0,0.000000
1648656858.085091295,0,0.000000
1648656858.107886712,0,0.000000
1648656858.130167396,0,0.000000
1648656858.153427710,0,0.000000
1648656858.176562729,0,0.000000
1648656858.199274756,0,0.000000
1648656858.221809853,0,0.004000
1648656858.243623080,0,0.002000
1648656858.266563517,0,0.000000
1648656858.290021303,0,0.000000
1648656858.310928070,0,0.008000
1648656858.333977111,0,0.000000
1648656858.355266142,1,0.005000
1648656858.378200065,0,0.000000
1648656858.401323336,0,0.000000
1648656858.424161431,0,0.000000
1648656858.447501429,0,0.000000
1648656858.471959830,0,0.008000
1648656858.494457225,0,0.000000
1648656858.517052975,1,0.000000
1648656858.540359725,0,0.000000
1648656858.562075821,0,0.000000
1648656858.583558091,0,0.000000
1648656858.606859273,0,0.003000
1648656858.629959640,0,0.000000
1648656858.652238158,0,0.000000
1648656858.675307896,0,0.000000
1648656858.698333842,0,0.000000
1648656858.720685386,0,0.000000
1648656858.743675899,0,0.000000
1648656858.766831625,0,0.000000
1648656858.788993693,0,0.007000
1648656858.812502254,0,0.000000
1648656858.835584875,0,0.000000
1648656858.858426720,0,0.000000
1648656858.881843882,0,0.006000
1648656858.902089713,1,0.000000
1648656858.925205876,0,0.000000
1648656858.949674820,0,0.000000
1648656858.971217843,0,0.000000
1648656858.994017727,0,0.000000
1648656859.017986087,0,0.000000
1648656859.040076143,1,0.011000
1648656859.062227051,0,0.000000
1648656859.085913531,0,0.000000
1648656859.110143291,0,0.000000
1648656859.133279263,0,0.000000
1648656859.154770276,0,0.000000
1648656859.177632120,0,0.000000
1648656859.199458940,0,0.000000
1648656859.222419375,1,0.005000
1648656859.246342251,0,0.000000
1648656859.269639702,0,0.000000
1648656859.291070846,2,0.017000
1648656859.313977376,0,0.000000
1648656859.333575644,0,0.000000
1648656859.355917288,1,0.017000
1648656859.379298845,0,0.007000
1648656859.400468566,0,0.000000
1648656859.423995770,0,0.000000
1648656859.446411620,0,0.000000
1648656859.468541954,0,0.000000
1648656859.490318051,1,0.000000
1648656859.513699328,0,0.004000
1648656859.536168874,0,0.000000
1648656859.559020438,0,0.000000
1648656859.582403160,0,0.000000
1648656859.606100935,0,0.000000
1648656859.629600286,1,0.000000
1648656859.652888790,0,0.000000
1648656859.676800383,0,0.010000
1648656859.698546701,0,0.000000
1648656859.721059572,0,0.000000
1648656859.743117329,0,0.004000
1648656859.765868188,0,0.000000
1648656859.790239074,0,0.000000
1648656859.812839344,0,0.000000
1648656859.834587301,0,0.000000
1648656859.857436175,1,0.000000
1648656859.880001881,0,0.007000
1648656859.902608848,0,0.000000
1648656859.925001296,0,0.000000
1648656859.948350127,0,0.000000
1648656859.970936907,0,0.000000
1648656859.992071611,0,0.000000
1648656860.015115880,0,0.000000
1648656860.037149234,0,0.000000
1648656860.060782311,0,0.000000
1648656860.083764696,0,0.000000
1648656860.106960788,1,0.004000
1648656860.130157605,0,0.000000
1648656860.151381880,0,0.000000
1648656860.175099813,1,0.000000
1648656860.197448660,1,0.011000
1648656860.219674611,0,0.000000
1648656860.242767525,1,0.003000
1648656860.265186149,0,0.016000
1648656860.287574106,0,0.008000
1648656860.309675777,0,0.003000
1648656860.333218205,1,0.000000
1648656860.355781688,0,0.000000
1648656860.377466789,0,0.000000
1648656860.399969314,0,0.000000
1648656860.422373862,0,0.000000
1648656860.446601751,0,0.000000
1648656860.469327696,1,0.000000
1648656860.492660162,0,0.000000
1648656860.515202329,0,0.000000
1648656860.537942473,0,0.003000
1648656860.561260197,1,0.003000
1648656860.584831035,0,0.000000
1648656860.606173936,0,0.000000
1648656860.627112902,0,0.007000
1648656860.650318792,0,0.000000
1648656860.674483357,0,0.000000
1648656860.697979080,0,0.010000
1648656860.720470980,0,0.000000
1648656860.743829840,0,0.000000
1648656860.765338113,0,0.000000
1648656860.788227005,0,0.000000
1648656860.808447209,0,0.000000
1648656860.830725501,0,0.000000
1648656860.853620286,0,0.000000
1648656860.876155852,0,0.000000
1648656860.898861868,2,0.013000
1648656860.922073983,0,0.000000
1648656860.943660141,1,0.000000
1648656860.967403894,1,0.000000
1648656860.987525313,0,0.000000
1648656861.009484961,0,0.006000
1648656861.031983749,0,0.000000
1648656861.055492596,0,0.000000
1648656861.078279704,0,0.003000
1648656861.101973403,0,0.011000
1648656861.125991537,0,0.000000
1648656861.149123596,0,0.000000
1648656861.172702589,0,0.000000
1648656861.195045268,0,0.003000
1648656861.219501680,0,0.007000
1648656861.242610640,0,0.000000
1648656861.265499762,0,0.000000
1648656861.287062591,0,0.004000
1648656861.308167910,1,0.017000
1648656861.331828516,1,0.006000
1648656861.353350745,0,0.000000
1648656861.374866098,0,0.000000
1648656861.395876115,0,0.000000
1648656861.417915099,0,0.015000
1648656861.441774644,2,0.015000
1648656861.465234656,1,0.000000
1648656861.488422733,0,0.000000
1648656861.511247318,0,0.000000
1648656861.534433389,0,0.000000
1648656861.557900198,0,0.000000
1648656861.580293995,0,0.000000
1648656861.601029662,0,0.000000
1648656861.622759040,1,0.000000
1648656861.646396289,0,0.000000
1648656861.669414798,0,0.010000
1648656861.692764724,0,0.000000
1648656861.714919470,0,0.000000
1648656861.738708387,0,0.000000
1648656861.762252960,0,0.000000
1648656861.784740674,1,0.003000
1648656861.806098973,0,0.000000
1648656861.828569194,1,0.000000
1648656861.852128385,0,0.000000
1648656861.874942791,0,0.000000
1648656861.898658979,0,0.006000
1648656861.922265782,0,0.000000
1648656861.943555293,0,0.000000
1648656861.965500957,1,0.022000
1648656861.988257841,0,0.000000
1648656862.010650950,2,0.016000
1648656862.033864099,0,0.012000
1648656862.055882737,0,0.000000
1648656862.079115159,0,0.007000
1648656862.100769824,0,0.003000
1648656862.122147847,0,0.000000
1648656862.144320731,0,0.007000
1648656862.167226424,0,0.000000
1648656862.190312941,1,0.005000
1648656862.212273678,0,0.000000
1648656862.235424531,0,0.000000
1648656862.256976819,1,0.009000
1648656862.280602538,1,0.010000
1648656862.304503902,0,0.000000
1648656862.328143988,1,0.003000
1648656862.348416023,0,0.000000
1648656862.371564066,0,0.000000
1648656862.394275249,0,0.000000
1648656862.417670739,0,0.000000
1648656862.441554452,0,0.000000
1648656862.464878486,0,0.000000
1648656862.486074657,0,0.000000
1648656862.508683786,0,0.000000
1648656862.532313120,0,0.000000
1648656862.555069439,0,0.000000
1648656862.578110504,2,0.000000
1648656862.599865276,0,0.003000
1648656862.624127859,0,0.000000
1648656862.645812128,0,0.000000
1648656862.668858106,0,0.003000
1648656862.692408366,0,0.000000
1648656862.714001702,0,0.000000
1648656862.737321261,0,0.000000
1648656862.760753719,1,0.000000
1648656862.784557831,0,0.000000
1648656862.807832354,0,0.000000
1648656862.831472214,0,0.000000
1648656862.852305386,0,0.000000
1648656862.874202560,0,0.007000
1648656862.897235977,1,0.000000
1648656862.920775640,0,0.000000
1648656862.944923264,0,0.000000
1648656862.967879223,0,0.000000
1648656862.990163392,0,0.000000
1648656863.013091263,0,0.000000
1648656863.037057116,1,0.004000
1648656863.060295652,0,0.000000
1648656863.084409124,0,0.000000
1648656863.108352834,0,0.000000
1648656863.129850409,0,0.000000
1648656863.153696795,0,0.000000
1648656863.178032824,0,0.006000
1648656863.200046942,0,0.000000
1648656863.223832391,0,0.004000
1648656863.244669195,0,0.000000
1648656863.267587757,0,0.000000
1648656863.288828318,0,0.000000
1648656863.311066812,0,0.000000
1648656863.333640481,0,0.000000
1648656863.356975954,0,0.004000
1648656863.380795726,0,0.000000
1648656863.404026102,0,0.003000
1648656863.426971365,1,0.008000
1648656863.450213883,0,0.000000
1648656863.472201787,0,0.000000
1648656863.495146783,0,0.000000
1648656863.519568208,0,0.006000
1648656863.543804254,0,0.000000
1648656863.566888092,0,0.000000
1648656863.590627750,0,0.021000
1648656863.612887556,0,0.000000
1648656863.633993324,0,0.000000
1648656863.655241157,0,0.004000
1648656863.677682352,0,0.003000
1648656863.697911454,0,0.000000
1648656863.719911262,0,0.000000
1648656863.742157297,0,0.000000
1648656863.764069049,0,0.000000
1648656863.787217486,1,0.006000
1648656863.810015992,0,0.007000
1648656863.831605921,1,0.005000
1648656863.854799324,0,0.000000
1648656863.876948474,0,0.000000
1648656863.899545943,0,0.000000
1648656863.923269305,0,0.000000
1648656863.944852815,0,0.000000
1648656863.967177815,0,0.003000
1648656863.989386024,0,0.009000
1648656864.012891582,1,0.000000
1648656864.035440467,0,0.000000
1648656864.056817087,0,0.012000
1648656864.079803892,0,0.000000
1648656864.101570035,0,0.000000
1648656864.123821714,1,0.000000
1648656864.146682833,0,0.000000
1648656864.169100826,0,0.000000
1648656864.192424338,0,0.000000
1648656864.216077812,1,0.007000
1648656864.237832917,0,0.000000
1648656864.259160258,0,0.000000
1648656864.282129034,0,0.007000
1648656864.305640725,0,0.000000
1648656864.327074898,0,0.002000
1648656864.350155409,0,0.006000
1648656864.373585138,0,0.000000
1648656864.396082097,0,0.006000
1648656864.419205096,0,0.000000
1648656864.442318080,0,0.000000
1648656864.465188328,0,0.000000
1648656864.486381954,1,0.010000
1648656864.509320559,0,0.000000
1648656864.533072231,0,0.000000
1648656864.556176180,0,0.007000
1648656864.579903691,0,0.000000
1648656864.603449686,0,0.000000
1648656864.626496708,0,0.000000
1648656864.648260900,0,0.000000
1648656864.669679656,0,0.000000
1648656864.693273787,1,0.000000
1648656864.715295388,0,0.000000
1648656864.737542128,0,0.000000
1648656864.760909879,0,0.000000
1648656864.783815389,0,0.000000
1648656864.807942947,0,0.000000
1648656864.831020679,0,0.000000
1648656864.854464645,0,0.003000
1648656864.878655711,0,0.000000
1648656864.901233873,0,0.000000
1648656864.924421530,0,0.000000
1648656864.947236122,0,0.006000
1648656864.970897755,0,0.000000
1648656864.992670532,0,0.000000
1648656865.013798980,0,0.000000
1648656865.035623711,0,0.005000
1648656865.055877512,0,0.003000
1648656865.077962012,0,0.000000
1648656865.101138442,0,0.000000
1648656865.124550614,0,0.000000
1648656865.146905040,0,0.000000
1648656865.171095535,1,0.000000
1648656865.194341192,0,0.000000
1648656865.217367752,0,0.000000
1648656865.241562405,0,0.000000
1648656865.263903014,0,0.000000
1648656865.287621198,0,0.000000
1648656865.311142551,0,0.008000
1648656865.333249895,0,0.000000
1648656865.355853436,0,0.000000
1648656865.378477969,0,0.000000
1648656865.400460608,1,0.008000
1648656865.423405628,0,0.000000
1648656865.447492225,0,0.000000
1648656865.470507237,0,0.000000
1648656865.491680230,0,0.000000
1648656865.513845897,0,0.000000
1648656865.537023935,0,0.000000
1648656865.560502746,0,0.000000
1648656865.584830348,1,0.000000
1648656865.606329896,0,0.003000
1648656865.630232690,0,0.011000
1648656865.654084910,0,0.000000
1648656865.676107954,0,0.000000
1648656865.699347086,0,0.000000
1648656865.720260007,0,0.000000
1648656865.743194554,0,0.000000
1648656865.764777114,0,0.012000
1648656865.787239907,0,0.000000
1648656865.809188942,0,0.015000
1648656865.832199902,0,0.000000
1648656865.854632375,0,0.000000
1648656865.877920246,0,0.000000
1648656865.901201115,0,0.000000
1648656865.925205810,0,0.000000
1648656865.949250468,0,0.000000
1648656865.971499674,0,0.000000
1648656865.994352716,0,0.000000
1648656866.016463037,1,0.000000
1648656866.039190191,0,0.000000
1648656866.062543836,0,0.000000
1648656866.083365675,0,0.000000
1648656866.105346316,0,0.000000
1648656866.128998716,0,0.000000
1648656866.152188690,0,0.022000
1648656866.175227921,0,0.000000
1648656866.198416042,0,0.004000
1648656866.222411709,0,0.000000
1648656866.244442891,1,0.004000
1648656866.267471491,0,0.000000
1648656866.289416806,0,0.000000
1648656866.313912922,0,0.000000
1648656866.337763680,0,0.000000
1648656866.359754871,0,0.000000
1648656866.382941231,0,0.000000
1648656866.406558788,0,0.000000
1648656866.430510725,0,0.000000
1648656866.454645909,0,0.000000
1648656866.476840469,1,0.007000
1648656866.498558017,0,0.000000
1648656866.519532549,0,0.000000
1648656866.541533685,0,0.000000
1648656866.564228290,0,0.000000
1648656866.586414862,0,0.004000
1648656866.609939512,0,0.000000
1648656866.633024760,0,0.000000
1648656866.656256007,0,0.003000
1648656866.679218877,0,0.000000
1648656866.703288448,0,0.000000
1648656866.727025820,0,0.000000
1648656866.749027254,0,0.000000
1648656866.770320062,0,0.000000
1648656866.792819614,0,0.005000
1648656866.816081273,0,0.000000
1648656866.839418201,0,0.000000
1648656866.861468084,1,0.000000
1648656866.884643837,0,0.000000
1648656866.907187016,0,0.014000
1648656866.929428571,0,0.000000
1648656866.952144346,0,0.003000
1648656866.975216864,0,0.000000
1648656866.998826811,0,0.000000
1648656867.020661883,0,0.003000
1648656867.043834059,0,0.006000
1648656867.065984683,0,0.000000
1648656867.087327980,0,0.000000
1648656867.110405271,0,0.000000
1648656867.133533995,0,0.004000
1648656867.156481665,0,0.000000
1648656867.179181014,0,0.000000
1648656867.203002224,0,0.000000
1648656867.226833289,0,0.000000
1648656867.250029035,0,0.000000
1648656867.271501981,0,0.000000
1648656867.294248815,0,0.000000
1648656867.316984440,0,0.000000
1648656867.340006456,0,0.000000
1648656867.361993300,1,0.000000
1648656867.385498604,0,0.000000
1648656867.408145732,0,0.000000
1648656867.430925368,1,0.000000
1648656867.455079489,0,0.000000
1648656867.477576427,0,0.000000
1648656867.499876335,0,0.000000
1648656867.521321742,0,0.000000
1648656867.544907955,0,0.008000
1648656867.568412108,1,0.005000
1648656867.590314128,0,0.000000
1648656867.613494409,0,0.008000
1648656867.636183353,1,0.003000
1648656867.658927334,0,0.000000
1648656867.681508155,0,0.000000
1648656867.704188288,0,0.000000
1648656867.727912656,0,0.000000
1648656867.750563217,0,0.000000
1648656867.773705316,0,0.000000
1648656867.794228770,0,0.000000
1648656867.818503470,0,0.000000
1648656867.841093294,0,0.000000
1648656867.863951840,0,0.000000
1648656867.888116555,0,0.000000
1648656867.910249462,0,0.000000
1648656867.933440719,0,0.000000
1648656867.955219546,0,0.000000
1648656867.978099456,0,0.000000
1648656868.002929131,0,0.000000
1648656868.026039634,1,0.000000
1648656868.047817687,0,0.000000
1648656868.071788005,0,0.000000
1648656868.094398346,1,0.000000
1648656868.114454642,0,0.000000
1648656868.137114960,0,0.000000
1648656868.160046650,0,0.000000
1648656868.183448015,0,0.003000
1648656868.203237945,0,0.006000
1648656868.225750761,0,0.000000
1648656868.248018057,0,0.000000
1648656868.270362046,0,0.000000
1648656868.295031984,0,0.000000
1648656868.318319596,0,0.004000
1648656868.340673161,0,0.000000
1648656868.364847741,0,0.000000
1648656868.387340759,0,0.000000
1648656868.408411247,0,0.000000
1648656868.432210929,0,0.000000
1648656868.455481513,1,0.001000
1648656868.478626179,0,0.000000
1648656868.501852638,0,0.000000
1648656868.524615157,0,0.000000
1648656868.545495747,0,0.010000
1648656868.568139444,0,0.005000
1648656868.590571242,0,0.000000
1648656868.614105536,0,0.000000
1648656868.637119005,0,0.000000
1648656868.659134037,0,0.000000
1648656868.681846646,1,0.009000
1648656868.703665955,0,0.000000
1648656868.726129052,0,0.000000
1648656868.748015218,0,0.005000
1648656868.772442965,0,0.000000
1648656868.793532968,0,0.003000
1648656868.816879617,0,0.000000
1648656868.840828884,0,0.000000
1648656868.863831804,0,0.000000
1648656868.886047154,0,0.000000
1648656868.909089161,0,0.000000
1648656868.929931930,0,0.000000
1648656868.953825281,0,0.000000
1648656868.976808228,0,0.000000
1648656868.999377632,0,0.000000
1648656869.023185190,0,0.003000
1648656869.045173011,1,0.000000
1648656869.068123002,1,0.005000
1648656869.092628695,0,0.006000
1648656869.114420738,0,0.000000
1648656869.137379170,0,0.000000
1648656869.160772934,0,0.008000
1648656869.184459350,0,0.000000
1648656869.207431015,0,0.000000
1648656869.229675669,1,0.007000
1648656869.251605252,1,0.009000
1648656869.275198194,0,0.000000
1648656869.299914361,0,0.000000
1648656869.323446964,0,0.000000
1648656869.346052327,0,0.004000
1648656869.369487733,0,0.000000
1648656869.391808307,0,0.000000
1648656869.413830660,0,0.000000
1648656869.435614513,0,0.000000
1648656869.457830460,0,0.006000
1648656869.480535496,0,0.000000
1648656869.501670949,0,0.000000
1648656869.524915754,0,0.000000
1648656869.547334638,0,0.000000
1648656869.569415551,0,0.000000
1648656869.590739743,0,0.000000
1648656869.613679815,0,0.000000
1648656869.637213998,1,0.000000
1648656869.660833949,0,0.007000
1648656869.684266402,0,0.010000
1648656869.707367308,0,0.000000
1648656869.730196470,0,0.000000
1648656869.750379219,0,0.000000
1648656869.772741210,1,0.000000
1648656869.795243954,1,0.000000
1648656869.817980703,0,0.000000
1648656869.841092761,1,0.000000
1648656869.864111921,0,0.000000
1648656869.888118560,1,0.000000
1648656869.910675834,0,0.008000
1648656869.933117295,0,0.000000
1648656869.957606206,0,0.000000
1648656869.980748576,0,0.000000
1648656870.001860790,0,0.003000
1648656870.026343754,0,0.000000
1648656870.047628819,0,0.008000
1648656870.070180429,0,0.000000
1648656870.092090519,0,0.000000
1648656870.115542758,0,0.000000
1648656870.139335689,0,0.000000
1648656870.162131344,0,0.000000
1648656870.185193617,0,0.000000
1648656870.207622153,2,0.008000
1648656870.230546595,0,0.000000
1648656870.253431718,1,0.000000
1648656870.276357421,0,0.000000
1648656870.296879699,0,0.000000
1648656870.319889051,0,0.000000
1648656870.343241340,0,0.017000
1648656870.367982628,1,0.000000
1648656870.391393937,0,0.000000
1648656870.415502219,0,0.000000
1648656870.438381297,0,0.000000
1648656870.462416276,0,0.000000
1648656870.484863803,0,0.003000
1648656870.508251100,1,0.009000
1648656870.530115054,1,0.000000
1648656870.552910483,0,0.000000
1648656870.575263763,0,0.000000
1648656870.597841833,0,0.000000
1648656870.620354238,0,0.000000
1648656870.641573859,0,0.000000
1648656870.662894719,0,0.000000
1648656870.685187960,0,0.000000
1648656870.707510614,0,0.000000
1648656870.728993926,0,0.000000
1648656870.750061623,0,0.000000
1648656870.773352160,0,0.000000
1648656870.794666233,0,0.009000
1648656870.818418273,0,0.000000
1648656870.841225161,1,0.004000
1648656870.863345293,0,0.000000
1648656870.886020472,0,0.000000
1648656870.908056516,0,0.000000
1648656870.929896148,0,0.000000
1648656870.952921245,0,0.000000
1648656870.976599846,1,0.000000
1648656870.999626351,0,0.003000
1648656871.022875608,0,0.000000
1648656871.046099811,0,0.000000
1648656871.070255098,0,0.000000
1648656871.093472437,0,0.000000
1648656871.115887570,0,0.000000
1648656871.138997906,0,0.004000
1648656871.163332566,0,0.009000
1648656871.184898994,0,0.001000
1648656871.207551502,0,0.012000
1648656871.229444138,0,0.000000
1648656871.252443311,0,0.000000
1648656871.276265172,0,0.000000
1648656871.298055596,0,0.000000
1648656871.320158701,0,0.000000
1648656871.343149546,0,0.000000
1648656871.366397288,0,0.000000
1648656871.389447737,0,0.008000
1648656871.411836910,1,0.009000
1648656871.436402951,0,0.000000
1648656871.461285810,1,0.000000
1648656871.481541268,0,0.000000
1648656871.504503014,0,0.000000
1648656871.527046978,1,0.006000
1648656871.548387621,0,0.000000
1648656871.568846560,0,0.004000
1648656871.592143822,0,0.000000
1648656871.615359113,2,0.011000
1648656871.639928965,0,0.000000
1648656871.660753028,0,0.000000
1648656871.683344926,0,0.000000
1648656871.706520136,0,0.000000
1648656871.729557752,0,0.007000
1648656871.752834029,0,0.000000
1648656871.776317251,0,0.004000
1648656871.799808836,0,0.003000
1648656871.823024841,0,0.000000
1648656871.845558167,1,0.003000
1648656871.867992590,0,0.000000
1648656871.891128680,0,0.000000
1648656871.914127736,0,0.000000
1648656871.937815894,1,0.002000
1648656871.961091142,0,0.000000
1648656871.983719619,1,0.003000
1648656872.004125210,0,0.000000
1648656872.026485064,0,0.000000
1648656872.050757844,1,0.003000
1648656872.075215835,0,0.000000
1648656872.096254997,0,0.000000
1648656872.118538113,0,0.006000
1648656872.140539283,0,0.000000
1648656872.163391110,1,0.000000
1648656872.185470865,0,0.000000
1648656872.209841728,0,0.000000
1648656872.233192114,0,0.000000
1648656872.256429509,0,0.000000
1648656872.279490067,0,0.009000
1648656872.301922889,0,0.007000
1648656872.323433511,0,0.000000
1648656872.347124148,0,0.011000
1648656872.370224189,0,0.010000
1648656872.392706908,0,0.000000
1648656872.415314583,0,0.000000
1648656872.437218590,1,0.006000
1648656872.459580441,0,0.000000
1648656872.481405768,1,0.000000
1648656872.505247940,0,0.000000
1648656872.528207680,1,0.000000
1648656872.550955876,0,0.013000
1648656872.574332824,0,0.005000
1648656872.596957492,0,0.000000
1648656872.620715796,1,0.000000
1648656872.643180928,0,0.008000
1648656872.665644184,0,0.000000
1648656872.688846785,0,0.000000
1648656872.711228490,0,0.000000
1648656872.734064442,0,0.000000
1648656872.754507500,1,0.000000
1648656872.777456481,0,0.000000
1648656872.800354583,0,0.005000
1648656872.822441289,0,0.000000
1648656872.844454723,0,0.000000
1648656872.866946479,0,0.000000
1648656872.889576540,0,0.008000
1648656872.911545839,0,0.000000
1648656872.934424828,0,0.000000
1648656872.957855169,0,0.000000
1648656872.980229701,0,0.000000
1648656873.002816753,1,0.000000
1648656873.025213911,0,0.000000
1648656873.047821106,0,0.000000
1648656873.069394473,0,0.007000
1648656873.093418020,0,0.000000
1648656873.116882076,1,0.000000
1648656873.137959284,0,0.006000
1648656873.161872370,0,0.000000
1648656873.184709013,0,0.005000
1648656873.209412577,0,0.003000
1648656873.231333138,0,0.007000
1648656873.254221173,0,0.000000
1648656873.276281875,0,0.000000
1648656873.299088205,0,0.000000
1648656873.322480492,0,0.000000
1648656873.343767918,0,0.000000
1648656873.366494875,0,0.000000
1648656873.389737199,0,0.000000
1648656873.412352570,0,0.000000
1648656873.434204155,1,0.003000
1648656873.455970688,0,0.000000
1648656873.478070081,0,0.000000
1648656873.502342743,0,0.000000
1648656873.525801216,0,0.004000
1648656873.549163436,0,0.000000
1648656873.572791891,0,0.005000
1648656873.595495125,0,0.006000
1648656873.618823776,0,0.000000
1648656873.641946941,0,0.000000
1648656873.666064414,0,0.004000
1648656873.688940363,0,0.000000
1648656873.711144262,0,0.000000
1648656873.734825052,0,0.000000
1648656873.757975436,1,0.000000
1648656873.782305948,0,0.000000
1648656873.805507560,0,0.000000
1648656873.828672360,0,0.000000
1648656873.849036823,0,0.000000
1648656873.871847089,0,0.000000
1648656873.894742400,0,0.005000
1648656873.918191870,0,0.000000
1648656873.941380611,0,0.000000
1648656873.964223228,1,0.000000
1648656873.986484437,0,0.000000
1648656874.009441648,0,0.000000
1648656874.032153275,0,0.000000
1648656874.055250826,1,0.000000
1648656874.079042859,0,0.000000
1648656874.103739569,0,0.000000
1648656874.127121553,1,0.003000
1648656874.149452635,0,0.000000
1648656874.170362746,0,0.012000
1648656874.193930740,1,0.006000
1648656874.219556420,0,0.000000
1648656874.242435202,0,0.000000
1648656874.265188473,0,0.000000
1648656874.288449800,0,0.006000
1648656874.309260638,0,0.000000
1648656874.332751252,0,0.000000
1648656874.355815895,0,0.007000
1648656874.380081672,0,0.000000
1648656874.402409616,0,0.003000
1648656874.425648803,0,0.000000
1648656874.447929583,0,0.000000
1648656874.469999379,0,0.000000
1648656874.493261346,0,0.000000
1648656874.516376635,0,0.000000
1648656874.540510117,0,0.000000
1648656874.563266810,1,0.006000
1648656874.587100594,0,0.002000
1648656874.610819376,0,0.003000
1648656874.633796422,0,0.000000
1648656874.655224272,0,0.000000
1648656874.676615225,0,0.000000
1648656874.700089543,0,0.000000
1648656874.723444499,0,0.000000
1648656874.748002533,0,0.000000
1648656874.771922503,0,0.000000
1648656874.791836693,0,0.000000
1648656874.815366840,0,0.000000
1648656874.838702589,0,0.009000
1648656874.864399816,0,0.000000
1648656874.886406751,0,0.000000
1648656874.909069492,0,0.000000
1648656874.933450403,0,0.000000
1648656874.956366045,0,0.000000
1648656874.978571633,0,0.000000
1648656875.002338444,2,0.008000
1648656875.024735870,0,0.000000
1648656875.048152277,1,0.000000
1648656875.071750163,0,0.000000
1648656875.096095219,0,0.000000
1648656875.118494537,0,0.000000
1648656875.141327286,0,0.000000
1648656875.164234519,0,0.000000
1648656875.188315145,0,0.003000
1648656875.212598712,0,0.000000
1648656875.235823032,0,0.013000
1648656875.259663640,0,0.000000
1648656875.282432455,0,0.000000
1648656875.304882239,0,0.000000
1648656875.327349069,0,0.000000
1648656875.348855878,0,0.000000
1648656875.371416692,0,0.000000
1648656875.394679406,0,0.012000
1648656875.417630166,0,0.003000
1648656875.440870737,0,0.000000
1648656875.464449935,2,0.019000
1648656875.485662576,0,0.000000
1648656875.507768408,0,0.000000
1648656875.531581159,0,0.000000
1648656875.552709154,1,0.003000
1648656875.575778436,0,0.000000
1648656875.598031423,0,0.011000
1648656875.620186419,0,0.000000
1648656875.644728849,1,0.000000
1648656875.668392583,0,0.000000
1648656875.691106425,0,0.004000
1648656875.715285367,0,0.000000
1648656875.737399669,0,0.000000
1648656875.759888024,0,0.000000
1648656875.783099258,1,0.007000
1648656875.805350530,1,0.000000
1648656875.829032501,0,0.000000
1648656875.851037003,1,0.000000
1648656875.873914225,0,0.000000
1648656875.896370844,0,0.011000
1648656875.918300710,0,0.000000
1648656875.941029200,0,0.000000
1648656875.966114224,0,0.000000
1648656875.988261838,0,0.000000
1648656876.011314120,0,0.000000
1648656876.035354428,0,0.004000
1648656876.058055016,0,0.008000
1648656876.081459437,0,0.000000
1648656876.104701644,0,0.000000
1648656876.126303196,0,0.000000
1648656876.149913912,1,0.000000
1648656876.174565054,2,0.010000
1648656876.197507448,0,0.000000
1648656876.219342336,0,0.000000
1648656876.242932867,0,0.000000
1648656876.266308300,0,0.000000
1648656876.289252779,0,0.000000
1648656876.313433529,0,0.000000
1648656876.336031156,0,0.003000
1648656876.359765785,0,0.000000
1648656876.381983711,0,0.000000
1648656876.404974515,0,0.000000
1648656876.426020905,1,0.000000
1648656876.449003165,0,0.000000
1648656876.472204623,0,0.000000
1648656876.497407546,0,0.005000
1648656876.520404787,1,0.000000
1648656876.542962440,0,0.000000
1648656876.565336384,0,0.000000
1648656876.587131768,0,0.000000
1648656876.608338473,0,0.000000
1648656876.631867804,0,0.000000
1648656876.656431526,0,0.000000
1648656876.678247494,0,0.000000
1648656876.701145048,1,0.016000
1648656876.723901169,0,0.000000
1648656876.747192937,0,0.000000
1648656876.769429600,0,0.000000
1648656876.790225793,0,0.000000
1648656876.812228310,0,0.000000
1648656876.835495981,0,0.000000
1648656876.858395971,0,0.018000
1648656876.881506027,0,0.000000
1648656876.903042309,0,0.000000
1648656876.926098593,0,0.000000
1648656876.948253005,0,0.000000
1648656876.971453774,1,0.008000
1648656876.992666115,0,0.013000
1648656877.016470138,0,0.000000
1648656877.038634455,0,0.000000
1648656877.061229446,0,0.012000
1648656877.083804379,0,0.000000
1648656877.106357068,0,0.000000
1648656877.129660469,0,0.000000
1648656877.152834136,0,0.000000
1648656877.176410096,0,0.000000
1648656877.199414268,0,0.000000
1648656877.222274912,0,0.000000
1648656877.245063349,0,0.000000
1648656877.267972700,1,0.000000
1648656877.291450342,0,0.000000
1648656877.313540648,0,0.000000
1648656877.336060195,0,0.000000
1648656877.360564390,0,0.000000
1648656877.381803000,0,0.003000
1648656877.404429703,0,0.000000
1648656877.426536165,0,0.000000
1648656877.448813369,0,0.005000
1648656877.472206655,0,0.000000
1648656877.494650745,0,0.000000
1648656877.517830716,1,0.000000
1648656877.540463150,0,0.000000
1648656877.563908859,0,0.004000
1648656877.586960896,0,0.008000
1648656877.610996129,1,0.000000
1648656877.633550273,0,0.000000
1648656877.655828356,0,0.000000
1648656877.679081469,0,0.000000
1648656877.702976786,0,0.000000
1648656877.725234903,0,0.005000
1648656877.748973354,2,0.011000
1648656877.771243631,0,0.000000
1648656877.793961123,0,0.000000
1648656877.816087647,0,0.000000
1648656877.839780198,0,0.000000
1648656877.863020725,0,0.007000
1648656877.885372166,1,0.014000
1648656877.908215733,0,0.003000
1648656877.930674695,0,0.000000
1648656877.954215757,0,0.006000
1648656877.977857441,0,0.000000
1648656877.998118917,0,0.022000
1648656878.021538945,0,0.000000
1648656878.044354030,0,0.000000
1648656878.066032371,1,0.000000
1648656878.088284551,0,0.000000
1648656878.112592878,0,0.000000
1648656878.135110144,0,0.003000
1648656878.159257737,0,0.003000
1648656878.183550277,0,0.000000
1648656878.206980464,0,0.000000
1648656878.229805103,0,0.000000
1648656878.253592213,0,0.000000
1648656878.275155644,0,0.000000
1648656878.297064351,0,0.000000
1648656878.320001594,1,0.000000
1648656878.343361571,1,0.000000
1648656878.366393395,0,0.008000
1648656878.389825815,0,0.005000
1648656878.410085036,0,0.000000
1648656878.434133197,0,0.000000
1648656878.457118757,0,0.000000
1648656878.480141024,0,0.011000
1648656878.504557592,0,0.000000
1648656878.527897374,0,0.000000
1648656878.550359506,0,0.000000
1648656878.573504471,0,0.005000
1648656878.597291247,0,0.000000
1648656878.620572975,0,0.000000
1648656878.639584878,0,0.000000
1648656878.663229602,0,0.006000
1648656878.684868412,0,0.000000
1648656878.708133122,0,0.000000
1648656878.731044479,1,0.007000
1648656878.754938087,0,0.003000
1648656878.778310301,0,0.000000
1648656878.799002565,1,0.007000
1648656878.821483806,0,0.000000
1648656878.843386675,0,0.000000
1648656878.864881284,0,0.000000
1648656878.886952921,0,0.000000
1648656878.909480589,0,0.000000
1648656878.932148318,0,0.000000
1648656878.957286177,0,0.000000
1648656878.979941768,0,0.000000
1648656879.002006566,0,0.000000
1648656879.023862056,0,0.000000
1648656879.044153239,0,0.000000
1648656879.067719939,0,0.003000
1648656879.091808278,0,0.008000
1648656879.114305504,0,0.007000
1648656879.136980785,0,0.000000
1648656879.159737625,0,0.000000
1648656879.182822361,0,0.000000
1648656879.205919872,0,0.000000
1648656879.229194350,0,0.003000
1648656879.252386258,0,0.000000
1648656879.275421664,0,0.000000
1648656879.299384427,0,0.000000
1648656879.323077284,0,0.000000
1648656879.346102879,1,0.000000
1648656879.368952717,0,0.015000
1648656879.391970725,0,0.000000
1648656879.414065162,1,0.000000
1648656879.437729078,1,0.009000
1648656879.461851304,0,0.000000
1648656879.483836512,0,0.000000
1648656879.508454633,0,0.000000
1648656879.532352867,0,0.000000
1648656879.554393049,1,0.003000
1648656879.577479851,0,0.000000
1648656879.599803978,0,0.000000
1648656879.622629645,0,0.000000
1648656879.645341024,0,0.000000
1648656879.668085984,0,0.000000
1648656879.691361863,0,0.000000
1648656879.713755966,0,0.000000
1648656879.736698759,0,0.000000
1648656879.758376458,0,0.000000
1648656879.782947932,0,0.000000
1648656879.806084345,0,0.000000
1648656879.829939288,0,0.000000
1648656879.851726410,1,0.000000
1648656879.874437790,0,0.000000
1648656879.898219381,0,0.000000
1648656879.919486663,0,0.000000
1648656879.943353036,0,0.000000
1648656879.964989573,0,0.016000
1648656879.987882735,1,0.005000
1648656880.011651845,0,0.005000
1648656880.035677185,0,0.000000
1648656880.058302797,1,0.000000
1648656880.080963821,0,0.000000
1648656880.103846949,0,0.008000
1648656880.127097389,0,0.000000
1648656880.148431051,0,0.000000
1648656880.172042723,0,0.000000
1648656880.195695790,0,0.000000
1648656880.218500041,0,0.008000
1648656880.241162571,0,0.000000
1648656880.264536338,0,0.000000
1648656880.287190304,0,0.007000
1648656880.307574085,0,0.000000
1648656880.329825592,0,0.000000
1648656880.353228027,0,0.004000
1648656880.375400265,0,0.000000
1648656880.396443600,0,0.000000
1648656880.419798145,0,0.000000
1648656880.443155957,1,0.000000
1648656880.466496352,0,0.000000
1648656880.489381594,0,0.000000
1648656880.512417103,0,0.000000
1648656880.535662059,0,0.000000
1648656880.558425690,0,0.000000
1648656880.582098978,1,0.003000
1648656880.605817639,0,0.000000
1648656880.630234369,0,0.004000
1648656880.652323535,1,0.000000
1648656880.675286288,0,0.000000
1648656880.696980534,0,0.000000
1648656880.718420523,0,0.000000
1648656880.739280709,0,0.003000
1648656880.762260426,0,0.000000
1648656880.785539870,1,0.000000
1648656880.809173404,0,0.000000
1648656880.832171522,0,0.002000
1648656880.853895756,0,0.000000
1648656880.876307161,0,0.000000
1648656880.898631956,0,0.000000
1648656880.921673160,0,0.000000
1648656880.943544815,0,0.000000
1648656880.967768295,0,0.000000
1648656880.989786665,0,0.000000
1648656881.013023955,2,0.021000
1648656881.035101902,0,0.014000
1648656881.057341751,0,0.000000
1648656881.078772583,0,0.004000
1648656881.100921797,0,0.000000
1648656881.121831143,0,0.000000
1648656881.142738526,0,0.000000
1648656881.165785339,0,0.000000
1648656881.189009829,0,0.000000
1648656881.210803640,0,0.000000
1648656881.232248650,1,0.003000
1648656881.255342796,0,0.000000
1648656881.278169738,0,0.000000
1648656881.301318626,0,0.000000
1648656881.323688153,0,0.000000
1648656881.346414341,0,0.004000
1648656881.368045230,0,0.001000
1648656881.389447306,0,0.000000
1648656881.412547093,0,0.000000
1648656881.434492384,0,0.000000
1648656881.457370882,0,0.000000
1648656881.478915384,0,0.000000
1648656881.502400278,0,0.008000
1648656881.524288543,0,0.000000
1648656881.547058809,0,0.000000
1648656881.569534516,0,0.000000
1648656881.592569955,0,0.000000
1648656881.615201004,1,0.000000
1648656881.637909721,0,0.005000
1648656881.660331118,0,0.000000
1648656881.681001659,0,0.000000
1648656881.703873897,0,0.000000
1648656881.726472802,0,0.000000
1648656881.749367626,0,0.000000
1648656881.771930741,0,0.000000
1648656881.793906344,0,0.000000
1648656881.817370615,1,0.018000
1648656881.840265038,0,0.000000
1648656881.863807664,0,0.000000
1648656881.885384404,0,0.000000
1648656881.908443879,0,0.000000
1648656881.931484454,0,0.000000
1648656881.953440279,0,0.000000
1648656881.976778914,1,0.000000
1648656882.000161081,0,0.000000
1648656882.022389708,0,0.000000
1648656882.044177089,0,0.000000
1648656882.065418484,0,0.005000
1648656882.088317385,0,0.000000
1648656882.111707350,0,0.000000
1648656882.134982185,0,0.000000
1648656882.157104948,0,0.000000
1648656882.179631198,0,0.000000
1648656882.202431784,0,0.003000
1648656882.225119076,1,0.000000
1648656882.247992859,1,0.000000
1648656882.269985438,1,0.003000
1648656882.292332382,0,0.003000
1648656882.315166626,0,0.002000
1648656882.337388193,0,0.010000
1648656882.360794261,0,0.000000
1648656882.382320656,0,0.000000
1648656882.404700662,1,0.018000
1648656882.425067097,0,0.000000
1648656882.448493933,0,0.000000
1648656882.471206177,0,0.000000
1648656882.493398868,0,0.000000
1648656882.515381482,0,0.000000
1648656882.537198113,0,0.000000
1648656882.558404840,0,0.000000
1648656882.579069915,0,0.000000
1648656882.601961192,0,0.000000
1648656882.623997122,0,0.000000
1648656882.645024243,0,0.000000
1648656882.667889008,0,0.000000
1648656882.690853471,0,0.007000
1648656882.713842693,0,0.000000
1648656882.734759385,0,0.000000
1648656882.757219334,0,0.000000
1648656882.779775363,0,0.013000
1648656882.802917342,1,0.017000
1648656882.824407614,0,0.000000
1648656882.847415399,0,0.000000
1648656882.869456841,0,0.000000
1648656882.891356171,1,0.000000
1648656882.914028859,0,0.000000
1648656882.937075174,0,0.000000
1648656882.959747479,1,0.000000
1648656882.982536298,0,0.000000
1648656883.004831950,0,0.014000
1648656883.026363269,0,0.018000
1648656883.048769527,0,0.000000
1648656883.071918584,0,0.000000
1648656883.095075251,0,0.000000
1648656883.116499683,0,0.000000
1648656883.139056342,0,0.000000
1648656883.161765502,0,0.000000
1648656883.183565527,0,0.000000
1648656883.205678127,0,0.000000
1648656883.228958301,1,0.000000
1648656883.251425999,0,0.000000
1648656883.273356149,0,0.000000
1648656883.295112997,2,0.003000
1648656883.317745335,1,0.008000
1648656883.341321302,0,0.000000
1648656883.364502410,2,0.009000
1648656883.385332321,1,0.004000
1648656883.408475485,0,0.000000
1648656883.431950862,0,0.000000
1648656883.454785926,1,0.000000
1648656883.476138497,0,0.000000
1648656883.497767065,0,0.000000
1648656883.520150728,0,0.000000
1648656883.542999802,0,0.006000
1648656883.565669916,0,0.003000
1648656883.589177728,0,0.003000
1648656883.613468147,0,0.000000
1648656883.635394265,0,0.005000
1648656883.658095832,1,0.000000
1648656883.682034151,1,0.014000
1648656883.705168936,0,0.000000
1648656883.727795504,0,0.000000
1648656883.751308895,0,0.000000
1648656883.772969176,0,0.000000
1648656883.795082843,0,0.000000
1648656883.818884714,0,0.000000
1648656883.841769196,1,0.006000
1648656883.864964187,0,0.003000
1648656883.885763829,0,0.000000
1648656883.908882415,1,0.003000
1648656883.931545537,0,0.000000
1648656883.953839110,0,0.000000
1648656883.974985671,0,0.000000
1648656883.996853813,0,0.000000
1648656884.019632454,0,0.000000
1648656884.040040758,0,0.000000
1648656884.062765733,1,0.000000
1648656884.084584288,0,0.009000
1648656884.107455777,0,0.000000
1648656884.129981196,1,0.010000
1648656884.152177917,0,0.002000
1648656884.174389211,0,0.000000
1648656884.197308304,0,0.000000
1648656884.219194672,0,0.000000
1648656884.242377678,0,0.006000
1648656884.264547919,0,0.000000
1648656884.287969339,0,0.003000
1648656884.309689620,0,0.003000
1648656884.332006182,0,0.005000
1648656884.355219261,0,0.018000
1648656884.378179115,1,0.009000
1648656884.400929660,1,0.003000
1648656884.422569765,0,0.000000
1648656884.445357063,0,0.000000
1648656884.466356482,0,0.000000
1648656884.488842865,0,0.000000
1648656884.511477702,0,0.000000
1648656884.535082249,0,0.000000
1648656884.558122961,0,0.000000
1648656884.581308415,0,0.003000
1648656884.605325714,0,0.000000
1648656884.628024229,0,0.000000
1648656884.650159716,0,0.000000
1648656884.673549252,0,0.005000
1648656884.697267408,1,0.000000
1648656884.720252736,0,0.000000
1648656884.743533230,0,0.000000
1648656884.765506373,0,0.000000
1648656884.788331062,1,0.003000
1648656884.810663426,0,0.000000
1648656884.832307338,0,0.000000
1648656884.854658400,0,0.010000
1648656884.877092272,0,0.000000
1648656884.897538991,0,0.000000
1648656884.919182578,0,0.000000
1648656884.942742955,0,0.011000
1648656884.964530725,2,0.021000
1648656884.987320383,0,0.000000
1648656885.010652719,1,0.011000
1648656885.034157009,0,0.000000
1648656885.057304839,0,0.000000
1648656885.076727380,0,0.000000
1648656885.098673086,0,0.000000
1648656885.120920183,0,0.010000
1648656885.143143466,0,0.000000
1648656885.165386488,0,0.003000
1648656885.187706039,0,0.000000
1648656885.210817504,0,0.000000
1648656885.232371147,0,0.000000
1648656885.252746927,0,0.005000
1648656885.275021953,0,0.000000
1648656885.298037348,0,0.000000
1648656885.320472338,0,0.000000
1648656885.344336499,0,0.000000
1648656885.366663683,0,0.000000
1648656885.389788493,0,0.000000
1648656885.412710492,0,0.000000
1648656885.433612285,0,0.000000
1648656885.456767487,0,0.000000
1648656885.477622729,0,0.000000
1648656885.499551066,1,0.000000
1648656885.520081150,0,0.000000
1648656885.542824234,0,0.000000
1648656885.566176479,1,0.000000
1648656885.589364174,0,0.000000
1648656885.612056336,0,0.000000
1648656885.634786286,0,0.000000
1648656885.656986553,0,0.000000
1648656885.680328444,2,0.024000
1648656885.703172178,0,0.000000
1648656885.726504260,1,0.015000
1648656885.746701975,0,0.011000
1648656885.769347783,0,0.000000
1648656885.792210341,0,0.000000
1648656885.814805422,0,0.000000
1648656885.837062891,0,0.000000
1648656885.859244218,0,0.000000
1648656885.882856591,0,0.000000
1648656885.906134142,0,0.000000
1648656885.926409488,1,0.000000
1648656885.949558750,0,0.000000
1648656885.972573454,0,0.000000
1648656885.995249526,0,0.000000
1648656886.016667626,1,0.000000
1648656886.039669359,0,0.000000
1648656886.060508491,0,0.000000
1648656886.082296682,0,0.000000
1648656886.105024088,0,0.008000
1648656886.128440024,0,0.000000
1648656886.151038438,0,0.000000
1648656886.173078797,0,0.000000
1648656886.196284191,0,0.000000
1648656886.218143645,0,0.000000
1648656886.240889692,0,0.000000
1648656886.263747556,1,0.017000
1648656886.286751665,0,0.000000
1648656886.309170840,0,0.007000
1648656886.332187740,0,0.003000
1648656886.354172851,0,0.005000
1648656886.376941494,0,0.000000
1648656886.399327838,3,0.018000
1648656886.422148085,0,0.000000
1648656886.446994457,0,0.000000
1648656886.469545012,0,0.000000
1648656886.494035979,0,0.003000
1648656886.516778651,0,0.000000
1648656886.537646411,0,0.000000
1648656886.561878106,0,0.000000
1648656886.582442136,0,0.000000
1648656886.604834760,1,0.009000
1648656886.627646854,0,0.000000
1648656886.650838549,0,0.000000
1648656886.672773266,1,0.006000
1648656886.694818224,0,0.000000
1648656886.717833727,0,0.000000
1648656886.741337102,1,0.000000
1648656886.765298383,0,0.000000
1648656886.787264809,0,0.000000
1648656886.809263486,0,0.000000
1648656886.831070351,0,0.000000
1648656886.854351697,0,0.000000
1648656886.877349381,0,0.000000
1648656886.900472109,0,0.000000
1648656886.923560456,0,0.003000
1648656886.946334683,0,0.000000
1648656886.969185738,0,0.000000
1648656886.992221355,0,0.000000
1648656887.012851152,0,0.000000
1648656887.036747056,0,0.000000
1648656887.059423468,1,0.000000
1648656887.081706133,0,0.000000
1648656887.103953868,0,0.000000
1648656887.125174054,1,0.008000
1648656887.147732118,0,0.000000
1648656887.170118021,1,0.008000
1648656887.192483230,2,0.019000
1648656887.215179211,0,0.003000
1648656887.237920917,0,0.000000
1648656887.260452914,0,0.000000
1648656887.282187228,0,0.004000
1648656887.303015076,1,0.003000
1648656887.323241842,0,0.009000
1648656887.345924795,0,0.000000
1648656887.369425374,0,0.000000
1648656887.393271166,0,0.000000
1648656887.414954719,1,0.005000
1648656887.437572198,0,0.006000
1648656887.459708676,0,0.000000
1648656887.482682302,0,0.000000
1648656887.504815726,0,0.000000
1648656887.526757891,0,0.000000
1648656887.549213331,0,0.000000
1648656887.571776483,0,0.000000
1648656887.594716007,0,0.000000
1648656887.616680146,0,0.000000
1648656887.640031326,0,0.000000
1648656887.661865199,0,0.000000
1648656887.686114973,0,0.006000
1648656887.707290281,0,0.000000
1648656887.728183516,0,0.007000
1648656887.752521427,0,0.000000
1648656887.773972891,0,0.000000
1648656887.796158906,0,0.000000
1648656887.819504818,0,0.000000
1648656887.839908457,0,0.000000
1648656887.862400577,0,0.005000
1648656887.885867483,0,0.000000
1648656887.907964939,1,0.000000
1648656887.931363135,0,0.000000
1648656887.952872666,0,0.004000
1648656887.977580229,0,0.006000
1648656888.000418194,1,0.000000
1648656888.023731077,0,0.007000
1648656888.044794744,0,0.005000
1648656888.067182946,0,0.000000
1648656888.091543560,0,0.000000
1648656888.114982403,0,0.000000
1648656888.136913341,0,0.000000
1648656888.159691616,0,0.009000
1648656888.182589083,0,0.000000
1648656888.205224392,0,0.000000
1648656888.227101852,0,0.000000
1648656888.249703847,0,0.000000
1648656888.272533315,0,0.000000
1648656888.295243570,0,0.011000
1648656888.316783684,1,0.003000
1648656888.340956252,0,0.000000
1648656888.363269437,0,0.000000
1648656888.386684285,0,0.000000
1648656888.408608188,0,0.008000
1648656888.431373854,0,0.000000
1648656888.454409026,1,0.000000
1648656888.476966776,0,0.000000
1648656888.498323393,1,0.000000
1648656888.520231630,0,0.000000
1648656888.542173561,2,0.028000
1648656888.565056878,0,0.002000
1648656888.590018508,0,0.000000
1648656888.611999532,0,0.009000
1648656888.633777813,0,0.000000
1648656888.656306008,1,0.011000
1648656888.679485065,0,0.006000
1648656888.703139184,0,0.000000
1648656888.725833897,1,0.009000
1648656888.748145336,0,0.007000
1648656888.771185964,0,0.004000
1648656888.793789231,0,0.003000
1648656888.816927433,0,0.000000
1648656888.838867138,0,0.008000
1648656888.860245139,0,0.004000
1648656888.884686644,0,0.000000
1648656888.907069190,0,0.000000
1648656888.929347260,1,0.015000
1648656888.951680711,0,0.000000
1648656888.972848477,1,0.014000
1648656888.996160569,0,0.000000
1648656889.019854490,0,0.000000
1648656889.042807140,0,0.000000
1648656889.066442699,0,0.003000
1648656889.088004401,0,0.000000
1648656889.110990072,3,0.022000
1648656889.133623867,0,0.003000
1648656889.155858831,0,0.003000
1648656889.178732640,0,0.004000
1648656889.200545470,0,0.000000
1648656889.224080866,1,0.000000
1648656889.245270140,0,0.000000
1648656889.266860645,0,0.010000
1648656889.288491902,0,0.000000
1648656889.313653697,1,0.000000
1648656889.336986986,0,0.009000
1648656889.359325181,0,0.000000
1648656889.381346057,0,0.000000
1648656889.403739318,0,0.000000
1648656889.427915641,0,0.000000
1648656889.449101737,0,0.003000
1648656889.470873136,0,0.003000
1648656889.492272765,1,0.013000
1648656889.514250280,0,0.004000
1648656889.537403330,0,0.000000
1648656889.561115714,0,0.000000
1648656889.583622478,1,0.008000
1648656889.605836742,0,0.000000
1648656889.627307318,0,0.000000
1648656889.651226898,0,0.000000
1648656889.673917996,0,0.000000
1648656889.697116489,0,0.000000
1648656889.719745542,0,0.000000
1648656889.741432278,0,0.000000
1648656889.765666858,1,0.012000
1648656889.787583901,0,0.000000
1648656889.809999544,1,0.000000
1648656889.831355092,0,0.011000
1648656889.854407985,0,0.000000
1648656889.877292160,0,0.000000
1648656889.898832607,0,0.008000
1648656889.921040655,0,0.000000
1648656889.943962207,1,0.000000
1648656889.967400286,0,0.000000
1648656889.987752769,0,0.000000
1648656890.009782429,0,0.006000
1648656890.032346416,0,0.000000
1648656890.054976939,0,0.000000
1648656890.078508647,0,0.000000
1648656890.100760840,0,0.000000
1648656890.123750191,0,0.000000
1648656890.144760299,0,0.000000
1648656890.168842895,0,0.000000
1648656890.191423388,1,0.000000
1648656890.214137749,0,0.003000
1648656890.235761798,0,0.000000
1648656890.257204551,0,0.000000
1648656890.280525720,0,0.000000
1648656890.302348972,0,0.000000
1648656890.323897262,1,0.000000
1648656890.345658895,0,0.000000
1648656890.369334362,1,0.005000
1648656890.392264954,0,0.000000
1648656890.414003964,0,0.009000
1648656890.436476341,0,0.000000
1648656890.458864268,0,0.000000
1648656890.482558458,0,0.007000
1648656890.504529980,0,0.000000
1648656890.527215293,0,0.000000
1648656890.549443895,0,0.008000
1648656890.570811684,0,0.000000
1648656890.594348626,0,0.000000
1648656890.617093811,0,0.000000
1648656890.639785305,0,0.000000
1648656890.662693147,0,0.003000
1648656890.683783379,1,0.000000
1648656890.705962259,0,0.011000
1648656890.729992474,0,0.000000
1648656890.752462879,1,0.008000
1648656890.775097569,0,0.000000
1648656890.798834536,0,0.000000
1648656890.820789730,0,0.000000
1648656890.842532785,0,0.000000
1648656890.864677375,0,0.000000
1648656890.886195730,0,0.000000
1648656890.909169885,0,0.000000
1648656890.932112579,0,0.000000
1648656890.953659814,0,0.000000
1648656890.975334979,0,0.005000
1648656890.995689554,0,0.000000
1648656891.017841433,0,0.000000
1648656891.039464257,0,0.000000
1648656891.061320311,0,0.005000
1648656891.081786433,0,0.000000
1648656891.105330059,0,0.000000
1648656891.128156953,0,0.000000
1648656891.151282726,0,0.000000
1648656891.172929590,0,0.000000
1648656891.195814025,0,0.000000
1648656891.219243034,0,0.008000
1648656891.242149241,0,0.000000
1648656891.265001409,0,0.000000
1648656891.287961329,0,0.000000
1648656891.310426848,0,0.006000
1648656891.334213954,0,0.000000
1648656891.356341523,0,0.000000
1648656891.379111998,1,0.009000
1648656891.402248769,0,0.019000
1648656891.424091203,0,0.000000
1648656891.446700343,0,0.000000
1648656891.469177553,0,0.000000
1648656891.490996840,0,0.007000
1648656891.512541496,1,0.017000
1648656891.532821933,0,0.000000
1648656891.554529324,1,0.000000
1648656891.577350675,0,0.003000
1648656891.598993463,0,0.000000
1648656891.621735551,0,0.000000
1648656891.643037955,0,0.000000
1648656891.665481134,0,0.000000
1648656891.685565100,0,0.000000
1648656891.707014047,1,0.005000
1648656891.730098615,0,0.000000
1648656891.753151642,0,0.000000
1648656891.775800402,0,0.000000
1648656891.799258874,0,0.000000
1648656891.821705392,0,0.004000
1648656891.843276390,0,0.003000
1648656891.866382548,0,0.000000
1648656891.886673306,0,0.000000
1648656891.910990881,0,0.000000
1648656891.933237825,0,0.000000
1648656891.955476240,0,0.007000
1648656891.977918742,0,0.007000
1648656891.999317090,0,0.000000
1648656892.020033714,0,0.000000
1648656892.041498413,1,0.022000
1648656892.063725347,0,0.000000
1648656892.086677072,0,0.000000
1648656892.108487110,0,0.000000
1648656892.130835913,0,0.000000
1648656892.153012898,0,0.000000
1648656892.174740890,0,0.000000
1648656892.195094904,0,0.003000
1648656892.217511208,0,0.000000
1648656892.240046279,0,0.000000
1648656892.262573219,0,0.000000
1648656892.285429644,0,0.000000
1648656892.306913964,0,0.000000
1648656892.330321210,0,0.000000
1648656892.354048401,1,0.009000
1648656892.375963453,0,0.000000
1648656892.398408468,0,0.000000
1648656892.420152540,0,0.003000
1648656892.442963624,0,0.000000
1648656892.465021891,0,0.000000
1648656892.487555509,0,0.000000
1648656892.510552826,0,0.010000
1648656892.532861291,0,0.000000
1648656892.555003913,0,0.000000
1648656892.578352601,0,0.000000
1648656892.601368952,1,0.015000
1648656892.624467697,0,0.000000
1648656892.647375129,0,0.000000
1648656892.670562188,0,0.000000
1648656892.692501799,0,0.000000
1648656892.715065353,1,0.000000
1648656892.737831073,0,0.000000
1648656892.759096963,0,0.000000
1648656892.781239031,0,0.000000
1648656892.804189406,1,0.010000
1648656892.824851050,0,0.000000
1648656892.847761930,0,0.000000
1648656892.871970320,1,0.000000
1648656892.893729182,0,0.009000
1648656892.915761141,0,0.005000
1648656892.939384197,0,0.000000
1648656892.960211924,0,0.000000
1648656892.982152154,0,0.000000
1648656893.005748434,0,0.003000
1648656893.028855590,0,0.000000
1648656893.052030785,0,0.008000
1648656893.076295073,0,0.000000
1648656893.098830884,0,0.000000
1648656893.120613078,0,0.000000
1648656893.143290602,0,0.003000
1648656893.166121278,0,0.003000
1648656893.188822889,0,0.000000
1648656893.212081849,1,0.012000
1648656893.234570793,1,0.000000
1648656893.255769147,0,0.000000
1648656893.279268424,0,0.009000
1648656893.301573338,0,0.000000
1648656893.322942845,0,0.000000
1648656893.344746820,0,0.000000
1648656893.367286532,0,0.010000
1648656893.391180414,0,0.000000
1648656893.413640543,0,0.000000
1648656893.435962960,0,0.004000
1648656893.456937500,0,0.000000
1648656893.478861298,0,0.000000
1648656893.502815286,0,0.000000
1648656893.525724044,0,0.000000
1648656893.546712973,0,0.000000
1648656893.569313383,0,0.005000
1648656893.590342557,0,0.000000
1648656893.614179389,0,0.003000
1648656893.635020383,0,0.003000
1648656893.657247014,0,0.000000
1648656893.679098061,0,0.000000
1648656893.700899773,0,0.000000
1648656893.725126798,1,0.000000
1648656893.748463215,0,0.000000
1648656893.769783276,1,0.003000
1648656893.792789616,0,0.004000
1648656893.814306837,0,0.000000
1648656893.836555643,0,0.013000
1648656893.858726662,0,0.004000
1648656893.882069666,0,0.004000
1648656893.903864701,1,0.000000
1648656893.924907448,1,0.020000
1648656893.947814829,0,0.000000
1648656893.970395953,0,0.000000
1648656893.994106167,0,0.000000
1648656894.017064238,0,0.003000
1648656894.040352159,0,0.000000
1648656894.061507337,1,0.003000
1648656894.083951371,0,0.000000
1648656894.106418899,0,0.000000
1648656894.129799581,0,0.000000
1648656894.153829979,0,0.003000
1648656894.176061585,1,0.011000
1648656894.195975064,0,0.000000
1648656894.217701289,0,0.000000
1648656894.240974322,0,0.000000
1648656894.263636988,0,0.000000
1648656894.285870539,0,0.003000
1648656894.307853504,0,0.000000
1648656894.330162901,0,0.000000
1648656894.355009403,0,0.000000
1648656894.376502285,0,0.020000
1648656894.399312691,0,0.000000
1648656894.422039689,0,0.000000
1648656894.445723615,0,0.000000
1648656894.467424761,0,0.000000
1648656894.489303411,0,0.000000
1648656894.511209913,0,0.004000
1648656894.534900154,0,0.003000
1648656894.556436390,0,0.000000
1648656894.578379299,0,0.003000
1648656894.600729983,0,0.000000
1648656894.624542637,0,0.010000
1648656894.647238482,1,0.000000
1648656894.668433723,0,0.003000
1648656894.690062617,1,0.000000
1648656894.712695414,0,0.006000
1648656894.736585563,0,0.000000
1648656894.760090068,0,0.000000
1648656894.782779634,0,0.000000
1648656894.802889452,1,0.000000
1648656894.825570661,0,0.000000
1648656894.847714263,0,0.003000
1648656894.869974725,1,0.000000
1648656894.893188994,0,0.000000
1648656894.914303375,0,0.000000
1648656894.938352210,0,0.000000
1648656894.961457547,0,0.000000
1648656894.983988075,0,0.000000
1648656895.006168391,0,0.000000
1648656895.027105901,0,0.013000
1648656895.051135356,0,0.000000
1648656895.073854069,0,0.000000
1648656895.097768544,0,0.000000
1648656895.120954326,0,0.000000
1648656895.144076380,0,0.000000
1648656895.166336328,0,0.000000
1648656895.188068253,0,0.000000
1648656895.210836533,0,0.000000
1648656895.233831602,0,0.000000
1648656895.256463328,0,0.000000
1648656895.278845856,0,0.000000
1648656895.301219550,0,0.000000
1648656895.322306504,0,0.000000
1648656895.348006896,0,0.000000
1648656895.369479772,0,0.003000
1648656895.391380297,0,0.000000
1648656895.414405257,0,0.000000
1648656895.436985493,2,0.000000
1648656895.458938090,0,0.000000
1648656895.482084681,0,0.011000
1648656895.505018004,0,0.000000
1648656895.527571716,0,0.004000
1648656895.549495490,0,0.000000
1648656895.573478274,1,0.000000
1648656895.596350445,0,0.000000
1648656895.618199892,0,0.006000
1648656895.640076189,0,0.000000
1648656895.664762496,0,0.000000
1648656895.686413630,2,0.000000
1648656895.710395792,0,0.000000
1648656895.733369897,0,0.000000
1648656895.757132491,0,0.000000
1648656895.780893814,0,0.000000
1648656895.801938089,0,0.003000
1648656895.822386332,0,0.000000
1648656895.845480370,0,0.019000
1648656895.867779765,1,0.003000
1648656895.889054686,0,0.000000
1648656895.912169109,0,0.000000
1648656895.935471010,0,0.000000
1648656895.957744925,0,0.000000
1648656895.980098924,0,0.001000
1648656896.001901281,0,0.000000
1648656896.024210726,0,0.001000
1648656896.045818658,1,0.003000
1648656896.068498893,0,0.000000
1648656896.093073846,0,0.000000
1648656896.114929642,0,0.009000
1648656896.135711265,0,0.000000
1648656896.158685307,1,0.000000
1648656896.182102778,0,0.000000
1648656896.205076235,0,0.000000
1648656896.227261355,0,0.006000
1648656896.249677938,0,0.006000
1648656896.273027921,0,0.000000
1648656896.295772392,1,0.008000
1648656896.317843073,0,0.000000
1648656896.339030506,0,0.000000
1648656896.358786424,0,0.000000
1648656896.381901192,0,0.000000
1648656896.404754574,1,0.019000
1648656896.428164964,0,0.006000
1648656896.450204744,0,0.000000
1648656896.472459532,0,0.003000
1648656896.495129974,0,0.000000
1648656896.519355475,0,0.004000
1648656896.541703742,0,0.000000
1648656896.564066338,0,0.000000
1648656896.585133709,0,0.000000
1648656896.606184745,0,0.000000
1648656896.628719243,0,0.012000
1648656896.651743714,0,0.000000
1648656896.673600978,1,0.000000
1648656896.697560173,0,0.000000
1648656896.720684833,0,0.000000
1648656896.742079444,0,0.000000
1648656896.765313631,0,0.000000
1648656896.788285601,0,0.003000
1648656896.809384132,0,0.000000
1648656896.831965704,0,0.000000
1648656896.854489469,0,0.000000
1648656896.875878216,0,0.000000
1648656896.899239463,0,0.008000
1648656896.922308767,0,0.000000
1648656896.945302259,0,0.000000
1648656896.967555277,1,0.002000
1648656896.989938231,0,0.003000
1648656897.013107801,0,0.000000
1648656897.033689842,0,0.000000
1648656897.055750438,0,0.022000
1648656897.078190938,0,0.003000
1648656897.103035027,0,0.000000
1648656897.124751784,0,0.000000
1648656897.148221764,1,0.003000
1648656897.170782444,0,0.000000
1648656897.193062780,1,0.018000
1648656897.215136997,0,0.000000
1648656897.237433817,0,0.010000
1648656897.257537933,0,0.000000
1648656897.280622806,0,0.000000
1648656897.300963658,1,0.007000
1648656897.322731021,0,0.000000
1648656897.346277214,1,0.000000
1648656897.369175221,0,0.001000
1648656897.392172639,0,0.004000
1648656897.414423517,0,0.013000
1648656897.435398017,0,0.000000
1648656897.457476135,0,0.000000
1648656897.480333477,0,0.000000
1648656897.502153241,0,0.003000
1648656897.523895862,0,0.000000
1648656897.546966899,0,0.000000
1648656897.568976635,0,0.000000
1648656897.591302080,0,0.000000
1648656897.613933897,0,0.000000
1648656897.636336846,0,0.000000
1648656897.659979023,0,0.000000
1648656897.681729753,1,0.000000
1648656897.704093595,0,0.000000
1648656897.725384391,0,0.000000
1648656897.749460626,0,0.005000
1648656897.767962473,0,0.003000
1648656897.789025014,0,0.000000
1648656897.811641890,0,0.000000
1648656897.834030830,0,0.000000
1648656897.857361016,1,0.003000
1648656897.879486434,0,0.003000
1648656897.902562500,0,0.000000
1648656897.925929737,0,0.000000
1648656897.947837654,0,0.003000
1648656897.969140571,0,0.000000
1648656897.990383037,0,0.000000
1648656898.012921503,0,0.000000
1648656898.036047990,2,0.030000
1648656898.058645126,0,0.000000
1648656898.082477639,0,0.000000
1648656898.103858714,0,0.004000
1648656898.126306357,0,0.000000
1648656898.148063203,0,0.000000
1648656898.170885149,0,0.000000
1648656898.193558071,0,0.000000
1648656898.217354565,0,0.000000
1648656898.238892971,0,0.000000
1648656898.260827179,2,0.014000
1648656898.282729859,0,0.000000
1648656898.305233013,0,0.000000
1648656898.327994305,0,0.000000
1648656898.349771462,0,0.000000
1648656898.372690913,0,0.000000
1648656898.395401588,1,0.008000
1648656898.417792409,0,0.000000
1648656898.439103016,0,0.004000
1648656898.461887305,0,0.000000
1648656898.484695610,0,0.000000
1648656898.507900138,0,0.000000
1648656898.530163736,0,0.003000
1648656898.552783995,1,0.005000
1648656898.575305574,0,0.000000
1648656898.597907432,0,0.006000
1648656898.619726125,0,0.003000
1648656898.642503913,1,0.008000
1648656898.664168941,0,0.003000
1648656898.686856435,0,0.000000
1648656898.710596978,0,0.000000
1648656898.731761569,0,0.000000
1648656898.753492513,0,0.000000
1648656898.775408593,0,0.000000
1648656898.798289284,0,0.000000
1648656898.819956940,0,0.000000
1648656898.842748494,0,0.000000
1648656898.865480442,0,0.000000
1648656898.887547838,0,0.000000
1648656898.908554696,0,0.003000
1648656898.929591478,0,0.004000
1648656898.952506607,0,0.008000
1648656898.973120164,2,0.017000
1648656898.997033125,1,0.000000
1648656899.019992293,1,0.003000
1648656899.042414726,0,0.005000
1648656899.063782814,0,0.000000
1648656899.086908083,0,0.000000
1648656899.110145868,1,0.007000
1648656899.132011899,0,0.000000
1648656899.155276641,0,0.000000
1648656899.178878191,0,0.000000
1648656899.199937619,0,0.008000
1648656899.223528566,0,0.000000
1648656899.246709508,0,0.004000
1648656899.269047095,0,0.000000
1648656899.291536855,1,0.003000
1648656899.313657638,0,0.000000
1648656899.336922955,0,0.000000
1648656899.358375941,2,0.000000
1648656899.381315177,0,0.003000
1648656899.403950328,0,0.000000
1648656899.427350259,0,0.000000
1648656899.448205212,0,0.000000
1648656899.470104277,1,0.010000
1648656899.493096357,0,0.000000
1648656899.515106694,0,0.000000
1648656899.537746358,0,0.000000
1648656899.559909940,0,0.000000
1648656899.583511003,0,0.003000
1648656899.606950286,0,0.000000
1648656899.630107404,0,0.000000
1648656899.653683588,0,0.000000
1648656899.676243825,0,0.000000
1648656899.697370976,0,0.000000
1648656899.719352679,0,0.000000
1648656899.740906102,0,0.000000
1648656899.763413272,0,0.000000
1648656899.787782060,0,0.000000
1648656899.811060620,0,0.000000
1648656899.832275754,0,0.000000
1648656899.852488746,0,0.000000
1648656899.876581114,1,0.006000
1648656899.900010660,1,0.000000
1648656899.923216264,0,0.000000
1648656899.948093899,0,0.003000
1648656899.970098837,0,0.000000
1648656899.991586494,0,0.000000
1648656900.013530516,1,0.014000
1648656900.036246570,0,0.000000
1648656900.059156770,0,0.000000
1648656900.084143800,0,0.005000
1648656900.105720930,0,0.003000
1648656900.127925120,0,0.000000
1648656900.152123088,0,0.003000
1648656900.174536616,0,0.000000
1648656900.197273469,0,0.000000
1648656900.220113893,0,0.000000
1648656900.240549640,0,0.000000
1648656900.263942861,0,0.000000
1648656900.286582466,0,0.000000
1648656900.309763034,0,0.000000
1648656900.332925381,0,0.009000
1648656900.353564752,0,0.000000
1648656900.377079274,1,0.007000
1648656900.398220375,1,0.006000
1648656900.419940888,0,0.000000
1648656900.442662708,1,0.012000
1648656900.464669174,0,0.003000
1648656900.487301390,1,0.013000
1648656900.510030086,1,0.008000
1648656900.533830094,1,0.000000
1648656900.556037250,0,0.000000
1648656900.578877267,0,0.000000
1648656900.600606665,0,0.000000
1648656900.624017901,0,0.000000
1648656900.646854842,0,0.000000
1648656900.670160065,0,0.000000
1648656900.692562862,0,0.000000
1648656900.714049919,0,0.000000
1648656900.736293729,1,0.000000
1648656900.758492543,0,0.000000
1648656900.779615346,1,0.004000
1648656900.803059215,1,0.006000
1648656900.825891280,0,0.005000
1648656900.848487791,0,0.000000
1648656900.871609895,0,0.005000
1648656900.894544549,0,0.003000
1648656900.917860262,0,0.000000
1648656900.940756681,1,0.000000
1648656900.961754878,0,0.000000
1648656900.984848652,0,0.000000
1648656901.007389668,0,0.000000
1648656901.032458655,0,0.000000
1648656901.054544443,0,0.000000
1648656901.077421950,0,0.000000
1648656901.101930919,0,0.000000
1648656901.125783743,0,0.000000
1648656901.149622186,0,0.000000
1648656901.170447020,0,0.000000
1648656901.193937223,0,0.000000
1648656901.216634554,0,0.000000
1648656901.239218653,0,0.000000
1648656901.262891627,0,0.003000
1648656901.286447082,0,0.000000
1648656901.309963289,0,0.000000
1648656901.332971159,0,0.000000
1648656901.358448338,0,0.004000
1648656901.381738995,1,0.000000
1648656901.404479435,0,0.000000
1648656901.426329535,0,0.000000
1648656901.450480232,0,0.000000
1648656901.473159878,0,0.000000
1648656901.496377471,0,0.000000
1648656901.520361001,0,0.005000
1648656901.542925663,0,0.012000
1648656901.565885430,0,0.000000
1648656901.589750919,0,0.000000
1648656901.611488433,0,0.000000
1648656901.633870952,0,0.000000
1648656901.657754535,0,0.000000
1648656901.680307470,0,0.000000
1648656901.703327677,0,0.000000
1648656901.726033915,0,0.000000
1648656901.749506027,1,0.000000
1648656901.773396455,0,0.004000
1648656901.795101525,0,0.000000
1648656901.817877777,0,0.005000
1648656901.841932477,0,0.000000
1648656901.863762427,0,0.003000
1648656901.886483428,0,0.007000
1648656901.907996394,0,0.000000
1648656901.928776268,0,0.008000
1648656901.951462389,0,0.000000
1648656901.975181823,0,0.000000
1648656901.999371491,0,0.000000
1648656902.022937991,1,0.000000
1648656902.045093678,0,0.000000
1648656902.067498055,0,0.000000
1648656902.092180712,0,0.000000
1648656902.114395996,0,0.000000
1648656902.135218104,0,0.000000
1648656902.159065879,0,0.000000
1648656902.181435416,0,0.000000
1648656902.203585833,0,0.000000
1648656902.225460258,0,0.000000
1648656902.249483050,0,0.000000
1648656902.272218372,0,0.000000
1648656902.295461840,0,0.000000
1648656902.318721390,0,0.007000
1648656902.340411458,0,0.005000
1648656902.362451542,0,0.000000
1648656902.386923132,0,0.000000
1648656902.409147252,1,0.007000
1648656902.431315187,0,0.005000
1648656902.453261646,0,0.000000
1648656902.476351686,0,0.000000
1648656902.499288416,0,0.004000
1648656902.522643739,0,0.000000
1648656902.546683917,0,0.000000
1648656902.572435003,0,0.001000
1648656902.593871810,0,0.000000
1648656902.618418148,0,0.000000
1648656902.641318198,0,0.000000
1648656902.663441596,0,0.000000
1648656902.686952568,0,0.000000
1648656902.707505234,0,0.000000
1648656902.728364370,0,0.000000
1648656902.748143111,0,0.000000
1648656902.770667219,0,0.000000
1648656902.793153823,0,0.000000
1648656902.816035618,0,0.000000
1648656902.838332293,0,0.000000
1648656902.861362242,0,0.000000
1648656902.883018800,0,0.000000
1648656902.905796429,0,0.000000
1648656902.927801793,0,0.000000
1648656902.950345097,0,0.000000
1648656902.971573702,0,0.000000
1648656902.994390781,0,0.000000
1648656903.017543984,0,0.000000
1648656903.040813992,0,0.000000
1648656903.063329904,0,0.000000
1648656903.084993226,0,0.000000
1648656903.108259094,0,0.000000
1648656903.131187898,0,0.000000
1648656903.154397536,0,0.000000
1648656903.176764534,0,0.000000
