1648646265.259253356,0,0.001000
1648646265.282705361,0,0.001000
1648646265.305660899,0,0.001000
1648646265.326223954,0,0.001000
1648646265.348192919,0,0.001000
1648646265.370556141,0,0.001000
1648646265.393565065,0,0.001000
1648646265.414286255,0,0.001000
1648646265.437229607,0,0.001000
1648646265.458745072,0,0.001000
1648646265.480700767,0,0.001000
1648646265.503576288,0,0.001000
1648646265.525048908,0,0.001000
1648646265.548022492,0,0.001000
1648646265.571320360,0,0.001000
1648646265.594282644,0,0.001000
1648646265.616475198,0,0.001000
1648646265.638994234,0,0.001000
1648646265.659717140,0,0.001000
1648646265.681547326,0,0.001000
1648646265.703616802,0,0.001000
1648646265.726324099,0,0.001000
1648646265.749242464,0,0.000000
1648646265.770626139,1,0.001000
1648646265.793348591,0,0.000000
1648646265.814979468,0,0.027000
1648646265.838386179,0,0.000000
1648646265.859267617,1,0.009000
1648646265.881466914,3,0.042000
1648646265.904538076,0,0.083000
1648646265.926299547,0,0.000000
1648646265.947741079,1,0.014000
1648646265.970549541,0,0.018000
1648646265.992969507,0,0.000000
1648646266.014821866,1,0.060000
1648646266.037067561,0,0.000000
1648646266.059467186,0,0.127000
1648646266.082048273,0,0.076000
1648646266.104806552,2,0.018000
1648646266.126455245,0,0.000000
1648646266.148190757,0,0.071000
1648646266.171757449,2,0.058000
1648646266.193460814,1,0.022000
1648646266.216855608,1,0.023000
1648646266.237788453,1,0.001000
1648646266.259839934,1,0.059000
1648646266.282656833,0,0.079000
1648646266.304949583,0,0.001000
1648646266.325837976,3,0.045000
1648646266.348271724,2,0.047000
1648646266.371109651,0,0.010000
1648646266.393824501,0,0.000000
1648646266.415429247,0,0.080000
1648646266.437192755,1,0.017000
1648646266.459182668,0,0.000000
1648646266.481410660,0,0.107000
1648646266.503799330,0,0.063000
1648646266.525110698,0,0.094000
1648646266.548785020,6,0.078000
1648646266.569773268,2,0.050000
1648646266.590672373,0,0.085000
1648646266.612955255,0,0.018000
1648646266.634550971,0,0.065000
1648646266.656018613,0,0.094000
1648646266.678520591,0,0.109000
1648646266.701281709,0,0.042000
1648646266.724744867,0,0.011000
1648646266.746650935,1,0.040000
1648646266.769061576,0,0.000000
1648646266.789469390,0,0.092000
1648646266.809845638,0,0.034000
1648646266.832109059,4,0.065000
1648646266.855170972,3,0.035000
1648646266.876047196,0,0.092000
1648646266.897562898,0,0.071000
1648646266.920241693,0,0.083000
1648646266.943108252,1,0.028000
1648646266.965384919,0,0.000000
1648646266.986826551,0,0.000000
1648646267.009202746,0,0.070000
1648646267.032026412,3,0.104000
1648646267.053870531,0,0.103000
1648646267.077391986,0,0.069000
1648646267.100057429,0,0.009000
1648646267.121418401,0,0.048000
1648646267.143417895,4,0.080000
1648646267.165891679,3,0.045000
1648646267.187755963,0,0.000000
1648646267.211272503,0,0.000000
1648646267.233982150,3,0.045000
1648646267.256159705,0,0.009000
1648646267.278656044,0,0.000000
1648646267.301870952,0,0.000000
1648646267.323502135,0,0.001000
1648646267.346329887,0,0.000000
1648646267.367775405,0,0.108000
1648646267.390301411,0,0.023000
1648646267.414230967,0,0.076000
1648646267.436502816,3,0.066000
1648646267.458507392,0,0.072000
1648646267.482155463,0,0.017000
1648646267.505322378,0,0.000000
1648646267.527365833,0,0.054000
1648646267.549966834,0,0.015000
1648646267.572311755,0,0.000000
1648646267.593204539,0,0.062000
1648646267.615569765,2,0.057000
1648646267.636991017,0,0.000000
1648646267.659227197,0,0.004000
1648646267.682390987,0,0.071000
1648646267.705253835,1,0.028000
1648646267.728258900,1,0.000000
1648646267.749941802,0,0.018000
1648646267.773252927,0,0.000000
1648646267.792942728,0,0.000000
1648646267.813806946,2,0.001000
1648646267.836142720,1,0.026000
1648646267.859911959,1,0.027000
1648646267.881761281,0,0.000000
1648646267.904038439,0,0.000000
1648646267.927182010,0,0.038000
1648646267.950453164,0,0.014000
1648646267.972511203,0,0.000000
1648646267.994890071,4,0.051000
1648646268.017656088,0,0.082000
1648646268.039872815,0,0.000000
1648646268.061963015,0,0.041000
1648646268.083808986,0,0.075000
1648646268.105389464,0,0.058000
1648646268.126315596,0,0.063000
1648646268.148648387,0,0.068000
1648646268.171371921,2,0.050000
1648646268.193908276,1,0.017000
1648646268.215497567,0,0.000000
1648646268.238541952,0,0.032000
1648646268.262202187,0,0.061000
1648646268.283533881,0,0.066000
1648646268.305232593,3,0.043000
1648646268.326263789,0,0.000000
1648646268.348508880,0,0.076000
1648646268.371480170,4,0.076000
1648646268.392508695,1,0.012000
1648646268.415394690,0,0.032000
1648646268.436766337,0,0.000000
1648646268.459189562,0,0.092000
1648646268.482300299,1,0.025000
1648646268.505744117,2,0.025000
1648646268.526926787,2,0.003000
1648646268.549441156,1,0.028000
1648646268.571546901,0,0.038000
1648646268.593807757,2,0.093000
1648646268.616126937,0,0.055000
1648646268.638051829,3,0.071000
1648646268.660722270,0,0.000000
1648646268.682411044,2,0.030000
1648646268.705729853,0,0.098000
1648646268.728432611,0,0.063000
1648646268.748860173,0,0.052000
1648646268.772053910,1,0.011000
1648646268.795378952,0,0.108000
1648646268.817594896,1,0.006000
1648646268.839188279,2,0.027000
1648646268.862537657,0,0.112000
1648646268.885343737,1,0.035000
1648646268.908935515,3,0.039000
1648646268.931424523,0,0.093000
1648646268.953078515,0,0.071000
1648646268.976145469,1,0.025000
1648646268.999350186,0,0.100000
1648646269.020992650,2,0.023000
1648646269.042352160,1,0.040000
1648646269.065425832,0,0.076000
1648646269.086937369,0,0.000000
1648646269.108643050,0,0.035000
1648646269.131430274,3,0.069000
1648646269.152033879,2,0.062000
1648646269.172970996,1,0.028000
1648646269.196456283,0,0.046000
1648646269.218370467,0,0.036000
1648646269.240499249,5,0.095000
1648646269.261462990,0,0.048000
1648646269.283170495,0,0.094000
1648646269.305482098,0,0.108000
1648646269.327343945,0,0.004000
1648646269.349621251,1,0.001000
1648646269.369718838,0,0.000000
1648646269.392421219,0,0.050000
1648646269.413759207,1,0.026000
1648646269.435443820,5,0.047000
1648646269.456598460,0,0.007000
1648646269.480092755,0,0.000000
1648646269.502864897,0,0.112000
1648646269.525787675,0,0.014000
1648646269.547500114,0,0.067000
1648646269.569852672,0,0.084000
1648646269.592276514,0,0.026000
1648646269.613526842,0,0.000000
1648646269.635438445,0,0.000000
1648646269.658996809,0,0.165000
1648646269.682493837,0,0.098000
1648646269.705041337,0,0.082000
1648646269.728125106,2,0.101000
1648646269.749591192,0,0.099000
1648646269.771102195,0,0.084000
1648646269.792938240,0,0.076000
1648646269.815757912,0,0.001000
1648646269.837427020,0,0.000000
1648646269.859881311,2,0.044000
1648646269.881930131,0,0.090000
1648646269.904985656,3,0.070000
1648646269.928257800,1,0.001000
1648646269.950061869,0,0.008000
1648646269.971261993,0,0.000000
1648646269.994339667,2,0.019000
1648646270.016334409,2,0.015000
1648646270.039379261,0,0.042000
1648646270.062008126,0,0.043000
1648646270.083790581,0,0.000000
1648646270.106201666,2,0.061000
1648646270.128575718,0,0.000000
1648646270.151913793,0,0.000000
1648646270.173679550,1,0.012000
1648646270.196804076,0,0.054000
1648646270.219597141,0,0.068000
1648646270.242346991,0,0.000000
1648646270.264293854,0,0.067000
1648646270.287894121,0,0.072000
1648646270.311398355,0,0.000000
1648646270.334676203,0,0.086000
1648646270.357703128,0,0.011000
1648646270.381330962,1,0.027000
1648646270.404025422,1,0.029000
1648646270.426171707,0,0.087000
1648646270.448677626,0,0.000000
1648646270.470527940,0,0.000000
1648646270.493163460,0,0.000000
1648646270.515117241,0,0.038000
1648646270.537530265,1,0.000000
1648646270.561787504,0,0.102000
1648646270.582454453,0,0.036000
1648646270.603838733,0,0.000000
1648646270.626576940,0,0.000000
1648646270.648210223,0,0.004000
1648646270.669524577,2,0.003000
1648646270.691880083,2,0.039000
1648646270.712968592,3,0.049000
1648646270.736000015,0,0.072000
1648646270.759191746,0,0.009000
1648646270.782688133,0,0.013000
1648646270.805587466,2,0.014000
1648646270.827429872,1,0.081000
1648646270.849193384,0,0.116000
1648646270.871586672,4,0.022000
1648646270.893317816,0,0.082000
1648646270.914589846,0,0.002000
1648646270.936509731,4,0.076000
1648646270.959347304,0,0.047000
1648646270.982105782,0,0.064000
1648646271.004134530,3,0.029000
1648646271.026370439,0,0.099000
1648646271.048939239,0,0.000000
1648646271.071619107,0,0.000000
1648646271.095030967,2,0.042000
1648646271.117227535,0,0.000000
1648646271.138439521,0,0.000000
1648646271.159288451,2,0.072000
1648646271.182067126,2,0.000000
1648646271.204492555,0,0.061000
1648646271.227453162,3,0.069000
1648646271.250540648,0,0.074000
1648646271.272821343,0,0.074000
1648646271.296219021,0,0.020000
1648646271.318196403,0,0.000000
1648646271.339155719,0,0.076000
1648646271.363146646,0,0.022000
1648646271.385197874,4,0.081000
1648646271.406861803,0,0.136000
1648646271.429055834,0,0.055000
1648646271.452105826,0,0.033000
1648646271.472764480,2,0.046000
1648646271.495546475,0,0.000000
1648646271.517870969,0,0.001000
1648646271.540310394,0,0.005000
1648646271.562853607,3,0.049000
1648646271.585043343,0,0.000000
1648646271.608425666,1,0.020000
1648646271.629167454,0,0.000000
1648646271.651593723,0,0.000000
1648646271.673732307,1,0.067000
1648646271.696369673,3,0.051000
1648646271.718815469,0,0.062000
1648646271.739797968,0,0.059000
1648646271.761455883,0,0.074000
1648646271.782133614,0,0.006000
1648646271.804704028,0,0.048000
1648646271.827126209,0,0.097000
1648646271.849244284,1,0.063000
1648646271.871107941,1,0.031000
1648646271.892730693,0,0.000000
1648646271.914863573,0,0.000000
1648646271.937188784,0,0.035000
1648646271.958282884,0,0.000000
1648646271.981099723,1,0.001000
1648646272.002554003,1,0.039000
1648646272.024552492,2,0.059000
1648646272.046987629,0,0.000000
1648646272.069379124,0,0.000000
1648646272.092316922,0,0.001000
1648646272.112677574,0,0.024000
1648646272.135352037,1,0.023000
1648646272.158481905,0,0.084000
1648646272.181212951,0,0.000000
1648646272.203963262,0,0.041000
1648646272.225260613,0,0.000000
1648646272.247534754,0,0.000000
1648646272.270789208,3,0.047000
1648646272.293149567,1,0.017000
1648646272.313010754,1,0.030000
1648646272.335029807,1,0.027000
1648646272.356995120,2,0.025000
1648646272.379265397,0,0.040000
1648646272.401343390,2,0.049000
1648646272.425037461,0,0.001000
1648646272.448144646,0,0.000000
1648646272.471064847,0,0.070000
1648646272.491651306,7,0.053000
1648646272.513124364,4,0.042000
1648646272.535538446,0,0.000000
1648646272.558080615,0,0.000000
1648646272.580439084,0,0.058000
1648646272.602191566,0,0.028000
1648646272.624925529,1,0.028000
1648646272.647231228,0,0.085000
1648646272.669654220,1,0.007000
1648646272.692305591,0,0.000000
1648646272.714464954,0,0.000000
1648646272.736496946,0,0.067000
1648646272.760372843,0,0.007000
1648646272.782982901,3,0.075000
1648646272.806774285,0,0.112000
1648646272.829779973,4,0.064000
1648646272.852527868,2,0.058000
1648646272.873678606,1,0.018000
1648646272.896850704,2,0.071000
1648646272.919572459,0,0.039000
1648646272.940381305,1,0.032000
1648646272.964230988,3,0.091000
1648646272.987141483,0,0.088000
1648646273.010440589,0,0.079000
1648646273.032850168,0,0.000000
1648646273.053228589,0,0.010000
1648646273.075824867,0,0.029000
1648646273.097409106,4,0.087000
1648646273.120276137,1,0.078000
1648646273.143999429,1,0.026000
1648646273.166960514,3,0.071000
1648646273.188407665,1,0.072000
1648646273.211314487,2,0.088000
1648646273.235075490,0,0.042000
1648646273.258371220,0,0.067000
1648646273.281059977,0,0.066000
1648646273.303545156,2,0.026000
1648646273.325228771,0,0.078000
1648646273.348455910,1,0.020000
1648646273.372458672,1,0.032000
1648646273.393436762,0,0.047000
1648646273.415537999,3,0.044000
1648646273.437197769,0,0.064000
1648646273.459107538,0,0.100000
1648646273.482669021,0,0.093000
1648646273.505654524,4,0.097000
1648646273.528415068,0,0.054000
1648646273.551313961,2,0.007000
1648646273.573193857,0,0.000000
1648646273.596203555,1,0.037000
1648646273.619327391,0,0.000000
1648646273.640426453,0,0.067000
1648646273.662251054,0,0.062000
1648646273.683447364,0,0.000000
1648646273.703296017,0,0.076000
1648646273.725309628,0,0.008000
1648646273.748019842,1,0.068000
1648646273.769667839,0,0.074000
1648646273.792007751,1,0.012000
1648646273.815180606,0,0.061000
1648646273.838202415,0,0.000000
1648646273.860479702,1,0.001000
1648646273.883311651,3,0.060000
1648646273.905046065,0,0.063000
1648646273.925395354,0,0.072000
1648646273.947617782,0,0.010000
1648646273.970588885,0,0.000000
1648646273.992541274,0,0.059000
1648646274.014341608,5,0.105000
1648646274.037226375,0,0.077000
1648646274.060355269,0,0.016000
1648646274.081550118,5,0.090000
1648646274.104076412,3,0.042000
1648646274.127947910,1,0.031000
1648646274.150677747,0,0.014000
1648646274.172357728,2,0.052000
1648646274.195372011,0,0.081000
1648646274.217392727,6,0.081000
1648646274.240427454,0,0.000000
1648646274.263340933,1,0.052000
1648646274.286476699,0,0.000000
1648646274.307757007,2,0.042000
1648646274.329215217,2,0.027000
1648646274.351923770,2,0.046000
1648646274.374957302,0,0.033000
1648646274.396721154,0,0.022000
1648646274.419278363,0,0.000000
1648646274.441399482,0,0.034000
1648646274.464034773,0,0.062000
1648646274.486824761,0,0.000000
1648646274.508171315,0,0.104000
1648646274.531069033,6,0.106000
1648646274.554112233,5,0.063000
1648646274.576489622,0,0.077000
1648646274.599730497,0,0.097000
1648646274.622090225,0,0.029000
1648646274.645602758,0,0.070000
1648646274.667173371,0,0.065000
1648646274.689635011,0,0.000000
1648646274.711224520,1,0.020000
1648646274.734656995,1,0.009000
1648646274.757569757,0,0.000000
1648646274.779026443,0,0.024000
1648646274.802429144,0,0.000000
1648646274.825393088,0,0.031000
1648646274.847540008,0,0.077000
1648646274.869862700,0,0.059000
1648646274.891345530,0,0.000000
1648646274.914467416,0,0.000000
1648646274.935415614,0,0.000000
1648646274.956833409,0,0.061000
1648646274.977206499,1,0.036000
1648646274.999497563,0,0.100000
1648646275.021723131,0,0.118000
1648646275.043241654,0,0.042000
1648646275.065851842,1,0.028000
1648646275.088224307,1,0.029000
1648646275.111461836,3,0.046000
1648646275.133804024,0,0.014000
1648646275.156073480,0,0.036000
1648646275.178270696,0,0.079000
1648646275.200472292,2,0.091000
1648646275.222908974,0,0.062000
1648646275.243969678,2,0.052000
1648646275.267193105,0,0.092000
1648646275.288669024,0,0.054000
1648646275.311354419,0,0.005000
1648646275.334897057,0,0.000000
1648646275.358056714,0,0.103000
1648646275.379381629,0,0.017000
1648646275.402895360,0,0.080000
1648646275.425151760,0,0.099000
1648646275.446497561,2,0.038000
1648646275.469194640,2,0.027000
1648646275.491499588,0,0.037000
1648646275.514374487,5,0.059000
1648646275.537710622,0,0.006000
1648646275.560270370,0,0.082000
1648646275.583017899,0,0.029000
1648646275.606028340,0,0.019000
1648646275.628882248,0,0.087000
1648646275.650560175,1,0.027000
1648646275.673233385,3,0.057000
1648646275.696385571,0,0.000000
1648646275.719406075,0,0.050000
1648646275.742549042,0,0.001000
1648646275.763402944,2,0.036000
1648646275.786163460,2,0.050000
1648646275.808763613,0,0.040000
1648646275.831778091,2,0.067000
1648646275.854167877,0,0.099000
1648646275.877909020,0,0.034000
1648646275.898316016,2,0.033000
1648646275.920587541,4,0.065000
1648646275.944651595,0,0.013000
1648646275.965861263,2,0.041000
1648646275.986478130,0,0.000000
1648646276.008634882,3,0.070000
1648646276.031342590,0,0.000000
1648646276.053905243,0,0.054000
1648646276.076388789,0,0.059000
1648646276.097972928,2,0.008000
1648646276.119727999,0,0.038000
1648646276.139313326,0,0.027000
1648646276.160353642,3,0.048000
1648646276.181398435,0,0.077000
1648646276.204311469,0,0.060000
1648646276.226818029,0,0.000000
1648646276.249452632,0,0.034000
1648646276.271481103,0,0.097000
1648646276.291987873,0,0.010000
1648646276.313121131,0,0.000000
1648646276.335606391,0,0.000000
1648646276.356438337,3,0.041000
1648646276.378027880,0,0.000000
1648646276.400290745,1,0.000000
1648646276.421855678,4,0.058000
1648646276.443962404,5,0.059000
1648646276.466814935,0,0.069000
1648646276.489270202,0,0.000000
1648646276.511798353,2,0.060000
1648646276.533278784,0,0.000000
1648646276.555110750,0,0.023000
1648646276.576083266,0,0.127000
1648646276.598998167,0,0.047000
1648646276.620862787,0,0.074000
1648646276.644351772,0,0.059000
1648646276.665247349,0,0.020000
1648646276.687259325,0,0.157000
1648646276.709651805,2,0.064000
1648646276.731500289,0,0.000000
1648646276.754101736,0,0.083000
1648646276.774956708,0,0.050000
1648646276.796548083,0,0.004000
1648646276.820078243,2,0.023000
1648646276.842742904,0,0.033000
1648646276.866055730,1,0.026000
1648646276.888131831,0,0.043000
1648646276.910908356,0,0.000000
1648646276.932677004,0,0.000000
1648646276.955192948,2,0.050000
1648646276.977324760,0,0.063000
1648646277.000383735,4,0.071000
1648646277.023016780,0,0.000000
1648646277.045750072,0,0.009000
1648646277.069278493,0,0.061000
1648646277.091455334,2,0.033000
1648646277.113661206,0,0.000000
1648646277.137545593,0,0.051000
1648646277.158218954,0,0.031000
1648646277.180933854,1,0.057000
1648646277.204079033,0,0.000000
1648646277.226064264,0,0.038000
1648646277.246136266,0,0.121000
1648646277.268316249,0,0.024000
1648646277.290301138,0,0.000000
1648646277.312024829,0,0.060000
1648646277.335929201,4,0.089000
1648646277.356474951,2,0.055000
1648646277.376607774,0,0.050000
1648646277.398973976,0,0.011000
1648646277.421945396,0,0.000000
1648646277.444044819,0,0.009000
1648646277.466991779,0,0.000000
1648646277.489485270,0,0.000000
1648646277.512123465,0,0.000000
1648646277.535039463,0,0.061000
1648646277.556425229,1,0.000000
1648646277.579164501,0,0.002000
1648646277.600847282,1,0.010000
1648646277.622950113,0,0.058000
1648646277.646146219,0,0.044000
1648646277.666984443,0,0.089000
1648646277.688498530,0,0.045000
1648646277.712073171,0,0.070000
1648646277.733998318,0,0.019000
1648646277.753489936,0,0.000000
1648646277.776319295,0,0.001000
1648646277.798734260,0,0.000000
1648646277.820411091,0,0.000000
1648646277.843370818,3,0.033000
1648646277.863559940,0,0.025000
1648646277.885312338,0,0.000000
1648646277.905556507,0,0.018000
1648646277.928988296,0,0.020000
1648646277.950582392,0,0.071000
1648646277.969508975,0,0.000000
1648646277.992580426,0,0.055000
1648646278.014094486,0,0.070000
1648646278.036467683,0,0.046000
1648646278.060415040,0,0.004000
1648646278.083384882,3,0.041000
1648646278.106494306,0,0.028000
1648646278.129104283,0,0.000000
1648646278.150987052,0,0.002000
1648646278.173223639,0,0.094000
1648646278.194135696,0,0.076000
1648646278.216571760,0,0.000000
1648646278.239643784,0,0.000000
1648646278.262287301,0,0.023000
1648646278.285719450,0,0.070000
1648646278.307541976,0,0.105000
1648646278.329409276,0,0.118000
1648646278.351090752,0,0.008000
1648646278.372940581,0,0.041000
1648646278.395940021,0,0.065000
1648646278.419171545,4,0.082000
1648646278.440957471,0,0.116000
1648646278.463310483,1,0.077000
1648646278.484859624,2,0.024000
1648646278.508392373,0,0.016000
1648646278.531055289,0,0.009000
1648646278.553445480,2,0.082000
1648646278.575660279,1,0.035000
1648646278.598329883,0,0.058000
1648646278.621601243,0,0.000000
1648646278.643871961,0,0.025000
1648646278.666037240,3,0.098000
1648646278.687293247,0,0.042000
1648646278.710384210,0,0.059000
1648646278.732778819,0,0.000000
1648646278.752743836,1,0.000000
1648646278.774313758,0,0.066000
1648646278.796900355,1,0.033000
1648646278.819312728,0,0.017000
1648646278.842061568,1,0.036000
1648646278.865378770,0,0.000000
1648646278.888319646,0,0.047000
1648646278.910000788,1,0.029000
1648646278.932412808,0,0.000000
1648646278.954923706,1,0.046000
1648646278.976066416,0,0.094000
1648646278.997973886,0,0.000000
1648646279.020798637,0,0.000000
1648646279.041873821,0,0.000000
1648646279.064776815,1,0.050000
1648646279.088016221,0,0.057000
1648646279.109234102,1,0.001000
1648646279.131075875,0,0.049000
1648646279.153655967,0,0.083000
1648646279.175627115,1,0.007000
1648646279.197809897,0,0.000000
1648646279.221138240,0,0.007000
1648646279.243477789,0,0.061000
1648646279.264577815,2,0.106000
1648646279.288536031,0,0.050000
1648646279.310046874,2,0.021000
1648646279.332945649,3,0.036000
1648646279.354061400,0,0.000000
1648646279.375877145,2,0.042000
1648646279.396896989,2,0.046000
1648646279.418987106,0,0.048000
1648646279.441721198,1,0.020000
1648646279.464085420,0,0.074000
1648646279.486168721,0,0.005000
1648646279.509006891,0,0.092000
1648646279.532661376,0,0.000000
1648646279.553463243,1,0.052000
1648646279.576255638,0,0.083000
1648646279.599116185,1,0.024000
1648646279.621858054,3,0.028000
1648646279.644601601,0,0.086000
1648646279.667289028,0,0.070000
1648646279.689683955,2,0.099000
1648646279.712386801,0,0.000000
1648646279.734344122,3,0.035000
1648646279.756331653,1,0.080000
1648646279.778374167,0,0.057000
1648646279.801303291,0,0.000000
1648646279.824170322,0,0.085000
1648646279.846072767,3,0.060000
1648646279.868678785,1,0.042000
1648646279.891172747,0,0.090000
1648646279.913851652,1,0.008000
1648646279.936264226,0,0.092000
1648646279.958897978,0,0.000000
1648646279.982408124,0,0.000000
1648646280.003177565,3,0.076000
1648646280.024760928,2,0.045000
1648646280.047440811,0,0.023000
1648646280.069380592,0,0.078000
1648646280.091377990,4,0.055000
1648646280.113743055,0,0.140000
1648646280.136543063,0,0.063000
1648646280.158735280,0,0.041000
1648646280.181474909,5,0.093000
1648646280.203548743,0,0.082000
1648646280.226741185,0,0.069000
1648646280.249240856,4,0.056000
1648646280.269227919,0,0.066000
1648646280.292846145,0,0.070000
1648646280.314097568,0,0.001000
1648646280.337351779,0,0.000000
1648646280.359755195,0,0.030000
1648646280.381553804,2,0.065000
1648646280.403525723,0,0.085000
1648646280.424897670,1,0.021000
1648646280.448068763,1,0.044000
1648646280.469844428,0,0.000000
1648646280.492810142,0,0.000000
1648646280.515179678,3,0.048000
1648646280.537510387,0,0.023000
1648646280.560543115,5,0.079000
1648646280.583451504,2,0.051000
1648646280.606561069,0,0.064000
1648646280.626972501,0,0.093000
1648646280.649654225,0,0.077000
1648646280.669771346,0,0.000000
1648646280.692270054,0,0.088000
1648646280.713823059,2,0.009000
1648646280.735140295,0,0.000000
1648646280.757311612,0,0.035000
1648646280.779363293,0,0.058000
1648646280.801935710,0,0.000000
1648646280.824529061,3,0.073000
1648646280.846531589,2,0.038000
1648646280.867780478,0,0.066000
1648646280.889853813,0,0.078000
1648646280.912028465,1,0.005000
1648646280.934104094,0,0.075000
1648646280.956025296,0,0.018000
1648646280.978375604,1,0.044000
1648646281.002069375,2,0.045000
1648646281.023348247,0,0.072000
1648646281.045075641,1,0.001000
1648646281.067341845,0,0.103000
1648646281.089151015,0,0.038000
1648646281.110460311,0,0.026000
1648646281.132826818,0,0.000000
1648646281.154578425,2,0.028000
1648646281.177070148,0,0.015000
1648646281.198133628,0,0.000000
1648646281.221120099,3,0.064000
1648646281.243060114,2,0.030000
1648646281.265342165,0,0.000000
1648646281.287815849,0,0.000000
1648646281.309900340,0,0.069000
1648646281.331237174,0,0.000000
1648646281.353606355,0,0.033000
1648646281.375322058,1,0.013000
1648646281.397362166,0,0.106000
1648646281.420299963,0,0.040000
1648646281.442743309,0,0.080000
1648646281.465045032,0,0.082000
1648646281.486446754,1,0.017000
1648646281.509990494,0,0.067000
1648646281.532682334,0,0.009000
1648646281.555390717,0,0.097000
1648646281.578407560,0,0.000000
1648646281.600949359,0,0.005000
1648646281.623961348,0,0.000000
1648646281.646484464,1,0.017000
1648646281.668978596,4,0.103000
1648646281.692206139,0,0.000000
1648646281.712827619,2,0.034000
1648646281.735481695,0,0.000000
1648646281.756586360,1,0.019000
1648646281.778601353,0,0.059000
1648646281.801160377,0,0.009000
1648646281.822690564,3,0.025000
1648646281.841415156,2,0.054000
1648646281.863905858,0,0.037000
1648646281.887118799,0,0.001000
1648646281.910145140,0,0.000000
1648646281.931555729,5,0.043000
1648646281.952539994,0,0.085000
1648646281.975827727,5,0.110000
1648646281.998302820,0,0.087000
1648646282.019908764,0,0.056000
1648646282.041667814,0,0.070000
1648646282.064406932,0,0.125000
1648646282.085139489,0,0.085000
1648646282.106369390,0,0.000000
1648646282.128893955,1,0.046000
1648646282.150404301,0,0.000000
1648646282.173943069,1,0.059000
1648646282.196353912,0,0.047000
1648646282.217133423,2,0.036000
1648646282.238805134,0,0.029000
1648646282.261678039,2,0.046000
1648646282.284212205,6,0.051000
1648646282.306905872,0,0.010000
1648646282.330054994,0,0.053000
1648646282.353035014,3,0.089000
1648646282.376664616,0,0.085000
1648646282.400009363,1,0.000000
1648646282.422006998,1,0.049000
1648646282.443445167,2,0.025000
1648646282.466562931,0,0.019000
1648646282.489311347,4,0.077000
1648646282.511571707,2,0.053000
1648646282.533735528,0,0.103000
1648646282.557399871,0,0.000000
1648646282.580657696,0,0.053000
1648646282.603091755,0,0.012000
1648646282.625600894,2,0.052000
1648646282.646627949,0,0.000000
1648646282.667580483,1,0.000000
1648646282.690260912,0,0.069000
1648646282.712891017,0,0.053000
1648646282.734351821,1,0.000000
1648646282.757502297,0,0.000000
1648646282.780376807,0,0.045000
1648646282.802074471,1,0.014000
1648646282.823535420,0,0.001000
1648646282.844715630,0,0.104000
1648646282.867814692,0,0.058000
1648646282.889823388,0,0.130000
1648646282.911968835,0,0.074000
1648646282.934393894,0,0.105000
1648646282.957389952,0,0.000000
1648646282.979530754,0,0.001000
1648646283.002117368,2,0.037000
1648646283.025372056,0,0.117000
1648646283.047344373,3,0.062000
1648646283.071237605,0,0.038000
1648646283.094904024,0,0.043000
1648646283.117803093,3,0.084000
1648646283.139901042,0,0.054000
1648646283.163306653,0,0.000000
1648646283.187029965,2,0.080000
1648646283.209041299,0,0.108000
1648646283.230299774,0,0.065000
1648646283.251590403,0,0.055000
1648646283.274391841,0,0.028000
1648646283.297277777,1,0.002000
1648646283.319995212,0,0.000000
1648646283.342117612,0,0.009000
1648646283.365338282,0,0.056000
1648646283.388067354,0,0.058000
1648646283.410050718,2,0.046000
1648646283.432174253,0,0.000000
1648646283.453929226,0,0.007000
1648646283.477874537,2,0.061000
1648646283.500429260,0,0.000000
1648646283.521558506,0,0.031000
1648646283.544161527,0,0.073000
1648646283.567454456,5,0.083000
1648646283.590007613,1,0.048000
1648646283.612199796,0,0.000000
1648646283.633873671,0,0.000000
1648646283.655076509,0,0.058000
1648646283.678063441,0,0.080000
1648646283.700552754,0,0.027000
1648646283.723240659,2,0.002000
1648646283.744758716,1,0.044000
1648646283.767447121,1,0.025000
1648646283.790285748,0,0.028000
1648646283.811892986,1,0.041000
1648646283.833061196,1,0.041000
1648646283.856551757,0,0.023000
1648646283.878473214,3,0.049000
1648646283.900192185,0,0.000000
1648646283.923745015,0,0.056000
1648646283.946335593,0,0.090000
1648646283.967526536,0,0.000000
1648646283.989183065,0,0.000000
1648646284.011403169,0,0.001000
1648646284.033927601,0,0.038000
1648646284.057206664,1,0.018000
1648646284.079486392,6,0.093000
1648646284.102926513,0,0.000000
1648646284.124134150,0,0.061000
1648646284.147144918,1,0.090000
1648646284.168777286,0,0.000000
1648646284.191006489,0,0.070000
1648646284.214135573,1,0.001000
1648646284.235356240,3,0.052000
1648646284.258924141,0,0.065000
1648646284.280945487,0,0.068000
1648646284.302720650,3,0.075000
1648646284.325283695,0,0.084000
1648646284.347814840,3,0.034000
1648646284.370959850,1,0.021000
1648646284.392346458,0,0.061000
1648646284.414064973,1,0.046000
1648646284.436775842,2,0.008000
1648646284.460270811,3,0.037000
1648646284.482421428,0,0.008000
1648646284.504811856,1,0.023000
1648646284.526377249,0,0.059000
1648646284.548749913,0,0.075000
1648646284.570612726,0,0.001000
1648646284.592850892,3,0.077000
1648646284.614047842,0,0.058000
1648646284.636602776,0,0.107000
1648646284.659860898,0,0.058000
1648646284.681331283,0,0.074000
1648646284.704158685,1,0.048000
1648646284.725985227,3,0.021000
1648646284.748978699,0,0.043000
1648646284.771043626,3,0.043000
1648646284.791662427,0,0.026000
1648646284.813765461,0,0.000000
1648646284.836151621,0,0.056000
1648646284.858758058,0,0.073000
1648646284.879495490,0,0.038000
1648646284.901567715,0,0.010000
1648646284.922202771,0,0.000000
1648646284.945274600,1,0.000000
1648646284.967564903,0,0.000000
1648646284.990344196,1,0.048000
1648646285.013104716,0,0.000000
1648646285.035311458,0,0.001000
1648646285.057626390,0,0.049000
1648646285.080492388,0,0.006000
1648646285.102068895,0,0.073000
1648646285.123941763,0,0.026000
1648646285.145547978,1,0.026000
1648646285.167887283,0,0.075000
1648646285.191764396,0,0.098000
1648646285.215284229,0,0.047000
1648646285.237744634,0,0.001000
1648646285.259398862,0,0.025000
1648646285.282928311,0,0.074000
1648646285.305930707,0,0.051000
1648646285.328188296,1,0.025000
1648646285.348675740,3,0.055000
1648646285.371412747,0,0.012000
1648646285.394750474,0,0.000000
1648646285.417871075,0,0.000000
1648646285.440497271,0,0.000000
1648646285.463510617,2,0.031000
1648646285.484342562,5,0.086000
1648646285.505094886,0,0.023000
1648646285.526329465,3,0.055000
1648646285.548373349,0,0.028000
1648646285.571872208,2,0.000000
1648646285.595488810,2,0.028000
1648646285.619150443,0,0.000000
1648646285.640908825,0,0.017000
1648646285.664315030,0,0.059000
1648646285.686919147,0,0.000000
1648646285.709425187,0,0.059000
1648646285.731246636,0,0.015000
1648646285.750098257,0,0.051000
1648646285.773124394,0,0.000000
1648646285.795486827,0,0.106000
1648646285.816295048,0,0.000000
1648646285.838440273,1,0.115000
1648646285.859854777,1,0.099000
1648646285.882529106,0,0.033000
1648646285.903396020,3,0.036000
1648646285.924937043,0,0.038000
1648646285.946455620,0,0.018000
1648646285.970098822,0,0.050000
1648646285.991863372,0,0.122000
1648646286.013215472,0,0.066000
1648646286.035410478,0,0.043000
1648646286.057994312,1,0.038000
1648646286.078695245,0,0.076000
1648646286.101254383,0,0.122000
1648646286.124540731,0,0.014000
1648646286.147456209,0,0.000000
1648646286.168741205,0,0.101000
1648646286.191534388,0,0.107000
1648646286.214042798,1,0.085000
1648646286.237081524,3,0.032000
1648646286.260077139,0,0.026000
1648646286.283058510,0,0.000000
1648646286.306755945,0,0.088000
1648646286.330106648,1,0.032000
1648646286.351397421,0,0.000000
1648646286.374054514,0,0.099000
1648646286.396401284,1,0.022000
1648646286.418444235,1,0.049000
1648646286.439822233,0,0.001000
1648646286.462176189,3,0.037000
1648646286.485397333,0,0.045000
1648646286.506876999,0,0.082000
1648646286.529271806,0,0.001000
1648646286.551373753,0,0.134000
1648646286.573784440,4,0.094000
1648646286.596851105,0,0.058000
1648646286.619466469,0,0.047000
1648646286.641822915,4,0.088000
1648646286.664387231,1,0.013000
1648646286.686723669,0,0.077000
1648646286.710170318,3,0.049000
1648646286.733078891,2,0.035000
1648646286.756547852,3,0.097000
1648646286.778967097,0,0.037000
1648646286.799830967,1,0.018000
1648646286.820866805,0,0.001000
1648646286.843716124,0,0.077000
1648646286.866380156,0,0.000000
1648646286.889021737,0,0.013000
1648646286.911278933,0,0.028000
1648646286.934341943,0,0.000000
1648646286.955841662,0,0.074000
1648646286.978952533,3,0.022000
1648646287.001773537,0,0.030000
1648646287.023268975,0,0.000000
1648646287.044121409,0,0.000000
1648646287.065842437,0,0.106000
1648646287.088962087,1,0.032000
1648646287.111871323,0,0.052000
1648646287.133156857,0,0.058000
1648646287.155991521,0,0.069000
1648646287.178822370,4,0.071000
1648646287.201232961,4,0.101000
1648646287.223997266,0,0.075000
1648646287.246485345,0,0.089000
1648646287.267972810,0,0.026000
1648646287.290086157,0,0.120000
1648646287.312365558,0,0.088000
1648646287.334510215,0,0.054000
1648646287.357253627,2,0.015000
1648646287.380397799,0,0.107000
1648646287.403508483,0,0.000000
1648646287.427140823,1,0.020000
1648646287.449506958,3,0.073000
1648646287.470676229,1,0.024000
1648646287.493658645,0,0.000000
1648646287.517224680,0,0.057000
1648646287.539662399,0,0.000000
1648646287.561482954,0,0.000000
1648646287.583044867,1,0.024000
1648646287.605363701,0,0.023000
1648646287.628498675,0,0.076000
1648646287.650704968,1,0.002000
1648646287.673284633,1,0.070000
1648646287.694850484,0,0.000000
1648646287.718174245,0,0.097000
1648646287.740066071,0,0.119000
1648646287.762111438,0,0.068000
1648646287.784484125,0,0.018000
1648646287.806553180,0,0.000000
1648646287.829060678,0,0.001000
1648646287.849816942,0,0.077000
1648646287.872404774,0,0.106000
1648646287.895065361,0,0.083000
1648646287.915880167,1,0.027000
1648646287.939164973,0,0.000000
1648646287.960103841,0,0.038000
1648646287.981952933,4,0.052000
1648646288.004992826,0,0.000000
1648646288.026396986,0,0.000000
1648646288.049372476,0,0.001000
1648646288.071662599,2,0.083000
1648646288.094200216,0,0.000000
1648646288.117100837,0,0.024000
1648646288.139900485,4,0.072000
1648646288.162765718,0,0.017000
1648646288.184188305,0,0.016000
1648646288.207449286,0,0.000000
1648646288.229404197,0,0.002000
1648646288.252155444,0,0.049000
1648646288.275335491,0,0.013000
1648646288.298217717,0,0.000000
1648646288.320495733,0,0.057000
1648646288.343805712,0,0.060000
1648646288.366969954,1,0.037000
1648646288.390437397,2,0.069000
1648646288.413316225,0,0.062000
1648646288.434849999,0,0.071000
1648646288.456523685,0,0.101000
1648646288.478492347,3,0.083000
1648646288.499924121,0,0.070000
1648646288.522548185,0,0.123000
1648646288.544877044,1,0.029000
1648646288.566160792,0,0.004000
1648646288.588861318,0,0.004000
1648646288.611415250,0,0.000000
1648646288.634393014,0,0.014000
1648646288.655908768,0,0.046000
1648646288.678509907,3,0.056000
1648646288.701119139,0,0.137000
1648646288.724312196,4,0.069000
1648646288.747082637,0,0.039000
1648646288.769593115,0,0.053000
1648646288.791135012,0,0.003000
1648646288.813225689,0,0.023000
1648646288.836006431,0,0.014000
1648646288.858301217,2,0.088000
1648646288.881029261,2,0.045000
1648646288.903588405,0,0.053000
1648646288.925226008,5,0.035000
1648646288.947352112,1,0.002000
1648646288.968047101,0,0.111000
1648646288.990662692,1,0.003000
1648646289.012910289,1,0.035000
1648646289.035468006,5,0.097000
1648646289.058654457,0,0.112000
1648646289.081666882,0,0.072000
1648646289.103610193,3,0.065000
1648646289.126405795,0,0.064000
1648646289.148375531,0,0.065000
1648646289.171955759,0,0.029000
1648646289.194083059,1,0.062000
1648646289.216522574,0,0.055000
1648646289.239455869,0,0.013000
1648646289.260225250,0,0.022000
1648646289.282912594,0,0.055000
1648646289.306751084,0,0.000000
1648646289.328547740,0,0.066000
1648646289.351336050,0,0.028000
1648646289.373893596,2,0.037000
1648646289.396643406,1,0.061000
1648646289.418325984,0,0.018000
1648646289.440290224,0,0.066000
1648646289.462781081,0,0.070000
1648646289.484012271,0,0.000000
1648646289.506033564,0,0.081000
1648646289.527492677,0,0.055000
1648646289.549291811,0,0.117000
1648646289.570983706,0,0.102000
1648646289.593237172,4,0.090000
1648646289.616646154,4,0.102000
1648646289.640035592,3,0.071000
1648646289.662851350,3,0.070000
1648646289.686934503,1,0.065000
1648646289.709485194,0,0.077000
1648646289.731090461,0,0.113000
1648646289.753699010,0,0.065000
1648646289.776564246,0,0.000000
1648646289.798101203,0,0.011000
1648646289.820380036,0,0.007000
1648646289.842321899,1,0.001000
1648646289.862132851,3,0.035000
1648646289.883865135,0,0.000000
1648646289.906164967,0,0.087000
1648646289.925743910,0,0.006000
1648646289.948058748,4,0.092000
1648646289.970777540,0,0.066000
1648646289.993551575,0,0.000000
1648646290.015277456,0,0.000000
1648646290.034377542,0,0.000000
1648646290.056107803,0,0.000000
1648646290.078332548,0,0.000000
1648646290.100801631,4,0.046000
1648646290.124159396,0,0.046000
1648646290.146906718,0,0.077000
1648646290.170396096,0,0.015000
1648646290.193847961,0,0.060000
1648646290.217421732,5,0.070000
1648646290.239804287,0,0.088000
1648646290.261468959,0,0.123000
1648646290.283365079,0,0.095000
1648646290.304031664,1,0.023000
1648646290.326918103,0,0.000000
1648646290.349024688,0,0.022000
1648646290.371037609,0,0.146000
1648646290.392214548,3,0.071000
1648646290.414945345,0,0.058000
1648646290.435650758,0,0.100000
1648646290.458885530,0,0.081000
1648646290.481567334,1,0.041000
1648646290.503608607,0,0.125000
1648646290.524810239,3,0.044000
1648646290.548069450,4,0.073000
1648646290.570741121,0,0.041000
1648646290.592408484,0,0.043000
1648646290.614232310,0,0.109000
1648646290.636871443,0,0.000000
1648646290.658431601,1,0.096000
1648646290.680529020,2,0.033000
1648646290.701575896,0,0.089000
1648646290.723848007,0,0.001000
1648646290.745396311,5,0.106000
1648646290.766708815,0,0.067000
1648646290.788910138,0,0.081000
1648646290.811701127,0,0.065000
1648646290.835587754,0,0.037000
1648646290.858457144,0,0.108000
1648646290.881268764,3,0.062000
1648646290.903034502,0,0.075000
1648646290.925530543,1,0.007000
1648646290.947226052,0,0.093000
1648646290.969434026,0,0.023000
1648646290.990897692,3,0.059000
1648646291.012992559,0,0.000000
1648646291.034229078,0,0.000000
1648646291.055153489,0,0.079000
1648646291.078926243,2,0.067000
1648646291.100306033,0,0.074000
1648646291.122709515,0,0.009000
1648646291.144797022,1,0.032000
1648646291.167306956,0,0.054000
1648646291.190548712,0,0.001000
1648646291.212506617,2,0.071000
1648646291.235225368,0,0.000000
1648646291.257724617,0,0.025000
1648646291.278071953,0,0.000000
1648646291.301510149,0,0.000000
1648646291.324328757,0,0.020000
1648646291.347577962,0,0.074000
1648646291.370444830,0,0.073000
1648646291.392614399,0,0.083000
1648646291.415165877,0,0.051000
1648646291.437819567,0,0.049000
1648646291.460894898,1,0.021000
1648646291.483927733,0,0.061000
1648646291.506256968,0,0.000000
1648646291.527441860,2,0.057000
1648646291.548338193,0,0.000000
1648646291.571312696,0,0.000000
1648646291.594339815,0,0.016000
1648646291.617115847,0,0.041000
1648646291.637062565,1,0.024000
1648646291.658867208,0,0.081000
1648646291.682057169,0,0.036000
1648646291.704401073,2,0.066000
1648646291.726890219,2,0.047000
1648646291.750175440,0,0.113000
1648646291.772432464,0,0.063000
1648646291.793555237,0,0.087000
1648646291.815426989,1,0.023000
1648646291.836546214,1,0.001000
1648646291.859493886,0,0.081000
1648646291.882432495,0,0.048000
1648646291.904713618,0,0.084000
1648646291.926401711,4,0.069000
1648646291.949464965,0,0.066000
1648646291.972103081,0,0.032000
1648646291.994311307,0,0.000000
1648646292.016975820,0,0.123000
1648646292.037825949,1,0.042000
1648646292.059491950,0,0.082000
1648646292.080379772,0,0.018000
1648646292.103083760,3,0.089000
1648646292.126449520,0,0.023000
1648646292.151150531,0,0.007000
1648646292.173698670,5,0.050000
1648646292.196347943,0,0.067000
1648646292.217806332,4,0.056000
1648646292.239819475,3,0.075000
1648646292.262806490,1,0.017000
1648646292.283406415,0,0.000000
1648646292.305933879,3,0.033000
1648646292.328790412,0,0.036000
1648646292.350074127,0,0.055000
1648646292.373053265,2,0.052000
1648646292.395303049,0,0.071000
1648646292.417289437,0,0.001000
1648646292.436617078,1,0.065000
1648646292.458306938,0,0.000000
1648646292.480405995,3,0.078000
1648646292.503289595,1,0.033000
1648646292.525584793,0,0.055000
1648646292.548114856,0,0.058000
1648646292.569918257,0,0.000000
1648646292.593310267,0,0.000000
1648646292.615818114,0,0.007000
1648646292.638288618,0,0.089000
1648646292.661136143,0,0.058000
1648646292.683431526,0,0.008000
1648646292.707491078,0,0.064000
1648646292.729842430,0,0.005000
1648646292.752610069,2,0.044000
1648646292.773695007,0,0.102000
1648646292.795568302,0,0.047000
1648646292.818397054,0,0.098000
1648646292.841350482,0,0.084000
1648646292.863315806,1,0.034000
1648646292.883809736,0,0.000000
1648646292.905603951,0,0.056000
1648646292.928451696,2,0.080000
1648646292.951356666,0,0.034000
1648646292.973068311,0,0.054000
1648646292.993451219,0,0.000000
1648646293.016452440,0,0.011000
1648646293.039491172,0,0.027000
1648646293.062161067,0,0.038000
1648646293.085485956,4,0.071000
1648646293.106953953,0,0.005000
1648646293.128410178,0,0.000000
1648646293.150855630,0,0.070000
1648646293.172896743,0,0.000000
1648646293.195384488,0,0.000000
1648646293.218445432,0,0.018000
1648646293.240505704,0,0.000000
1648646293.262473706,0,0.055000
1648646293.285296518,1,0.030000
1648646293.308364087,1,0.001000
1648646293.331128708,0,0.000000
1648646293.353459800,2,0.030000
1648646293.376579380,1,0.009000
1648646293.397834052,1,0.027000
1648646293.421453904,3,0.044000
1648646293.444006736,3,0.101000
1648646293.467826884,0,0.086000
1648646293.491031586,0,0.094000
1648646293.513519544,0,0.088000
1648646293.534248464,0,0.087000
1648646293.555827533,0,0.113000
1648646293.579463960,0,0.054000
1648646293.602209480,0,0.052000
1648646293.624682297,0,0.073000
1648646293.644504543,0,0.073000
1648646293.666422783,0,0.109000
1648646293.688206220,0,0.080000
1648646293.711768397,0,0.096000
1648646293.731163051,4,0.044000
1648646293.753310030,7,0.089000
1648646293.775739740,4,0.080000
1648646293.797658153,6,0.093000
1648646293.819893039,0,0.057000
1648646293.842919453,0,0.102000
1648646293.865316442,2,0.044000
1648646293.887541313,1,0.000000
1648646293.909720634,0,0.106000
1648646293.932821692,0,0.079000
1648646293.954152448,0,0.025000
1648646293.976856825,5,0.064000
1648646294.000207308,3,0.071000
1648646294.023382353,4,0.074000
1648646294.045126722,2,0.044000
1648646294.067327552,0,0.070000
1648646294.089827674,0,0.091000
1648646294.112475546,3,0.074000
1648646294.135386343,0,0.064000
1648646294.157885726,0,0.007000
1648646294.180404625,2,0.068000
1648646294.202005950,1,0.009000
1648646294.225441542,1,0.000000
1648646294.248278362,0,0.000000
1648646294.270506379,0,0.000000
1648646294.293281490,1,0.000000
1648646294.315427248,2,0.055000
1648646294.337529089,0,0.070000
1648646294.360497582,4,0.066000
1648646294.382704642,0,0.039000
1648646294.405836894,0,0.000000
1648646294.427769931,3,0.040000
1648646294.449840031,0,0.109000
1648646294.472222014,0,0.082000
1648646294.495525960,0,0.100000
1648646294.516472017,3,0.055000
1648646294.539111050,1,0.017000
1648646294.561701969,2,0.022000
1648646294.585080942,0,0.015000
1648646294.607361815,0,0.087000
1648646294.631190961,0,0.084000
1648646294.653274515,0,0.058000
1648646294.675056947,0,0.066000
1648646294.697059936,0,0.067000
1648646294.719361898,0,0.097000
1648646294.740193835,3,0.063000
1648646294.763618412,0,0.096000
1648646294.785861209,0,0.075000
1648646294.806924249,0,0.000000
1648646294.830211055,0,0.000000
1648646294.849975619,2,0.034000
1648646294.870644225,0,0.031000
1648646294.892046508,0,0.067000
1648646294.913488785,4,0.021000
1648646294.935138859,0,0.000000
1648646294.955396295,0,0.000000
1648646294.977114447,1,0.043000
1648646295.000061819,0,0.005000
1648646295.022279648,1,0.030000
1648646295.044268527,0,0.086000
1648646295.065489234,0,0.000000
1648646295.088529868,0,0.000000
1648646295.109850899,1,0.035000
1648646295.131768084,2,0.119000
1648646295.154652365,0,0.002000
1648646295.176791229,0,0.000000
1648646295.198281528,0,0.000000
1648646295.220602544,0,0.000000
1648646295.242500236,0,0.117000
1648646295.265106442,0,0.000000
1648646295.288713358,0,0.000000
1648646295.311309880,1,0.103000
1648646295.334484674,0,0.029000
1648646295.355920406,0,0.075000
1648646295.376387453,0,0.083000
1648646295.398288325,0,0.006000
1648646295.420605090,4,0.067000
1648646295.442480422,3,0.062000
1648646295.464468666,0,0.105000
1648646295.486828198,0,0.059000
1648646295.509282487,0,0.016000
1648646295.531239502,1,0.000000
1648646295.553565807,3,0.064000
1648646295.576427839,0,0.024000
1648646295.598593849,3,0.100000
1648646295.621489666,1,0.021000
1648646295.643012337,0,0.002000
1648646295.662955150,0,0.072000
1648646295.686305063,0,0.001000
1648646295.707409067,0,0.023000
1648646295.727676006,0,0.015000
1648646295.750094029,0,0.001000
1648646295.772552079,0,0.070000
1648646295.795108194,3,0.088000
1648646295.817530716,0,0.098000
1648646295.838981468,0,0.072000
1648646295.861143251,0,0.007000
1648646295.882014653,1,0.058000
1648646295.904548451,3,0.045000
1648646295.926507700,0,0.041000
1648646295.949057381,3,0.069000
1648646295.970672602,0,0.106000
1648646295.993281799,0,0.054000
1648646296.015304981,0,0.017000
1648646296.037089096,0,0.062000
1648646296.060381979,0,0.017000
1648646296.083553703,0,0.050000
1648646296.106852232,3,0.054000
1648646296.130097087,2,0.042000
1648646296.153498126,0,0.034000
1648646296.176196904,0,0.061000
1648646296.197315610,0,0.061000
1648646296.218424459,0,0.022000
1648646296.241476647,0,0.064000
1648646296.263664124,0,0.091000
1648646296.286451973,3,0.042000
1648646296.308661232,0,0.045000
1648646296.331222769,0,0.013000
1648646296.353884397,0,0.076000
1648646296.375858635,0,0.053000
1648646296.398796020,4,0.076000
1648646296.420931668,5,0.049000
1648646296.442909757,1,0.090000
1648646296.465427046,0,0.090000
1648646296.488756272,1,0.002000
1648646296.511361143,0,0.000000
1648646296.534313945,0,0.052000
1648646296.557247287,1,0.000000
1648646296.580212755,0,0.007000
1648646296.602560384,0,0.041000
1648646296.625073683,0,0.138000
1648646296.646834925,0,0.096000
1648646296.670403272,2,0.086000
1648646296.692955497,0,0.074000
1648646296.715400008,0,0.000000
1648646296.737928842,2,0.022000
1648646296.757964989,0,0.000000
1648646296.781100754,0,0.101000
1648646296.801717535,0,0.000000
1648646296.825227371,2,0.046000
1648646296.848509921,3,0.016000
1648646296.870989293,0,0.013000
1648646296.892501621,0,0.085000
1648646296.913497145,0,0.000000
1648646296.936752440,0,0.000000
1648646296.958792535,1,0.042000
1648646296.981501862,0,0.097000
1648646297.003505651,0,0.080000
1648646297.026057124,0,0.091000
1648646297.048390918,3,0.067000
1648646297.071343496,0,0.082000
1648646297.093000220,1,0.097000
1648646297.114779101,0,0.066000
1648646297.137041174,4,0.068000
1648646297.159339898,0,0.087000
1648646297.181922186,1,0.001000
1648646297.204158821,1,0.027000
1648646297.225974089,0,0.098000
1648646297.249457494,1,0.061000
1648646297.271363195,2,0.078000
1648646297.293660291,2,0.044000
1648646297.317154198,0,0.000000
1648646297.339670740,0,0.007000
1648646297.361341870,0,0.000000
1648646297.382826689,3,0.037000
1648646297.403621502,4,0.073000
1648646297.424689329,0,0.000000
1648646297.444828684,0,0.000000
1648646297.466861614,0,0.000000
1648646297.489477849,0,0.073000
1648646297.512277199,1,0.035000
1648646297.533990210,0,0.015000
1648646297.557933172,0,0.049000
1648646297.580274276,0,0.000000
1648646297.601678805,1,0.015000
1648646297.623989125,0,0.036000
1648646297.647714834,0,0.016000
1648646297.670267598,0,0.046000
1648646297.691139296,1,0.033000
1648646297.713952555,1,0.045000
1648646297.736007868,0,0.069000
1648646297.757423973,0,0.076000
1648646297.779289458,2,0.015000
1648646297.801966977,0,0.061000
1648646297.825225002,0,0.068000
1648646297.847970012,0,0.010000
1648646297.871042234,3,0.078000
1648646297.893355740,0,0.094000
1648646297.915406547,0,0.004000
1648646297.938035270,0,0.091000
1648646297.960366725,0,0.000000
1648646297.983557979,2,0.014000
1648646298.006720806,0,0.000000
1648646298.027682801,0,0.000000
1648646298.050330202,0,0.069000
1648646298.073394794,1,0.027000
1648646298.095730324,0,0.105000
1648646298.119159375,0,0.077000
1648646298.141887255,0,0.042000
1648646298.163179472,0,0.011000
1648646298.185763389,0,0.069000
1648646298.209012487,0,0.026000
1648646298.232463614,0,0.000000
1648646298.254811583,0,0.051000
1648646298.276672047,0,0.000000
1648646298.300078126,0,0.086000
1648646298.322966883,0,0.004000
1648646298.345380322,0,0.073000
1648646298.368382652,1,0.029000
1648646298.389531893,0,0.000000
1648646298.411172961,0,0.054000
1648646298.433211604,0,0.090000
1648646298.454812557,0,0.035000
1648646298.475323131,1,0.013000
1648646298.497114848,0,0.137000
1648646298.518952463,0,0.090000
1648646298.541687767,0,0.097000
1648646298.564396890,3,0.034000
1648646298.587720686,0,0.040000
1648646298.609543750,0,0.050000
1648646298.631381835,0,0.000000
1648646298.653966650,3,0.102000
1648646298.676348008,0,0.112000
1648646298.699496257,0,0.091000
1648646298.720259319,0,0.092000
1648646298.743234701,0,0.050000
1648646298.766916121,3,0.076000
1648646298.787868461,0,0.000000
1648646298.809852852,0,0.000000
1648646298.831834230,4,0.040000
1648646298.853133553,4,0.115000
1648646298.875499826,0,0.052000
1648646298.898007727,3,0.105000
1648646298.920393870,0,0.020000
1648646298.943753350,0,0.000000
1648646298.966144574,0,0.000000
1648646298.989083954,0,0.000000
1648646299.011576675,0,0.000000
1648646299.034926354,0,0.000000
1648646299.057135803,0,0.000000
1648646299.078797419,0,0.106000
1648646299.101093406,0,0.000000
1648646299.122991946,1,0.042000
1648646299.145832081,1,0.001000
1648646299.168523812,0,0.000000
1648646299.189935026,1,0.023000
1648646299.213015780,1,0.023000
1648646299.235966882,0,0.000000
1648646299.257665825,1,0.094000
1648646299.281069210,2,0.073000
1648646299.303038762,0,0.023000
1648646299.324893247,0,0.010000
1648646299.347119810,0,0.070000
1648646299.369953598,0,0.027000
1648646299.392909453,0,0.012000
1648646299.416181929,2,0.064000
1648646299.438434289,0,0.054000
1648646299.460203520,3,0.087000
1648646299.481779259,0,0.023000
1648646299.504035470,0,0.086000
1648646299.527659516,1,0.002000
1648646299.549092491,3,0.057000
1648646299.571982350,0,0.000000
1648646299.593251637,1,0.025000
1648646299.616005166,1,0.008000
1648646299.638885903,5,0.046000
1648646299.660930322,0,0.045000
1648646299.683115838,0,0.001000
1648646299.705025123,0,0.000000
1648646299.727482919,0,0.023000
1648646299.750159585,0,0.000000
1648646299.772787946,0,0.000000
1648646299.795568554,1,0.006000
1648646299.815438549,0,0.004000
1648646299.838235806,2,0.022000
1648646299.860574313,0,0.025000
1648646299.883493919,2,0.003000
1648646299.905225480,1,0.024000
1648646299.925863333,0,0.026000
1648646299.947299505,0,0.000000
1648646299.970762348,0,0.000000
1648646299.994086985,0,0.000000
1648646300.016332417,0,0.000000
1648646300.039063963,0,0.025000
1648646300.058630551,0,0.075000
1648646300.081109201,0,0.001000
1648646300.104384793,1,0.040000
1648646300.126131656,3,0.068000
1648646300.149077816,2,0.029000
1648646300.170419285,0,0.061000
1648646300.192127307,1,0.022000
1648646300.214274769,5,0.091000
1648646300.236017312,0,0.037000
1648646300.256736176,2,0.017000
1648646300.280149149,0,0.000000
1648646300.302919610,0,0.021000
1648646300.326228128,0,0.058000
1648646300.349023112,3,0.083000
1648646300.371382980,0,0.166000
1648646300.394043223,2,0.029000
1648646300.416410237,0,0.102000
1648646300.437230533,0,0.059000
1648646300.458550569,0,0.079000
1648646300.482101043,0,0.109000
1648646300.505166599,0,0.035000
1648646300.527966118,3,0.165000
1648646300.550954220,5,0.117000
1648646300.574202805,3,0.073000
1648646300.597720233,5,0.061000
1648646300.621026264,0,0.056000
1648646300.644166822,0,0.074000
1648646300.665948103,0,0.124000
1648646300.689022932,0,0.072000
1648646300.710702682,1,0.002000
1648646300.732432101,1,0.115000
1648646300.754862875,3,0.087000
1648646300.777440976,2,0.082000
1648646300.799252163,2,0.036000
1648646300.822452163,0,0.080000
1648646300.845920554,4,0.066000
1648646300.869313883,0,0.017000
1648646300.891195170,0,0.109000
1648646300.913287085,0,0.093000
1648646300.934842941,0,0.008000
1648646300.957849512,1,0.063000
1648646300.981263676,1,0.024000
1648646301.003039399,0,0.000000
1648646301.025565561,0,0.038000
1648646301.047095981,2,0.007000
1648646301.070194005,0,0.094000
1648646301.090928097,0,0.000000
1648646301.113241525,0,0.030000
1648646301.136538642,0,0.000000
1648646301.158989914,0,0.000000
1648646301.182702137,0,0.029000
1648646301.204766750,0,0.099000
1648646301.226931092,0,0.071000
1648646301.248651889,0,0.000000
1648646301.270902720,0,0.000000
1648646301.291986263,0,0.000000
1648646301.313468683,0,0.000000
1648646301.335016012,0,0.053000
1648646301.356652245,2,0.039000
1648646301.380323183,0,0.028000
1648646301.402323688,0,0.000000
1648646301.424015537,1,0.041000
1648646301.446103089,0,0.029000
1648646301.468473460,0,0.039000
1648646301.490157397,2,0.094000
1648646301.513525416,2,0.001000
1648646301.535318362,0,0.000000
1648646301.557086877,0,0.000000
1648646301.580178009,4,0.059000
1648646301.603128586,2,0.001000
1648646301.624534875,0,0.058000
1648646301.647444587,0,0.119000
1648646301.670508771,0,0.060000
1648646301.692424388,0,0.075000
1648646301.715634360,0,0.000000
1648646301.738854220,0,0.001000
1648646301.759912691,0,0.000000
1648646301.783248213,2,0.021000
1648646301.805808166,0,0.055000
1648646301.828309186,2,0.126000
1648646301.850090474,0,0.000000
1648646301.872598006,0,0.053000
1648646301.894711697,0,0.094000
1648646301.917351977,0,0.078000
1648646301.940497693,4,0.102000
1648646301.962352111,3,0.054000
1648646301.984887505,0,0.081000
1648646302.007766027,1,0.069000
1648646302.031141810,0,0.060000
1648646302.053012126,0,0.000000
1648646302.075436800,0,0.124000
1648646302.097566156,2,0.078000
1648646302.117603547,0,0.053000
1648646302.140850349,0,0.076000
1648646302.164204142,0,0.000000
1648646302.186263348,0,0.120000
1648646302.207943774,0,0.064000
1648646302.229814571,0,0.047000
1648646302.252897548,2,0.071000
1648646302.276337732,0,0.080000
1648646302.299270781,0,0.102000
1648646302.322509773,0,0.000000
1648646302.345498338,0,0.109000
1648646302.368707281,0,0.105000
1648646302.390332297,0,0.066000
1648646302.413166954,0,0.000000
1648646302.434777201,0,0.010000
1648646302.457928998,0,0.000000
1648646302.480252584,0,0.038000
1648646302.503349177,4,0.048000
1648646302.525412999,3,0.072000
1648646302.548573437,0,0.108000
1648646302.571994225,2,0.027000
1648646302.593383106,1,0.010000
1648646302.616314389,0,0.000000
1648646302.640150466,0,0.000000
1648646302.661902117,2,0.058000
1648646302.684634972,1,0.053000
1648646302.706129415,3,0.066000
1648646302.729102714,1,0.016000
1648646302.751577304,1,0.049000
1648646302.773442117,0,0.013000
1648646302.795817110,0,0.019000
1648646302.818506217,1,0.017000
1648646302.841627225,0,0.075000
1648646302.864863564,1,0.055000
1648646302.887792217,1,0.042000
1648646302.910874894,0,0.000000
1648646302.931350991,1,0.016000
1648646302.953433195,0,0.008000
1648646302.976304760,1,0.031000
1648646302.998383234,0,0.000000
1648646303.020247414,0,0.025000
1648646303.041740346,0,0.000000
1648646303.064763501,0,0.038000
1648646303.085579040,0,0.071000
1648646303.108367196,0,0.073000
1648646303.131585351,0,0.030000
1648646303.154307987,0,0.045000
1648646303.177793311,3,0.012000
1648646303.200066041,0,0.000000
1648646303.221979221,4,0.078000
1648646303.245426467,0,0.094000
1648646303.267239350,2,0.080000
1648646303.288649542,0,0.075000
1648646303.310530127,0,0.000000
1648646303.331985473,0,0.051000
1648646303.353745008,1,0.035000
1648646303.376679492,0,0.023000
1648646303.397617607,0,0.087000
1648646303.419466267,0,0.121000
1648646303.441076539,0,0.000000
1648646303.463474709,0,0.104000
1648646303.485868828,1,0.013000
1648646303.508168149,2,0.024000
1648646303.528261312,0,0.008000
1648646303.549153417,0,0.054000
1648646303.572489398,0,0.120000
1648646303.595048229,4,0.070000
1648646303.615813668,0,0.092000
1648646303.638665986,0,0.034000
1648646303.659192501,0,0.072000
1648646303.682545734,0,0.019000
1648646303.706049259,0,0.000000
1648646303.726386498,0,0.030000
1648646303.748290119,0,0.020000
1648646303.771581089,0,0.000000
1648646303.795384905,0,0.079000
1648646303.816490393,4,0.077000
1648646303.839259118,2,0.048000
1648646303.860523712,0,0.088000
1648646303.882701424,3,0.043000
1648646303.904523876,2,0.063000
1648646303.926620552,2,0.063000
1648646303.949096094,0,0.000000
1648646303.972200987,0,0.000000
1648646303.993872591,2,0.036000
1648646304.017681820,0,0.009000
1648646304.040418609,4,0.134000
1648646304.061504602,0,0.056000
1648646304.085278293,0,0.039000
1648646304.108628776,0,0.112000
1648646304.131489216,0,0.003000
1648646304.154349600,0,0.114000
1648646304.176348454,4,0.091000
1648646304.197878165,1,0.096000
1648646304.220712366,4,0.097000
1648646304.244323652,0,0.108000
1648646304.268020790,0,0.040000
1648646304.290663603,0,0.000000
1648646304.313547724,0,0.069000
1648646304.336588148,0,0.000000
1648646304.359646169,0,0.024000
1648646304.382861601,0,0.000000
1648646304.405906674,4,0.076000
1648646304.427321715,0,0.097000
1648646304.450724202,0,0.076000
1648646304.472678970,0,0.000000
1648646304.493333046,0,0.000000
1648646304.515374829,1,0.051000
1648646304.537223533,3,0.047000
1648646304.559112005,0,0.054000
1648646304.579316251,0,0.112000
1648646304.601454240,0,0.000000
1648646304.623822859,0,0.000000
1648646304.646127697,0,0.000000
1648646304.669012492,0,0.079000
1648646304.692002624,0,0.072000
1648646304.715491371,0,0.111000
1648646304.736798815,1,0.035000
1648646304.759483405,0,0.000000
1648646304.781782963,1,0.015000
1648646304.804005739,0,0.014000
1648646304.826634744,0,0.000000
1648646304.849761002,1,0.046000
1648646304.873004260,0,0.000000
1648646304.895532792,2,0.059000
1648646304.917965583,1,0.022000
1648646304.939486214,0,0.027000
1648646304.961274301,1,0.026000
1648646304.984770654,2,0.054000
1648646305.008101804,1,0.020000
1648646305.028126330,0,0.069000
1648646305.051549002,0,0.026000
1648646305.073534486,0,0.000000
1648646305.095647342,0,0.007000
1648646305.117002583,0,0.031000
1648646305.139311779,0,0.000000
1648646305.161924722,0,0.117000
1648646305.183849407,0,0.000000
1648646305.206430757,0,0.000000
1648646305.230200143,3,0.057000
1648646305.253177210,0,0.048000
1648646305.276356680,2,0.028000
1648646305.297789505,5,0.085000
1648646305.320564493,3,0.039000
1648646305.341718021,0,0.088000
1648646305.363481389,0,0.016000
1648646305.385807876,0,0.045000
1648646305.408154348,0,0.032000
1648646305.431237145,0,0.000000
1648646305.453441866,2,0.081000
1648646305.474074489,1,0.031000
1648646305.495979666,2,0.092000
1648646305.518484712,0,0.007000
1648646305.539533502,5,0.080000
1648646305.562180363,0,0.101000
1648646305.584696078,0,0.019000
1648646305.606194435,0,0.057000
1648646305.629655828,0,0.000000
1648646305.652446774,2,0.029000
1648646305.675487436,0,0.000000
1648646305.696832577,0,0.084000
1648646305.719262395,0,0.065000
1648646305.742105722,0,0.000000
1648646305.764818112,0,0.049000
1648646305.785866655,1,0.001000
1648646305.807764740,0,0.081000
1648646305.829295667,0,0.067000
1648646305.851180617,1,0.025000
1648646305.873559368,0,0.005000
1648646305.896345034,0,0.000000
1648646305.919198256,0,0.081000
1648646305.940313824,0,0.020000
1648646305.963443986,4,0.115000
1648646305.984756505,4,0.056000
1648646306.007142830,2,0.001000
1648646306.029146846,0,0.033000
1648646306.052579405,0,0.048000
1648646306.074432969,2,0.032000
1648646306.097101395,2,0.027000
1648646306.119485635,0,0.000000
1648646306.141175754,1,0.002000
1648646306.163393991,3,0.085000
1648646306.185504631,0,0.105000
1648646306.207929726,0,0.130000
1648646306.229552126,1,0.001000
1648646306.252176304,1,0.075000
1648646306.275507227,0,0.084000
1648646306.298316488,0,0.000000
1648646306.321207617,1,0.027000
1648646306.343864478,0,0.000000
1648646306.366094712,0,0.042000
1648646306.388122695,0,0.074000
1648646306.411255173,0,0.000000
1648646306.431090167,0,0.000000
1648646306.453465273,0,0.006000
1648646306.474863762,4,0.056000
1648646306.497341017,0,0.060000
1648646306.520658789,2,0.037000
1648646306.542870527,0,0.000000
1648646306.565531338,0,0.000000
1648646306.587217279,0,0.051000
1648646306.610733716,0,0.015000
1648646306.632764470,2,0.050000
1648646306.654424773,0,0.000000
1648646306.676763234,0,0.054000
1648646306.697793295,0,0.088000
1648646306.719608724,6,0.084000
1648646306.742028665,1,0.070000
1648646306.764564770,0,0.082000
1648646306.786958389,1,0.019000
1648646306.810298793,0,0.000000
1648646306.833420810,4,0.077000
1648646306.854621560,0,0.110000
1648646306.876758989,0,0.062000
1648646306.898385970,3,0.053000
1648646306.921044608,0,0.055000
1648646306.943859298,5,0.059000
1648646306.966963701,0,0.168000
1648646306.988336782,0,0.109000
1648646307.009964259,0,0.070000
1648646307.030968776,3,0.073000
1648646307.052449817,0,0.000000
1648646307.074551471,0,0.000000
1648646307.096844679,0,0.113000
1648646307.120030483,0,0.060000
1648646307.142302929,0,0.102000
1648646307.163851533,3,0.024000
1648646307.186527514,0,0.140000
1648646307.209259575,0,0.000000
1648646307.230572269,0,0.018000
1648646307.252878212,0,0.080000
1648646307.274655204,1,0.000000
1648646307.295794026,0,0.044000
1648646307.319076067,1,0.025000
1648646307.341563723,4,0.086000
1648646307.364287719,0,0.023000
1648646307.385126667,0,0.069000
1648646307.407845628,3,0.044000
1648646307.429348018,0,0.006000
1648646307.451656837,0,0.060000
1648646307.474770726,0,0.112000
1648646307.496780296,0,0.000000
1648646307.518310295,0,0.000000
1648646307.541556998,0,0.091000
1648646307.562929047,0,0.022000
1648646307.585864970,0,0.044000
1648646307.607180408,0,0.081000
1648646307.630044388,0,0.000000
1648646307.651988898,0,0.069000
1648646307.673680375,0,0.000000
1648646307.695429330,0,0.081000
1648646307.717054049,0,0.019000
1648646307.739739372,0,0.000000
1648646307.762120298,0,0.109000
1648646307.782068697,0,0.111000
1648646307.803781624,0,0.019000
1648646307.827498112,0,0.000000
1648646307.850965745,1,0.002000
1648646307.874342118,1,0.008000
1648646307.897119605,0,0.035000
1648646307.919820350,0,0.020000
1648646307.942056586,0,0.000000
1648646307.964997831,0,0.004000
1648646307.987830859,0,0.000000
1648646308.010681446,0,0.074000
1648646308.032951872,0,0.033000
1648646308.053968571,0,0.037000
1648646308.076317769,0,0.038000
1648646308.097947946,0,0.097000
1648646308.118915180,0,0.000000
1648646308.140908336,1,0.071000
1648646308.163001734,0,0.000000
1648646308.184653802,0,0.000000
1648646308.205720079,3,0.069000
1648646308.229108076,0,0.001000
1648646308.250349047,0,0.034000
1648646308.272787240,0,0.124000
1648646308.294579692,3,0.031000
1648646308.316852746,2,0.054000
1648646308.339704106,4,0.055000
1648646308.362679540,0,0.006000
1648646308.385485313,0,0.025000
1648646308.408147172,0,0.081000
1648646308.429890214,0,0.169000
1648646308.452302763,2,0.000000
1648646308.474269472,0,0.048000
1648646308.496558743,1,0.002000
1648646308.520523075,2,0.047000
1648646308.543908361,0,0.053000
1648646308.566436691,0,0.080000
1648646308.589413290,0,0.000000
1648646308.610419577,0,0.044000
1648646308.632128825,0,0.001000
1648646308.655935523,1,0.001000
1648646308.677645192,1,0.027000
1648646308.699865118,0,0.072000
1648646308.722279239,0,0.063000
1648646308.743813694,0,0.077000
1648646308.765244136,0,0.013000
1648646308.787314393,0,0.000000
1648646308.810500601,0,0.019000
1648646308.833365546,0,0.008000
1648646308.853731751,0,0.006000
1648646308.875814725,2,0.028000
1648646308.897064478,3,0.047000
1648646308.919136132,0,0.000000
1648646308.941465876,0,0.000000
1648646308.963591025,0,0.009000
1648646308.985222534,0,0.082000
1648646309.007508964,0,0.000000
1648646309.030214333,0,0.000000
1648646309.053152898,5,0.075000
1648646309.074759181,0,0.026000
1648646309.096454928,0,0.082000
1648646309.117074690,0,0.034000
1648646309.139304375,0,0.068000
1648646309.160474885,0,0.125000
1648646309.183481312,1,0.039000
1648646309.205664341,1,0.037000
1648646309.226472170,0,0.036000
1648646309.249384914,0,0.052000
1648646309.272681557,1,0.000000
1648646309.294415298,0,0.106000
1648646309.317818986,2,0.038000
1648646309.340256419,0,0.018000
1648646309.362040047,0,0.067000
1648646309.383532232,0,0.000000
1648646309.406485380,3,0.066000
1648646309.426738963,3,0.023000
1648646309.448562224,0,0.081000
1648646309.471383166,1,0.021000
1648646309.494111397,4,0.059000
1648646309.517110828,1,0.007000
1648646309.539344763,0,0.000000
1648646309.561350407,1,0.004000
1648646309.584899315,0,0.000000
1648646309.607808721,0,0.000000
1648646309.629221972,0,0.000000
1648646309.650921349,0,0.010000
1648646309.673808959,0,0.031000
1648646309.694690675,1,0.023000
1648646309.717483890,0,0.099000
1648646309.739695791,3,0.024000
1648646309.760671459,1,0.000000
1648646309.783052505,0,0.044000
1648646309.804496398,1,0.006000
1648646309.826469254,4,0.064000
1648646309.848392039,0,0.071000
1648646309.871159053,0,0.092000
1648646309.893308646,1,0.026000
1648646309.915531802,2,0.074000
1648646309.938750811,0,0.031000
1648646309.961671463,0,0.090000
1648646309.983342532,0,0.091000
1648646310.005530653,0,0.018000
1648646310.029162870,1,0.024000
1648646310.050373227,0,0.069000
1648646310.073083982,1,0.056000
1648646310.094388488,0,0.071000
1648646310.116664688,2,0.059000
1648646310.139695578,0,0.096000
1648646310.161542804,0,0.065000
1648646310.183379691,0,0.042000
1648646310.206895735,0,0.134000
1648646310.229507481,5,0.114000
1648646310.250892350,0,0.113000
1648646310.273320695,0,0.036000
1648646310.295871303,1,0.062000
1648646310.316023642,0,0.000000
1648646310.338304388,0,0.132000
1648646310.361633959,0,0.010000
1648646310.382869555,0,0.000000
1648646310.405076057,0,0.000000
1648646310.428245185,6,0.115000
1648646310.451843358,0,0.124000
1648646310.474912241,0,0.000000
1648646310.495470952,0,0.087000
1648646310.517170784,3,0.066000
1648646310.538658359,1,0.017000
1648646310.561353522,0,0.000000
1648646310.583972010,2,0.040000
1648646310.606617051,2,0.048000
1648646310.629118312,0,0.127000
1648646310.651903427,6,0.090000
1648646310.672918711,4,0.051000
1648646310.694478875,1,0.025000
1648646310.717793182,0,0.000000
1648646310.740173862,2,0.028000
1648646310.762724053,2,0.051000
1648646310.785220699,2,0.050000
1648646310.806956278,0,0.047000
1648646310.829928912,0,0.037000
1648646310.850413032,0,0.019000
1648646310.871566183,0,0.073000
1648646310.894417132,3,0.058000
1648646310.916618392,0,0.036000
1648646310.940112924,0,0.022000
1648646310.961502689,0,0.082000
1648646310.982581373,0,0.137000
1648646311.005507473,2,0.055000
1648646311.027155441,1,0.060000
1648646311.049354611,0,0.000000
1648646311.072017835,0,0.056000
1648646311.092907204,0,0.097000
1648646311.114991140,0,0.071000
1648646311.135931800,3,0.039000
1648646311.158390010,0,0.000000
1648646311.181493344,0,0.064000
1648646311.203670590,0,0.003000
1648646311.227105484,0,0.064000
1648646311.249165486,3,0.053000
1648646311.271615493,0,0.075000
1648646311.291865801,1,0.012000
1648646311.314238565,0,0.071000
1648646311.336403631,3,0.047000
1648646311.358541924,0,0.089000
1648646311.381303422,0,0.010000
1648646311.404386826,3,0.041000
1648646311.426408246,0,0.000000
1648646311.448006458,0,0.051000
1648646311.470493366,3,0.059000
1648646311.491821377,0,0.101000
1648646311.513196323,0,0.038000
1648646311.534873190,0,0.064000
1648646311.557164751,0,0.095000
1648646311.580442192,0,0.024000
1648646311.602860909,1,0.017000
1648646311.624408027,0,0.149000
1648646311.647887052,1,0.087000
1648646311.670473324,0,0.117000
1648646311.693194396,0,0.058000
1648646311.714648008,0,0.065000
1648646311.736936620,0,0.092000
1648646311.757296422,0,0.100000
1648646311.777765543,0,0.033000
1648646311.800407653,0,0.007000
1648646311.823068098,2,0.058000
1648646311.845013072,0,0.045000
1648646311.868475122,1,0.028000
1648646311.889781402,0,0.026000
1648646311.911945191,0,0.000000
1648646311.933677520,3,0.015000
1648646311.954442041,0,0.085000
1648646311.976446054,0,0.085000
1648646311.997042415,0,0.130000
1648646312.019878817,2,0.050000
1648646312.041126493,4,0.074000
1648646312.063185409,0,0.066000
1648646312.087107784,0,0.040000
1648646312.109455345,0,0.083000
1648646312.131740436,3,0.049000
1648646312.153542322,0,0.067000
1648646312.174303709,0,0.026000
1648646312.198009031,0,0.078000
1648646312.218913438,0,0.102000
1648646312.240660714,0,0.000000
1648646312.262380025,1,0.001000
1648646312.284877527,1,0.031000
1648646312.305224990,0,0.067000
1648646312.328508899,0,0.008000
1648646312.349087588,0,0.000000
1648646312.370816451,0,0.072000
1648646312.391532224,4,0.023000
1648646312.413924120,0,0.060000
1648646312.436648241,0,0.104000
1648646312.459052608,0,0.000000
1648646312.480272711,4,0.027000
1648646312.503746764,1,0.019000
1648646312.526079572,2,0.006000
1648646312.549892719,0,0.000000
1648646312.572136459,0,0.012000
1648646312.592391212,0,0.100000
1648646312.615668488,0,0.011000
1648646312.638556317,0,0.090000
1648646312.661534893,0,0.001000
1648646312.684180240,0,0.100000
1648646312.706507615,0,0.055000
1648646312.727628302,1,0.024000
1648646312.750583490,0,0.083000
1648646312.772828994,0,0.016000
1648646312.795161598,0,0.000000
1648646312.817965289,0,0.041000
1648646312.840892911,1,0.044000
1648646312.863110213,0,0.000000
1648646312.885429203,2,0.032000
1648646312.908779513,0,0.065000
1648646312.930219095,0,0.000000
1648646312.949845955,1,0.034000
1648646312.970149856,2,0.018000
1648646312.993016177,0,0.000000
1648646313.015700909,0,0.071000
1648646313.037710374,0,0.043000
1648646313.060509786,0,0.000000
1648646313.080690172,1,0.041000
1648646313.102064892,1,0.027000
1648646313.124052835,1,0.045000
1648646313.146151696,0,0.071000
1648646313.170047396,0,0.066000
1648646313.192421578,0,0.070000
1648646313.214446326,0,0.000000
1648646313.236246403,0,0.114000
1648646313.258963670,1,0.037000
1648646313.283193663,0,0.004000
1648646313.307271236,0,0.000000
1648646313.329256818,1,0.023000
1648646313.351737363,0,0.027000
1648646313.372978434,0,0.000000
1648646313.394977906,0,0.048000
1648646313.417740277,0,0.000000
1648646313.439239473,0,0.000000
1648646313.461574403,1,0.017000
1648646313.483389812,1,0.026000
1648646313.506544106,0,0.000000
1648646313.528322101,1,0.000000
1648646313.550791998,0,0.024000
1648646313.572367210,0,0.029000
1648646313.595453034,0,0.047000
1648646313.618292205,0,0.039000
1648646313.640244080,0,0.014000
1648646313.664104640,0,0.035000
1648646313.685388988,0,0.006000
1648646313.707305370,0,0.006000
1648646313.730480433,0,0.082000
1648646313.752044312,1,0.002000
1648646313.775110562,0,0.000000
1648646313.798118738,2,0.075000
1648646313.820068915,0,0.034000
1648646313.841894078,2,0.048000
1648646313.862687807,0,0.076000
1648646313.883547095,2,0.062000
1648646313.906184454,1,0.071000
1648646313.928212915,0,0.100000
1648646313.949169641,0,0.067000
1648646313.972264382,5,0.066000
1648646313.995437084,0,0.014000
1648646314.017745039,2,0.012000
1648646314.040056630,2,0.031000
1648646314.061089688,1,0.067000
1648646314.083331695,5,0.066000
1648646314.105506110,0,0.000000
1648646314.128397127,0,0.000000
1648646314.150134068,1,0.000000
1648646314.172831270,1,0.039000
1648646314.195056222,0,0.082000
1648646314.217475797,0,0.021000
1648646314.240387276,0,0.091000
1648646314.262072877,5,0.094000
1648646314.284274648,1,0.002000
1648646314.307360011,0,0.015000
1648646314.328348833,1,0.048000
1648646314.351343871,0,0.042000
1648646314.371825558,4,0.050000
1648646314.393471196,4,0.081000
1648646314.414091704,0,0.000000
1648646314.437251237,0,0.000000
1648646314.460504430,0,0.024000
1648646314.481151487,0,0.083000
1648646314.503666853,0,0.000000
1648646314.526284173,1,0.034000
1648646314.548933827,2,0.056000
1648646314.570901639,1,0.002000
1648646314.593290437,0,0.020000
1648646314.615988631,3,0.088000
1648646314.638979340,0,0.059000
1648646314.662099918,2,0.002000
1648646314.684468012,0,0.013000
1648646314.707287889,0,0.027000
1648646314.728418306,0,0.149000
1648646314.750353636,0,0.032000
1648646314.772771671,3,0.044000
1648646314.795227080,0,0.066000
1648646314.818323783,0,0.000000
1648646314.840133926,4,0.088000
1648646314.862958861,0,0.000000
1648646314.882918310,0,0.000000
1648646314.904442022,0,0.000000
1648646314.926634374,0,0.000000
1648646314.949598887,0,0.000000
1648646314.971538177,1,0.055000
1648646314.993333990,3,0.150000
1648646315.015460469,0,0.037000
1648646315.037561997,0,0.000000
1648646315.059960837,0,0.092000
1648646315.081635140,0,0.123000
1648646315.102509046,0,0.074000
1648646315.124488270,0,0.042000
1648646315.147252665,0,0.000000
1648646315.169539617,0,0.084000
1648646315.191967083,0,0.000000
1648646315.214265836,3,0.043000
1648646315.235758388,2,0.028000
1648646315.257432485,0,0.068000
1648646315.280956719,0,0.127000
1648646315.302123702,0,0.050000
1648646315.325175289,0,0.069000
1648646315.348291107,2,0.075000
1648646315.371444273,0,0.063000
1648646315.393038811,0,0.075000
1648646315.415324814,0,0.000000
1648646315.437195161,0,0.011000
1648646315.460438107,2,0.035000
1648646315.483871610,0,0.056000
1648646315.504790844,0,0.021000
1648646315.526324618,0,0.117000
1648646315.546850337,0,0.000000
1648646315.569899084,0,0.000000
1648646315.593011625,0,0.029000
1648646315.614770275,4,0.070000
1648646315.637350654,0,0.054000
1648646315.658380790,0,0.108000
1648646315.681396212,0,0.022000
1648646315.703576489,0,0.101000
1648646315.727040071,0,0.087000
1648646315.750290808,2,0.038000
1648646315.771205789,0,0.019000
1648646315.794041626,5,0.057000
1648646315.817437358,1,0.027000
1648646315.838839430,0,0.069000
1648646315.860575670,0,0.133000
1648646315.882398882,2,0.032000
1648646315.905996867,0,0.082000
1648646315.926887568,2,0.072000
1648646315.949957100,0,0.110000
1648646315.971769609,5,0.084000
1648646315.995689644,5,0.110000
1648646316.016351438,0,0.047000
1648646316.038794427,2,0.045000
1648646316.060971162,0,0.055000
1648646316.084594307,0,0.099000
1648646316.106315623,1,0.026000
1648646316.127972009,1,0.031000
1648646316.149806045,0,0.030000
1648646316.171442595,0,0.066000
1648646316.193424700,1,0.051000
1648646316.216807144,0,0.000000
1648646316.240028613,0,0.000000
1648646316.262163071,0,0.000000
1648646316.284938977,0,0.000000
1648646316.305364811,0,0.000000
1648646316.329333206,0,0.000000
1648646316.350560748,1,0.041000
1648646316.373335755,1,0.035000
1648646316.395257918,0,0.001000
1648646316.417389027,0,0.000000
1648646316.440344715,0,0.000000
1648646316.463073495,0,0.019000
1648646316.485715573,0,0.078000
1648646316.509285316,5,0.051000
1648646316.532413666,0,0.000000
1648646316.556237078,0,0.011000
1648646316.577465893,0,0.015000
1648646316.600891211,0,0.045000
1648646316.622772435,0,0.000000
1648646316.644733257,1,0.033000
1648646316.668164437,0,0.025000
1648646316.691430692,0,0.000000
1648646316.713050696,0,0.076000
1648646316.734585143,0,0.069000
1648646316.756132339,0,0.000000
1648646316.778610465,0,0.079000
1648646316.799668746,0,0.068000
1648646316.821284227,0,0.067000
1648646316.842958839,2,0.014000
1648646316.864109358,1,0.030000
1648646316.884883683,0,0.000000
1648646316.907665839,0,0.070000
1648646316.929866732,0,0.050000
1648646316.953406743,0,0.010000
1648646316.975016054,1,0.002000
1648646316.998143493,0,0.057000
1648646317.021478792,1,0.001000
1648646317.042842937,0,0.108000
1648646317.065142403,0,0.081000
1648646317.087075516,2,0.064000
1648646317.109609727,3,0.020000
1648646317.131873787,0,0.137000
1648646317.154247201,0,0.080000
1648646317.177845931,3,0.079000
1648646317.200778698,1,0.009000
1648646317.222942946,0,0.015000
1648646317.245982449,0,0.014000
1648646317.268925088,2,0.042000
1648646317.290783610,3,0.053000
1648646317.312948830,0,0.063000
1648646317.336325687,0,0.083000
1648646317.359251086,2,0.050000
1648646317.381668418,0,0.048000
1648646317.403294098,0,0.025000
1648646317.425992433,4,0.105000
1648646317.449241684,0,0.006000
1648646317.472401097,0,0.000000
1648646317.491643816,0,0.055000
1648646317.515120397,0,0.026000
1648646317.537196884,3,0.056000
1648646317.559189366,3,0.027000
1648646317.581025760,4,0.048000
1648646317.602900008,0,0.048000
1648646317.624866914,1,0.013000
1648646317.646821628,0,0.000000
1648646317.669451796,0,0.064000
1648646317.690228837,0,0.078000
1648646317.711824280,0,0.092000
1648646317.734871062,0,0.090000
1648646317.757785068,0,0.075000
1648646317.780183996,0,0.074000
1648646317.803287327,0,0.034000
1648646317.825223331,0,0.067000
1648646317.848850099,2,0.055000
1648646317.870448486,0,0.120000
1648646317.893071391,1,0.001000
1648646317.913452820,0,0.000000
1648646317.935847092,1,0.017000
1648646317.956613403,1,0.005000
1648646317.978863415,0,0.107000
1648646318.002220499,0,0.014000
1648646318.023989404,0,0.105000
1648646318.047162596,0,0.079000
1648646318.069524520,0,0.052000
1648646318.091542837,0,0.001000
1648646318.112907095,0,0.099000
1648646318.133454652,0,0.016000
1648646318.155329504,0,0.084000
1648646318.176835782,0,0.060000
1648646318.199811083,0,0.025000
1648646318.222464651,0,0.106000
1648646318.245306804,1,0.043000
1648646318.267176690,2,0.085000
1648646318.290321245,2,0.042000
1648646318.313065807,0,0.087000
1648646318.334072577,0,0.067000
1648646318.356212132,0,0.078000
1648646318.378883922,0,0.081000
1648646318.401824465,0,0.000000
1648646318.423438247,0,0.096000
1648646318.446120477,1,0.066000
1648646318.468868306,0,0.088000
1648646318.491421699,0,0.042000
1648646318.513557711,3,0.044000
1648646318.533836019,4,0.095000
1648646318.557319786,0,0.071000
1648646318.580190351,0,0.107000
1648646318.602006338,3,0.084000
1648646318.624081370,0,0.027000
1648646318.647160005,0,0.000000
1648646318.670730037,0,0.000000
1648646318.693887542,2,0.039000
1648646318.716267307,0,0.000000
1648646318.738408023,2,0.066000
1648646318.760526325,0,0.086000
1648646318.782194346,0,0.069000
1648646318.804340027,0,0.000000
1648646318.826257993,0,0.000000
1648646318.847457262,1,0.022000
1648646318.869906643,0,0.000000
1648646318.890966074,0,0.045000
1648646318.913184511,1,0.005000
1648646318.935534665,0,0.064000
1648646318.957491606,0,0.000000
1648646318.979764295,0,0.059000
1648646319.002333940,2,0.070000
1648646319.025552024,5,0.106000
1648646319.047663416,4,0.073000
1648646319.069258212,0,0.091000
1648646319.091906900,0,0.067000
1648646319.114681793,0,0.071000
1648646319.137183361,1,0.027000
1648646319.158197173,1,0.028000
1648646319.179395735,0,0.014000
1648646319.203237697,1,0.029000
1648646319.225754436,3,0.056000
1648646319.248573623,0,0.000000
1648646319.270825179,0,0.000000
1648646319.290621440,0,0.000000
1648646319.312995863,0,0.025000
1648646319.336062057,2,0.037000
1648646319.358547656,3,0.055000
1648646319.381725400,0,0.044000
1648646319.403377679,0,0.093000
1648646319.424861089,0,0.106000
1648646319.447522371,0,0.084000
1648646319.469165294,0,0.107000
1648646319.491890750,0,0.007000
1648646319.515073798,0,0.055000
1648646319.537851615,3,0.051000
1648646319.560354807,0,0.000000
1648646319.581554428,1,0.034000
1648646319.604365379,1,0.023000
1648646319.627097031,0,0.001000
1648646319.649501517,1,0.027000
1648646319.670441345,0,0.019000
1648646319.694019438,0,0.000000
1648646319.716186875,1,0.001000
1648646319.738350153,0,0.047000
1648646319.759884884,0,0.000000
1648646319.781709064,0,0.035000
1648646319.803790012,0,0.006000
1648646319.824266451,0,0.001000
1648646319.846244903,0,0.008000
1648646319.869241421,2,0.034000
1648646319.890915356,0,0.117000
1648646319.912940786,2,0.074000
1648646319.935250006,0,0.022000
1648646319.957671654,0,0.000000
1648646319.980778592,0,0.075000
1648646320.002840880,1,0.020000
1648646320.025207400,0,0.000000
1648646320.048255059,0,0.070000
1648646320.070645480,0,0.108000
1648646320.093186286,0,0.017000
1648646320.112663274,1,0.020000
1648646320.134122325,0,0.067000
1648646320.156891602,0,0.018000
1648646320.180702593,0,0.004000
1648646320.203790326,0,0.000000
1648646320.225998016,0,0.027000
1648646320.247882830,0,0.000000
1648646320.268578524,0,0.043000
1648646320.291337418,0,0.087000
1648646320.314218186,0,0.000000
1648646320.336509494,0,0.029000
1648646320.360476081,0,0.000000
1648646320.382404118,0,0.050000
1648646320.403577310,0,0.035000
1648646320.425354303,0,0.082000
1648646320.446992022,0,0.000000
1648646320.469526744,3,0.044000
1648646320.492673736,0,0.012000
1648646320.515873637,0,0.021000
1648646320.538258395,0,0.000000
1648646320.560236170,0,0.069000
1648646320.581933206,0,0.135000
1648646320.605833663,0,0.000000
1648646320.627156427,1,0.030000
1648646320.649100305,0,0.089000
1648646320.669702285,0,0.090000
1648646320.692465313,1,0.022000
1648646320.716155559,0,0.000000
1648646320.738522040,1,0.088000
1648646320.759023356,3,0.052000
1648646320.780384904,2,0.054000
1648646320.803402641,0,0.019000
1648646320.824084182,1,0.007000
1648646320.846168656,0,0.077000
1648646320.869412874,0,0.040000
1648646320.891433273,0,0.053000
1648646320.912019451,0,0.000000
1648646320.933951403,0,0.066000
1648646320.956767709,0,0.029000
1648646320.977785469,4,0.098000
1648646320.999255648,0,0.059000
1648646321.022305549,0,0.005000
1648646321.044436925,0,0.023000
1648646321.065276145,1,0.055000
1648646321.087107887,0,0.088000
1648646321.109548216,3,0.058000
1648646321.130473932,0,0.000000
1648646321.152917686,3,0.081000
1648646321.176041227,4,0.063000
1648646321.198618259,0,0.062000
1648646321.219825047,2,0.040000
1648646321.242423995,0,0.000000
1648646321.263375294,0,0.065000
1648646321.286038947,3,0.059000
1648646321.308189366,2,0.041000
1648646321.330340166,0,0.055000
1648646321.352861660,2,0.011000
1648646321.375010405,2,0.051000
1648646321.396782503,1,0.001000
1648646321.420216414,0,0.015000
1648646321.441642982,0,0.120000
1648646321.462422947,0,0.046000
1648646321.484205998,0,0.063000
1648646321.506228649,0,0.079000
1648646321.527994020,0,0.044000
1648646321.549649929,2,0.033000
1648646321.571249289,0,0.045000
1648646321.594486603,0,0.001000
1648646321.616653169,0,0.000000
1648646321.638294192,0,0.047000
1648646321.660307765,0,0.097000
1648646321.682264300,0,0.026000
1648646321.704819058,1,0.028000
1648646321.727028741,2,0.052000
1648646321.748826316,0,0.000000
1648646321.772083830,0,0.015000
1648646321.794858861,0,0.053000
1648646321.815223451,0,0.000000
1648646321.838338065,2,0.025000
1648646321.861219136,0,0.059000
1648646321.884028450,0,0.025000
1648646321.906883891,0,0.008000
1648646321.929359457,0,0.002000
1648646321.950886694,0,0.000000
1648646321.973438436,0,0.127000
1648646321.994676966,3,0.030000
1648646322.016754747,0,0.000000
1648646322.040086935,0,0.000000
1648646322.062427087,0,0.000000
1648646322.085204200,0,0.000000
1648646322.108442245,0,0.014000
1648646322.130886225,0,0.000000
1648646322.152615183,0,0.038000
1648646322.174361972,4,0.038000
1648646322.197154730,0,0.075000
1648646322.219978377,0,0.125000
1648646322.242695507,1,0.024000
1648646322.264870205,1,0.023000
1648646322.287830075,0,0.069000
1648646322.310971614,2,0.002000
1648646322.333669705,0,0.103000
1648646322.355189140,6,0.126000
1648646322.376949189,0,0.081000
1648646322.397915046,1,0.027000
1648646322.419655750,0,0.011000
1648646322.441992935,1,0.048000
1648646322.465277865,0,0.100000
1648646322.487332182,0,0.017000
1648646322.509504916,0,0.000000
1648646322.531175168,0,0.000000
1648646322.553309013,0,0.001000
1648646322.576544529,0,0.070000
1648646322.598751572,4,0.085000
1648646322.621548481,3,0.059000
1648646322.643707926,0,0.071000
1648646322.665202763,0,0.000000
1648646322.687289059,3,0.041000
1648646322.709491608,3,0.071000
1648646322.732004637,0,0.080000
1648646322.752978139,0,0.064000
1648646322.773546841,0,0.030000
1648646322.794881278,0,0.000000
1648646322.817580587,0,0.101000
1648646322.838286393,4,0.060000
1648646322.859720424,0,0.000000
1648646322.882678800,1,0.039000
1648646322.905147570,1,0.016000
1648646322.927313168,0,0.073000
1648646322.948845302,3,0.051000
1648646322.971695601,1,0.042000
1648646322.994133422,0,0.068000
1648646323.016317500,0,0.066000
1648646323.036713107,0,0.091000
1648646323.058399456,0,0.039000
1648646323.080020315,3,0.017000
1648646323.101500373,0,0.096000
1648646323.124475091,0,0.037000
1648646323.145592450,0,0.078000
1648646323.168680403,0,0.000000
1648646323.191474004,3,0.074000
1648646323.211679027,0,0.046000
1648646323.233780611,0,0.076000
1648646323.253420712,0,0.000000
1648646323.274508554,2,0.052000
1648646323.294807640,0,0.063000
1648646323.317008672,0,0.071000
1648646323.339246173,3,0.056000
1648646323.362055510,0,0.042000
1648646323.383721362,3,0.030000
1648646323.407067346,1,0.001000
1648646323.429263098,0,0.000000
1648646323.451020611,2,0.141000
1648646323.473147395,0,0.030000
1648646323.495995192,0,0.103000
1648646323.518418749,0,0.066000
1648646323.540671508,3,0.072000
1648646323.563361469,3,0.024000
1648646323.585387254,0,0.000000
1648646323.607810991,0,0.132000
1648646323.628834811,0,0.067000
1648646323.651001373,0,0.072000
1648646323.672554185,3,0.074000
1648646323.695116171,3,0.042000
1648646323.718072999,1,0.002000
1648646323.739977858,2,0.020000
1648646323.761841583,0,0.116000
1648646323.783699271,0,0.136000
1648646323.807314634,3,0.038000
1648646323.829928139,2,0.040000
1648646323.851427040,0,0.136000
1648646323.873579224,0,0.082000
1648646323.895311779,2,0.005000
1648646323.918573839,3,0.034000
1648646323.942360725,0,0.001000
1648646323.965061973,0,0.042000
1648646323.986973161,0,0.054000
1648646324.009574571,0,0.046000
1648646324.032015848,1,0.001000
1648646324.054792007,1,0.038000
1648646324.077242907,4,0.075000
1648646324.099434430,4,0.058000
1648646324.121478947,0,0.106000
1648646324.142742230,4,0.052000
1648646324.164469700,0,0.023000
1648646324.188150796,0,0.002000
1648646324.210185961,1,0.014000
1648646324.229828334,0,0.000000
1648646324.251298143,0,0.000000
1648646324.272951763,2,0.032000
1648646324.294194856,0,0.056000
1648646324.316930910,0,0.060000
1648646324.338883051,0,0.059000
1648646324.360906255,4,0.120000
1648646324.383690521,5,0.068000
1648646324.404988318,0,0.057000
1648646324.427076892,0,0.071000
1648646324.448809487,2,0.058000
1648646324.471085508,0,0.044000
1648646324.494321003,0,0.086000
1648646324.517614343,5,0.058000
1648646324.540672861,0,0.073000
1648646324.562807667,0,0.075000
1648646324.584892977,0,0.099000
1648646324.609121474,0,0.000000
1648646324.632325173,0,0.097000
1648646324.653111787,0,0.063000
1648646324.674776948,0,0.069000
1648646324.697910938,1,0.018000
1648646324.720504654,0,0.000000
1648646324.743380963,0,0.000000
1648646324.765147471,0,0.079000
1648646324.787420608,0,0.000000
1648646324.809419528,0,0.028000
1648646324.830998851,0,0.009000
1648646324.853400816,1,0.027000
1648646324.874548598,5,0.114000
1648646324.897590577,0,0.098000
1648646324.920606456,4,0.079000
1648646324.943404373,0,0.099000
1648646324.966545561,0,0.031000
1648646324.986115456,6,0.061000
1648646325.008437278,0,0.086000
1648646325.029575335,4,0.113000
1648646325.050828810,0,0.047000
1648646325.072348433,0,0.043000
1648646325.094013120,0,0.064000
1648646325.116086182,3,0.088000
1648646325.138989449,2,0.063000
1648646325.162446720,0,0.023000
1648646325.184439834,0,0.077000
1648646325.206860307,0,0.042000
1648646325.229330811,0,0.000000
1648646325.251523808,3,0.022000
1648646325.273138436,0,0.000000
1648646325.296308591,0,0.000000
1648646325.316590471,0,0.093000
1648646325.338888660,0,0.000000
1648646325.360423078,0,0.044000
1648646325.382835408,0,0.027000
1648646325.406228558,0,0.000000
1648646325.427062316,0,0.064000
1648646325.448324345,0,0.000000
1648646325.470575583,1,0.017000
1648646325.493592226,2,0.041000
1648646325.515833686,3,0.053000
1648646325.538242272,0,0.069000
1648646325.560671024,1,0.027000
1648646325.584040107,0,0.122000
1648646325.606365395,0,0.096000
1648646325.629509886,1,0.044000
1648646325.652445298,1,0.000000
1648646325.674767880,2,0.045000
1648646325.697852915,1,0.001000
1648646325.720802680,3,0.064000
1648646325.741898231,0,0.036000
1648646325.764831011,0,0.000000
1648646325.787397576,0,0.006000
1648646325.810193431,0,0.000000
1648646325.831482845,2,0.016000
1648646325.852054769,0,0.082000
1648646325.874501680,0,0.000000
1648646325.896966519,0,0.027000
1648646325.918275399,2,0.054000
1648646325.941094035,0,0.018000
1648646325.962932593,0,0.001000
1648646325.984418040,0,0.001000
1648646326.006535909,0,0.001000
1648646326.028798108,0,0.001000
1648646326.051144637,0,0.001000
1648646326.072799395,0,0.001000
1648646326.095371533,0,0.001000
1648646326.116561631,0,0.001000
1648646326.138495533,0,0.001000
