1648654490.942645923,0,0.001000
1648654490.966944799,0,0.001000
1648654490.987368810,0,0.001000
1648654491.009308787,0,0.001000
1648654491.031601515,0,0.001000
1648654491.053655187,0,0.001000
1648654491.073518064,0,0.001000
1648654491.095368815,0,0.001000
1648654491.117359605,0,0.001000
1648654491.138713948,0,0.001000
1648654491.160870591,0,0.001000
1648654491.182960314,0,0.001000
1648654491.205233685,0,0.001000
1648654491.227416545,0,0.001000
1648654491.247988296,0,0.001000
1648654491.269454124,0,0.001000
1648654491.292031375,0,0.001000
1648654491.312692266,0,0.001000
1648654491.335291323,0,0.001000
1648654491.358390801,25,0.348000
1648654491.380658410,38,0.458000
1648654491.401445000,4,0.051000
1648654491.423510036,0,0.000000
1648654491.446465370,0,0.004000
1648654491.469281662,0,0.000000
1648654491.492170433,0,0.000000
1648654491.514960398,0,0.005000
1648654491.536926745,0,0.000000
1648654491.558932995,0,0.000000
1648654491.580623967,0,0.000000
1648654491.603105603,0,0.005000
1648654491.624971519,0,0.000000
1648654491.648233000,0,0.000000
1648654491.669900010,0,0.000000
1648654491.693022352,0,0.000000
1648654491.716044805,0,0.000000
1648654491.737651724,0,0.000000
1648654491.760073760,0,0.000000
1648654491.781918517,0,0.001000
1648654491.805236988,0,0.000000
1648654491.826988592,0,0.000000
1648654491.849319593,0,0.000000
1648654491.871760990,0,0.000000
1648654491.893317720,0,0.000000
1648654491.916607956,0,0.000000
1648654491.938636791,0,0.000000
1648654491.962113648,0,0.000000
1648654491.985544246,0,0.000000
1648654492.007901984,0,0.000000
1648654492.030692087,0,0.000000
1648654492.052766557,0,0.000000
1648654492.076233158,0,0.004000
1648654492.100572345,0,0.000000
1648654492.123413535,0,0.000000
1648654492.146594334,0,0.000000
1648654492.169441564,0,0.000000
1648654492.192087332,0,0.007000
1648654492.215358333,0,0.000000
1648654492.237014393,0,0.000000
1648654492.259676766,0,0.008000
1648654492.280592868,0,0.000000
1648654492.303116953,0,0.000000
1648654492.324656949,0,0.000000
1648654492.345267666,0,0.000000
1648654492.367400997,0,0.000000
1648654492.390150482,0,0.000000
1648654492.411976812,0,0.000000
1648654492.433714158,1,0.000000
1648654492.455817022,0,0.000000
1648654492.479202043,0,0.000000
1648654492.502998220,0,0.000000
1648654492.525420859,0,0.000000
1648654492.547614034,0,0.000000
1648654492.568586951,0,0.000000
1648654492.591895883,0,0.000000
1648654492.613311363,0,0.000000
1648654492.637567195,0,0.000000
1648654492.661017564,0,0.000000
1648654492.684259862,0,0.000000
1648654492.706149981,0,0.000000
1648654492.729271137,0,0.000000
1648654492.750368923,0,0.000000
1648654492.773444304,0,0.000000
1648654492.796162882,0,0.000000
1648654492.819878473,0,0.000000
1648654492.841936284,0,0.000000
1648654492.865130528,0,0.000000
1648654492.887251066,0,0.003000
1648654492.910185264,0,0.000000
1648654492.932725699,0,0.000000
1648654492.954483758,0,0.000000
1648654492.976594446,0,0.000000
1648654492.998933825,0,0.000000
1648654493.021586220,0,0.000000
1648654493.043505201,0,0.000000
1648654493.066630627,0,0.000000
1648654493.088017666,0,0.002000
1648654493.111481868,0,0.000000
1648654493.135151562,0,0.001000
1648654493.157225829,0,0.000000
1648654493.180216389,0,0.010000
1648654493.203297651,0,0.000000
1648654493.227110891,0,0.000000
1648654493.249904505,0,0.000000
1648654493.270532868,0,0.000000
1648654493.294186451,0,0.000000
1648654493.317838551,0,0.000000
1648654493.340116414,0,0.000000
1648654493.363404517,0,0.000000
1648654493.386866149,0,0.000000
1648654493.410118973,0,0.000000
1648654493.432001265,0,0.000000
1648654493.454844400,0,0.000000
1648654493.477031379,0,0.008000
1648654493.498923669,0,0.000000
1648654493.521994804,0,0.000000
1648654493.543259722,0,0.000000
1648654493.563108572,0,0.000000
1648654493.584441433,0,0.000000
1648654493.607422099,0,0.000000
1648654493.630500495,1,0.001000
1648654493.653152430,0,0.000000
1648654493.675488437,0,0.000000
1648654493.698310540,0,0.000000
1648654493.721537621,0,0.000000
1648654493.745626815,0,0.000000
1648654493.769580695,0,0.000000
1648654493.792479425,0,0.000000
1648654493.815210586,0,0.000000
1648654493.839039621,0,0.000000
1648654493.860253169,0,0.013000
1648654493.883204109,0,0.000000
1648654493.907180851,0,0.000000
1648654493.928014139,0,0.000000
1648654493.950164613,0,0.000000
1648654493.970233369,0,0.001000
1648654493.993410478,0,0.000000
1648654494.017259197,0,0.000000
1648654494.039998009,0,0.000000
1648654494.062165333,0,0.000000
1648654494.085730125,0,0.000000
1648654494.107640557,0,0.000000
1648654494.129576585,0,0.000000
1648654494.152938844,0,0.000000
1648654494.175460210,0,0.000000
1648654494.196028138,0,0.000000
1648654494.218680844,0,0.000000
1648654494.242110909,0,0.000000
1648654494.262837448,0,0.000000
1648654494.282933518,0,0.001000
1648654494.303901775,0,0.000000
1648654494.326614975,0,0.004000
1648654494.347280488,0,0.000000
1648654494.371206268,0,0.000000
1648654494.392505375,0,0.000000
1648654494.414243710,0,0.000000
1648654494.437800955,0,0.000000
1648654494.460834977,0,0.000000
1648654494.484347715,0,0.000000
1648654494.507850988,0,0.000000
1648654494.530091128,0,0.000000
1648654494.552153373,0,0.000000
1648654494.575173476,0,0.000000
1648654494.597389950,0,0.000000
1648654494.618953298,0,0.000000
1648654494.641821903,0,0.000000
1648654494.665915760,0,0.000000
1648654494.689997085,0,0.000000
1648654494.710097348,0,0.000000
1648654494.729222888,0,0.001000
1648654494.752583859,0,0.000000
1648654494.775487597,0,0.000000
1648654494.796915627,0,0.000000
1648654494.819502608,0,0.000000
1648654494.842005150,0,0.000000
1648654494.864539417,0,0.000000
1648654494.887210066,0,0.000000
1648654494.910498371,0,0.000000
1648654494.934030775,0,0.000000
1648654494.956193200,0,0.000000
1648654494.978321654,0,0.000000
1648654494.999609278,0,0.000000
1648654495.021587943,1,0.004000
1648654495.043939373,0,0.000000
1648654495.067101665,0,0.000000
1648654495.088911829,0,0.000000
1648654495.111029721,0,0.000000
1648654495.132679807,0,0.000000
1648654495.156472505,0,0.000000
1648654495.178044376,0,0.000000
1648654495.202972219,0,0.000000
1648654495.225853870,0,0.000000
1648654495.248381332,0,0.000000
1648654495.271043856,0,0.000000
1648654495.294589256,0,0.000000
1648654495.316674822,0,0.000000
1648654495.338271879,0,0.003000
1648654495.360501988,0,0.001000
1648654495.383928373,0,0.000000
1648654495.407508005,0,0.000000
1648654495.429152493,0,0.000000
1648654495.453121116,0,0.000000
1648654495.476128307,0,0.000000
1648654495.496588313,0,0.000000
1648654495.519506974,0,0.000000
1648654495.541932924,0,0.000000
1648654495.564745751,0,0.000000
1648654495.588196829,0,0.000000
1648654495.612624106,0,0.000000
1648654495.636100685,0,0.000000
1648654495.657059583,0,0.000000
1648654495.678657881,0,0.000000
1648654495.700040767,0,0.000000
1648654495.723929570,0,0.000000
1648654495.746031529,0,0.000000
1648654495.769096636,0,0.000000
1648654495.791453473,0,0.000000
1648654495.814022618,0,0.000000
1648654495.837967141,0,0.000000
1648654495.860361911,0,0.000000
1648654495.882626654,0,0.000000
1648654495.906750172,0,0.000000
1648654495.929817399,0,0.000000
1648654495.949912486,0,0.000000
1648654495.972653313,0,0.000000
1648654495.995422055,1,0.000000
1648654496.019032116,0,0.000000
1648654496.041898573,0,0.000000
1648654496.062457996,0,0.000000
1648654496.083908893,0,0.000000
1648654496.106692702,0,0.008000
1648654496.129470501,0,0.000000
1648654496.151536241,0,0.000000
1648654496.173752540,0,0.000000
1648654496.196259885,0,0.000000
1648654496.219597923,1,0.000000
1648654496.243746387,0,0.000000
1648654496.266411824,0,0.000000
1648654496.289489303,0,0.000000
1648654496.312191514,0,0.000000
1648654496.334831536,0,0.000000
1648654496.355626183,0,0.000000
1648654496.377374118,0,0.000000
1648654496.400899049,0,0.000000
1648654496.423902181,0,0.000000
1648654496.447155752,1,0.000000
1648654496.470957477,0,0.000000
1648654496.492930118,0,0.000000
1648654496.515268388,0,0.000000
1648654496.539131885,0,0.000000
1648654496.563177427,0,0.000000
1648654496.585976268,0,0.000000
1648654496.609390270,0,0.000000
1648654496.633125092,0,0.000000
1648654496.653968524,0,0.000000
1648654496.675008540,0,0.000000
1648654496.696101334,0,0.000000
1648654496.717285368,0,0.000000
1648654496.739968938,0,0.000000
1648654496.764549113,0,0.000000
1648654496.786874153,0,0.000000
1648654496.809438422,1,0.000000
1648654496.832826397,0,0.000000
1648654496.856466584,0,0.000000
1648654496.878834664,0,0.000000
1648654496.901938510,0,0.000000
1648654496.922847388,0,0.000000
1648654496.945570586,0,0.000000
1648654496.969043465,0,0.000000
1648654496.993625578,0,0.000000
1648654497.015688020,0,0.000000
1648654497.038161975,0,0.000000
1648654497.061337194,0,0.000000
1648654497.084744963,0,0.000000
1648654497.107215635,0,0.000000
1648654497.129303511,0,0.000000
1648654497.152420647,0,0.000000
1648654497.176361825,0,0.000000
1648654497.198140519,0,0.000000
1648654497.221270737,0,0.000000
1648654497.241627771,0,0.000000
1648654497.264440295,0,0.000000
1648654497.286497088,0,0.000000
1648654497.309225219,0,0.001000
1648654497.332322094,0,0.000000
1648654497.355232054,0,0.000000
1648654497.378606843,0,0.000000
1648654497.401026785,0,0.000000
1648654497.424306746,0,0.000000
1648654497.448274955,0,0.000000
1648654497.469532892,0,0.000000
1648654497.491444385,0,0.000000
1648654497.513825260,0,0.000000
1648654497.536393989,0,0.000000
1648654497.557537272,0,0.000000
1648654497.580206130,0,0.000000
1648654497.602122536,0,0.000000
1648654497.624297473,0,0.000000
1648654497.647842060,0,0.003000
1648654497.668479916,0,0.000000
1648654497.690303346,0,0.000000
1648654497.713759249,0,0.000000
1648654497.735611493,0,0.000000
1648654497.758352909,0,0.000000
1648654497.780168407,0,0.000000
1648654497.802177538,0,0.000000
1648654497.823004531,0,0.000000
1648654497.846606598,0,0.000000
1648654497.868825187,0,0.000000
1648654497.890278234,0,0.004000
1648654497.913622301,0,0.000000
1648654497.934912383,0,0.000000
1648654497.956298146,0,0.000000
1648654497.980968973,0,0.000000
1648654498.002366283,0,0.000000
1648654498.025192248,0,0.000000
1648654498.048734940,0,0.000000
1648654498.071676327,0,0.000000
1648654498.093247290,0,0.000000
1648654498.116113350,0,0.000000
1648654498.139950310,0,0.000000
1648654498.161451056,0,0.000000
1648654498.183628163,1,0.000000
1648654498.206254576,0,0.000000
1648654498.228389880,0,0.000000
1648654498.251246981,0,0.000000
1648654498.273509227,0,0.000000
1648654498.295760146,0,0.000000
1648654498.317249042,0,0.000000
1648654498.338984856,0,0.000000
1648654498.362909202,0,0.000000
1648654498.384674283,0,0.000000
1648654498.406686229,0,0.000000
1648654498.428843984,0,0.000000
1648654498.451758246,0,0.000000
1648654498.473980352,0,0.000000
1648654498.497231030,0,0.000000
1648654498.521020925,1,0.000000
1648654498.541777736,1,0.000000
1648654498.565014769,0,0.000000
1648654498.590068813,0,0.000000
1648654498.612242090,0,0.000000
1648654498.634193264,0,0.000000
1648654498.657787223,0,0.000000
1648654498.678232453,0,0.000000
1648654498.700284126,0,0.000000
1648654498.722807330,0,0.000000
1648654498.745140957,0,0.000000
1648654498.766464903,0,0.000000
1648654498.787888591,0,0.024000
1648654498.810021577,0,0.000000
1648654498.831288497,0,0.000000
1648654498.852332786,0,0.000000
1648654498.875169131,0,0.003000
1648654498.898904244,0,0.000000
1648654498.921820863,0,0.000000
1648654498.945029020,0,0.000000
1648654498.965889089,0,0.005000
1648654498.988999248,0,0.000000
1648654499.010343723,1,0.000000
1648654499.033686833,0,0.003000
1648654499.057218778,1,0.003000
1648654499.080624430,0,0.000000
1648654499.102574852,0,0.000000
1648654499.127265316,0,0.000000
1648654499.148783588,0,0.005000
1648654499.172252835,0,0.000000
1648654499.195281235,0,0.000000
1648654499.217429508,0,0.000000
1648654499.240238895,0,0.000000
1648654499.263372862,0,0.000000
1648654499.285652762,0,0.000000
1648654499.308090673,0,0.000000
1648654499.330094299,0,0.000000
1648654499.353786463,0,0.000000
1648654499.376531919,0,0.001000
1648654499.398571485,0,0.000000
1648654499.421632943,0,0.000000
1648654499.445104084,0,0.000000
1648654499.465639077,0,0.000000
1648654499.488840685,0,0.000000
1648654499.513443047,0,0.000000
1648654499.535508923,0,0.000000
1648654499.558545665,0,0.000000
1648654499.581898012,0,0.000000
1648654499.603958115,0,0.000000
1648654499.626907053,0,0.000000
1648654499.649484336,0,0.000000
1648654499.671681215,0,0.000000
1648654499.694138423,0,0.000000
1648654499.716821383,0,0.000000
1648654499.738314728,0,0.000000
1648654499.762389855,0,0.000000
1648654499.784198980,0,0.000000
1648654499.808012982,0,0.000000
1648654499.829942122,0,0.000000
1648654499.853371536,0,0.000000
1648654499.877058604,0,0.000000
1648654499.898816684,0,0.000000
1648654499.920877907,0,0.000000
1648654499.942097084,0,0.000000
1648654499.965156792,0,0.000000
1648654499.985450878,0,0.000000
1648654500.008190724,0,0.000000
1648654500.029681723,0,0.000000
1648654500.051614830,0,0.000000
1648654500.075450717,0,0.000000
1648654500.095416444,0,0.000000
1648654500.117157258,0,0.000000
1648654500.139962218,0,0.000000
1648654500.161963863,0,0.000000
1648654500.184369540,1,0.000000
1648654500.207591214,0,0.000000
1648654500.230198804,0,0.000000
1648654500.253169274,0,0.000000
1648654500.276406160,0,0.000000
1648654500.299293325,0,0.000000
1648654500.321532636,0,0.000000
1648654500.344842093,0,0.000000
1648654500.367439192,0,0.000000
1648654500.389890928,0,0.000000
1648654500.412789547,0,0.000000
1648654500.434636028,0,0.000000
1648654500.457308116,0,0.000000
1648654500.481215693,0,0.000000
1648654500.503652455,0,0.000000
1648654500.526148294,0,0.000000
1648654500.547707059,0,0.000000
1648654500.569837587,0,0.000000
1648654500.592894376,0,0.000000
1648654500.615989128,0,0.000000
1648654500.639936794,0,0.000000
1648654500.663286665,0,0.000000
1648654500.685088183,0,0.000000
1648654500.708008914,0,0.000000
1648654500.729973320,0,0.000000
1648654500.754098750,0,0.000000
1648654500.775296042,0,0.000000
1648654500.798836612,0,0.000000
1648654500.821828364,0,0.000000
1648654500.845632917,0,0.000000
1648654500.868199147,0,0.000000
1648654500.892753390,0,0.000000
1648654500.915561563,0,0.000000
1648654500.938163706,0,0.000000
1648654500.960622677,0,0.000000
1648654500.982964244,0,0.000000
1648654501.005499982,0,0.000000
1648654501.027569408,0,0.000000
1648654501.049290149,0,0.000000
1648654501.071712018,0,0.000000
1648654501.093914521,0,0.000000
1648654501.117155391,0,0.000000
1648654501.140322532,0,0.000000
1648654501.165221188,0,0.000000
1648654501.187942988,0,0.000000
1648654501.210428465,0,0.000000
1648654501.234874434,0,0.000000
1648654501.257448888,0,0.000000
1648654501.280602694,0,0.000000
1648654501.302504698,0,0.000000
1648654501.326009038,0,0.000000
1648654501.346930185,0,0.000000
1648654501.368573371,0,0.003000
1648654501.389648980,0,0.000000
1648654501.412395956,0,0.000000
1648654501.435674840,0,0.000000
1648654501.458541456,0,0.000000
1648654501.482164196,0,0.000000
1648654501.504042967,0,0.000000
1648654501.526156728,0,0.000000
1648654501.547821921,0,0.000000
1648654501.570587306,0,0.000000
1648654501.593433780,0,0.000000
1648654501.615540976,0,0.000000
1648654501.638858906,0,0.000000
1648654501.662555369,0,0.001000
1648654501.684287181,0,0.000000
1648654501.706555229,0,0.000000
1648654501.730442667,0,0.000000
1648654501.753821910,0,0.000000
1648654501.774922504,0,0.000000
1648654501.796800104,0,0.000000
1648654501.820025614,0,0.000000
1648654501.842860581,0,0.000000
1648654501.865338749,0,0.000000
1648654501.886314876,0,0.000000
1648654501.910433885,0,0.000000
1648654501.932087082,0,0.000000
1648654501.954178710,0,0.000000
1648654501.976393777,0,0.000000
1648654502.000310027,0,0.000000
1648654502.022998518,0,0.000000
1648654502.045887550,0,0.000000
1648654502.067590075,0,0.000000
1648654502.090463515,0,0.000000
1648654502.110886506,0,0.000000
1648654502.132862664,0,0.000000
1648654502.156068656,0,0.000000
1648654502.178617225,0,0.000000
1648654502.202162820,0,0.000000
1648654502.225485092,1,0.000000
1648654502.248942152,0,0.000000
1648654502.270833554,0,0.000000
1648654502.294714352,0,0.000000
1648654502.315413891,0,0.000000
1648654502.338350435,0,0.000000
1648654502.358606175,0,0.000000
1648654502.379659007,0,0.000000
1648654502.401629378,0,0.000000
1648654502.424474345,0,0.000000
1648654502.447333313,0,0.000000
1648654502.470839702,0,0.000000
1648654502.493603821,0,0.000000
1648654502.517287886,0,0.000000
1648654502.539640147,0,0.000000
1648654502.562678577,0,0.000000
1648654502.584942632,0,0.000000
1648654502.607727993,0,0.000000
1648654502.629401124,0,0.000000
1648654502.652111944,0,0.000000
1648654502.676409423,0,0.000000
1648654502.697642176,0,0.000000
1648654502.720013109,0,0.005000
1648654502.742151436,0,0.000000
1648654502.764707393,0,0.000000
1648654502.786393558,0,0.000000
1648654502.809497092,0,0.000000
1648654502.831270603,0,0.000000
1648654502.855216424,0,0.000000
1648654502.878485674,1,0.000000
1648654502.900435727,0,0.000000
1648654502.923017374,0,0.000000
1648654502.944409921,0,0.000000
1648654502.967197331,0,0.000000
1648654502.990146520,0,0.000000
1648654503.013536113,1,0.000000
1648654503.035751771,0,0.000000
1648654503.058413087,0,0.000000
1648654503.081306263,0,0.000000
1648654503.103798083,0,0.000000
1648654503.125924860,0,0.000000
1648654503.148411072,0,0.000000
1648654503.170989627,0,0.000000
1648654503.194278883,0,0.000000
1648654503.218494500,0,0.000000
1648654503.240844071,0,0.000000
1648654503.264600734,0,0.000000
1648654503.287638373,0,0.004000
1648654503.311400135,0,0.000000
1648654503.332196405,0,0.000000
1648654503.354328780,0,0.000000
1648654503.375521806,0,0.000000
1648654503.398145206,0,0.000000
1648654503.419539115,0,0.000000
1648654503.441870676,0,0.000000
1648654503.464574059,0,0.008000
1648654503.487239001,0,0.000000
1648654503.510589476,0,0.000000
1648654503.532650713,0,0.000000
1648654503.555614847,0,0.000000
1648654503.578510076,0,0.003000
1648654503.600625267,0,0.000000
1648654503.621532086,1,0.000000
1648654503.646366947,0,0.000000
1648654503.667943138,0,0.000000
1648654503.690821758,0,0.000000
1648654503.713929451,0,0.000000
1648654503.733253055,0,0.000000
1648654503.754300773,0,0.000000
1648654503.775309282,0,0.000000
1648654503.798202783,0,0.000000
1648654503.820826272,0,0.000000
1648654503.844209618,0,0.000000
1648654503.865952220,0,0.000000
1648654503.888403644,0,0.000000
1648654503.909966647,0,0.000000
1648654503.931252525,0,0.000000
1648654503.954349326,0,0.000000
1648654503.977899718,0,0.000000
1648654504.000620673,0,0.000000
1648654504.024280783,0,0.000000
1648654504.045561653,0,0.000000
1648654504.066715440,1,0.000000
1648654504.088226061,0,0.000000
1648654504.111307843,0,0.000000
1648654504.134892551,0,0.000000
1648654504.156236369,0,0.000000
1648654504.178998270,0,0.000000
1648654504.201753806,0,0.000000
1648654504.224503524,0,0.000000
1648654504.246283950,0,0.000000
1648654504.268379042,0,0.000000
1648654504.291069055,0,0.000000
1648654504.314253268,0,0.000000
1648654504.336537068,0,0.000000
1648654504.358936970,0,0.000000
1648654504.380265331,0,0.000000
1648654504.404143599,0,0.000000
1648654504.425379069,0,0.000000
1648654504.448132969,0,0.000000
1648654504.470667412,0,0.008000
1648654504.492002932,0,0.000000
1648654504.515460774,0,0.000000
1648654504.538663436,0,0.000000
1648654504.561177690,0,0.000000
1648654504.583635467,0,0.000000
1648654504.606949914,0,0.000000
1648654504.629817858,0,0.000000
1648654504.651326872,0,0.000000
1648654504.673429624,0,0.000000
1648654504.696628119,0,0.000000
1648654504.718793620,0,0.000000
1648654504.740735159,0,0.000000
1648654504.763234297,1,0.000000
1648654504.787109531,0,0.000000
1648654504.810316650,0,0.000000
1648654504.832993567,0,0.000000
1648654504.856355139,0,0.000000
1648654504.879606841,0,0.000000
1648654504.904096928,0,0.000000
1648654504.927075922,0,0.000000
1648654504.949481602,0,0.000000
1648654504.972695233,0,0.000000
1648654504.995111807,0,0.000000
1648654505.018431046,0,0.000000
1648654505.040192675,0,0.000000
1648654505.063668901,0,0.000000
1648654505.087788972,0,0.000000
1648654505.111201240,0,0.000000
1648654505.133155209,0,0.000000
1648654505.155153030,0,0.000000
1648654505.177354397,0,0.000000
1648654505.198443852,0,0.000000
1648654505.220840152,0,0.000000
1648654505.245155154,1,0.000000
1648654505.267494852,0,0.000000
1648654505.289159181,0,0.000000
1648654505.311080115,0,0.000000
1648654505.333211885,0,0.000000
1648654505.356550309,0,0.000000
1648654505.379352028,0,0.000000
1648654505.401472738,0,0.000000
1648654505.423437375,0,0.000000
1648654505.447680963,0,0.000000
1648654505.471970245,0,0.000000
1648654505.494341911,0,0.000000
1648654505.516711521,0,0.000000
1648654505.539232390,0,0.000000
1648654505.561902098,0,0.000000
1648654505.585172185,0,0.000000
1648654505.608751131,0,0.000000
1648654505.631221437,0,0.000000
1648654505.652937435,0,0.000000
1648654505.676441072,0,0.000000
1648654505.698795502,0,0.000000
1648654505.720100283,0,0.000000
1648654505.742808962,0,0.000000
1648654505.765650856,0,0.000000
1648654505.789617062,0,0.000000
1648654505.811347814,0,0.000000
1648654505.833766896,0,0.000000
1648654505.856408219,0,0.000000
1648654505.879487515,0,0.000000
1648654505.902620667,0,0.000000
1648654505.923337371,0,0.000000
1648654505.946126733,0,0.000000
1648654505.970230374,0,0.000000
1648654505.994407238,0,0.000000
1648654506.016923294,0,0.000000
1648654506.039984244,0,0.000000
1648654506.060423860,0,0.000000
1648654506.082554162,0,0.000000
1648654506.104147500,1,0.000000
1648654506.127382060,0,0.000000
1648654506.152439492,0,0.000000
1648654506.175352095,0,0.017000
1648654506.197551631,0,0.000000
1648654506.219576557,0,0.000000
1648654506.243015048,0,0.000000
1648654506.266604738,0,0.000000
1648654506.288419866,0,0.000000
1648654506.311738496,0,0.000000
1648654506.333464343,0,0.000000
1648654506.357995206,0,0.000000
1648654506.380683017,0,0.000000
1648654506.402390383,0,0.003000
1648654506.423535333,0,0.000000
1648654506.447282046,0,0.000000
1648654506.470299633,0,0.000000
1648654506.492535204,0,0.000000
1648654506.514447605,0,0.000000
1648654506.537207512,0,0.000000
1648654506.559837941,0,0.000000
1648654506.582820267,0,0.004000
1648654506.605301404,0,0.000000
1648654506.628604684,0,0.000000
1648654506.651660441,0,0.014000
1648654506.672749169,0,0.000000
1648654506.695015366,0,0.000000
1648654506.717359404,0,0.000000
1648654506.740153048,0,0.000000
1648654506.762944708,0,0.000000
1648654506.782720904,0,0.005000
1648654506.805465107,0,0.000000
1648654506.828376651,0,0.000000
1648654506.851853247,0,0.000000
1648654506.874253920,0,0.000000
1648654506.897443976,0,0.000000
1648654506.918886470,0,0.000000
1648654506.941776267,0,0.000000
1648654506.964826731,0,0.000000
1648654506.986650978,0,0.000000
1648654507.008745393,0,0.000000
1648654507.031035998,0,0.000000
1648654507.054531605,0,0.000000
1648654507.077451151,0,0.000000
1648654507.100021686,0,0.000000
1648654507.123125275,0,0.000000
1648654507.146464583,0,0.000000
1648654507.167479518,0,0.000000
1648654507.187185158,0,0.000000
1648654507.208016544,0,0.000000
1648654507.231301889,0,0.000000
1648654507.254364322,0,0.000000
1648654507.276452100,0,0.000000
1648654507.298177435,0,0.000000
1648654507.320595036,0,0.000000
1648654507.344401899,0,0.000000
1648654507.367949412,0,0.000000
1648654507.391587520,0,0.000000
1648654507.413790798,0,0.000000
1648654507.437719588,0,0.000000
1648654507.460120232,0,0.000000
1648654507.482363049,0,0.000000
1648654507.505702524,0,0.000000
1648654507.529336981,0,0.000000
1648654507.553290487,0,0.000000
1648654507.576560211,0,0.000000
1648654507.598676873,0,0.000000
1648654507.621420024,0,0.000000
1648654507.644566722,0,0.000000
1648654507.667139354,0,0.000000
1648654507.689062705,0,0.000000
1648654507.710353007,0,0.000000
1648654507.733387316,0,0.005000
1648654507.755773473,0,0.000000
1648654507.778312767,0,0.000000
1648654507.799895495,0,0.000000
1648654507.822806113,0,0.000000
1648654507.844832386,0,0.004000
1648654507.867115220,0,0.000000
1648654507.891021999,0,0.000000
1648654507.914153724,0,0.000000
1648654507.937532166,1,0.010000
1648654507.961090803,0,0.000000
1648654507.982251708,0,0.000000
1648654508.004059023,0,0.000000
1648654508.027569031,0,0.000000
1648654508.050274381,0,0.012000
1648654508.073721289,0,0.000000
1648654508.096169008,0,0.000000
1648654508.119156806,0,0.000000
1648654508.139982314,0,0.000000
1648654508.161483653,0,0.000000
1648654508.183493814,0,0.000000
1648654508.205990194,0,0.000000
1648654508.227851669,0,0.000000
1648654508.250692294,0,0.000000
1648654508.272709967,0,0.000000
1648654508.296060335,0,0.000000
1648654508.318688344,0,0.000000
1648654508.341499574,0,0.000000
1648654508.363616346,0,0.000000
1648654508.385124274,0,0.000000
1648654508.407387825,0,0.000000
1648654508.429282472,0,0.000000
1648654508.450775307,0,0.000000
1648654508.472154427,0,0.000000
1648654508.494072773,0,0.000000
1648654508.517120431,0,0.000000
1648654508.540139686,0,0.000000
1648654508.563081970,0,0.000000
1648654508.585926913,0,0.000000
1648654508.609216617,0,0.000000
1648654508.632254927,0,0.000000
1648654508.655318013,0,0.000000
1648654508.675132552,0,0.000000
1648654508.698798515,0,0.000000
1648654508.720509710,0,0.000000
1648654508.743585176,0,0.000000
1648654508.765174592,0,0.000000
1648654508.786806930,0,0.000000
1648654508.809873062,0,0.000000
1648654508.833120837,0,0.000000
1648654508.854913246,0,0.000000
1648654508.876321165,0,0.000000
1648654508.899010403,0,0.000000
1648654508.921213527,0,0.000000
1648654508.943007496,0,0.000000
1648654508.965963167,0,0.003000
1648654508.989113323,0,0.000000
1648654509.010125255,0,0.000000
1648654509.033220294,0,0.000000
1648654509.054244773,1,0.000000
1648654509.076249441,0,0.000000
1648654509.099137794,0,0.000000
1648654509.120781715,0,0.000000
1648654509.142952328,0,0.000000
1648654509.166016376,0,0.000000
1648654509.190089549,0,0.000000
1648654509.212343942,0,0.000000
1648654509.234948525,0,0.000000
1648654509.257214435,0,0.000000
1648654509.279932093,1,0.000000
1648654509.302398205,0,0.000000
1648654509.325897934,0,0.000000
1648654509.347203115,0,0.000000
1648654509.369241674,0,0.000000
1648654509.391910247,0,0.000000
1648654509.413858033,0,0.000000
1648654509.435448811,0,0.000000
1648654509.457662290,0,0.000000
1648654509.479051065,0,0.000000
1648654509.501494700,0,0.000000
1648654509.525018613,0,0.000000
1648654509.547787175,0,0.000000
1648654509.570785088,0,0.000000
1648654509.593324465,0,0.000000
1648654509.616339191,0,0.000000
1648654509.636731639,0,0.000000
1648654509.659304327,0,0.000000
1648654509.682050283,0,0.000000
1648654509.704702944,0,0.000000
1648654509.727776635,0,0.000000
1648654509.750697558,0,0.000000
1648654509.775227658,0,0.000000
1648654509.798936638,0,0.000000
1648654509.822450367,0,0.000000
1648654509.845469690,0,0.000000
1648654509.868032312,0,0.000000
1648654509.889770372,0,0.000000
1648654509.912402099,0,0.000000
1648654509.935313001,0,0.000000
1648654509.956467683,0,0.000000
1648654509.977580145,0,0.006000
1648654509.999267211,0,0.000000
1648654510.022910963,0,0.000000
1648654510.045566476,0,0.000000
1648654510.068024456,0,0.000000
1648654510.091319226,0,0.000000
1648654510.114237633,0,0.000000
1648654510.137741928,0,0.000000
1648654510.159686176,0,0.000000
1648654510.181295969,0,0.000000
1648654510.203855936,0,0.000000
1648654510.227807584,0,0.000000
1648654510.251323312,0,0.000000
1648654510.272972211,0,0.000000
1648654510.295244873,1,0.000000
1648654510.317804143,0,0.008000
1648654510.337403757,0,0.000000
1648654510.359210924,0,0.000000
1648654510.381505628,0,0.000000
1648654510.405660216,0,0.000000
1648654510.428965758,0,0.000000
1648654510.451933910,0,0.000000
1648654510.474174934,0,0.000000
1648654510.497549824,0,0.000000
1648654510.518998433,0,0.000000
1648654510.541836709,0,0.000000
1648654510.565069479,0,0.000000
1648654510.588344926,0,0.000000
1648654510.610603588,0,0.000000
1648654510.633631365,0,0.004000
1648654510.654991152,0,0.000000
1648654510.676304795,0,0.000000
1648654510.699457435,0,0.000000
1648654510.720868206,0,0.000000
1648654510.744091010,0,0.000000
1648654510.766880267,0,0.000000
1648654510.789559762,0,0.000000
1648654510.812183975,0,0.000000
1648654510.832575583,0,0.000000
1648654510.854943186,0,0.000000
1648654510.877574917,0,0.000000
1648654510.900573399,0,0.007000
1648654510.923417490,1,0.000000
1648654510.945896555,0,0.000000
1648654510.969060349,0,0.000000
1648654510.991450378,0,0.000000
1648654511.012941224,0,0.008000
1648654511.034429698,0,0.000000
1648654511.057119436,0,0.000000
1648654511.079240481,0,0.000000
1648654511.101774674,0,0.000000
1648654511.122980815,0,0.000000
1648654511.145584349,0,0.000000
1648654511.168304101,0,0.000000
1648654511.191561587,0,0.000000
1648654511.215737485,0,0.000000
1648654511.238466383,0,0.000000
1648654511.262247304,0,0.000000
1648654511.283755186,0,0.000000
1648654511.305826373,0,0.000000
1648654511.328745222,0,0.000000
1648654511.351912309,0,0.000000
1648654511.375267658,0,0.000000
1648654511.397068733,0,0.000000
1648654511.419580275,0,0.000000
1648654511.441963982,0,0.000000
1648654511.465706158,0,0.000000
1648654511.489182049,0,0.000000
1648654511.511322664,0,0.000000
1648654511.533877495,0,0.000000
1648654511.556011731,0,0.004000
1648654511.578104953,0,0.000000
1648654511.601587549,0,0.000000
1648654511.624009902,0,0.000000
1648654511.647207265,0,0.000000
1648654511.670533934,0,0.000000
1648654511.693736564,0,0.000000
1648654511.716197702,0,0.000000
1648654511.736266137,0,0.000000
1648654511.757966459,0,0.000000
1648654511.778607495,0,0.000000
1648654511.802610279,0,0.000000
1648654511.825144196,0,0.000000
1648654511.847836915,0,0.000000
1648654511.870845443,0,0.000000
1648654511.892368839,0,0.000000
1648654511.917239317,0,0.000000
1648654511.939416791,0,0.000000
1648654511.961297426,0,0.000000
1648654511.983480451,0,0.000000
1648654512.005597201,0,0.000000
1648654512.029205006,0,0.000000
1648654512.053898340,0,0.000000
1648654512.076107174,0,0.000000
1648654512.099614025,0,0.000000
1648654512.121558213,1,0.000000
1648654512.145154929,0,0.000000
1648654512.169105935,0,0.000000
1648654512.190999190,0,0.000000
1648654512.213663435,0,0.000000
1648654512.236791548,0,0.000000
1648654512.258341208,0,0.000000
1648654512.282096803,0,0.000000
1648654512.305986461,0,0.000000
1648654512.326296702,0,0.000000
1648654512.348116237,0,0.000000
1648654512.370017798,0,0.000000
1648654512.389434733,0,0.000000
1648654512.411371722,0,0.000000
1648654512.434188694,0,0.000000
1648654512.455813708,0,0.000000
1648654512.478551044,0,0.000000
1648654512.501549152,0,0.000000
1648654512.524404568,0,0.000000
1648654512.547343322,0,0.000000
1648654512.570588238,0,0.000000
1648654512.592862390,0,0.000000
1648654512.616383397,0,0.000000
1648654512.637853451,0,0.000000
1648654512.659163534,0,0.000000
1648654512.681830116,0,0.000000
1648654512.703824164,0,0.000000
1648654512.727934415,0,0.000000
1648654512.748776972,0,0.006000
1648654512.772328428,0,0.000000
1648654512.795131286,0,0.000000
1648654512.817819153,0,0.000000
1648654512.841648058,0,0.000000
1648654512.863776425,0,0.005000
1648654512.885334286,1,0.000000
1648654512.907882870,0,0.000000
1648654512.931270581,0,0.000000
1648654512.953119117,0,0.000000
1648654512.975223095,0,0.006000
1648654512.998209584,1,0.000000
1648654513.020368245,0,0.000000
1648654513.042676954,0,0.000000
1648654513.065618630,0,0.000000
1648654513.088592909,0,0.000000
1648654513.111420149,0,0.000000
1648654513.135123618,0,0.000000
1648654513.157224522,0,0.000000
1648654513.178851023,0,0.000000
1648654513.199279880,0,0.000000
1648654513.221993588,0,0.000000
1648654513.243550552,0,0.000000
1648654513.265138345,0,0.000000
1648654513.288230516,0,0.000000
1648654513.311795071,0,0.000000
1648654513.334349138,0,0.000000
1648654513.355120473,0,0.000000
1648654513.377472023,0,0.000000
1648654513.401213741,1,0.015000
1648654513.424614650,0,0.000000
1648654513.446545151,0,0.000000
1648654513.468167732,0,0.000000
1648654513.491453441,0,0.003000
1648654513.514693584,0,0.000000
1648654513.540000121,0,0.000000
1648654513.562138170,0,0.000000
1648654513.584363071,0,0.000000
1648654513.605812904,0,0.000000
1648654513.628697281,0,0.003000
1648654513.652084545,0,0.000000
1648654513.674542450,0,0.000000
1648654513.697255378,0,0.000000
1648654513.718585842,0,0.000000
1648654513.739486278,0,0.000000
1648654513.762050143,0,0.000000
1648654513.785851021,0,0.000000
1648654513.807611970,0,0.000000
1648654513.830036537,0,0.000000
1648654513.851574770,0,0.000000
1648654513.874701174,0,0.003000
1648654513.897546991,2,0.000000
1648654513.920427053,0,0.000000
1648654513.942371535,0,0.000000
1648654513.963446654,0,0.000000
1648654513.987278204,0,0.000000
1648654514.012075619,1,0.003000
1648654514.034193003,0,0.000000
1648654514.057907326,0,0.000000
1648654514.079221064,0,0.004000
1648654514.102856885,0,0.003000
1648654514.126873198,0,0.000000
1648654514.150694029,0,0.000000
1648654514.173651308,0,0.000000
1648654514.195755719,0,0.012000
1648654514.218542485,0,0.000000
1648654514.242701548,0,0.000000
1648654514.264777379,0,0.000000
1648654514.287002790,0,0.000000
1648654514.309411167,0,0.000000
1648654514.331744155,0,0.000000
1648654514.355486931,0,0.000000
1648654514.377299813,0,0.000000
1648654514.400102719,0,0.000000
1648654514.423372925,0,0.000000
1648654514.446219015,0,0.000000
1648654514.468891620,0,0.000000
1648654514.492558599,0,0.000000
1648654514.516100191,1,0.000000
1648654514.537886290,0,0.000000
1648654514.560676155,0,0.000000
1648654514.583865301,0,0.000000
1648654514.607369252,0,0.000000
1648654514.628772535,0,0.008000
1648654514.651478194,0,0.000000
1648654514.672925111,0,0.000000
1648654514.695375568,0,0.000000
1648654514.717074542,0,0.000000
1648654514.739357981,0,0.000000
1648654514.762495696,0,0.000000
1648654514.785899476,0,0.000000
1648654514.806255595,0,0.000000
1648654514.828932487,0,0.000000
1648654514.850432727,0,0.000000
1648654514.871062936,0,0.000000
1648654514.894813480,0,0.000000
1648654514.917950444,0,0.005000
1648654514.940382224,0,0.000000
1648654514.963644797,0,0.000000
1648654514.986945921,1,0.003000
1648654515.009363830,0,0.000000
1648654515.031184798,0,0.000000
1648654515.052657479,0,0.000000
1648654515.075558448,0,0.000000
1648654515.099780953,0,0.000000
1648654515.121356268,0,0.000000
1648654515.143819806,0,0.000000
1648654515.168075463,0,0.000000
1648654515.191044417,0,0.000000
1648654515.214775524,0,0.000000
1648654515.238028889,0,0.000000
1648654515.261211783,0,0.000000
1648654515.283672539,0,0.000000
1648654515.307386969,0,0.000000
1648654515.328791006,0,0.000000
1648654515.352480874,0,0.000000
1648654515.374610388,0,0.000000
1648654515.396724825,0,0.000000
1648654515.420171886,0,0.000000
1648654515.441492905,0,0.000000
1648654515.465506358,0,0.000000
1648654515.488239772,0,0.000000
1648654515.509474700,0,0.000000
1648654515.532835881,0,0.000000
1648654515.556037251,0,0.000000
1648654515.578350801,0,0.000000
1648654515.601101558,0,0.000000
1648654515.624279815,0,0.000000
1648654515.647810420,0,0.000000
1648654515.670031564,1,0.000000
1648654515.691942263,0,0.000000
1648654515.714206075,0,0.000000
1648654515.738572750,1,0.000000
1648654515.761663862,0,0.000000
1648654515.785051427,0,0.003000
1648654515.808820217,0,0.000000
1648654515.832462609,0,0.003000
1648654515.854703602,0,0.000000
1648654515.875926008,0,0.000000
1648654515.898746627,0,0.000000
1648654515.922128008,0,0.000000
1648654515.943400090,0,0.000000
1648654515.967947360,0,0.000000
1648654515.989842728,0,0.000000
1648654516.012387999,0,0.000000
1648654516.035298281,0,0.000000
1648654516.059387239,0,0.000000
1648654516.083479070,0,0.000000
1648654516.107388819,0,0.000000
1648654516.128863958,0,0.000000
1648654516.151242671,0,0.000000
1648654516.174873316,0,0.000000
1648654516.195463388,0,0.000000
1648654516.218287746,0,0.000000
1648654516.238906132,0,0.000000
1648654516.261019955,0,0.000000
1648654516.283657690,0,0.000000
1648654516.306124772,0,0.000000
1648654516.329159765,0,0.000000
1648654516.352909287,0,0.000000
1648654516.374871406,0,0.000000
1648654516.396466114,0,0.000000
1648654516.418863168,0,0.000000
1648654516.440332093,0,0.000000
1648654516.464061007,0,0.000000
1648654516.485095456,0,0.000000
1648654516.508888426,0,0.000000
1648654516.530272598,0,0.000000
1648654516.553493543,0,0.000000
1648654516.576363917,0,0.000000
1648654516.600466180,0,0.000000
1648654516.622373325,0,0.000000
1648654516.646472461,0,0.000000
1648654516.667503238,0,0.000000
1648654516.692368046,0,0.000000
1648654516.711923678,0,0.000000
1648654516.734050868,0,0.000000
1648654516.756621934,0,0.000000
1648654516.780153227,0,0.000000
1648654516.801562479,0,0.000000
1648654516.823390054,0,0.000000
1648654516.846916715,0,0.000000
1648654516.868218385,0,0.000000
1648654516.892938080,0,0.000000
1648654516.914041472,0,0.000000
1648654516.937173998,0,0.000000
1648654516.960083243,0,0.000000
1648654516.983698091,0,0.000000
1648654517.006421443,0,0.000000
1648654517.028472895,0,0.000000
1648654517.051350912,0,0.000000
1648654517.073550328,0,0.000000
1648654517.095611187,0,0.000000
1648654517.117625987,0,0.000000
1648654517.139003312,0,0.000000
1648654517.163509653,0,0.000000
1648654517.185669653,1,0.000000
1648654517.208217827,0,0.000000
1648654517.230061734,0,0.000000
1648654517.250806139,0,0.000000
1648654517.274760039,0,0.000000
1648654517.296938781,0,0.000000
1648654517.319062727,0,0.000000
1648654517.342324892,0,0.000000
1648654517.365026736,0,0.000000
1648654517.387069270,0,0.008000
1648654517.408760632,0,0.000000
1648654517.430337911,0,0.000000
1648654517.453001844,0,0.000000
1648654517.474330211,0,0.000000
1648654517.496910653,0,0.000000
1648654517.519291107,0,0.000000
1648654517.541642819,0,0.000000
1648654517.562532429,0,0.000000
1648654517.585659431,0,0.000000
1648654517.609296157,0,0.000000
1648654517.631101392,0,0.000000
1648654517.655081538,0,0.000000
1648654517.678325125,0,0.000000
1648654517.701200286,0,0.000000
1648654517.724702883,0,0.000000
1648654517.748258814,0,0.000000
1648654517.771468170,0,0.000000
1648654517.795097859,0,0.000000
1648654517.819507938,0,0.000000
1648654517.842738109,0,0.000000
1648654517.864215782,0,0.000000
1648654517.888350133,0,0.000000
1648654517.910908495,0,0.000000
1648654517.932119506,0,0.000000
1648654517.955504114,0,0.000000
1648654517.980573401,0,0.000000
1648654518.003154755,0,0.000000
1648654518.025205126,0,0.000000
1648654518.047157359,0,0.000000
1648654518.068896705,0,0.000000
1648654518.093101724,1,0.009000
1648654518.116362734,0,0.000000
1648654518.137904842,0,0.000000
1648654518.161661428,0,0.000000
1648654518.184537979,0,0.000000
1648654518.206483404,1,0.000000
1648654518.228579740,0,0.000000
1648654518.250235735,0,0.000000
1648654518.273314941,0,0.000000
1648654518.297378313,0,0.000000
1648654518.320172952,1,0.012000
1648654518.343712976,0,0.000000
1648654518.365068915,0,0.000000
1648654518.389505896,0,0.000000
1648654518.413897862,0,0.000000
1648654518.436196473,0,0.000000
1648654518.457927121,0,0.000000
1648654518.480976020,0,0.000000
1648654518.504179061,0,0.000000
1648654518.527111966,0,0.000000
1648654518.549335023,0,0.000000
1648654518.571657173,0,0.000000
1648654518.594897329,0,0.000000
1648654518.617919950,0,0.000000
1648654518.639756229,0,0.000000
1648654518.663936763,0,0.000000
1648654518.687439299,0,0.000000
1648654518.710033980,0,0.000000
1648654518.732571211,0,0.000000
1648654518.755447594,0,0.000000
1648654518.777880360,0,0.000000
1648654518.800217841,0,0.000000
1648654518.823531186,0,0.000000
1648654518.847717344,0,0.000000
1648654518.871386538,0,0.000000
1648654518.895149141,0,0.000000
1648654518.919191014,0,0.000000
1648654518.944184908,0,0.000000
1648654518.965239509,0,0.000000
1648654518.988749218,0,0.000000
1648654519.009657403,0,0.000000
1648654519.030077568,0,0.000000
1648654519.052072772,0,0.000000
1648654519.075418173,0,0.000000
1648654519.098712670,0,0.000000
1648654519.121991594,0,0.000000
1648654519.145998810,0,0.000000
1648654519.168165531,0,0.000000
1648654519.191105499,0,0.000000
1648654519.214617833,0,0.000000
1648654519.236319436,0,0.000000
1648654519.259099178,0,0.000000
1648654519.281167435,0,0.000000
1648654519.303030314,0,0.000000
1648654519.326129078,0,0.000000
1648654519.347986611,0,0.000000
1648654519.371651313,0,0.000000
1648654519.393430011,0,0.000000
1648654519.415172870,0,0.000000
1648654519.437325375,0,0.000000
1648654519.460247061,0,0.000000
1648654519.482039141,0,0.000000
1648654519.504066743,0,0.000000
1648654519.526065223,0,0.000000
1648654519.549467088,0,0.000000
1648654519.571531407,0,0.000000
1648654519.595027779,0,0.000000
1648654519.617554026,1,0.000000
1648654519.641264940,0,0.000000
1648654519.662907995,0,0.000000
1648654519.685406464,0,0.000000
1648654519.708879656,0,0.000000
1648654519.731690934,0,0.000000
1648654519.756043633,0,0.000000
1648654519.778480700,0,0.000000
1648654519.801436908,0,0.000000
1648654519.822780946,0,0.000000
1648654519.846050294,0,0.000000
1648654519.867289334,0,0.000000
1648654519.890433247,0,0.000000
1648654519.913439626,0,0.000000
1648654519.936971424,0,0.000000
1648654519.960203830,0,0.000000
1648654519.983324332,0,0.000000
1648654520.004417269,0,0.011000
1648654520.027377301,0,0.000000
1648654520.049875099,0,0.000000
1648654520.073271786,0,0.000000
1648654520.095505016,0,0.000000
1648654520.116485945,0,0.000000
1648654520.139840668,0,0.000000
1648654520.162739014,0,0.000000
1648654520.185571810,0,0.000000
1648654520.208918794,0,0.000000
1648654520.231761285,0,0.000000
1648654520.253885777,0,0.000000
1648654520.277473522,0,0.000000
1648654520.299691228,0,0.000000
1648654520.322676374,0,0.000000
1648654520.346352593,0,0.000000
1648654520.369700798,0,0.005000
1648654520.393426818,0,0.000000
1648654520.414364453,0,0.000000
1648654520.439061909,0,0.000000
1648654520.461569210,0,0.000000
1648654520.484482886,0,0.000000
1648654520.509384230,0,0.000000
1648654520.533163569,0,0.000000
1648654520.555440142,0,0.000000
1648654520.578859600,0,0.000000
1648654520.603712675,0,0.000000
1648654520.624729714,0,0.000000
1648654520.646732508,0,0.000000
1648654520.669788656,0,0.000000
1648654520.692556399,0,0.000000
1648654520.716102363,0,0.000000
1648654520.739292580,0,0.000000
1648654520.763237953,0,0.000000
1648654520.785219328,0,0.000000
1648654520.807262294,0,0.000000
1648654520.828624439,0,0.000000
1648654520.851968195,0,0.000000
1648654520.875799175,0,0.000000
1648654520.898771811,0,0.000000
1648654520.921250998,0,0.000000
1648654520.943120114,0,0.000000
1648654520.966249038,0,0.000000
1648654520.989206209,0,0.000000
1648654521.012856994,0,0.000000
1648654521.035942710,0,0.000000
1648654521.057566923,0,0.000000
1648654521.079400164,0,0.000000
1648654521.101282090,0,0.003000
1648654521.125498219,0,0.000000
1648654521.147041550,0,0.000000
1648654521.168664974,0,0.000000
1648654521.191076335,0,0.000000
1648654521.214471713,0,0.000000
1648654521.237129727,0,0.000000
1648654521.259348396,0,0.000000
1648654521.281365056,0,0.000000
1648654521.302472888,0,0.000000
1648654521.324443631,0,0.000000
1648654521.347451075,0,0.000000
1648654521.369824034,0,0.000000
1648654521.392170613,0,0.000000
1648654521.416149511,0,0.000000
1648654521.437973512,0,0.000000
1648654521.461559275,0,0.000000
1648654521.485291787,0,0.000000
1648654521.508326171,0,0.000000
1648654521.530376770,0,0.000000
1648654521.552407773,0,0.000000
1648654521.574893293,0,0.000000
1648654521.598554918,0,0.000000
1648654521.622156109,0,0.000000
1648654521.644868952,0,0.000000
1648654521.668837389,0,0.000000
1648654521.691561707,0,0.000000
1648654521.711235531,0,0.000000
1648654521.733832482,0,0.000000
1648654521.756224161,0,0.000000
1648654521.779049003,0,0.005000
1648654521.802432671,0,0.000000
1648654521.826310803,0,0.000000
1648654521.847150526,0,0.000000
1648654521.870454960,0,0.000000
1648654521.892742773,0,0.000000
1648654521.916377253,0,0.000000
1648654521.939792518,0,0.000000
1648654521.962251369,0,0.000000
1648654521.985051201,0,0.000000
1648654522.009118024,0,0.000000
1648654522.030067695,0,0.000000
1648654522.052803783,0,0.000000
1648654522.075850458,0,0.000000
1648654522.098166340,0,0.000000
1648654522.121178662,0,0.000000
1648654522.143028830,0,0.000000
1648654522.166379245,0,0.000000
1648654522.188007841,0,0.000000
1648654522.211260314,0,0.000000
1648654522.236015230,0,0.000000
1648654522.259124771,0,0.004000
1648654522.282197238,0,0.004000
1648654522.304330609,0,0.000000
1648654522.326112303,0,0.006000
1648654522.348689277,0,0.000000
1648654522.370689250,0,0.000000
1648654522.392547237,0,0.000000
1648654522.414163778,0,0.000000
1648654522.436710210,0,0.000000
1648654522.459241838,0,0.000000
1648654522.483726121,0,0.000000
1648654522.507172241,2,0.000000
1648654522.530054966,0,0.000000
1648654522.552359085,0,0.000000
1648654522.575487079,0,0.000000
1648654522.598925372,0,0.000000
1648654522.620997923,0,0.000000
1648654522.643681215,0,0.000000
1648654522.666874516,0,0.000000
1648654522.689876030,0,0.000000
1648654522.711710232,0,0.000000
1648654522.733248432,0,0.000000
1648654522.755045202,0,0.000000
1648654522.776338892,0,0.000000
1648654522.798000620,0,0.000000
1648654522.819941343,0,0.000000
1648654522.842564398,0,0.000000
1648654522.865573440,0,0.000000
1648654522.889089805,0,0.000000
1648654522.911631325,0,0.000000
1648654522.933373663,0,0.000000
1648654522.956431429,0,0.000000
1648654522.978419992,0,0.000000
1648654523.000467701,0,0.000000
1648654523.023405687,0,0.000000
1648654523.047031860,0,0.000000
1648654523.067767070,0,0.000000
1648654523.090276875,0,0.000000
1648654523.114413590,0,0.000000
1648654523.137071798,0,0.000000
1648654523.160141951,0,0.000000
1648654523.183682012,0,0.000000
1648654523.206773395,0,0.000000
1648654523.229339626,0,0.000000
1648654523.253669689,0,0.000000
1648654523.276446337,0,0.000000
1648654523.301440105,0,0.000000
1648654523.323169956,0,0.000000
1648654523.346499319,0,0.003000
1648654523.371093507,0,0.000000
1648654523.394857219,0,0.000000
1648654523.416315462,0,0.000000
1648654523.439159351,0,0.004000
1648654523.461531702,0,0.000000
1648654523.485000632,0,0.000000
1648654523.507100773,0,0.000000
1648654523.528891124,0,0.000000
1648654523.551625438,0,0.000000
1648654523.573896157,0,0.000000
1648654523.595907213,0,0.007000
1648654523.619564643,1,0.000000
1648654523.640902693,0,0.000000
1648654523.663887163,0,0.000000
1648654523.687278436,0,0.000000
1648654523.709999174,0,0.000000
1648654523.733574865,0,0.002000
1648654523.753996327,0,0.000000
1648654523.776290844,0,0.000000
1648654523.800492337,0,0.000000
1648654523.822432383,0,0.003000
1648654523.846352710,0,0.000000
1648654523.868428949,0,0.000000
1648654523.889550902,0,0.000000
1648654523.909416817,0,0.004000
1648654523.932155337,0,0.000000
1648654523.955863324,0,0.000000
1648654523.978996464,0,0.000000
1648654524.001028217,0,0.000000
1648654524.023473820,0,0.000000
1648654524.045677698,0,0.008000
1648654524.069009175,0,0.000000
1648654524.091919108,0,0.000000
1648654524.114879417,0,0.000000
1648654524.138508971,0,0.000000
1648654524.162532599,0,0.000000
1648654524.183679976,0,0.000000
1648654524.206820431,0,0.000000
1648654524.229920211,0,0.000000
1648654524.252189008,0,0.000000
1648654524.274629430,0,0.000000
1648654524.294847405,1,0.000000
1648654524.317359243,0,0.000000
1648654524.340310708,1,0.000000
1648654524.363324179,0,0.000000
1648654524.385973190,0,0.000000
1648654524.409194991,0,0.000000
1648654524.431579725,0,0.000000
1648654524.451263990,0,0.000000
1648654524.474340578,1,0.000000
1648654524.499089938,0,0.000000
1648654524.522454759,0,0.000000
1648654524.546081500,0,0.000000
1648654524.568677840,0,0.000000
1648654524.592105149,0,0.000000
1648654524.615003352,0,0.000000
1648654524.638223197,0,0.003000
1648654524.662259854,0,0.000000
1648654524.684604807,0,0.000000
1648654524.707166454,0,0.000000
1648654524.729958303,0,0.000000
1648654524.751310376,0,0.000000
1648654524.773809115,0,0.000000
1648654524.796541177,0,0.000000
1648654524.819447382,0,0.000000
1648654524.842102177,0,0.000000
1648654524.863954965,0,0.000000
1648654524.886413027,0,0.000000
1648654524.908995220,0,0.000000
1648654524.930829382,0,0.000000
1648654524.953208968,0,0.000000
1648654524.976230844,0,0.006000
1648654524.999062935,0,0.000000
1648654525.022297471,0,0.000000
1648654525.046285791,0,0.000000
1648654525.068026329,0,0.000000
1648654525.090481428,0,0.000000
1648654525.112065917,0,0.000000
1648654525.135409854,0,0.000000
1648654525.157940647,0,0.000000
1648654525.180217751,0,0.000000
1648654525.204423862,0,0.000000
1648654525.226270819,0,0.000000
1648654525.246423770,0,0.000000
1648654525.268083294,0,0.000000
1648654525.290413411,0,0.000000
1648654525.313425510,0,0.000000
1648654525.337134924,0,0.000000
1648654525.360390581,0,0.000000
1648654525.382011728,0,0.000000
1648654525.402580398,0,0.000000
1648654525.424312243,0,0.000000
1648654525.447991633,0,0.000000
1648654525.470737866,0,0.000000
1648654525.496263479,0,0.000000
1648654525.517874250,0,0.000000
1648654525.541647883,0,0.000000
1648654525.564341102,0,0.000000
1648654525.588214736,0,0.003000
1648654525.612402873,0,0.003000
1648654525.635995592,0,0.000000
1648654525.659810564,0,0.000000
1648654525.682495900,0,0.000000
1648654525.703546299,0,0.000000
1648654525.724948568,0,0.000000
1648654525.746614232,0,0.000000
1648654525.770271719,0,0.000000
1648654525.791569895,0,0.000000
1648654525.815118982,0,0.000000
1648654525.837336112,0,0.000000
1648654525.859473232,0,0.000000
1648654525.882261463,0,0.000000
1648654525.905041003,0,0.000000
1648654525.927992661,0,0.000000
1648654525.950179604,0,0.000000
1648654525.970628103,0,0.000000
1648654525.994955510,0,0.000000
1648654526.015755253,0,0.000000
1648654526.038758230,0,0.000000
1648654526.060865997,0,0.000000
1648654526.081159032,0,0.000000
1648654526.103749645,0,0.000000
1648654526.126047560,0,0.000000
1648654526.148680809,0,0.000000
1648654526.172477162,0,0.000000
1648654526.195925669,0,0.000000
1648654526.216093520,0,0.000000
1648654526.237130881,0,0.000000
1648654526.261182284,0,0.000000
1648654526.283111702,0,0.000000
1648654526.307126693,1,0.000000
1648654526.331002251,0,0.000000
1648654526.352901593,0,0.000000
1648654526.376308511,0,0.000000
1648654526.400501040,0,0.000000
1648654526.423920368,0,0.000000
1648654526.444452893,0,0.014000
1648654526.467568590,0,0.000000
1648654526.489695604,0,0.000000
1648654526.510501919,0,0.000000
1648654526.533552677,0,0.000000
1648654526.557639278,0,0.000000
1648654526.580419127,0,0.000000
1648654526.603978492,0,0.000000
1648654526.626878203,0,0.004000
1648654526.649977877,0,0.000000
1648654526.672797202,0,0.000000
1648654526.695252051,0,0.000000
1648654526.718165300,0,0.000000
1648654526.740458676,0,0.000000
1648654526.763171225,0,0.000000
1648654526.787101318,0,0.000000
1648654526.809228292,0,0.000000
1648654526.831446380,0,0.000000
1648654526.852639986,0,0.000000
1648654526.875464086,0,0.000000
1648654526.899234412,0,0.000000
1648654526.921557232,0,0.000000
1648654526.943505054,0,0.000000
1648654526.967497235,0,0.000000
1648654526.990102653,0,0.000000
1648654527.011753566,0,0.000000
1648654527.033664303,0,0.010000
1648654527.056647208,0,0.000000
1648654527.077746605,0,0.000000
1648654527.099887266,0,0.000000
1648654527.122544545,0,0.000000
1648654527.144650871,0,0.000000
1648654527.166871280,0,0.000000
1648654527.191917768,0,0.000000
1648654527.214713367,0,0.000000
1648654527.235221842,0,0.000000
1648654527.258053456,0,0.000000
1648654527.282764604,0,0.000000
1648654527.303730230,1,0.000000
1648654527.326112738,0,0.000000
1648654527.348363034,0,0.000000
1648654527.370936160,0,0.000000
1648654527.395693232,0,0.000000
1648654527.419280086,0,0.000000
1648654527.441577949,0,0.000000
1648654527.462504449,0,0.000000
1648654527.486562874,0,0.000000
1648654527.509093125,0,0.000000
1648654527.531036160,0,0.000000
1648654527.553686785,0,0.000000
1648654527.574381207,0,0.000000
1648654527.596920075,0,0.000000
1648654527.618482642,0,0.000000
1648654527.641947534,0,0.000000
1648654527.664491662,0,0.000000
1648654527.686462355,0,0.000000
1648654527.708384290,0,0.000000
1648654527.730717078,0,0.000000
1648654527.753303868,0,0.000000
1648654527.776265115,0,0.000000
1648654527.799638634,0,0.000000
1648654527.822686016,0,0.000000
1648654527.844949416,0,0.000000
1648654527.867936533,0,0.000000
1648654527.890500476,0,0.000000
1648654527.912389405,1,0.000000
1648654527.933936118,0,0.000000
1648654527.957464287,0,0.000000
1648654527.980391384,0,0.000000
1648654528.005101224,0,0.000000
1648654528.026441560,0,0.000000
1648654528.048926706,0,0.000000
1648654528.072455446,0,0.000000
1648654528.095159428,0,0.005000
1648654528.116261219,1,0.013000
1648654528.139671015,0,0.000000
1648654528.162285993,0,0.000000
1648654528.185801293,0,0.000000
1648654528.209442420,0,0.000000
1648654528.231898405,0,0.000000
1648654528.253797277,0,0.000000
1648654528.275361481,0,0.000000
1648654528.299378724,0,0.012000
1648654528.321896377,1,0.000000
1648654528.343229762,0,0.000000
1648654528.365716059,0,0.000000
1648654528.388446417,0,0.000000
1648654528.410777842,0,0.000000
1648654528.433555866,0,0.000000
1648654528.456104959,0,0.000000
1648654528.478623343,0,0.000000
1648654528.500962172,0,0.009000
1648654528.525251417,0,0.003000
1648654528.548815846,0,0.000000
1648654528.570752932,0,0.000000
1648654528.594149061,1,0.007000
1648654528.614701461,0,0.000000
1648654528.636821712,0,0.000000
1648654528.658743137,0,0.000000
1648654528.682111464,0,0.004000
1648654528.704363489,0,0.000000
1648654528.728886650,0,0.000000
1648654528.751427379,0,0.000000
1648654528.774122727,0,0.000000
1648654528.797392012,0,0.000000
1648654528.819911351,0,0.000000
1648654528.840971242,0,0.000000
1648654528.864035832,0,0.000000
1648654528.886353487,0,0.000000
1648654528.908903329,0,0.000000
1648654528.932029431,0,0.000000
1648654528.953444546,0,0.006000
1648654528.975407806,0,0.000000
1648654528.998238465,0,0.000000
1648654529.021135393,0,0.000000
1648654529.043899856,0,0.000000
1648654529.067987912,0,0.001000
1648654529.091395828,0,0.000000
1648654529.111177688,0,0.000000
1648654529.133040690,0,0.000000
1648654529.154055479,0,0.000000
1648654529.177299519,0,0.000000
1648654529.199077756,0,0.000000
1648654529.222604908,0,0.000000
1648654529.245672772,0,0.000000
1648654529.267965671,0,0.000000
1648654529.289364795,0,0.000000
1648654529.312051557,0,0.000000
1648654529.335403273,0,0.000000
1648654529.358315057,0,0.000000
1648654529.379949935,0,0.000000
1648654529.402185580,0,0.000000
1648654529.426047237,0,0.008000
1648654529.449067920,0,0.000000
1648654529.470428607,0,0.000000
1648654529.491868814,0,0.000000
1648654529.513454111,0,0.000000
1648654529.537160501,0,0.000000
1648654529.560734747,0,0.000000
1648654529.583233380,0,0.000000
1648654529.607036788,0,0.000000
1648654529.629171530,0,0.000000
1648654529.652115276,0,0.000000
1648654529.675298743,0,0.003000
1648654529.699181567,0,0.000000
1648654529.720269043,0,0.000000
1648654529.743378343,0,0.003000
1648654529.765902450,0,0.000000
1648654529.789028225,0,0.000000
1648654529.811908375,0,0.000000
1648654529.834388897,0,0.000000
1648654529.858787400,0,0.000000
1648654529.881353471,0,0.000000
1648654529.905364207,0,0.000000
1648654529.926349341,0,0.000000
1648654529.951192288,0,0.000000
1648654529.974167249,0,0.000000
1648654529.996369639,0,0.003000
1648654530.019641647,0,0.000000
1648654530.041112790,0,0.000000
1648654530.064216428,0,0.000000
1648654530.086600284,0,0.000000
1648654530.111619826,1,0.006000
1648654530.134801454,0,0.000000
1648654530.155624452,0,0.000000
1648654530.179479569,0,0.000000
1648654530.201354529,0,0.000000
1648654530.223766099,0,0.000000
1648654530.246309658,0,0.000000
1648654530.269198056,0,0.000000
1648654530.292505606,0,0.000000
1648654530.313883416,0,0.000000
1648654530.338126578,0,0.000000
1648654530.360649929,0,0.000000
1648654530.384185050,0,0.005000
1648654530.407374292,0,0.000000
1648654530.429870646,0,0.000000
1648654530.450581969,0,0.000000
1648654530.475412046,0,0.000000
1648654530.497598404,0,0.000000
1648654530.519462121,0,0.000000
1648654530.542428786,0,0.000000
1648654530.564884219,0,0.000000
1648654530.588270098,0,0.000000
1648654530.609260581,0,0.003000
1648654530.631497319,0,0.012000
1648654530.652730302,2,0.000000
1648654530.674735694,0,0.000000
1648654530.697846561,0,0.000000
1648654530.719006587,0,0.000000
1648654530.741874587,0,0.000000
1648654530.763887478,0,0.000000
1648654530.788013526,0,0.000000
1648654530.812358660,0,0.000000
1648654530.836476628,0,0.000000
1648654530.859369478,0,0.000000
1648654530.882817434,0,0.000000
1648654530.905496824,0,0.000000
1648654530.926371572,0,0.000000
1648654530.947868696,0,0.000000
1648654530.969357691,0,0.000000
1648654530.991686483,0,0.000000
1648654531.014188194,0,0.000000
1648654531.036323024,0,0.008000
1648654531.058462083,0,0.000000
1648654531.081877129,0,0.000000
1648654531.104653436,0,0.000000
1648654531.126884769,0,0.000000
1648654531.149050422,0,0.000000
1648654531.174576994,0,0.000000
1648654531.197506543,0,0.000000
1648654531.221002825,0,0.000000
1648654531.242025357,0,0.000000
1648654531.265149355,0,0.000000
1648654531.288554611,0,0.000000
1648654531.312069402,0,0.000000
1648654531.335242219,0,0.000000
1648654531.359170668,0,0.000000
1648654531.382549313,0,0.002000
1648654531.405274223,0,0.000000
1648654531.427599737,0,0.000000
1648654531.452439128,0,0.000000
1648654531.476598558,0,0.000000
1648654531.500239926,0,0.000000
1648654531.522272278,0,0.000000
1648654531.544915226,0,0.000000
1648654531.566595606,0,0.000000
1648654531.588694753,0,0.000000
1648654531.611396529,0,0.000000
1648654531.634119144,0,0.000000
1648654531.657344304,0,0.000000
1648654531.681306648,0,0.000000
1648654531.703815871,0,0.000000
1648654531.726593953,0,0.000000
1648654531.747031016,0,0.000000
1648654531.768533907,0,0.000000
1648654531.790625940,0,0.000000
1648654531.812405376,0,0.000000
1648654531.835608085,0,0.000000
1648654531.858292841,0,0.000000
1648654531.881510778,0,0.000000
1648654531.903506890,0,0.000000
1648654531.925117474,0,0.000000
1648654531.946998732,0,0.000000
1648654531.969947430,0,0.000000
1648654531.993015615,0,0.000000
1648654532.015668755,0,0.000000
1648654532.039323468,0,0.000000
1648654532.064586595,0,0.000000
1648654532.087854855,0,0.000000
1648654532.110405421,0,0.000000
1648654532.133916500,0,0.000000
1648654532.155953636,0,0.000000
1648654532.177204496,0,0.000000
1648654532.199329999,0,0.003000
1648654532.221929376,0,0.000000
1648654532.244420343,0,0.000000
1648654532.266983567,0,0.000000
1648654532.290749358,0,0.007000
1648654532.313686589,0,0.000000
1648654532.336203927,0,0.000000
1648654532.358065468,0,0.000000
1648654532.381378933,0,0.000000
1648654532.405668488,0,0.000000
1648654532.427993884,0,0.000000
1648654532.450767203,0,0.000000
1648654532.472417443,0,0.000000
1648654532.495582864,0,0.000000
1648654532.517160633,0,0.000000
1648654532.539983312,0,0.006000
1648654532.562489810,0,0.000000
1648654532.585945117,1,0.000000
1648654532.607344945,0,0.000000
1648654532.629972940,0,0.000000
1648654532.652070303,0,0.000000
1648654532.674844250,0,0.000000
1648654532.698481562,0,0.000000
1648654532.721267385,0,0.003000
1648654532.744625597,0,0.000000
1648654532.766967945,0,0.000000
1648654532.791389515,0,0.000000
1648654532.814743998,0,0.000000
1648654532.839140411,1,0.000000
1648654532.862560975,0,0.000000
1648654532.885540396,0,0.000000
1648654532.908660015,0,0.000000
1648654532.931559949,0,0.000000
1648654532.954477097,0,0.000000
1648654532.977542779,0,0.000000
1648654533.000467958,0,0.000000
1648654533.024446523,0,0.000000
1648654533.047070548,0,0.000000
1648654533.070636894,0,0.000000
1648654533.093876139,0,0.000000
1648654533.116095095,0,0.000000
1648654533.139148576,0,0.000000
1648654533.164844243,0,0.000000
1648654533.188336438,0,0.000000
1648654533.211795934,0,0.000000
1648654533.235060035,0,0.000000
1648654533.258128413,0,0.000000
1648654533.281006025,0,0.000000
1648654533.305980880,0,0.000000
1648654533.327000271,0,0.000000
1648654533.348871394,0,0.000000
1648654533.372065259,0,0.000000
1648654533.394449351,0,0.000000
1648654533.417724001,0,0.000000
1648654533.440349230,0,0.003000
1648654533.463597062,0,0.000000
1648654533.485992503,0,0.000000
1648654533.509098762,0,0.000000
1648654533.531155967,0,0.008000
1648654533.553065110,0,0.000000
1648654533.577134601,0,0.000000
1648654533.599703566,0,0.000000
1648654533.621270353,0,0.000000
1648654533.645001706,0,0.000000
1648654533.667601805,0,0.001000
1648654533.692273996,0,0.000000
1648654533.715247223,0,0.000000
1648654533.736661275,0,0.000000
1648654533.759101859,0,0.000000
1648654533.781363969,0,0.000000
1648654533.805215171,0,0.000000
1648654533.828191435,0,0.000000
1648654533.852328348,0,0.000000
1648654533.875256749,0,0.000000
1648654533.897058426,0,0.000000
1648654533.919457354,0,0.000000
1648654533.942016144,0,0.000000
1648654533.964408820,0,0.000000
1648654533.985154038,0,0.000000
1648654534.007824406,0,0.000000
1648654534.030761284,0,0.000000
1648654534.053614574,0,0.000000
1648654534.078577614,0,0.000000
1648654534.100754283,0,0.007000
1648654534.122700886,0,0.000000
1648654534.146373538,0,0.005000
1648654534.167973247,0,0.000000
1648654534.189450549,0,0.000000
1648654534.211322587,0,0.000000
1648654534.233395423,0,0.003000
1648654534.254611273,0,0.000000
1648654534.276707158,0,0.000000
1648654534.297932583,0,0.000000
1648654534.320173294,0,0.000000
1648654534.342286960,0,0.000000
1648654534.365540533,0,0.000000
1648654534.387481582,0,0.000000
1648654534.410553050,0,0.012000
1648654534.431918198,0,0.000000
1648654534.454816374,0,0.000000
1648654534.477561158,0,0.000000
1648654534.502548356,0,0.000000
1648654534.526108418,0,0.000000
1648654534.548794445,1,0.000000
1648654534.573162022,0,0.000000
1648654534.595431705,0,0.002000
1648654534.617840705,0,0.000000
1648654534.638030012,0,0.000000
1648654534.657907645,0,0.000000
1648654534.680139572,0,0.000000
1648654534.702350618,0,0.000000
1648654534.723071657,0,0.000000
1648654534.745073871,0,0.005000
1648654534.767589852,0,0.000000
1648654534.791664984,0,0.000000
1648654534.813571387,0,0.000000
1648654534.834909416,0,0.003000
1648654534.857312692,0,0.000000
1648654534.879665325,0,0.000000
1648654534.902333336,0,0.000000
1648654534.925423640,0,0.000000
1648654534.948945932,0,0.000000
1648654534.972585334,0,0.000000
1648654534.994892413,0,0.000000
1648654535.017969129,0,0.000000
1648654535.039723797,0,0.000000
1648654535.062074889,0,0.000000
1648654535.083468908,0,0.000000
1648654535.105766883,0,0.000000
1648654535.128608910,0,0.000000
1648654535.151176320,0,0.000000
1648654535.172814649,0,0.000000
1648654535.196918504,0,0.000000
1648654535.218602966,1,0.000000
1648654535.241366598,0,0.000000
1648654535.263039582,0,0.000000
1648654535.284896361,0,0.000000
1648654535.306906112,0,0.000000
1648654535.330886947,0,0.000000
1648654535.352376120,0,0.006000
1648654535.373907809,0,0.000000
1648654535.396310105,0,0.000000
1648654535.419602365,0,0.000000
1648654535.442295578,0,0.000000
1648654535.465482692,0,0.000000
1648654535.488567340,0,0.000000
1648654535.510489355,0,0.000000
1648654535.534684783,0,0.000000
1648654535.557995926,0,0.000000
1648654535.581504158,0,0.000000
1648654535.601474355,0,0.000000
1648654535.623589232,0,0.000000
1648654535.648381026,0,0.000000
1648654535.672990808,0,0.000000
1648654535.695385729,0,0.000000
1648654535.718064016,0,0.000000
1648654535.739918179,0,0.000000
1648654535.761403246,0,0.000000
1648654535.782754757,0,0.005000
1648654535.804444971,0,0.000000
1648654535.825282210,0,0.000000
1648654535.847488082,0,0.000000
1648654535.870930384,0,0.000000
1648654535.893556089,0,0.000000
1648654535.915337323,0,0.000000
1648654535.938855130,0,0.000000
1648654535.962983654,0,0.000000
1648654535.984177325,0,0.000000
1648654536.007164621,0,0.000000
1648654536.031728380,0,0.000000
1648654536.055743992,0,0.000000
1648654536.078757160,0,0.000000
1648654536.099263024,0,0.000000
1648654536.121683818,0,0.000000
1648654536.145330088,0,0.000000
1648654536.169365797,0,0.000000
1648654536.191563221,0,0.003000
1648654536.214320480,0,0.000000
1648654536.235331756,0,0.000000
1648654536.256871323,0,0.000000
1648654536.279188899,0,0.000000
1648654536.302357814,0,0.000000
1648654536.325257726,0,0.000000
1648654536.347556798,0,0.000000
1648654536.370559787,0,0.000000
1648654536.392686971,0,0.000000
1648654536.415120662,0,0.000000
1648654536.438358815,0,0.000000
1648654536.463081901,0,0.000000
1648654536.485707934,0,0.000000
1648654536.506939287,0,0.000000
1648654536.529328885,0,0.000000
1648654536.553205141,0,0.000000
1648654536.576403003,0,0.000000
1648654536.596999609,0,0.003000
1648654536.617104877,0,0.000000
1648654536.640250474,0,0.003000
1648654536.664885013,0,0.000000
1648654536.688242245,0,0.000000
1648654536.710247144,0,0.000000
1648654536.732305228,1,0.003000
1648654536.754974840,0,0.000000
1648654536.777116937,0,0.000000
1648654536.800285989,0,0.000000
1648654536.822363882,0,0.000000
1648654536.844443576,0,0.000000
1648654536.866173883,0,0.000000
1648654536.887477170,0,0.000000
1648654536.910682223,0,0.000000
1648654536.933653421,0,0.000000
1648654536.957309386,0,0.000000
1648654536.980150786,0,0.000000
1648654537.003849491,0,0.000000
1648654537.025897077,0,0.000000
1648654537.049429749,0,0.000000
1648654537.072195178,0,0.000000
1648654537.095313174,0,0.000000
1648654537.115988538,0,0.000000
1648654537.135989100,0,0.000000
1648654537.158317990,0,0.000000
1648654537.180284514,0,0.000000
1648654537.204583881,0,0.000000
1648654537.229029201,0,0.000000
1648654537.250918692,0,0.000000
1648654537.270282940,0,0.000000
1648654537.292703803,0,0.000000
1648654537.313950109,0,0.000000
1648654537.336024912,0,0.000000
1648654537.357812006,0,0.000000
1648654537.380241421,0,0.000000
1648654537.403792664,0,0.000000
1648654537.426924449,0,0.000000
1648654537.448829898,0,0.000000
1648654537.469915990,0,0.000000
1648654537.493231707,0,0.000000
1648654537.516095711,0,0.000000
1648654537.540400387,0,0.000000
1648654537.561748860,0,0.000000
1648654537.584467571,0,0.000000
1648654537.607949076,0,0.000000
1648654537.631063127,0,0.000000
1648654537.654041888,0,0.000000
1648654537.675880048,0,0.000000
1648654537.698963971,0,0.000000
1648654537.720146369,0,0.000000
1648654537.741569249,0,0.000000
1648654537.762400054,0,0.000000
1648654537.786180300,0,0.000000
1648654537.809215840,0,0.000000
1648654537.831799359,0,0.000000
1648654537.855884652,0,0.000000
1648654537.879063897,0,0.000000
1648654537.903465180,0,0.000000
1648654537.926415987,0,0.000000
1648654537.948872921,0,0.000000
1648654537.970317869,0,0.000000
1648654537.993129581,1,0.000000
1648654538.016020805,0,0.000000
1648654538.038597065,0,0.000000
1648654538.062462925,0,0.000000
1648654538.087480134,0,0.000000
1648654538.109410813,0,0.000000
1648654538.131012795,0,0.000000
1648654538.152769843,0,0.000000
1648654538.175950896,0,0.000000
1648654538.197912926,0,0.000000
1648654538.221014599,0,0.000000
1648654538.242970649,0,0.000000
1648654538.262590095,0,0.000000
1648654538.284621538,0,0.000000
1648654538.307090498,0,0.000000
1648654538.329544205,0,0.000000
1648654538.352923554,0,0.000000
1648654538.375683402,0,0.000000
1648654538.398204253,0,0.000000
1648654538.421176820,0,0.000000
1648654538.445490373,0,0.000000
1648654538.467055775,0,0.000000
1648654538.490116988,0,0.000000
1648654538.514431843,0,0.000000
1648654538.536716537,2,0.009000
1648654538.559587467,0,0.000000
1648654538.582339505,0,0.000000
1648654538.605246843,0,0.000000
1648654538.626765110,0,0.000000
1648654538.650673682,0,0.000000
1648654538.670328764,0,0.000000
1648654538.693056775,0,0.000000
1648654538.714160374,0,0.000000
1648654538.737158588,0,0.000000
1648654538.758129415,0,0.000000
1648654538.780614824,0,0.000000
1648654538.801416119,0,0.000000
1648654538.825049531,0,0.000000
1648654538.848001671,0,0.000000
1648654538.871063361,0,0.000000
1648654538.894474590,0,0.000000
1648654538.918670039,0,0.000000
1648654538.941732727,0,0.000000
1648654538.966334544,0,0.000000
1648654538.989265632,0,0.000000
1648654539.011921030,0,0.000000
1648654539.034428701,0,0.000000
1648654539.055990328,0,0.000000
1648654539.077997756,0,0.000000
1648654539.100660294,0,0.000000
1648654539.123674112,0,0.000000
1648654539.147665078,0,0.000000
1648654539.171124332,1,0.000000
1648654539.193947522,0,0.000000
1648654539.217494206,0,0.000000
1648654539.238838996,0,0.000000
1648654539.261375336,0,0.000000
1648654539.285286997,0,0.000000
1648654539.309467879,0,0.000000
1648654539.333181833,0,0.003000
1648654539.357549991,0,0.000000
1648654539.379619377,0,0.005000
1648654539.402646190,0,0.000000
1648654539.426865235,0,0.006000
1648654539.448552256,0,0.000000
1648654539.473205515,0,0.000000
1648654539.494339033,0,0.000000
1648654539.518014989,0,0.003000
1648654539.540049434,0,0.000000
1648654539.561488792,0,0.000000
1648654539.584039809,0,0.000000
1648654539.609094864,0,0.000000
1648654539.630538476,0,0.000000
1648654539.653723725,0,0.000000
1648654539.675058486,0,0.000000
1648654539.697375878,0,0.000000
1648654539.721018918,0,0.000000
1648654539.742421229,0,0.000000
1648654539.766254712,0,0.000000
1648654539.788918734,0,0.000000
1648654539.810253880,0,0.001000
1648654539.833874023,0,0.000000
1648654539.856954282,0,0.000000
1648654539.877995818,0,0.000000
1648654539.900570820,0,0.000000
1648654539.925215123,0,0.000000
1648654539.948707150,0,0.000000
1648654539.971064674,0,0.000000
1648654539.995394260,0,0.008000
1648654540.018673752,0,0.000000
1648654540.041185066,0,0.000000
1648654540.063482553,0,0.000000
1648654540.086215760,0,0.000000
1648654540.107106860,0,0.000000
1648654540.130181676,0,0.000000
1648654540.151406916,1,0.000000
1648654540.174134203,0,0.000000
1648654540.197205272,0,0.000000
1648654540.220915701,0,0.000000
1648654540.242902798,0,0.000000
1648654540.265400381,0,0.006000
1648654540.287280862,0,0.000000
1648654540.310335881,0,0.000000
1648654540.333345965,0,0.000000
1648654540.354096671,0,0.000000
1648654540.376585205,0,0.000000
1648654540.400035370,0,0.000000
1648654540.423234134,0,0.000000
1648654540.446308876,0,0.000000
1648654540.469184026,0,0.000000
1648654540.490557865,0,0.000000
1648654540.512697513,0,0.000000
1648654540.535376787,0,0.000000
1648654540.557288750,0,0.000000
1648654540.580437980,0,0.000000
1648654540.603752729,0,0.000000
1648654540.626735174,0,0.000000
1648654540.649364226,0,0.000000
1648654540.671695667,0,0.000000
1648654540.696533582,0,0.000000
1648654540.720279068,0,0.000000
1648654540.740804963,0,0.000000
1648654540.762348881,0,0.000000
1648654540.785690923,0,0.000000
1648654540.806813934,0,0.000000
1648654540.828989151,0,0.015000
1648654540.849511241,0,0.000000
1648654540.871940762,0,0.000000
1648654540.894757155,0,0.000000
1648654540.917289808,0,0.000000
1648654540.939718301,0,0.000000
1648654540.963368457,0,0.000000
1648654540.983214564,0,0.000000
1648654541.005898989,0,0.000000
1648654541.028915467,0,0.000000
1648654541.052466160,0,0.000000
1648654541.076639282,0,0.000000
1648654541.100967653,0,0.000000
1648654541.124776974,0,0.000000
1648654541.147418180,0,0.000000
1648654541.169853845,0,0.000000
1648654541.191733835,0,0.000000
1648654541.213986513,0,0.000000
1648654541.237322804,0,0.000000
1648654541.261999115,0,0.000000
1648654541.283780537,0,0.000000
1648654541.306714060,0,0.000000
1648654541.329371840,0,0.000000
1648654541.352114121,0,0.000000
1648654541.374244719,0,0.000000
1648654541.396146356,0,0.003000
1648654541.419210876,0,0.000000
1648654541.441395112,0,0.000000
1648654541.462071721,0,0.000000
1648654541.484561796,0,0.000000
1648654541.506682464,0,0.000000
1648654541.527405470,0,0.000000
1648654541.550389928,1,0.000000
1648654541.573262304,0,0.000000
1648654541.594532939,0,0.000000
1648654541.617919494,0,0.000000
1648654541.640846441,0,0.000000
1648654541.663971479,0,0.000000
1648654541.687185005,0,0.000000
1648654541.709808034,0,0.000000
1648654541.731952651,0,0.000000
1648654541.754190611,0,0.000000
1648654541.778957010,0,0.000000
1648654541.801942372,0,0.000000
1648654541.824765624,0,0.000000
1648654541.847486813,0,0.000000
1648654541.869168382,0,0.000000
1648654541.892660707,0,0.000000
1648654541.914825586,0,0.000000
1648654541.937471915,0,0.000000
1648654541.958755984,0,0.000000
1648654541.982149770,0,0.000000
1648654542.005131088,0,0.000000
1648654542.027208123,0,0.000000
1648654542.049847216,0,0.003000
1648654542.072702704,0,0.000000
1648654542.095711679,0,0.000000
1648654542.118297689,0,0.000000
1648654542.141034079,0,0.000000
1648654542.162286939,0,0.000000
1648654542.185491207,0,0.006000
1648654542.207033888,0,0.000000
1648654542.229969013,0,0.000000
1648654542.252817014,0,0.000000
1648654542.275750315,0,0.000000
1648654542.298265433,0,0.000000
1648654542.322163591,0,0.000000
1648654542.345686915,0,0.000000
1648654542.368916339,0,0.000000
1648654542.390233693,0,0.000000
1648654542.412340554,0,0.000000
1648654542.434284728,0,0.000000
1648654542.456246327,0,0.000000
1648654542.478282065,0,0.000000
1648654542.500532330,0,0.000000
1648654542.522936367,0,0.000000
1648654542.544554999,0,0.000000
1648654542.567422218,0,0.000000
1648654542.591361479,0,0.000000
1648654542.613242273,0,0.000000
1648654542.636458744,0,0.000000
1648654542.658195309,0,0.000000
1648654542.680097928,0,0.000000
1648654542.702049175,0,0.000000
1648654542.722748270,0,0.000000
1648654542.746120123,0,0.000000
1648654542.769327874,0,0.000000
1648654542.790559579,0,0.000000
1648654542.813074535,0,0.000000
1648654542.835055833,0,0.000000
1648654542.857801149,0,0.000000
1648654542.878648972,0,0.000000
1648654542.901943221,0,0.000000
1648654542.925483766,0,0.000000
1648654542.948260524,0,0.000000
1648654542.968973551,0,0.000000
1648654542.991865670,0,0.000000
1648654543.015103834,0,0.000000
1648654543.037422042,0,0.000000
1648654543.060032588,0,0.008000
1648654543.082963771,0,0.000000
1648654543.106195702,0,0.000000
1648654543.127973649,0,0.000000
1648654543.148837030,0,0.000000
1648654543.171176941,0,0.000000
1648654543.193896044,0,0.000000
1648654543.217576103,0,0.000000
1648654543.238665743,0,0.000000
1648654543.260116826,0,0.000000
1648654543.283592812,0,0.000000
1648654543.307225637,0,0.000000
1648654543.329375268,0,0.000000
1648654543.349967079,0,0.000000
1648654543.370927857,0,0.000000
1648654543.392246464,0,0.000000
1648654543.413309869,0,0.000000
1648654543.435461819,0,0.000000
1648654543.456273976,0,0.000000
1648654543.478556783,0,0.000000
1648654543.500922800,0,0.000000
1648654543.522733719,0,0.000000
1648654543.544610870,0,0.003000
1648654543.566868153,0,0.000000
1648654543.588369411,0,0.000000
1648654543.611013038,0,0.000000
1648654543.633857078,0,0.000000
1648654543.654563756,0,0.000000
1648654543.677088929,0,0.000000
1648654543.700136146,0,0.000000
1648654543.722095018,0,0.000000
1648654543.745125338,0,0.000000
1648654543.768092185,0,0.000000
1648654543.788928881,0,0.000000
1648654543.812459323,0,0.000000
1648654543.835477486,0,0.000000
1648654543.858932783,0,0.000000
1648654543.882481543,0,0.000000
1648654543.903730669,0,0.000000
1648654543.927345809,0,0.000000
1648654543.948673013,0,0.000000
1648654543.970614741,0,0.000000
1648654543.993226080,0,0.000000
1648654544.016447966,0,0.003000
1648654544.038987086,0,0.000000
1648654544.060725706,0,0.000000
1648654544.082581070,0,0.000000
1648654544.103988332,0,0.000000
1648654544.126573621,0,0.000000
1648654544.149104520,0,0.000000
1648654544.170276096,0,0.000000
1648654544.192432982,0,0.000000
1648654544.216032067,0,0.000000
1648654544.238652192,0,0.000000
1648654544.260650616,0,0.000000
1648654544.284152148,0,0.003000
1648654544.307760953,0,0.000000
1648654544.329270816,0,0.000000
1648654544.352144665,0,0.003000
1648654544.374683247,0,0.000000
1648654544.397706543,0,0.000000
1648654544.419668582,0,0.000000
1648654544.442655191,0,0.004000
1648654544.466483661,0,0.000000
1648654544.490015903,0,0.000000
1648654544.510597427,0,0.000000
1648654544.532804001,0,0.000000
1648654544.555371554,0,0.000000
1648654544.580223474,0,0.000000
1648654544.604038919,0,0.000000
1648654544.627637176,0,0.000000
1648654544.651365140,0,0.000000
1648654544.674330083,0,0.005000
1648654544.697478458,0,0.000000
1648654544.721572825,0,0.000000
1648654544.742477237,0,0.000000
1648654544.763330365,0,0.000000
1648654544.785978514,0,0.000000
1648654544.809951400,0,0.000000
1648654544.832874585,1,0.000000
1648654544.853582788,0,0.000000
1648654544.877272496,0,0.000000
1648654544.899675051,0,0.000000
1648654544.923141326,0,0.000000
1648654544.946325071,0,0.000000
1648654544.969091362,0,0.000000
1648654544.992774055,0,0.000000
1648654545.015648861,0,0.000000
1648654545.036337590,0,0.000000
1648654545.059501213,0,0.000000
1648654545.082979325,0,0.000000
1648654545.105136706,0,0.000000
1648654545.128335138,0,0.000000
1648654545.150602774,0,0.000000
1648654545.173059627,0,0.000000
1648654545.195430965,0,0.000000
1648654545.216815304,0,0.012000
1648654545.238679011,0,0.005000
1648654545.261810183,0,0.000000
1648654545.284213095,0,0.000000
1648654545.306027710,0,0.003000
1648654545.326568184,0,0.000000
1648654545.347800122,0,0.000000
1648654545.371134114,0,0.000000
1648654545.394162983,0,0.002000
1648654545.417132463,0,0.000000
1648654545.439051885,0,0.000000
1648654545.462262866,0,0.000000
1648654545.484157597,0,0.000000
1648654545.505863969,0,0.000000
1648654545.527967216,0,0.000000
1648654545.550755086,0,0.007000
1648654545.572921854,0,0.000000
1648654545.594006708,0,0.000000
1648654545.617772325,0,0.000000
1648654545.639106830,0,0.000000
1648654545.662693270,0,0.000000
1648654545.684884969,0,0.000000
1648654545.705476674,1,0.003000
1648654545.727837622,0,0.000000
1648654545.749497217,0,0.000000
1648654545.771435165,0,0.000000
1648654545.795316680,0,0.000000
1648654545.818542846,0,0.000000
1648654545.838809343,0,0.000000
1648654545.860542561,0,0.000000
1648654545.882536045,0,0.000000
1648654545.905405255,0,0.000000
1648654545.927455770,0,0.000000
1648654545.950233606,0,0.000000
1648654545.975066797,0,0.000000
1648654545.997288002,0,0.000000
1648654546.020716007,1,0.004000
1648654546.042692272,0,0.000000
1648654546.065940377,0,0.000000
1648654546.088301504,0,0.000000
1648654546.110675829,0,0.000000
1648654546.133450017,0,0.009000
1648654546.156473683,0,0.000000
1648654546.180310950,0,0.000000
1648654546.203793466,0,0.000000
1648654546.227374477,0,0.000000
1648654546.249498859,0,0.000000
1648654546.271727212,0,0.000000
1648654546.293863674,0,0.000000
1648654546.315753583,1,0.011000
1648654546.338240103,0,0.000000
1648654546.361018281,1,0.000000
1648654546.383549974,0,0.000000
1648654546.406242272,1,0.003000
1648654546.428953176,0,0.003000
1648654546.451286512,0,0.000000
1648654546.473802773,0,0.000000
1648654546.496558301,0,0.000000
1648654546.519669373,0,0.000000
1648654546.542806888,0,0.000000
1648654546.566288773,0,0.000000
1648654546.587205328,0,0.000000
1648654546.610902697,0,0.000000
1648654546.633511026,0,0.000000
1648654546.655461317,0,0.000000
1648654546.675252743,0,0.000000
1648654546.696831024,0,0.000000
1648654546.719021647,0,0.000000
1648654546.740854551,0,0.000000
1648654546.763548512,0,0.000000
1648654546.786017456,0,0.000000
1648654546.807957296,0,0.003000
1648654546.831097729,0,0.000000
1648654546.851697023,0,0.000000
1648654546.873774187,0,0.000000
1648654546.897502053,0,0.000000
1648654546.919064117,0,0.000000
1648654546.942114084,0,0.000000
1648654546.966284824,0,0.000000
1648654546.987890306,0,0.000000
1648654547.010033419,0,0.000000
1648654547.032182270,0,0.000000
1648654547.054897934,0,0.000000
1648654547.076619918,0,0.000000
1648654547.098716840,0,0.000000
1648654547.121821030,0,0.000000
1648654547.143998584,1,0.000000
1648654547.167376454,0,0.000000
1648654547.189700211,0,0.000000
1648654547.212335365,0,0.000000
1648654547.234601555,0,0.000000
1648654547.255535342,0,0.000000
1648654547.279076649,0,0.000000
1648654547.299968954,0,0.000000
1648654547.323524803,0,0.000000
1648654547.346656241,0,0.000000
1648654547.369627781,0,0.000000
1648654547.392001315,0,0.000000
1648654547.414971957,0,0.000000
1648654547.436959445,0,0.000000
1648654547.459453072,0,0.004000
1648654547.481734168,0,0.000000
1648654547.504060874,0,0.000000
1648654547.526280314,1,0.000000
1648654547.550195215,0,0.000000
1648654547.571832541,0,0.000000
1648654547.594335319,0,0.000000
1648654547.617111481,0,0.000000
1648654547.639902275,0,0.000000
1648654547.663302791,0,0.003000
1648654547.686039082,0,0.000000
1648654547.709286283,0,0.000000
1648654547.731197471,0,0.000000
1648654547.752903957,0,0.000000
1648654547.775458097,0,0.000000
1648654547.799079868,0,0.000000
1648654547.820466696,0,0.000000
1648654547.844065229,0,0.000000
1648654547.866724152,0,0.000000
1648654547.887684053,0,0.000000
1648654547.909454530,0,0.000000
1648654547.931223839,0,0.000000
1648654547.953831443,0,0.000000
1648654547.976556954,0,0.000000
1648654548.000184710,0,0.000000
1648654548.020367221,0,0.000000
1648654548.042090251,0,0.000000
1648654548.062639071,0,0.000000
1648654548.083169162,0,0.000000
1648654548.105615773,0,0.000000
1648654548.127696188,0,0.000000
1648654548.149591397,0,0.000000
1648654548.172382279,0,0.000000
1648654548.194982632,0,0.000000
1648654548.217781367,0,0.000000
1648654548.240728961,0,0.000000
1648654548.261085887,0,0.000000
1648654548.282238002,0,0.000000
1648654548.304182396,0,0.000000
1648654548.326594256,0,0.000000
1648654548.349058013,0,0.000000
1648654548.369990682,0,0.000000
1648654548.391950004,0,0.000000
1648654548.412267988,0,0.000000
1648654548.434655220,0,0.000000
1648654548.457815351,0,0.000000
1648654548.480153583,0,0.000000
1648654548.503987053,0,0.000000
1648654548.525973684,0,0.000000
1648654548.546832429,0,0.000000
1648654548.570032879,0,0.000000
1648654548.593182515,0,0.000000
1648654548.616103791,0,0.000000
1648654548.637080632,0,0.000000
1648654548.660079564,0,0.000000
1648654548.683135363,0,0.000000
1648654548.706649734,0,0.000000
1648654548.729722790,0,0.000000
1648654548.752537775,0,0.000000
1648654548.774705401,0,0.000000
1648654548.797592717,0,0.000000
1648654548.820684640,0,0.000000
1648654548.842738250,0,0.007000
1648654548.866263912,0,0.000000
1648654548.888504269,0,0.000000
1648654548.912500325,0,0.000000
1648654548.934679097,0,0.000000
1648654548.957563800,0,0.000000
1648654548.981098489,0,0.000000
1648654549.002142064,0,0.000000
1648654549.025664445,0,0.000000
1648654549.048855490,1,0.000000
1648654549.071972405,0,0.000000
1648654549.092745537,0,0.000000
1648654549.115031337,0,0.000000
1648654549.137895945,0,0.000000
1648654549.159657568,0,0.000000
1648654549.180408556,0,0.000000
1648654549.201897508,0,0.000000
1648654549.224721910,0,0.000000
1648654549.247190087,0,0.000000
1648654549.269909278,0,0.000000
1648654549.293563380,0,0.000000
1648654549.315167838,1,0.000000
1648654549.338849224,0,0.008000
1648654549.362541620,0,0.000000
1648654549.384527253,0,0.000000
1648654549.407789798,0,0.000000
1648654549.429453350,0,0.000000
1648654549.451838446,0,0.000000
1648654549.474747627,0,0.000000
1648654549.497979581,0,0.000000
1648654549.520943572,0,0.000000
1648654549.544320775,0,0.000000
1648654549.567374483,0,0.000000
1648654549.588716827,0,0.000000
1648654549.612390223,0,0.000000
1648654549.635438578,1,0.000000
1648654549.657654750,0,0.000000
1648654549.680388456,0,0.000000
1648654549.702476433,0,0.000000
1648654549.723151598,0,0.000000
1648654549.745467540,0,0.000000
1648654549.766660253,0,0.000000
1648654549.788054427,0,0.000000
1648654549.809654223,0,0.000000
1648654549.830294641,0,0.000000
1648654549.853014461,0,0.000000
1648654549.876121751,0,0.000000
1648654549.898719443,0,0.004000
1648654549.921788025,0,0.000000
1648654549.944373102,0,0.000000
1648654549.966718279,0,0.000000
1648654549.987956924,0,0.000000
1648654550.010159030,0,0.000000
1648654550.033324075,0,0.000000
1648654550.056622308,0,0.000000
1648654550.079139770,0,0.000000
1648654550.101542137,0,0.000000
1648654550.123997149,0,0.000000
1648654550.147587256,0,0.000000
1648654550.170415787,0,0.000000
1648654550.192719453,0,0.000000
1648654550.216225407,0,0.000000
1648654550.239087846,0,0.000000
1648654550.260504482,0,0.000000
1648654550.283099099,0,0.000000
1648654550.305470892,0,0.000000
1648654550.328490587,0,0.000000
1648654550.351666371,0,0.000000
1648654550.375528687,0,0.000000
1648654550.398325435,0,0.000000
1648654550.419503357,0,0.000000
1648654550.441400355,0,0.000000
1648654550.463165721,0,0.000000
1648654550.486048880,0,0.000000
1648654550.508050545,0,0.000000
1648654550.530319235,0,0.004000
1648654550.553162624,0,0.000000
1648654550.574572254,0,0.000000
1648654550.595973727,0,0.000000
1648654550.620003255,0,0.000000
1648654550.640895452,0,0.003000
1648654550.663227812,0,0.000000
1648654550.685169598,0,0.000000
1648654550.706924869,0,0.000000
1648654550.729656684,0,0.015000
1648654550.752780181,0,0.000000
1648654550.775174138,0,0.003000
1648654550.798208033,0,0.000000
1648654550.819459658,0,0.000000
1648654550.842483160,0,0.000000
1648654550.865523629,0,0.000000
1648654550.888608597,0,0.000000
1648654550.912239409,0,0.000000
1648654550.936139561,0,0.000000
1648654550.958235438,0,0.000000
1648654550.979473167,0,0.000000
1648654551.002117023,0,0.000000
1648654551.024066943,0,0.000000
1648654551.045873510,0,0.000000
1648654551.067207770,0,0.004000
1648654551.089882367,0,0.000000
1648654551.110507666,0,0.006000
1648654551.133298520,0,0.000000
1648654551.154608383,0,0.000000
1648654551.176551249,0,0.003000
1648654551.199436491,0,0.000000
1648654551.220840213,0,0.000000
1648654551.242548629,0,0.000000
1648654551.265621613,0,0.000000
1648654551.288038970,0,0.000000
1648654551.310241525,0,0.000000
1648654551.330366414,0,0.000000
1648654551.354034156,0,0.000000
1648654551.376828140,0,0.000000
1648654551.399947358,0,0.000000
1648654551.421472947,0,0.000000
1648654551.443125694,0,0.000000
1648654551.465651459,0,0.000000
1648654551.488611654,0,0.003000
1648654551.512041037,0,0.000000
1648654551.534733183,0,0.001000
1648654551.557785151,0,0.001000
1648654551.580032510,0,0.001000
1648654551.601581952,0,0.001000
1648654551.623737528,0,0.001000
1648654551.646788149,0,0.001000
1648654551.669659704,0,0.001000
1648654551.692549109,0,0.001000
1648654551.714974511,0,0.001000
1648654551.737123794,0,0.001000
1648654551.759694944,0,0.001000
1648654551.782789587,0,0.001000
1648654551.805865227,0,0.001000
1648654551.829462610,0,0.001000
