1648654088.582570752,0,0.000000
1648654088.607036554,0,0.000000
1648654088.626802262,0,0.000000
1648654088.648110993,0,0.000000
1648654088.669502366,0,0.000000
1648654088.691468232,0,0.000000
1648654088.714956575,0,0.000000
1648654088.734775499,0,0.000000
1648654088.756645003,0,0.000000
1648654088.778267903,0,0.000000
1648654088.800102565,0,0.000000
1648654088.822850375,0,0.000000
1648654088.845401892,0,0.000000
1648654088.867264172,0,0.000000
1648654088.890072980,0,0.000000
1648654088.913921684,40,0.486000
1648654088.935880622,14,0.201000
1648654088.958668135,0,0.000000
1648654088.981852373,0,0.000000
1648654089.004945291,0,0.000000
1648654089.025952983,0,0.000000
1648654089.048848156,0,0.000000
1648654089.071506629,0,0.001000
1648654089.093817557,0,0.000000
1648654089.115194123,0,0.000000
1648654089.139712510,0,0.000000
1648654089.162184471,0,0.000000
1648654089.184581178,0,0.000000
1648654089.206949537,0,0.011000
1648654089.228488953,0,0.000000
1648654089.251276413,0,0.000000
1648654089.273802079,0,0.001000
1648654089.295061509,0,0.000000
1648654089.318483199,0,0.000000
1648654089.340000882,1,0.006000
1648654089.364159256,0,0.000000
1648654089.386176241,0,0.000000
1648654089.409816087,0,0.000000
1648654089.433549426,0,0.000000
1648654089.454854180,0,0.000000
1648654089.478478745,1,0.000000
1648654089.501864559,0,0.000000
1648654089.524511063,0,0.000000
1648654089.547962347,0,0.000000
1648654089.571365722,0,0.000000
1648654089.594852299,0,0.000000
1648654089.615699659,0,0.000000
1648654089.637790087,0,0.000000
1648654089.661326250,0,0.000000
1648654089.683079815,0,0.000000
1648654089.706861423,0,0.000000
1648654089.728830287,0,0.000000
1648654089.751104123,0,0.000000
1648654089.773003752,0,0.000000
1648654089.794088693,0,0.000000
1648654089.815448059,1,0.000000
1648654089.839538590,0,0.000000
1648654089.863445008,0,0.000000
1648654089.886452418,0,0.000000
1648654089.907387430,0,0.000000
1648654089.930454000,0,0.000000
1648654089.952659817,0,0.001000
1648654089.975242731,0,0.000000
1648654089.998345995,0,0.000000
1648654090.022897609,0,0.000000
1648654090.043278069,0,0.000000
1648654090.066157273,0,0.000000
1648654090.088603779,1,0.001000
1648654090.112845255,0,0.000000
1648654090.135625546,0,0.000000
1648654090.158880355,0,0.000000
1648654090.181797057,0,0.000000
1648654090.204023620,0,0.000000
1648654090.226531557,0,0.000000
1648654090.249109895,0,0.000000
1648654090.272789103,0,0.000000
1648654090.295441530,0,0.000000
1648654090.319759274,0,0.000000
1648654090.343415390,0,0.000000
1648654090.366333119,0,0.000000
1648654090.388948304,0,0.000000
1648654090.412127492,0,0.000000
1648654090.435492782,0,0.000000
1648654090.458500905,0,0.000000
1648654090.480630496,0,0.000000
1648654090.503376902,0,0.000000
1648654090.526289305,0,0.004000
1648654090.549820705,0,0.000000
1648654090.573608267,0,0.000000
1648654090.598248713,1,0.000000
1648654090.621882104,0,0.000000
1648654090.643345367,0,0.000000
1648654090.664728578,0,0.001000
1648654090.687830070,1,0.000000
1648654090.710327331,0,0.000000
1648654090.733266344,0,0.000000
1648654090.756694450,0,0.000000
1648654090.777957853,0,0.000000
1648654090.800996753,0,0.000000
1648654090.824480247,0,0.000000
1648654090.846327034,0,0.000000
1648654090.869456060,0,0.000000
1648654090.892027528,0,0.000000
1648654090.914906029,0,0.000000
1648654090.937424076,0,0.000000
1648654090.959846335,0,0.000000
1648654090.984974779,0,0.000000
1648654091.008569286,0,0.004000
1648654091.031104565,0,0.000000
1648654091.054019516,0,0.003000
1648654091.077547795,0,0.000000
1648654091.100005036,0,0.000000
1648654091.122116121,0,0.003000
1648654091.143482456,0,0.000000
1648654091.166525495,0,0.000000
1648654091.190245230,0,0.001000
1648654091.214094215,0,0.000000
1648654091.238416486,1,0.000000
1648654091.261162051,0,0.000000
1648654091.281223561,0,0.000000
1648654091.303820941,0,0.000000
1648654091.326454840,0,0.000000
1648654091.348864231,0,0.008000
1648654091.372235417,0,0.000000
1648654091.395137661,0,0.004000
1648654091.415899753,0,0.000000
1648654091.439425210,0,0.003000
1648654091.461417484,0,0.000000
1648654091.484961359,0,0.000000
1648654091.508022653,0,0.000000
1648654091.530185168,0,0.000000
1648654091.554358468,1,0.000000
1648654091.576929850,0,0.012000
1648654091.599720033,0,0.000000
1648654091.623405809,0,0.000000
1648654091.646170927,0,0.000000
1648654091.667356364,0,0.000000
1648654091.691387080,0,0.000000
1648654091.711931152,0,0.000000
1648654091.733694275,0,0.000000
1648654091.755451441,0,0.000000
1648654091.777400811,0,0.000000
1648654091.800442853,0,0.000000
1648654091.823035482,0,0.000000
1648654091.845726586,0,0.012000
1648654091.867926539,0,0.000000
1648654091.890486330,0,0.000000
1648654091.912490170,0,0.000000
1648654091.933959817,0,0.000000
1648654091.955595893,0,0.000000
1648654091.978617803,0,0.000000
1648654092.000431007,1,0.008000
1648654092.023047007,0,0.006000
1648654092.045077418,0,0.000000
1648654092.067474981,0,0.000000
1648654092.088430162,0,0.000000
1648654092.111703814,0,0.000000
1648654092.132935295,0,0.000000
1648654092.155430963,0,0.010000
1648654092.180056951,0,0.000000
1648654092.201899619,0,0.000000
1648654092.225185170,0,0.000000
1648654092.249166864,0,0.000000
1648654092.271309511,0,0.002000
1648654092.293399422,0,0.006000
1648654092.317941216,0,0.000000
1648654092.340484423,0,0.000000
1648654092.364209735,0,0.003000
1648654092.385404786,0,0.000000
1648654092.409766096,0,0.000000
1648654092.432867169,0,0.000000
1648654092.457145868,0,0.000000
1648654092.478812352,0,0.000000
1648654092.501615198,0,0.000000
1648654092.523858461,0,0.000000
1648654092.546410656,0,0.000000
1648654092.569458820,0,0.000000
1648654092.591865095,0,0.000000
1648654092.617046919,0,0.000000
1648654092.639507298,0,0.000000
1648654092.661795018,0,0.000000
1648654092.687023574,0,0.000000
1648654092.709487151,0,0.000000
1648654092.733169796,0,0.001000
1648654092.754195479,0,0.000000
1648654092.776539734,0,0.000000
1648654092.800449585,0,0.000000
1648654092.823392162,0,0.000000
1648654092.845789513,0,0.000000
1648654092.868914741,0,0.000000
1648654092.892215965,0,0.000000
1648654092.915054192,0,0.000000
1648654092.938064824,0,0.000000
1648654092.960047536,0,0.000000
1648654092.982431470,0,0.000000
1648654093.004598352,0,0.000000
1648654093.027956816,0,0.000000
1648654093.051434850,0,0.000000
1648654093.075060466,0,0.000000
1648654093.096422784,0,0.000000
1648654093.121612004,0,0.000000
1648654093.144304253,0,0.000000
1648654093.167244592,0,0.000000
1648654093.191670112,0,0.000000
1648654093.213803664,0,0.000000
1648654093.237080918,0,0.000000
1648654093.261224544,0,0.008000
1648654093.282543768,0,0.000000
1648654093.306235455,0,0.000000
1648654093.328117103,0,0.000000
1648654093.351581487,0,0.000000
1648654093.372935042,0,0.000000
1648654093.395498024,0,0.000000
1648654093.419160001,0,0.000000
1648654093.442455099,0,0.000000
1648654093.466557589,0,0.000000
1648654093.490075637,0,0.000000
1648654093.512823527,0,0.000000
1648654093.535980508,0,0.000000
1648654093.558793522,0,0.007000
1648654093.581351868,0,0.000000
1648654093.604611079,0,0.000000
1648654093.624569843,0,0.000000
1648654093.647010535,0,0.000000
1648654093.670579728,0,0.000000
1648654093.693297997,0,0.000000
1648654093.714672093,0,0.000000
1648654093.736751118,0,0.009000
1648654093.759208279,0,0.000000
1648654093.781814796,0,0.001000
1648654093.804387745,0,0.000000
1648654093.826557919,0,0.000000
1648654093.848758009,0,0.000000
1648654093.871850619,0,0.000000
1648654093.895410173,0,0.000000
1648654093.917978361,0,0.000000
1648654093.940866484,0,0.003000
1648654093.962867294,0,0.000000
1648654093.985581498,0,0.011000
1648654094.008269359,0,0.000000
1648654094.032827889,0,0.000000
1648654094.054427491,0,0.000000
1648654094.077761511,0,0.000000
1648654094.100341677,0,0.000000
1648654094.123617552,0,0.000000
1648654094.145066257,0,0.000000
1648654094.169548585,0,0.000000
1648654094.191592086,0,0.000000
1648654094.214314759,0,0.000000
1648654094.237018205,0,0.000000
1648654094.258962657,0,0.000000
1648654094.283701934,0,0.003000
1648654094.305422447,0,0.002000
1648654094.328046023,0,0.000000
1648654094.350854000,0,0.005000
1648654094.375004800,0,0.000000
1648654094.399577945,0,0.000000
1648654094.422760663,0,0.000000
1648654094.446075967,0,0.000000
1648654094.468713749,0,0.000000
1648654094.492105331,0,0.000000
1648654094.514685526,0,0.000000
1648654094.538098425,0,0.000000
1648654094.560194923,0,0.000000
1648654094.581955479,0,0.000000
1648654094.603225029,0,0.000000
1648654094.626987320,0,0.000000
1648654094.650013241,0,0.000000
1648654094.675194218,0,0.001000
1648654094.698869981,0,0.000000
1648654094.722313569,0,0.000000
1648654094.744212762,0,0.000000
1648654094.766899232,0,0.000000
1648654094.790311204,0,0.000000
1648654094.812885741,0,0.005000
1648654094.835349888,0,0.000000
1648654094.857416959,0,0.000000
1648654094.879892752,0,0.004000
1648654094.903574217,0,0.000000
1648654094.927260918,0,0.000000
1648654094.951279147,0,0.000000
1648654094.974297396,0,0.000000
1648654094.998380945,0,0.003000
1648654095.022267291,0,0.001000
1648654095.046613241,0,0.013000
1648654095.070612744,0,0.000000
1648654095.093040975,0,0.000000
1648654095.117026358,0,0.000000
1648654095.140944038,0,0.000000
1648654095.162336898,0,0.000000
1648654095.184483503,0,0.000000
1648654095.207424146,0,0.000000
1648654095.230540564,0,0.000000
1648654095.254089521,0,0.000000
1648654095.277099284,1,0.000000
1648654095.299916820,0,0.000000
1648654095.321712329,0,0.000000
1648654095.342117816,0,0.000000
1648654095.364541525,1,0.001000
1648654095.386498054,0,0.000000
1648654095.408208218,0,0.000000
1648654095.432069817,0,0.012000
1648654095.455887701,0,0.000000
1648654095.479104572,0,0.000000
1648654095.501010924,0,0.000000
1648654095.522283647,0,0.000000
1648654095.545450727,0,0.000000
1648654095.568384612,0,0.000000
1648654095.592123220,0,0.000000
1648654095.614417477,0,0.000000
1648654095.638146668,0,0.000000
1648654095.661978472,0,0.000000
1648654095.684535036,0,0.000000
1648654095.707334423,0,0.000000
1648654095.729105211,0,0.000000
1648654095.752655270,0,0.000000
1648654095.775384058,1,0.000000
1648654095.797881262,0,0.000000
1648654095.821108546,0,0.000000
1648654095.843445785,0,0.000000
1648654095.866916200,0,0.000000
1648654095.887943241,0,0.000000
1648654095.909946619,0,0.000000
1648654095.933935549,0,0.000000
1648654095.954497061,0,0.000000
1648654095.976825428,0,0.007000
1648654095.999387595,0,0.000000
1648654096.020323600,0,0.000000
1648654096.043010877,0,0.000000
1648654096.066837635,0,0.000000
1648654096.088903145,0,0.000000
1648654096.111638742,0,0.000000
1648654096.134764507,0,0.005000
1648654096.158075496,0,0.000000
1648654096.179253788,0,0.000000
1648654096.203247219,0,0.000000
1648654096.224912696,0,0.000000
1648654096.246596654,0,0.000000
1648654096.269477469,0,0.000000
1648654096.291357295,0,0.000000
1648654096.314977826,0,0.000000
1648654096.337735164,0,0.000000
1648654096.357744673,0,0.000000
1648654096.381207527,0,0.000000
1648654096.403052927,1,0.000000
1648654096.425460532,0,0.000000
1648654096.447890538,0,0.000000
1648654096.469458850,0,0.000000
1648654096.492456513,0,0.000000
1648654096.515171424,0,0.000000
1648654096.537332191,0,0.000000
1648654096.560078834,0,0.005000
1648654096.582882160,0,0.000000
1648654096.605510884,0,0.003000
1648654096.625696059,0,0.000000
1648654096.648659944,0,0.000000
1648654096.670457489,0,0.000000
1648654096.693915998,0,0.000000
1648654096.715833103,0,0.000000
1648654096.737242986,0,0.000000
1648654096.760172923,0,0.000000
1648654096.783724533,0,0.000000
1648654096.806621866,0,0.005000
1648654096.830162966,0,0.000000
1648654096.853528343,0,0.000000
1648654096.877148398,0,0.000000
1648654096.899842865,0,0.000000
1648654096.923133120,0,0.000000
1648654096.944501058,0,0.000000
1648654096.967070550,0,0.000000
1648654096.989115289,0,0.000000
1648654097.011142997,0,0.000000
1648654097.032334525,0,0.000000
1648654097.055227977,0,0.000000
1648654097.078473080,0,0.000000
1648654097.101119182,0,0.000000
1648654097.124208813,0,0.000000
1648654097.147664377,0,0.000000
1648654097.171115927,0,0.000000
1648654097.193393687,0,0.000000
1648654097.214826798,0,0.000000
1648654097.237546360,0,0.000000
1648654097.261184757,0,0.000000
1648654097.283446066,0,0.000000
1648654097.306782908,0,0.000000
1648654097.330734846,0,0.000000
1648654097.353334062,0,0.000000
1648654097.375554598,0,0.000000
1648654097.399155704,0,0.000000
1648654097.421915796,0,0.000000
1648654097.445081515,0,0.000000
1648654097.467673102,0,0.000000
1648654097.490168709,0,0.000000
1648654097.513413293,0,0.000000
1648654097.536051709,0,0.000000
1648654097.558325557,0,0.000000
1648654097.580905216,0,0.000000
1648654097.601577188,0,0.000000
1648654097.623982163,0,0.000000
1648654097.645325518,0,0.000000
1648654097.668909154,0,0.000000
1648654097.691827746,0,0.017000
1648654097.714053693,0,0.000000
1648654097.736231624,0,0.000000
1648654097.758955950,0,0.000000
1648654097.781508439,0,0.000000
1648654097.804581056,0,0.000000
1648654097.828240169,0,0.000000
1648654097.851669365,0,0.000000
1648654097.875239704,0,0.003000
1648654097.897090809,0,0.010000
1648654097.920374534,0,0.000000
1648654097.941762057,0,0.000000
1648654097.962808176,0,0.000000
1648654097.986195062,0,0.003000
1648654098.008902143,0,0.000000
1648654098.031666451,0,0.000000
1648654098.054114445,0,0.000000
1648654098.078099855,0,0.000000
1648654098.100362952,0,0.000000
1648654098.122006682,0,0.000000
1648654098.144531509,0,0.000000
1648654098.167144675,0,0.000000
1648654098.189319396,0,0.000000
1648654098.213015334,0,0.000000
1648654098.236032069,0,0.000000
1648654098.258833321,0,0.000000
1648654098.281628667,0,0.000000
1648654098.304793586,0,0.000000
1648654098.329074699,0,0.000000
1648654098.348962097,0,0.000000
1648654098.370944048,0,0.000000
1648654098.392707173,0,0.000000
1648654098.414321911,0,0.000000
1648654098.434104865,1,0.000000
1648654098.456112895,0,0.000000
1648654098.479457699,0,0.001000
1648654098.499846262,0,0.000000
1648654098.522847572,0,0.000000
1648654098.545541994,0,0.000000
1648654098.568478064,0,0.000000
1648654098.591739919,0,0.000000
1648654098.612182967,0,0.000000
1648654098.634180939,0,0.000000
1648654098.655768641,0,0.001000
1648654098.678430951,0,0.008000
1648654098.702486694,0,0.000000
1648654098.727068737,0,0.000000
1648654098.749998401,0,0.003000
1648654098.772453473,0,0.000000
1648654098.796386665,0,0.000000
1648654098.817847997,0,0.000000
1648654098.840487873,0,0.000000
1648654098.864094410,0,0.000000
1648654098.887508369,0,0.009000
1648654098.910126325,0,0.000000
1648654098.933852355,0,0.000000
1648654098.956306042,0,0.000000
1648654098.978499073,0,0.000000
1648654099.002655674,0,0.000000
1648654099.024323514,0,0.000000
1648654099.047096558,1,0.004000
1648654099.070783519,0,0.000000
1648654099.091800738,0,0.000000
1648654099.115014336,0,0.000000
1648654099.138407521,0,0.000000
1648654099.160457833,0,0.003000
1648654099.184212934,0,0.000000
1648654099.206510455,0,0.000000
1648654099.229668443,0,0.000000
1648654099.251490470,0,0.000000
1648654099.274182605,0,0.000000
1648654099.297667004,1,0.000000
1648654099.320482319,0,0.000000
1648654099.343329626,0,0.000000
1648654099.366706201,0,0.000000
1648654099.390717906,0,0.000000
1648654099.412534892,0,0.000000
1648654099.434497674,0,0.000000
1648654099.457858455,0,0.000000
1648654099.480934623,0,0.000000
1648654099.502295054,0,0.000000
1648654099.525376098,0,0.000000
1648654099.548843850,0,0.000000
1648654099.571407521,0,0.000000
1648654099.595490933,0,0.000000
1648654099.618840443,0,0.000000
1648654099.641157250,0,0.000000
1648654099.664665436,0,0.000000
1648654099.687625533,0,0.000000
1648654099.709039510,0,0.000000
1648654099.731687196,0,0.000000
1648654099.755772119,0,0.000000
1648654099.777424209,0,0.006000
1648654099.800791517,0,0.000000
1648654099.824534073,0,0.000000
1648654099.848400592,0,0.009000
1648654099.871430365,0,0.000000
1648654099.894457458,0,0.000000
1648654099.916603732,0,0.000000
1648654099.940617639,0,0.000000
1648654099.961769638,0,0.000000
1648654099.984498605,0,0.000000
1648654100.007855563,0,0.000000
1648654100.029961695,0,0.000000
1648654100.052534805,0,0.000000
1648654100.075958269,0,0.000000
1648654100.098969337,0,0.000000
1648654100.122237696,1,0.001000
1648654100.145647697,0,0.000000
1648654100.168265069,0,0.000000
1648654100.191091230,1,0.000000
1648654100.215081733,0,0.000000
1648654100.237982409,0,0.006000
1648654100.260548934,0,0.000000
1648654100.282415721,0,0.000000
1648654100.303709682,0,0.001000
1648654100.326697724,0,0.000000
1648654100.348873385,0,0.000000
1648654100.372721962,0,0.000000
1648654100.394825086,0,0.000000
1648654100.417408588,0,0.000000
1648654100.441323557,0,0.000000
1648654100.464521506,0,0.000000
1648654100.485147790,0,0.000000
1648654100.506884268,0,0.000000
1648654100.530040242,0,0.000000
1648654100.552444551,0,0.000000
1648654100.576547115,0,0.003000
1648654100.600593527,0,0.000000
1648654100.623378120,0,0.000000
1648654100.647285520,0,0.000000
1648654100.670068991,0,0.000000
1648654100.694082929,0,0.000000
1648654100.717144058,0,0.000000
1648654100.740171389,0,0.000000
1648654100.763139844,0,0.000000
1648654100.787325308,0,0.000000
1648654100.809727826,0,0.000000
1648654100.832338618,0,0.000000
1648654100.855224080,0,0.000000
1648654100.879494930,0,0.000000
1648654100.900354827,0,0.000000
1648654100.924174923,0,0.000000
1648654100.946700341,0,0.000000
1648654100.968357250,0,0.000000
1648654100.991921211,0,0.000000
1648654101.013429366,0,0.000000
1648654101.036876790,0,0.000000
1648654101.057773778,0,0.000000
1648654101.081304834,0,0.000000
1648654101.103613141,0,0.000000
1648654101.126384866,0,0.008000
1648654101.148850016,0,0.000000
1648654101.172491611,0,0.000000
1648654101.195207698,0,0.000000
1648654101.216129724,0,0.000000
1648654101.238566464,0,0.000000
1648654101.262572102,0,0.000000
1648654101.285629754,0,0.000000
1648654101.308572880,0,0.000000
1648654101.332372683,0,0.000000
1648654101.356757776,0,0.000000
1648654101.380594086,0,0.000000
1648654101.403902057,0,0.007000
1648654101.425768151,0,0.000000
1648654101.448479323,0,0.000000
1648654101.471323686,0,0.000000
1648654101.494880588,0,0.000000
1648654101.518150656,0,0.000000
1648654101.540073376,0,0.000000
1648654101.562464212,0,0.000000
1648654101.586064395,0,0.000000
1648654101.608838381,0,0.000000
1648654101.631662412,0,0.000000
1648654101.655296215,0,0.000000
1648654101.678668379,0,0.000000
1648654101.700791924,0,0.000000
1648654101.722879351,0,0.006000
1648654101.746206343,0,0.000000
1648654101.768637406,0,0.000000
1648654101.791682195,0,0.000000
1648654101.815093419,0,0.000000
1648654101.838208973,0,0.000000
1648654101.863112533,0,0.000000
1648654101.884982904,0,0.000000
1648654101.907896136,0,0.000000
1648654101.929912120,0,0.003000
1648654101.951160958,0,0.000000
1648654101.973179990,0,0.000000
1648654101.995544116,0,0.000000
1648654102.018457650,0,0.000000
1648654102.041140979,0,0.000000
1648654102.063542809,0,0.000000
1648654102.084863861,0,0.000000
1648654102.105426707,0,0.000000
1648654102.129577404,0,0.000000
1648654102.153845530,0,0.000000
1648654102.176565436,0,0.000000
1648654102.200565573,0,0.006000
1648654102.224208346,0,0.000000
1648654102.247603313,0,0.000000
1648654102.269008276,0,0.000000
1648654102.292266922,0,0.000000
1648654102.314900992,0,0.000000
1648654102.337602232,0,0.000000
1648654102.361206930,0,0.000000
1648654102.381845035,0,0.000000
1648654102.404004787,0,0.000000
1648654102.426143300,0,0.000000
1648654102.447640856,0,0.000000
1648654102.470905971,0,0.000000
1648654102.495824473,0,0.000000
1648654102.519236468,0,0.000000
1648654102.541633365,0,0.000000
1648654102.564204232,0,0.000000
1648654102.586312679,0,0.000000
1648654102.609742114,0,0.000000
1648654102.632393554,0,0.004000
1648654102.655717316,0,0.000000
1648654102.677105278,0,0.000000
1648654102.699811196,0,0.000000
1648654102.723015287,0,0.000000
1648654102.744773714,0,0.000000
1648654102.767149155,0,0.000000
1648654102.790531391,0,0.000000
1648654102.813006577,0,0.000000
1648654102.835768124,0,0.000000
1648654102.860097766,0,0.003000
1648654102.881647159,0,0.000000
1648654102.903612875,0,0.000000
1648654102.926111457,0,0.000000
1648654102.948917703,0,0.000000
1648654102.972444510,0,0.000000
1648654102.994985349,0,0.000000
1648654103.016747538,0,0.000000
1648654103.039077623,0,0.008000
1648654103.061955815,0,0.000000
1648654103.082619937,0,0.000000
1648654103.105445899,0,0.000000
1648654103.128461703,0,0.004000
1648654103.151235267,0,0.000000
1648654103.174831789,0,0.000000
1648654103.196811432,0,0.000000
1648654103.219543661,0,0.000000
1648654103.242390334,0,0.000000
1648654103.264003187,0,0.001000
1648654103.287137056,0,0.011000
1648654103.308339784,0,0.000000
1648654103.332052265,0,0.000000
1648654103.354845275,0,0.000000
1648654103.378622846,0,0.005000
1648654103.400075265,0,0.000000
1648654103.422977494,1,0.000000
1648654103.446199561,0,0.000000
1648654103.468052731,0,0.000000
1648654103.490912117,0,0.003000
1648654103.515062693,0,0.000000
1648654103.536926797,0,0.000000
1648654103.560403794,0,0.000000
1648654103.583030900,0,0.000000
1648654103.606173311,0,0.008000
1648654103.626663165,0,0.000000
1648654103.650220753,0,0.003000
1648654103.673528972,0,0.000000
1648654103.696383387,0,0.000000
1648654103.717217614,0,0.000000
1648654103.739434901,0,0.000000
1648654103.761836166,1,0.000000
1648654103.782874649,0,0.003000
1648654103.804067605,0,0.000000
1648654103.827205135,0,0.000000
1648654103.849356359,0,0.000000
1648654103.873257349,0,0.000000
1648654103.896191895,0,0.000000
1648654103.919847419,0,0.000000
1648654103.942496508,0,0.000000
1648654103.966151826,0,0.000000
1648654103.989008760,0,0.000000
1648654104.012948060,0,0.000000
1648654104.035141292,0,0.000000
1648654104.058010625,0,0.000000
1648654104.079817252,0,0.000000
1648654104.102394773,0,0.000000
1648654104.127219955,0,0.000000
1648654104.150103027,0,0.000000
1648654104.173125462,0,0.000000
1648654104.195180963,0,0.000000
1648654104.219308980,0,0.000000
1648654104.241290385,0,0.000000
1648654104.263379863,0,0.000000
1648654104.285884033,0,0.000000
1648654104.306891778,0,0.000000
1648654104.329757933,0,0.000000
1648654104.353720610,0,0.000000
1648654104.377004604,0,0.000000
1648654104.398232645,0,0.000000
1648654104.421249937,0,0.000000
1648654104.445396065,1,0.010000
1648654104.466937656,0,0.000000
1648654104.489460790,0,0.000000
1648654104.512304593,0,0.000000
1648654104.534923889,0,0.000000
1648654104.557196747,0,0.000000
1648654104.581315166,0,0.000000
1648654104.603840414,0,0.000000
1648654104.627416450,0,0.000000
1648654104.648359678,1,0.000000
1648654104.670318485,0,0.000000
1648654104.693428112,0,0.000000
1648654104.716438413,0,0.000000
1648654104.737865209,0,0.000000
1648654104.761963609,0,0.000000
1648654104.783642010,0,0.000000
1648654104.805753885,0,0.000000
1648654104.830349092,0,0.000000
1648654104.853464114,0,0.000000
1648654104.876505973,0,0.000000
1648654104.899745345,0,0.000000
1648654104.921393889,0,0.000000
1648654104.943327142,0,0.000000
1648654104.966455173,0,0.000000
1648654104.989790692,0,0.000000
1648654105.013501130,0,0.000000
1648654105.036878866,0,0.000000
1648654105.058835322,0,0.000000
1648654105.079676027,0,0.000000
1648654105.102842163,0,0.005000
1648654105.124993549,0,0.000000
1648654105.147699961,0,0.000000
1648654105.171511221,0,0.000000
1648654105.195089635,0,0.000000
1648654105.218061838,1,0.000000
1648654105.240627656,0,0.000000
1648654105.262751191,0,0.000000
1648654105.286006168,0,0.000000
1648654105.308047919,0,0.003000
1648654105.330332435,0,0.000000
1648654105.353426979,0,0.000000
1648654105.376715296,0,0.000000
1648654105.399495170,0,0.000000
1648654105.422311206,0,0.000000
1648654105.445164598,0,0.000000
1648654105.467898806,0,0.000000
1648654105.489218851,0,0.000000
1648654105.511027198,0,0.000000
1648654105.533937052,0,0.000000
1648654105.557280036,0,0.000000
1648654105.579805286,0,0.000000
1648654105.602723232,0,0.000000
1648654105.625360453,0,0.000000
1648654105.649680418,0,0.000000
1648654105.671858888,1,0.000000
1648654105.693848280,0,0.000000
1648654105.715358540,0,0.000000
1648654105.736463795,0,0.000000
1648654105.758498602,0,0.000000
1648654105.780349157,0,0.000000
1648654105.803541847,0,0.000000
1648654105.826071182,0,0.000000
1648654105.848937211,0,0.000000
1648654105.870266253,0,0.000000
1648654105.891659876,0,0.000000
1648654105.914050807,1,0.000000
1648654105.936814817,0,0.000000
1648654105.959618519,0,0.000000
1648654105.981890026,0,0.005000
1648654106.003975006,0,0.000000
1648654106.026331085,0,0.000000
1648654106.048879941,0,0.000000
1648654106.069965657,0,0.000000
1648654106.094453111,0,0.000000
1648654106.116775180,0,0.000000
1648654106.138995005,0,0.000000
1648654106.161908751,0,0.008000
1648654106.186691544,0,0.000000
1648654106.209376864,0,0.000000
1648654106.232452376,0,0.000000
1648654106.256036881,0,0.000000
1648654106.280486436,0,0.000000
1648654106.301367344,0,0.000000
1648654106.324507196,0,0.000000
1648654106.347757848,0,0.000000
1648654106.370158977,0,0.000000
1648654106.392926490,0,0.000000
1648654106.415258992,0,0.000000
1648654106.439842611,0,0.000000
1648654106.463192051,0,0.000000
1648654106.486145108,0,0.000000
1648654106.508491640,0,0.000000
1648654106.531203366,0,0.000000
1648654106.553848744,0,0.000000
1648654106.578170622,0,0.000000
1648654106.600109384,0,0.000000
1648654106.623867371,0,0.000000
1648654106.645456139,0,0.000000
1648654106.666957898,0,0.000000
1648654106.690087578,0,0.000000
1648654106.712409491,0,0.004000
1648654106.736320748,0,0.000000
1648654106.758311180,0,0.000000
1648654106.781309233,0,0.000000
1648654106.804766605,0,0.000000
1648654106.828240204,0,0.000000
1648654106.851385299,0,0.000000
1648654106.875614071,0,0.000000
1648654106.898191368,0,0.000000
1648654106.921473289,0,0.003000
1648654106.945000037,0,0.000000
1648654106.966359887,0,0.000000
1648654106.987255076,0,0.000000
1648654107.008910419,0,0.004000
1648654107.030778977,0,0.000000
1648654107.052418453,0,0.000000
1648654107.077316422,0,0.000000
1648654107.100025968,0,0.000000
1648654107.122498092,0,0.000000
1648654107.144961440,0,0.000000
1648654107.165986395,0,0.000000
1648654107.188199887,0,0.000000
1648654107.211863324,0,0.000000
1648654107.234138909,0,0.000000
1648654107.257563410,0,0.000000
1648654107.280193430,1,0.000000
1648654107.301975942,0,0.000000
1648654107.324868725,1,0.008000
1648654107.347223142,1,0.011000
1648654107.369158463,0,0.000000
1648654107.393088182,0,0.000000
1648654107.416058632,0,0.008000
1648654107.438792777,0,0.000000
1648654107.462231345,1,0.000000
1648654107.486172003,0,0.000000
1648654107.509858433,0,0.000000
1648654107.532798776,0,0.000000
1648654107.555990350,0,0.000000
1648654107.578981466,0,0.000000
1648654107.602734108,0,0.000000
1648654107.624990621,0,0.000000
1648654107.646266694,0,0.000000
1648654107.669029916,0,0.000000
1648654107.692012401,0,0.000000
1648654107.712868420,0,0.000000
1648654107.735735226,0,0.000000
1648654107.757708083,0,0.000000
1648654107.780203336,0,0.000000
1648654107.803133904,0,0.000000
1648654107.825466700,0,0.000000
1648654107.847216913,0,0.000000
1648654107.869395956,0,0.004000
1648654107.892252946,0,0.000000
1648654107.915875519,0,0.000000
1648654107.938558451,0,0.000000
1648654107.961432289,0,0.000000
1648654107.984562620,0,0.000000
1648654108.008002976,0,0.000000
1648654108.030969950,0,0.000000
1648654108.051925873,0,0.000000
1648654108.074841509,0,0.000000
1648654108.098470807,0,0.000000
1648654108.121556068,0,0.000000
1648654108.142236502,0,0.000000
1648654108.164799580,0,0.000000
1648654108.187802378,0,0.000000
1648654108.210414630,0,0.000000
1648654108.233338804,0,0.000000
1648654108.255789927,0,0.000000
1648654108.280932706,0,0.000000
1648654108.302966840,0,0.000000
1648654108.325394209,0,0.000000
1648654108.348032452,0,0.000000
1648654108.370464636,0,0.000000
1648654108.394443643,0,0.000000
1648654108.416929820,0,0.000000
1648654108.440252979,0,0.000000
1648654108.463437287,0,0.000000
1648654108.486499911,0,0.000000
1648654108.510933423,0,0.000000
1648654108.533897206,0,0.000000
1648654108.558354192,0,0.001000
1648654108.580744737,0,0.000000
1648654108.603424748,0,0.000000
1648654108.625949975,0,0.000000
1648654108.647714541,0,0.000000
1648654108.668217412,0,0.000000
1648654108.689409465,0,0.000000
1648654108.712269184,0,0.000000
1648654108.733594821,0,0.000000
1648654108.756023926,0,0.000000
1648654108.779242900,0,0.000000
1648654108.802156291,0,0.000000
1648654108.823556873,0,0.000000
1648654108.845539656,0,0.000000
1648654108.868009702,0,0.000000
1648654108.891431520,0,0.000000
1648654108.913183070,0,0.000000
1648654108.935645297,0,0.000000
1648654108.958964218,0,0.006000
1648654108.981562354,0,0.000000
1648654109.003024229,0,0.000000
1648654109.025507495,0,0.000000
1648654109.049366708,0,0.000000
1648654109.072958131,0,0.000000
1648654109.096038840,0,0.000000
1648654109.118249239,0,0.000000
1648654109.140177489,0,0.000000
1648654109.162658007,0,0.000000
1648654109.185070832,0,0.000000
1648654109.208259857,0,0.000000
1648654109.231744226,0,0.000000
1648654109.254386126,0,0.000000
1648654109.276670879,0,0.000000
1648654109.301770331,0,0.000000
1648654109.322991998,0,0.000000
1648654109.345506442,0,0.000000
1648654109.368734524,0,0.000000
1648654109.392542230,0,0.000000
1648654109.415844091,0,0.008000
1648654109.438710163,0,0.000000
1648654109.462132566,0,0.000000
1648654109.484207663,0,0.000000
1648654109.507369899,0,0.000000
1648654109.530366558,0,0.000000
1648654109.554260519,0,0.000000
1648654109.575193307,0,0.000000
1648654109.597355938,0,0.000000
1648654109.622157923,0,0.000000
1648654109.643548998,0,0.000000
1648654109.665544228,0,0.000000
1648654109.688811419,0,0.000000
1648654109.710418548,0,0.000000
1648654109.731668653,0,0.000000
1648654109.753435902,0,0.000000
1648654109.775339631,0,0.000000
1648654109.798804296,0,0.000000
1648654109.820931802,0,0.000000
1648654109.842137996,0,0.000000
1648654109.864944410,0,0.000000
1648654109.887953480,0,0.000000
1648654109.910197615,0,0.011000
1648654109.932305639,0,0.000000
1648654109.953627967,0,0.000000
1648654109.975922151,0,0.000000
1648654110.000093372,0,0.000000
1648654110.021293542,1,0.000000
1648654110.043779855,0,0.000000
1648654110.067096857,0,0.000000
1648654110.090707242,0,0.000000
1648654110.111441785,0,0.000000
1648654110.132745983,0,0.000000
1648654110.157038963,0,0.000000
1648654110.180505066,0,0.000000
1648654110.202345389,0,0.000000
1648654110.225949257,0,0.000000
1648654110.248931538,0,0.000000
1648654110.270969599,0,0.000000
1648654110.293199474,0,0.000000
1648654110.316342526,0,0.000000
1648654110.338319649,0,0.003000
1648654110.358773262,0,0.000000
1648654110.381352992,0,0.000000
1648654110.403799563,0,0.000000
1648654110.425239629,0,0.000000
1648654110.448028130,0,0.000000
1648654110.470239704,0,0.000000
1648654110.493221695,0,0.000000
1648654110.514170479,0,0.003000
1648654110.538054134,0,0.000000
1648654110.559021421,0,0.000000
1648654110.580385810,0,0.000000
1648654110.603135002,0,0.000000
1648654110.626546422,0,0.000000
1648654110.649057303,0,0.000000
1648654110.671037273,0,0.000000
1648654110.694703708,0,0.000000
1648654110.717729004,0,0.000000
1648654110.740444300,0,0.000000
1648654110.763306817,0,0.000000
1648654110.787248303,0,0.000000
1648654110.809080360,0,0.000000
1648654110.831902848,0,0.000000
1648654110.852848829,0,0.000000
1648654110.875707365,0,0.000000
1648654110.899419626,0,0.000000
1648654110.923361841,0,0.000000
1648654110.946045273,0,0.000000
1648654110.967094747,1,0.000000
1648654110.989233826,0,0.000000
1648654111.013104835,0,0.000000
1648654111.035670336,0,0.006000
1648654111.058275433,0,0.000000
1648654111.082072113,0,0.000000
1648654111.105812513,0,0.000000
1648654111.128015377,0,0.000000
1648654111.151779635,0,0.000000
1648654111.174421282,0,0.000000
1648654111.197509784,0,0.008000
1648654111.222160124,1,0.000000
1648654111.245161842,0,0.000000
1648654111.266230226,0,0.000000
1648654111.289176829,0,0.020000
1648654111.313384455,0,0.000000
1648654111.335260095,0,0.000000
1648654111.357984917,0,0.000000
1648654111.380524991,0,0.000000
1648654111.401253401,0,0.000000
1648654111.425105119,0,0.000000
1648654111.445802769,0,0.000000
1648654111.468776308,1,0.000000
1648654111.492161746,0,0.000000
1648654111.514289849,0,0.000000
1648654111.537919521,0,0.000000
1648654111.560191591,0,0.000000
1648654111.582862501,1,0.000000
1648654111.604683848,0,0.000000
1648654111.626773697,0,0.000000
1648654111.649746299,1,0.000000
1648654111.673256195,0,0.000000
1648654111.695383006,0,0.000000
1648654111.718254588,0,0.000000
1648654111.741628433,0,0.000000
1648654111.762791193,0,0.000000
1648654111.786326731,0,0.000000
1648654111.809297610,0,0.000000
1648654111.830729408,0,0.000000
1648654111.852995326,0,0.000000
1648654111.875953222,0,0.000000
1648654111.899397126,0,0.001000
1648654111.922430878,0,0.000000
1648654111.944026672,0,0.000000
1648654111.964816457,0,0.005000
1648654111.986759744,0,0.000000
1648654112.008077835,0,0.000000
1648654112.028821067,0,0.000000
1648654112.050823981,0,0.000000
1648654112.073952578,0,0.000000
1648654112.097492189,0,0.000000
1648654112.119275472,0,0.000000
1648654112.140615255,0,0.000000
1648654112.161801762,0,0.000000
1648654112.184539527,0,0.000000
1648654112.207038944,0,0.000000
1648654112.229067781,0,0.000000
1648654112.252044225,0,0.000000
1648654112.274507777,0,0.000000
1648654112.296815376,0,0.000000
1648654112.318348328,0,0.000000
1648654112.340231790,0,0.000000
1648654112.364044238,0,0.006000
1648654112.387381101,0,0.000000
1648654112.409888160,0,0.000000
1648654112.433397403,0,0.000000
1648654112.455746237,0,0.000000
1648654112.479100680,0,0.000000
1648654112.502417933,0,0.000000
1648654112.525392269,0,0.000000
1648654112.548268939,0,0.000000
1648654112.571853634,0,0.000000
1648654112.594704252,0,0.000000
1648654112.615372181,0,0.000000
1648654112.639122567,0,0.000000
1648654112.661603815,0,0.000000
1648654112.684566089,0,0.000000
1648654112.706975512,0,0.000000
1648654112.729749576,0,0.000000
1648654112.752373417,0,0.000000
1648654112.773465927,0,0.000000
1648654112.796206396,0,0.000000
1648654112.817998576,0,0.000000
1648654112.838403305,0,0.000000
1648654112.860504286,0,0.000000
1648654112.882686482,0,0.000000
1648654112.905376865,0,0.000000
1648654112.926981756,0,0.000000
1648654112.948267829,0,0.000000
1648654112.971307947,0,0.003000
1648654112.992569621,0,0.000000
1648654113.014967126,0,0.003000
1648654113.037040964,0,0.000000
1648654113.060101904,0,0.000000
1648654113.083729276,0,0.000000
1648654113.108279450,1,0.000000
1648654113.129599562,0,0.007000
1648654113.152868425,0,0.000000
1648654113.175299509,0,0.000000
1648654113.194087176,0,0.000000
1648654113.217014373,0,0.000000
1648654113.238619308,1,0.000000
1648654113.261300527,0,0.000000
1648654113.285944320,0,0.000000
1648654113.308805080,0,0.000000
1648654113.331613504,0,0.000000
1648654113.353338609,1,0.000000
1648654113.374865194,0,0.000000
1648654113.397497527,0,0.000000
1648654113.420555044,0,0.000000
1648654113.442179144,0,0.000000
1648654113.463981540,0,0.000000
1648654113.486481580,0,0.000000
1648654113.508143135,0,0.000000
1648654113.531184748,0,0.000000
1648654113.554746530,0,0.000000
1648654113.576198235,0,0.000000
1648654113.597864520,0,0.000000
1648654113.620659885,0,0.000000
1648654113.642874460,0,0.000000
1648654113.665806568,0,0.000000
1648654113.687744388,0,0.000000
1648654113.709933499,0,0.000000
1648654113.730199607,0,0.000000
1648654113.754341375,1,0.001000
1648654113.776350992,0,0.000000
1648654113.799731597,2,0.000000
1648654113.822039616,0,0.005000
1648654113.844167141,0,0.000000
1648654113.867368642,0,0.000000
1648654113.889714052,0,0.000000
1648654113.911159987,0,0.000000
1648654113.933424540,1,0.000000
1648654113.954883667,0,0.000000
1648654113.977493920,0,0.000000
1648654113.999556577,0,0.000000
1648654114.022350781,0,0.000000
1648654114.043016899,0,0.000000
1648654114.066199762,0,0.003000
1648654114.088060450,0,0.000000
1648654114.111495958,0,0.000000
1648654114.134482205,0,0.000000
1648654114.155540779,0,0.000000
1648654114.178253107,0,0.010000
1648654114.199106442,0,0.000000
1648654114.220603931,0,0.007000
1648654114.244420668,0,0.004000
1648654114.266713837,0,0.000000
1648654114.289822179,0,0.000000
1648654114.312534007,0,0.000000
1648654114.336079854,0,0.000000
1648654114.359315051,0,0.000000
1648654114.381289794,0,0.000000
1648654114.404142814,0,0.000000
1648654114.427219893,0,0.000000
1648654114.449982591,0,0.000000
1648654114.473412920,0,0.000000
1648654114.496380029,0,0.000000
1648654114.519845568,0,0.000000
1648654114.542085418,0,0.000000
1648654114.565126879,0,0.000000
1648654114.588543494,0,0.008000
1648654114.610374288,0,0.000000
1648654114.632963034,0,0.000000
1648654114.655233321,0,0.000000
1648654114.677430984,0,0.000000
1648654114.700917544,0,0.000000
1648654114.721947750,0,0.000000
1648654114.743610330,0,0.000000
1648654114.765947536,0,0.000000
1648654114.788480366,0,0.000000
1648654114.810765906,1,0.000000
1648654114.834534786,0,0.000000
1648654114.858122889,0,0.000000
1648654114.881186982,0,0.000000
1648654114.903395522,0,0.000000
1648654114.925297077,0,0.000000
1648654114.948328789,0,0.000000
1648654114.971532926,0,0.000000
1648654114.995082330,0,0.000000
1648654115.017561664,0,0.000000
1648654115.038795486,0,0.000000
1648654115.061146741,0,0.000000
1648654115.082974612,0,0.000000
1648654115.104995587,0,0.000000
1648654115.128497813,0,0.000000
1648654115.152143012,0,0.000000
1648654115.173956680,0,0.000000
1648654115.197258496,0,0.000000
1648654115.218918618,0,0.000000
1648654115.241541836,0,0.000000
1648654115.264366090,0,0.000000
1648654115.286558440,0,0.000000
1648654115.310557003,0,0.000000
1648654115.333558083,0,0.000000
1648654115.354829637,0,0.000000
1648654115.378124422,0,0.000000
1648654115.401497205,0,0.000000
1648654115.423327473,0,0.000000
1648654115.445689723,0,0.004000
1648654115.469245618,0,0.000000
1648654115.492258288,0,0.000000
1648654115.514002319,0,0.006000
1648654115.537654753,0,0.008000
1648654115.560440057,0,0.000000
1648654115.582721853,0,0.000000
1648654115.605982650,0,0.000000
1648654115.628658549,0,0.000000
1648654115.653049207,0,0.000000
1648654115.675234142,0,0.000000
1648654115.699582567,0,0.000000
1648654115.722771209,0,0.000000
1648654115.745109411,0,0.000000
1648654115.768301569,0,0.000000
1648654115.789421698,0,0.000000
1648654115.810200784,0,0.000000
1648654115.833308426,0,0.000000
1648654115.856725759,0,0.000000
1648654115.880684390,0,0.000000
1648654115.903135248,0,0.000000
1648654115.925065890,0,0.000000
1648654115.947736844,0,0.006000
1648654115.971823369,0,0.000000
1648654115.994495321,0,0.000000
1648654116.017169922,0,0.000000
1648654116.038193848,0,0.000000
1648654116.060936168,0,0.003000
1648654116.084991037,0,0.000000
1648654116.107908332,0,0.006000
1648654116.130190605,0,0.000000
1648654116.152472884,0,0.000000
1648654116.176869232,0,0.000000
1648654116.199937727,0,0.000000
1648654116.222729986,0,0.000000
1648654116.246255882,0,0.000000
1648654116.269736029,0,0.000000
1648654116.292094898,0,0.000000
1648654116.314588027,0,0.000000
1648654116.336567125,0,0.000000
1648654116.359920355,0,0.000000
1648654116.383215765,0,0.000000
1648654116.405265686,0,0.003000
1648654116.427938334,0,0.000000
1648654116.451364662,0,0.000000
1648654116.475701580,0,0.000000
1648654116.498037572,0,0.000000
1648654116.520743264,0,0.000000
1648654116.543251774,0,0.000000
1648654116.564157257,0,0.000000
1648654116.587779988,0,0.003000
1648654116.611082894,0,0.000000
1648654116.633832556,0,0.000000
1648654116.657048414,0,0.000000
1648654116.678112396,0,0.000000
1648654116.699623193,0,0.000000
1648654116.722710097,0,0.000000
1648654116.745070048,0,0.000000
1648654116.766795800,0,0.000000
1648654116.790472083,0,0.000000
1648654116.813912229,0,0.000000
1648654116.838568447,0,0.005000
1648654116.860578959,0,0.000000
1648654116.884220404,0,0.000000
1648654116.907392774,0,0.000000
1648654116.929361147,0,0.000000
1648654116.951593414,0,0.000000
1648654116.975346249,0,0.000000
1648654116.995567971,0,0.000000
1648654117.017011630,0,0.000000
1648654117.039561676,0,0.000000
1648654117.062063796,0,0.000000
1648654117.083200830,0,0.000000
1648654117.106125698,0,0.000000
1648654117.127789228,1,0.000000
1648654117.149182078,0,0.000000
1648654117.170616056,0,0.000000
1648654117.192877482,0,0.000000
1648654117.216792289,0,0.000000
1648654117.238035595,0,0.000000
1648654117.259897014,0,0.000000
1648654117.282406548,0,0.000000
1648654117.305368262,0,0.000000
1648654117.328056222,0,0.000000
1648654117.349507490,0,0.000000
1648654117.372170408,0,0.000000
1648654117.395393140,0,0.000000
1648654117.417169355,0,0.000000
1648654117.440426651,0,0.000000
1648654117.463828498,0,0.000000
1648654117.485529655,0,0.000000
1648654117.506203166,0,0.000000
1648654117.528193568,0,0.000000
1648654117.550776719,0,0.000000
1648654117.571969121,0,0.000000
1648654117.595100524,0,0.000000
1648654117.617730984,0,0.000000
1648654117.639148059,0,0.000000
1648654117.666084531,0,0.000000
1648654117.689727316,0,0.000000
1648654117.712503295,0,0.004000
1648654117.734445249,0,0.000000
1648654117.756443354,0,0.000000
1648654117.778458324,0,0.000000
1648654117.802549362,0,0.000000
1648654117.825560473,0,0.013000
1648654117.849013140,0,0.000000
1648654117.871386146,0,0.002000
1648654117.893853336,0,0.000000
1648654117.916986506,1,0.000000
1648654117.939537927,0,0.000000
1648654117.963865080,0,0.000000
1648654117.987009543,0,0.000000
1648654118.010301754,0,0.000000
1648654118.033981190,0,0.000000
1648654118.057124994,0,0.000000
1648654118.080147500,0,0.000000
1648654118.102934358,0,0.009000
1648654118.126536357,0,0.000000
1648654118.149785793,0,0.000000
1648654118.174375477,0,0.000000
1648654118.197375148,0,0.003000
1648654118.221021308,0,0.000000
1648654118.243950304,0,0.000000
1648654118.266021994,0,0.000000
1648654118.287339343,0,0.008000
1648654118.308793586,0,0.000000
1648654118.330811735,0,0.000000
1648654118.354369820,0,0.000000
1648654118.375936049,0,0.003000
1648654118.399089784,0,0.000000
1648654118.422173390,0,0.000000
1648654118.442099760,0,0.009000
1648654118.466120207,0,0.000000
1648654118.487338886,0,0.000000
1648654118.510684219,0,0.000000
1648654118.532521109,0,0.000000
1648654118.555862263,0,0.000000
1648654118.578155037,0,0.000000
1648654118.601218153,0,0.000000
1648654118.625475688,0,0.000000
1648654118.648037899,0,0.000000
1648654118.668448721,0,0.004000
1648654118.691929571,0,0.000000
1648654118.714749433,0,0.000000
1648654118.737835322,2,0.001000
1648654118.760180134,0,0.003000
1648654118.783356382,0,0.004000
1648654118.805884963,0,0.000000
1648654118.827494323,0,0.000000
1648654118.851087162,0,0.000000
1648654118.874716362,0,0.000000
1648654118.896689377,0,0.000000
1648654118.919172181,0,0.000000
1648654118.942161367,0,0.000000
1648654118.964253190,0,0.003000
1648654118.986726820,0,0.000000
1648654119.009591975,0,0.000000
1648654119.030701977,1,0.000000
1648654119.053375741,0,0.000000
1648654119.076370504,0,0.000000
1648654119.100139292,0,0.000000
1648654119.122312994,0,0.000000
1648654119.142929154,0,0.000000
1648654119.163488220,0,0.000000
1648654119.186329615,0,0.000000
1648654119.208839864,0,0.000000
1648654119.231335417,0,0.000000
1648654119.254322029,0,0.000000
1648654119.277425582,0,0.000000
1648654119.299093893,0,0.000000
1648654119.320363093,0,0.000000
1648654119.342191749,0,0.000000
1648654119.364330738,0,0.000000
1648654119.388534694,0,0.000000
1648654119.412424369,0,0.000000
1648654119.436997292,0,0.000000
1648654119.460021472,0,0.003000
1648654119.483245683,0,0.000000
1648654119.506524624,0,0.000000
1648654119.529425714,0,0.000000
1648654119.552239134,0,0.000000
1648654119.576837987,0,0.000000
1648654119.598939380,0,0.000000
1648654119.622386374,0,0.000000
1648654119.646965172,0,0.000000
1648654119.671030261,0,0.000000
1648654119.693605590,0,0.000000
1648654119.716745989,0,0.000000
1648654119.738953592,0,0.000000
1648654119.762719542,0,0.000000
1648654119.783950883,0,0.000000
1648654119.805986875,0,0.000000
1648654119.828135529,0,0.000000
1648654119.850040811,0,0.000000
1648654119.873060543,0,0.000000
1648654119.895605598,0,0.000000
1648654119.918781270,0,0.000000
1648654119.942095418,0,0.000000
1648654119.966122198,0,0.000000
1648654119.988282121,0,0.000000
1648654120.009444689,0,0.007000
1648654120.033223354,0,0.000000
1648654120.055718209,0,0.000000
1648654120.077559610,0,0.000000
1648654120.099185660,0,0.000000
1648654120.122243165,0,0.000000
1648654120.145740581,0,0.000000
1648654120.167539139,0,0.000000
1648654120.190284407,0,0.000000
1648654120.212870895,0,0.000000
1648654120.234648216,0,0.000000
1648654120.258052476,0,0.004000
1648654120.280236811,0,0.000000
1648654120.303685737,0,0.000000
1648654120.325003069,0,0.000000
1648654120.349777749,1,0.017000
1648654120.371572008,0,0.003000
1648654120.393283901,0,0.000000
1648654120.414283037,0,0.000000
1648654120.436206404,0,0.000000
1648654120.460031728,0,0.000000
1648654120.483419192,0,0.000000
1648654120.506130553,0,0.000000
1648654120.527543670,0,0.000000
1648654120.551908138,0,0.000000
1648654120.573306934,0,0.000000
1648654120.596412423,0,0.000000
1648654120.618760646,0,0.000000
1648654120.641207540,0,0.000000
1648654120.663213722,0,0.000000
1648654120.685152196,0,0.000000
1648654120.707405015,0,0.000000
1648654120.730779174,0,0.000000
1648654120.754058833,0,0.003000
1648654120.776447911,0,0.000000
1648654120.799357933,0,0.007000
1648654120.821818118,0,0.003000
1648654120.844793478,0,0.000000
1648654120.868954040,0,0.000000
1648654120.890621195,0,0.000000
1648654120.913509043,0,0.000000
1648654120.936267998,0,0.000000
1648654120.960827245,0,0.000000
1648654120.983803179,0,0.000000
1648654121.006804499,0,0.000000
1648654121.030018478,0,0.000000
1648654121.051242270,0,0.000000
1648654121.074783495,0,0.003000
1648654121.097935421,1,0.012000
1648654121.119930825,0,0.000000
1648654121.143690131,0,0.000000
1648654121.166459757,0,0.007000
1648654121.188703575,0,0.000000
1648654121.210570776,0,0.000000
1648654121.232498038,0,0.000000
1648654121.254828179,0,0.000000
1648654121.276558089,0,0.000000
1648654121.300860512,0,0.000000
1648654121.324442278,0,0.000000
1648654121.346272007,0,0.000000
1648654121.368540943,0,0.003000
1648654121.390864256,0,0.000000
1648654121.413969573,0,0.000000
1648654121.437359619,0,0.000000
1648654121.459592417,1,0.000000
1648654121.481219088,0,0.000000
1648654121.503719098,0,0.000000
1648654121.526499106,0,0.000000
1648654121.548059641,0,0.000000
1648654121.569806428,0,0.000000
1648654121.590097912,0,0.000000
1648654121.612481183,0,0.003000
1648654121.636407838,0,0.000000
1648654121.658845905,0,0.000000
1648654121.681208770,0,0.000000
1648654121.704150277,1,0.000000
1648654121.727460235,1,0.000000
1648654121.749606578,0,0.000000
1648654121.772354786,0,0.000000
1648654121.795143735,0,0.000000
1648654121.817472873,0,0.000000
1648654121.840775455,0,0.000000
1648654121.863498129,0,0.003000
1648654121.886430879,0,0.000000
1648654121.908358658,0,0.000000
1648654121.930442058,0,0.000000
1648654121.955365261,0,0.000000
1648654121.977667487,0,0.000000
1648654121.999609255,0,0.000000
1648654122.022869205,0,0.000000
1648654122.046241736,0,0.000000
1648654122.069382055,0,0.000000
1648654122.093285036,0,0.000000
1648654122.116802302,0,0.003000
1648654122.138314458,0,0.000000
1648654122.160967274,0,0.000000
1648654122.184829407,0,0.000000
1648654122.205474268,0,0.000000
1648654122.227362999,0,0.000000
1648654122.250242812,0,0.006000
1648654122.272595294,0,0.000000
1648654122.294848458,0,0.000000
1648654122.317932471,0,0.000000
1648654122.339992454,0,0.000000
1648654122.362396073,0,0.008000
1648654122.386763129,0,0.000000
1648654122.408749880,0,0.000000
1648654122.431827853,0,0.000000
1648654122.453902203,0,0.000000
1648654122.475442889,0,0.000000
1648654122.499060613,0,0.000000
1648654122.521347620,0,0.000000
1648654122.542341856,0,0.000000
1648654122.566776621,0,0.000000
1648654122.589611293,1,0.000000
1648654122.612584724,0,0.000000
1648654122.635978555,0,0.000000
1648654122.658878985,0,0.000000
1648654122.679305041,0,0.000000
1648654122.700812786,0,0.000000
1648654122.724365208,0,0.000000
1648654122.746713219,0,0.000000
1648654122.768726739,0,0.000000
1648654122.791340346,0,0.000000
1648654122.815395201,1,0.000000
1648654122.838557412,0,0.000000
1648654122.860734409,0,0.000000
1648654122.882949246,0,0.000000
1648654122.904006234,0,0.005000
1648654122.927744535,0,0.000000
1648654122.950543369,0,0.000000
1648654122.972556283,0,0.000000
1648654122.996662041,0,0.000000
1648654123.019092535,0,0.000000
1648654123.041038298,0,0.000000
1648654123.064127585,0,0.000000
1648654123.087989444,0,0.000000
1648654123.109834204,0,0.000000
1648654123.132971230,0,0.000000
1648654123.157197107,0,0.000000
1648654123.179294345,0,0.000000
1648654123.201692098,0,0.000000
1648654123.222120726,0,0.000000
1648654123.244251461,0,0.000000
1648654123.267407408,0,0.000000
1648654123.291698542,0,0.000000
1648654123.312484825,0,0.000000
1648654123.335575075,0,0.000000
1648654123.358959172,0,0.000000
1648654123.381797475,0,0.000000
1648654123.404150661,0,0.000000
1648654123.428964746,1,0.000000
1648654123.452078752,0,0.000000
1648654123.474228566,0,0.000000
1648654123.497687301,0,0.005000
1648654123.519686336,0,0.003000
1648654123.541842703,0,0.000000
1648654123.562937197,0,0.000000
1648654123.586292228,0,0.000000
1648654123.608787152,0,0.000000
1648654123.630251712,0,0.000000
1648654123.653313446,0,0.009000
1648654123.675454381,1,0.004000
1648654123.697801167,0,0.000000
1648654123.721663406,0,0.000000
1648654123.744372921,0,0.001000
1648654123.767110570,0,0.004000
1648654123.788039006,0,0.000000
1648654123.810693472,0,0.000000
1648654123.833445000,0,0.000000
1648654123.857487577,1,0.012000
1648654123.881765990,0,0.000000
1648654123.903926700,0,0.000000
1648654123.927537577,0,0.000000
1648654123.951584565,0,0.000000
1648654123.973406767,0,0.000000
1648654123.997552815,0,0.000000
1648654124.020726470,0,0.000000
1648654124.044138196,0,0.000000
1648654124.066095803,0,0.000000
1648654124.087166403,0,0.000000
1648654124.110319424,0,0.000000
1648654124.131545723,0,0.009000
1648654124.154259503,0,0.000000
1648654124.175763340,0,0.000000
1648654124.199841983,0,0.000000
1648654124.221739328,0,0.004000
1648654124.244526034,0,0.000000
1648654124.268408248,0,0.000000
1648654124.289556075,0,0.000000
1648654124.312698868,0,0.000000
1648654124.336041332,1,0.000000
1648654124.356859949,0,0.000000
1648654124.378449235,0,0.000000
1648654124.400173419,0,0.000000
1648654124.421718426,0,0.000000
1648654124.444001610,0,0.000000
1648654124.466816252,0,0.000000
1648654124.490483104,0,0.000000
1648654124.512800167,0,0.000000
1648654124.535113250,0,0.000000
1648654124.557835036,0,0.000000
1648654124.581122809,0,0.000000
1648654124.604252722,0,0.000000
1648654124.628129550,0,0.000000
1648654124.652453024,0,0.000000
1648654124.674477919,0,0.000000
1648654124.697065562,0,0.000000
1648654124.718632534,0,0.000000
1648654124.740777545,0,0.003000
1648654124.763801422,0,0.000000
1648654124.784145189,0,0.000000
1648654124.807149569,0,0.000000
1648654124.831017202,0,0.000000
1648654124.853501998,0,0.000000
1648654124.875475120,0,0.003000
1648654124.897455453,0,0.000000
1648654124.920160173,0,0.000000
1648654124.943408198,0,0.004000
1648654124.966469378,0,0.000000
1648654124.989652057,0,0.000000
1648654125.013886665,0,0.000000
1648654125.034322494,0,0.000000
1648654125.056957067,0,0.000000
1648654125.079922236,0,0.000000
1648654125.103808300,0,0.000000
1648654125.126266025,0,0.000000
1648654125.148320188,0,0.000000
1648654125.172110534,0,0.000000
1648654125.195123771,1,0.005000
1648654125.218399691,0,0.000000
1648654125.241363154,0,0.006000
1648654125.263325003,0,0.000000
1648654125.285530570,0,0.000000
1648654125.308105505,0,0.000000
1648654125.330926103,0,0.000000
1648654125.353791550,0,0.000000
1648654125.376384849,0,0.000000
1648654125.399127940,0,0.000000
1648654125.421606912,0,0.000000
1648654125.444391820,0,0.000000
1648654125.467256043,0,0.000000
1648654125.490917216,0,0.000000
1648654125.511021633,0,0.015000
1648654125.531805687,0,0.000000
1648654125.555095558,0,0.000000
1648654125.576408170,0,0.000000
1648654125.598328714,0,0.000000
1648654125.619345832,0,0.000000
1648654125.640096503,0,0.000000
1648654125.662940539,0,0.000000
1648654125.685506332,0,0.000000
1648654125.710450529,0,0.000000
1648654125.732382026,0,0.000000
1648654125.754883460,0,0.004000
1648654125.777178533,0,0.000000
1648654125.797966240,0,0.000000
1648654125.820321281,0,0.000000
1648654125.842252603,0,0.000000
1648654125.864444312,0,0.000000
1648654125.887205489,0,0.000000
1648654125.908791375,0,0.000000
1648654125.930217544,0,0.000000
1648654125.952411345,0,0.000000
1648654125.976373010,0,0.000000
1648654125.998471528,0,0.000000
1648654126.020217174,0,0.003000
1648654126.042965772,0,0.000000
1648654126.067031461,0,0.000000
1648654126.089396623,0,0.003000
1648654126.112398593,0,0.003000
1648654126.134360288,0,0.000000
1648654126.157290772,0,0.000000
1648654126.179326051,0,0.000000
1648654126.201875618,0,0.000000
1648654126.224952861,0,0.000000
1648654126.247881025,0,0.000000
1648654126.272172900,1,0.000000
1648654126.295664136,0,0.000000
1648654126.318890453,0,0.000000
1648654126.341309191,0,0.000000
1648654126.364791988,0,0.000000
1648654126.387903697,0,0.000000
1648654126.411041020,0,0.000000
1648654126.433475997,0,0.007000
1648654126.455444467,0,0.000000
1648654126.478687697,0,0.000000
1648654126.502080689,0,0.000000
1648654126.523929971,0,0.000000
1648654126.545574568,0,0.000000
1648654126.568329432,0,0.000000
1648654126.593198274,0,0.000000
1648654126.615669519,0,0.000000
1648654126.638845906,0,0.000000
1648654126.661897027,0,0.000000
1648654126.683633019,0,0.000000
1648654126.705842674,0,0.000000
1648654126.729063220,1,0.000000
1648654126.752929663,0,0.000000
1648654126.776555918,0,0.000000
1648654126.799073174,0,0.000000
1648654126.819405082,0,0.000000
1648654126.843429415,0,0.000000
1648654126.866593270,0,0.000000
1648654126.888877243,0,0.000000
1648654126.910264412,0,0.000000
1648654126.934295560,0,0.000000
1648654126.957566522,0,0.000000
1648654126.979086661,0,0.000000
1648654127.001946389,0,0.000000
1648654127.025465037,0,0.000000
1648654127.049636545,0,0.000000
1648654127.072475629,0,0.000000
1648654127.096645795,0,0.000000
1648654127.117020502,0,0.000000
1648654127.140669555,0,0.000000
1648654127.162906989,0,0.000000
1648654127.183996097,0,0.000000
1648654127.203473429,0,0.000000
1648654127.226894243,0,0.000000
1648654127.249420618,0,0.000000
1648654127.272653157,0,0.000000
1648654127.295122944,0,0.000000
1648654127.316818384,0,0.000000
1648654127.339580324,0,0.000000
1648654127.363594908,0,0.000000
1648654127.387097755,0,0.000000
1648654127.410964730,0,0.000000
1648654127.433288072,0,0.000000
1648654127.454167552,0,0.000000
1648654127.476437925,0,0.000000
1648654127.498365091,0,0.000000
1648654127.522561335,0,0.000000
1648654127.546073979,0,0.000000
1648654127.567550784,0,0.000000
1648654127.589811502,0,0.000000
1648654127.611125039,0,0.000000
1648654127.635264316,0,0.000000
1648654127.657790975,0,0.012000
1648654127.680508444,0,0.000000
1648654127.702416822,0,0.000000
1648654127.724534163,0,0.000000
1648654127.746903260,0,0.000000
1648654127.770875021,0,0.000000
1648654127.791857029,0,0.000000
1648654127.814000411,0,0.000000
1648654127.836931443,0,0.000000
1648654127.858116307,0,0.000000
1648654127.880772608,0,0.000000
1648654127.903130299,0,0.000000
1648654127.925479389,0,0.000000
1648654127.948591115,0,0.000000
1648654127.970934652,0,0.000000
1648654127.992864716,0,0.000000
1648654128.016029550,0,0.000000
1648654128.038254601,0,0.000000
1648654128.061089995,0,0.000000
1648654128.083619364,0,0.000000
1648654128.105961394,0,0.000000
1648654128.127908847,0,0.000000
1648654128.150575303,0,0.000000
1648654128.173487892,0,0.003000
1648654128.196209923,0,0.005000
1648654128.218981635,0,0.000000
1648654128.241061569,0,0.000000
1648654128.264044579,0,0.000000
1648654128.284604823,0,0.000000
1648654128.307334551,0,0.000000
1648654128.328484158,0,0.000000
1648654128.349999295,0,0.000000
1648654128.371774799,0,0.000000
1648654128.393610278,0,0.000000
1648654128.415785821,0,0.000000
1648654128.439500248,0,0.000000
1648654128.462025280,0,0.000000
1648654128.483930202,0,0.000000
1648654128.505982117,0,0.000000
1648654128.528795334,0,0.000000
1648654128.548909119,0,0.000000
1648654128.571691895,0,0.000000
1648654128.595617501,0,0.000000
1648654128.618965486,0,0.000000
1648654128.642834364,0,0.000000
1648654128.663977618,0,0.000000
1648654128.687074417,0,0.000000
1648654128.709982674,0,0.000000
1648654128.733375689,0,0.000000
1648654128.757378707,0,0.000000
1648654128.779078312,0,0.000000
1648654128.802080296,0,0.000000
1648654128.826154817,0,0.000000
1648654128.847829323,0,0.000000
1648654128.871992711,0,0.000000
1648654128.892188060,0,0.000000
1648654128.915407230,0,0.000000
1648654128.938724207,0,0.000000
1648654128.961802462,0,0.000000
1648654128.984926109,0,0.000000
1648654129.008227413,0,0.000000
1648654129.031925804,0,0.000000
1648654129.055086660,0,0.000000
1648654129.076918780,1,0.013000
1648654129.099841799,0,0.000000
1648654129.123241618,0,0.000000
1648654129.144129981,0,0.011000
1648654129.166613901,2,0.000000
1648654129.189249490,0,0.000000
1648654129.213314287,0,0.000000
1648654129.236255403,0,0.014000
1648654129.258145817,0,0.000000
1648654129.282153771,0,0.007000
1648654129.303000063,0,0.000000
1648654129.324830524,0,0.003000
1648654129.347806732,0,0.004000
1648654129.371070986,0,0.000000
1648654129.393723505,0,0.000000
1648654129.416748245,0,0.000000
1648654129.439344005,0,0.000000
1648654129.461601599,0,0.000000
1648654129.483809315,0,0.000000
1648654129.506587505,0,0.000000
1648654129.529004918,0,0.007000
1648654129.549885375,0,0.000000
1648654129.571945817,0,0.000000
1648654129.594874006,0,0.000000
1648654129.617393018,0,0.000000
1648654129.639858017,0,0.000000
1648654129.662745253,0,0.000000
1648654129.685493982,0,0.000000
1648654129.706456915,0,0.003000
1648654129.729470955,0,0.000000
1648654129.753579055,0,0.000000
1648654129.776103284,0,0.003000
1648654129.800449830,0,0.000000
1648654129.824643026,0,0.000000
1648654129.846369396,1,0.000000
1648654129.867868519,0,0.000000
1648654129.890357135,0,0.000000
1648654129.911791040,0,0.000000
1648654129.933649442,0,0.000000
1648654129.956586118,0,0.000000
1648654129.978330190,0,0.000000
1648654130.002293984,0,0.000000
1648654130.025058085,0,0.000000
1648654130.047440397,0,0.000000
1648654130.070361280,0,0.000000
1648654130.091943122,0,0.000000
1648654130.115712692,0,0.000000
1648654130.139655876,0,0.000000
1648654130.162703467,0,0.000000
1648654130.185806979,0,0.000000
1648654130.208046613,0,0.000000
1648654130.231722611,0,0.000000
1648654130.253409874,0,0.000000
1648654130.275556230,0,0.000000
1648654130.298915595,0,0.000000
1648654130.321969500,0,0.000000
1648654130.343775900,0,0.000000
1648654130.366616072,0,0.000000
1648654130.388869773,0,0.000000
1648654130.409107168,0,0.000000
1648654130.432733935,0,0.000000
1648654130.456302038,0,0.000000
1648654130.478161009,0,0.000000
1648654130.501408717,0,0.000000
1648654130.523271790,0,0.000000
1648654130.545969656,0,0.000000
1648654130.568817602,0,0.016000
1648654130.592491870,0,0.000000
1648654130.614621268,0,0.000000
1648654130.636962052,0,0.000000
1648654130.659527553,0,0.000000
1648654130.683263759,0,0.000000
1648654130.706098708,0,0.000000
1648654130.728850356,0,0.000000
1648654130.748990914,0,0.000000
1648654130.770475533,0,0.000000
1648654130.792546913,0,0.014000
1648654130.816031282,0,0.000000
1648654130.838342491,0,0.000000
1648654130.861453713,0,0.000000
1648654130.883949898,0,0.000000
1648654130.906847581,0,0.000000
1648654130.929502610,0,0.000000
1648654130.952343566,0,0.000000
1648654130.975928912,0,0.000000
1648654130.998966291,0,0.000000
1648654131.021619134,0,0.000000
1648654131.043211777,0,0.000000
1648654131.066491486,0,0.000000
1648654131.088435290,1,0.003000
1648654131.111472505,0,0.000000
1648654131.135779309,0,0.000000
1648654131.158455268,0,0.000000
1648654131.180983979,0,0.000000
1648654131.203881108,0,0.001000
1648654131.225169439,1,0.000000
1648654131.247064138,0,0.000000
1648654131.268657730,0,0.000000
1648654131.289107908,0,0.000000
1648654131.312428164,0,0.000000
1648654131.336859496,0,0.000000
1648654131.359743483,0,0.004000
1648654131.382649129,0,0.005000
1648654131.404777921,0,0.000000
1648654131.427951689,0,0.000000
1648654131.451420120,0,0.000000
1648654131.473364944,0,0.000000
1648654131.496489523,0,0.000000
1648654131.518425673,0,0.000000
1648654131.541017070,0,0.000000
1648654131.563123898,0,0.000000
1648654131.586560350,0,0.000000
1648654131.610091159,0,0.000000
1648654131.633967222,0,0.000000
1648654131.656722307,0,0.000000
1648654131.680200498,0,0.000000
1648654131.703594677,0,0.000000
1648654131.727222743,0,0.000000
1648654131.750956612,0,0.000000
1648654131.773059483,0,0.000000
1648654131.795987163,0,0.000000
1648654131.820322939,0,0.000000
1648654131.842846388,0,0.000000
1648654131.864690679,0,0.000000
1648654131.887320929,0,0.000000
1648654131.910896974,0,0.000000
1648654131.933710551,0,0.000000
1648654131.957370414,0,0.000000
1648654131.980262798,0,0.000000
1648654132.003509994,0,0.000000
1648654132.024863559,0,0.000000
1648654132.045757995,0,0.000000
1648654132.068621892,0,0.000000
1648654132.090413432,0,0.000000
1648654132.114519012,0,0.000000
1648654132.137573795,0,0.000000
1648654132.159363457,0,0.000000
1648654132.182256002,0,0.000000
1648654132.205500429,0,0.000000
1648654132.226728337,0,0.000000
1648654132.250615936,0,0.000000
1648654132.272613894,0,0.000000
1648654132.293772450,0,0.000000
1648654132.315751575,0,0.000000
1648654132.336646720,0,0.000000
1648654132.360548262,0,0.000000
1648654132.381205800,1,0.000000
1648654132.404399657,0,0.000000
1648654132.426469340,0,0.000000
1648654132.449696183,0,0.000000
1648654132.473368791,0,0.000000
1648654132.494977577,0,0.000000
1648654132.517212418,0,0.000000
1648654132.540337863,0,0.000000
1648654132.564285659,0,0.000000
1648654132.587533905,0,0.000000
1648654132.610391980,0,0.000000
1648654132.631169290,0,0.000000
1648654132.654265899,0,0.000000
1648654132.677306612,0,0.000000
1648654132.700108485,0,0.003000
1648654132.723179484,0,0.000000
1648654132.746090905,0,0.000000
1648654132.765794708,0,0.000000
1648654132.788426686,0,0.000000
1648654132.810880757,0,0.000000
1648654132.836365146,0,0.000000
1648654132.859042264,0,0.000000
1648654132.882221358,0,0.000000
1648654132.905480746,0,0.000000
1648654132.928041652,0,0.000000
1648654132.949226332,0,0.000000
1648654132.971970521,0,0.000000
1648654132.996005564,0,0.000000
1648654133.019573976,0,0.000000
1648654133.043062101,0,0.000000
1648654133.066423709,0,0.000000
1648654133.091804537,0,0.000000
1648654133.114543668,0,0.000000
1648654133.136356383,0,0.000000
1648654133.156320992,0,0.000000
1648654133.178160549,0,0.000000
1648654133.202449293,0,0.000000
1648654133.223938896,0,0.012000
1648654133.246339126,0,0.000000
1648654133.267355277,0,0.000000
1648654133.289570798,0,0.000000
1648654133.310907689,0,0.000000
1648654133.334179981,0,0.000000
1648654133.356869116,0,0.000000
1648654133.378519376,0,0.000000
1648654133.399626996,0,0.000000
1648654133.421611390,0,0.000000
1648654133.444702369,0,0.000000
1648654133.467830173,0,0.000000
1648654133.487398601,0,0.000000
1648654133.509646918,0,0.000000
1648654133.530356485,0,0.000000
1648654133.552487359,0,0.000000
1648654133.573905338,0,0.000000
1648654133.597163689,0,0.003000
1648654133.618437050,0,0.000000
1648654133.641988708,0,0.000000
1648654133.665921558,0,0.000000
1648654133.687185900,0,0.000000
1648654133.710103609,0,0.007000
1648654133.733608089,0,0.000000
1648654133.755025784,0,0.000000
1648654133.778360361,0,0.000000
1648654133.802907164,0,0.000000
1648654133.824268363,0,0.000000
1648654133.847194630,1,0.000000
1648654133.869196606,0,0.000000
1648654133.893555995,0,0.000000
1648654133.916522605,0,0.000000
1648654133.939339349,0,0.000000
1648654133.963456660,0,0.000000
1648654133.986029266,0,0.000000
1648654134.007972073,0,0.000000
1648654134.031129675,0,0.004000
1648654134.053384344,0,0.000000
1648654134.074588652,0,0.000000
1648654134.098726257,0,0.000000
1648654134.121654461,0,0.000000
1648654134.145111316,0,0.000000
1648654134.168243614,1,0.004000
1648654134.190763374,0,0.009000
1648654134.214790496,0,0.000000
1648654134.236195614,0,0.000000
1648654134.257387973,0,0.000000
1648654134.280013047,0,0.000000
1648654134.302439926,0,0.000000
1648654134.324374150,0,0.000000
1648654134.347614890,1,0.000000
1648654134.369715229,0,0.000000
1648654134.393367491,1,0.000000
1648654134.416348903,0,0.000000
1648654134.439473504,0,0.000000
1648654134.462605749,0,0.000000
1648654134.484798615,0,0.000000
1648654134.506960881,0,0.000000
1648654134.527472455,1,0.006000
1648654134.548982119,0,0.000000
1648654134.572508442,0,0.000000
1648654134.596502873,0,0.000000
1648654134.617641761,0,0.000000
1648654134.640985049,0,0.000000
1648654134.664304725,0,0.000000
1648654134.685454001,0,0.000000
1648654134.707360391,0,0.000000
1648654134.729508503,0,0.003000
1648654134.751017415,0,0.000000
1648654134.773349794,0,0.000000
1648654134.797192120,0,0.000000
1648654134.819784010,0,0.000000
1648654134.843099766,0,0.000000
1648654134.866137692,0,0.000000
1648654134.889117101,0,0.000000
1648654134.911415311,0,0.000000
1648654134.934865072,0,0.000000
1648654134.956312349,0,0.000000
1648654134.977957197,1,0.000000
1648654134.999981476,0,0.001000
1648654135.021045772,0,0.000000
1648654135.043647208,0,0.000000
1648654135.065691966,0,0.000000
1648654135.088791291,0,0.000000
1648654135.112498449,0,0.000000
1648654135.135299357,0,0.000000
1648654135.157713649,0,0.000000
1648654135.180979352,0,0.003000
1648654135.203954521,0,0.000000
1648654135.228051462,0,0.000000
1648654135.249427512,0,0.005000
1648654135.271786812,0,0.000000
1648654135.294085941,0,0.000000
1648654135.317975826,0,0.000000
1648654135.339850163,0,0.003000
1648654135.363304719,0,0.004000
1648654135.385470342,0,0.003000
1648654135.408845032,0,0.000000
1648654135.431382597,0,0.000000
1648654135.456075444,0,0.000000
1648654135.478727149,0,0.000000
1648654135.501267604,0,0.000000
1648654135.523952293,0,0.000000
1648654135.546156599,0,0.000000
1648654135.568046060,0,0.000000
1648654135.590962003,0,0.000000
1648654135.614976504,0,0.000000
1648654135.638037751,0,0.000000
1648654135.659508245,0,0.000000
1648654135.681280380,0,0.000000
1648654135.706314394,0,0.000000
1648654135.727435140,0,0.000000
1648654135.751394906,0,0.000000
1648654135.774968953,0,0.000000
1648654135.796846783,0,0.000000
1648654135.819043869,0,0.000000
1648654135.842952493,0,0.000000
1648654135.866004883,0,0.000000
1648654135.887547281,0,0.000000
1648654135.910747029,1,0.000000
1648654135.934425515,0,0.003000
1648654135.957477407,0,0.000000
1648654135.981474545,0,0.000000
1648654136.003105236,0,0.000000
1648654136.026503264,0,0.000000
1648654136.048602245,0,0.000000
1648654136.072309140,0,0.017000
1648654136.094970686,0,0.000000
1648654136.118427432,0,0.000000
1648654136.142588845,1,0.000000
1648654136.166390857,0,0.000000
1648654136.188905679,2,0.012000
1648654136.210212551,0,0.000000
1648654136.231987575,0,0.000000
1648654136.255014559,0,0.000000
1648654136.278364469,0,0.000000
1648654136.299979876,0,0.000000
1648654136.323245667,0,0.000000
1648654136.344221372,0,0.000000
1648654136.367231194,0,0.003000
1648654136.388897950,0,0.000000
1648654136.410917800,0,0.000000
1648654136.434130939,0,0.000000
1648654136.458254097,0,0.006000
1648654136.482788398,0,0.000000
1648654136.504048722,0,0.000000
1648654136.527466972,0,0.000000
1648654136.550161749,0,0.000000
1648654136.572627232,0,0.000000
1648654136.595867986,0,0.000000
1648654136.617695269,0,0.000000
1648654136.639299601,0,0.000000
1648654136.662916992,0,0.000000
1648654136.686105605,0,0.000000
1648654136.707424531,1,0.000000
1648654136.731225419,0,0.000000
1648654136.753961512,0,0.000000
1648654136.777371530,0,0.000000
1648654136.799886722,0,0.000000
1648654136.823106017,0,0.000000
1648654136.845398515,0,0.000000
1648654136.867792122,0,0.000000
1648654136.891119913,0,0.000000
1648654136.913489183,0,0.000000
1648654136.936758848,0,0.003000
1648654136.959337099,0,0.000000
1648654136.980980747,0,0.000000
1648654137.001571423,1,0.005000
1648654137.024765195,0,0.000000
1648654137.048359518,0,0.000000
1648654137.070263177,0,0.000000
1648654137.092767378,0,0.000000
1648654137.115269998,0,0.000000
1648654137.139006253,0,0.000000
1648654137.163291329,0,0.000000
1648654137.185715791,0,0.003000
1648654137.208095754,0,0.014000
1648654137.228411829,1,0.000000
1648654137.252156863,0,0.000000
1648654137.275747390,0,0.000000
1648654137.299591468,0,0.000000
1648654137.322351349,0,0.000000
1648654137.346915059,0,0.000000
1648654137.370537331,0,0.000000
1648654137.392878877,0,0.000000
1648654137.415631957,0,0.000000
1648654137.438214559,0,0.000000
1648654137.460655703,0,0.000000
1648654137.483274640,0,0.000000
1648654137.506079160,0,0.000000
1648654137.529537130,0,0.000000
1648654137.550982044,1,0.012000
1648654137.574377188,0,0.000000
1648654137.596542494,0,0.000000
1648654137.622351299,0,0.000000
1648654137.645794070,0,0.000000
1648654137.668412537,0,0.000000
1648654137.691402076,0,0.012000
1648654137.713064007,0,0.000000
1648654137.736925540,0,0.000000
1648654137.761180722,0,0.000000
1648654137.784526038,0,0.000000
1648654137.808352933,0,0.000000
1648654137.830270036,0,0.000000
1648654137.854266980,0,0.000000
1648654137.878196064,0,0.000000
1648654137.900433398,0,0.000000
1648654137.922759939,0,0.000000
1648654137.946959766,0,0.000000
1648654137.968023809,0,0.008000
1648654137.991127939,0,0.000000
1648654138.013570517,0,0.000000
1648654138.035726347,0,0.000000
1648654138.055957041,0,0.000000
1648654138.077493612,0,0.000000
1648654138.099999549,0,0.000000
1648654138.124241269,0,0.000000
1648654138.145837019,0,0.000000
1648654138.169347978,0,0.000000
1648654138.191392117,0,0.000000
1648654138.213955996,0,0.000000
1648654138.236238898,0,0.000000
1648654138.260248945,0,0.000000
1648654138.282450914,0,0.000000
1648654138.305494210,0,0.000000
1648654138.328618020,0,0.000000
1648654138.351816995,0,0.000000
1648654138.375172152,0,0.000000
1648654138.399839589,0,0.000000
1648654138.423123167,0,0.000000
1648654138.445443428,0,0.000000
1648654138.468041688,0,0.000000
1648654138.491107844,0,0.000000
1648654138.512812959,0,0.000000
1648654138.536017127,0,0.000000
1648654138.559975546,0,0.000000
1648654138.583491313,0,0.010000
1648654138.607146998,0,0.003000
1648654138.629708645,0,0.000000
1648654138.653015365,0,0.000000
1648654138.674789892,0,0.000000
1648654138.697114223,0,0.000000
1648654138.720360426,0,0.004000
1648654138.742977391,0,0.000000
1648654138.764721858,0,0.000000
1648654138.787758809,0,0.003000
1648654138.811707877,0,0.000000
1648654138.833380244,0,0.000000
1648654138.856555701,0,0.000000
1648654138.879013339,0,0.004000
1648654138.902223049,0,0.000000
1648654138.924850122,0,0.000000
1648654138.948212594,0,0.000000
1648654138.970339157,0,0.000000
1648654138.993141480,0,0.000000
1648654139.015442257,0,0.000000
1648654139.038469347,0,0.000000
1648654139.061390247,0,0.000000
1648654139.082221043,0,0.000000
1648654139.105132188,0,0.000000
1648654139.127134197,0,0.000000
1648654139.150041540,0,0.000000
1648654139.172421400,0,0.000000
1648654139.194070922,0,0.000000
1648654139.216625222,0,0.000000
1648654139.239351357,0,0.000000
1648654139.261463077,0,0.000000
1648654139.285451758,1,0.003000
1648654139.308535998,0,0.008000
1648654139.332183432,0,0.000000
1648654139.354280365,0,0.000000
1648654139.376906271,0,0.000000
1648654139.398425075,0,0.000000
1648654139.421368304,0,0.000000
1648654139.443493620,0,0.000000
1648654139.465881032,0,0.003000
1648654139.488449853,0,0.000000
1648654139.510893158,0,0.000000
1648654139.535651372,0,0.003000
1648654139.558761005,0,0.000000
1648654139.580859649,0,0.000000
1648654139.602080224,0,0.000000
1648654139.625211064,0,0.000000
1648654139.649367577,0,0.000000
1648654139.672302887,0,0.000000
1648654139.696475956,0,0.000000
1648654139.718913170,0,0.015000
1648654139.741349674,0,0.000000
1648654139.764837259,0,0.000000
1648654139.787294159,0,0.000000
1648654139.809288736,0,0.000000
1648654139.832793808,0,0.009000
1648654139.857655636,0,0.000000
1648654139.879115043,0,0.000000
1648654139.903331167,0,0.000000
1648654139.926326630,0,0.000000
1648654139.949125724,0,0.000000
1648654139.972047308,0,0.000000
1648654139.995614863,0,0.000000
1648654140.019670502,1,0.000000
1648654140.043256976,0,0.000000
1648654140.065393188,0,0.003000
1648654140.089534390,0,0.000000
1648654140.113576961,0,0.000000
1648654140.136094612,0,0.000000
1648654140.159828573,0,0.000000
1648654140.183688097,0,0.000000
1648654140.205595423,1,0.007000
1648654140.228869312,0,0.000000
1648654140.251700233,0,0.000000
1648654140.274998640,0,0.000000
1648654140.298550680,0,0.000000
1648654140.320601433,0,0.000000
1648654140.342510486,0,0.000000
1648654140.365441154,0,0.000000
1648654140.388648344,0,0.000000
1648654140.413718345,0,0.000000
1648654140.435327582,0,0.000000
1648654140.457386741,0,0.000000
1648654140.478952960,0,0.000000
1648654140.502324879,0,0.000000
1648654140.524332762,0,0.000000
1648654140.549284949,0,0.000000
1648654140.571951281,0,0.000000
1648654140.595221545,0,0.000000
1648654140.618287598,0,0.000000
1648654140.641663759,0,0.000000
1648654140.664714267,0,0.000000
1648654140.687838237,0,0.003000
1648654140.710803084,0,0.000000
1648654140.731741513,0,0.000000
1648654140.755866346,0,0.000000
1648654140.776611557,0,0.008000
1648654140.800570385,0,0.000000
1648654140.823377455,0,0.000000
1648654140.846497260,0,0.000000
1648654140.869885302,0,0.000000
1648654140.892881045,0,0.000000
1648654140.915532977,0,0.000000
1648654140.938074787,0,0.000000
1648654140.961040328,0,0.000000
1648654140.984348277,0,0.000000
1648654141.008164873,0,0.000000
1648654141.030687427,0,0.000000
1648654141.052775141,0,0.000000
1648654141.075564304,0,0.000000
1648654141.098662318,0,0.000000
1648654141.120765681,0,0.000000
1648654141.143047137,0,0.000000
1648654141.166183541,0,0.000000
1648654141.188122056,0,0.000000
1648654141.209596768,1,0.000000
1648654141.231381865,0,0.000000
1648654141.257350135,1,0.000000
1648654141.279019450,0,0.000000
1648654141.302647774,0,0.000000
1648654141.324650662,0,0.000000
1648654141.346353307,0,0.000000
1648654141.369680434,0,0.000000
1648654141.391057165,0,0.000000
1648654141.414556270,0,0.000000
1648654141.436437871,0,0.000000
1648654141.459230878,0,0.000000
1648654141.481236404,0,0.000000
1648654141.504352855,0,0.000000
1648654141.528042438,0,0.000000
1648654141.550982685,0,0.000000
1648654141.574072372,0,0.000000
1648654141.596102563,0,0.000000
1648654141.618771532,0,0.000000
1648654141.642175529,0,0.000000
1648654141.665679333,0,0.000000
1648654141.688739572,0,0.000000
1648654141.711953868,0,0.000000
1648654141.735031591,0,0.000000
1648654141.757280480,0,0.000000
1648654141.779545474,0,0.000000
1648654141.802838966,0,0.000000
1648654141.825639598,0,0.000000
1648654141.849431799,0,0.003000
1648654141.871021749,0,0.000000
1648654141.893928492,0,0.000000
1648654141.918049374,0,0.000000
1648654141.938964069,0,0.000000
1648654141.961693898,0,0.000000
1648654141.984499236,0,0.000000
1648654142.007313244,0,0.000000
1648654142.028873933,0,0.000000
1648654142.051142304,0,0.003000
1648654142.072333317,0,0.000000
1648654142.094056787,0,0.000000
1648654142.118447685,0,0.000000
1648654142.140983194,0,0.000000
1648654142.163944203,0,0.000000
1648654142.186289178,0,0.000000
1648654142.209088853,0,0.000000
1648654142.231541266,0,0.000000
1648654142.254466325,0,0.000000
1648654142.277967711,0,0.000000
1648654142.302325470,0,0.000000
1648654142.323675961,0,0.000000
1648654142.346662777,1,0.000000
1648654142.368939957,0,0.000000
1648654142.392069848,0,0.000000
1648654142.415703423,0,0.004000
1648654142.438567583,0,0.000000
1648654142.460945755,1,0.000000
1648654142.483740862,0,0.000000
1648654142.507051906,0,0.000000
1648654142.529955468,0,0.000000
1648654142.551559132,0,0.000000
1648654142.574277097,0,0.000000
1648654142.596040968,0,0.000000
1648654142.618313516,0,0.000000
1648654142.641675651,0,0.000000
1648654142.665498682,0,0.000000
1648654142.687340103,0,0.000000
1648654142.709166243,0,0.000000
1648654142.734348248,0,0.000000
1648654142.756119393,1,0.000000
1648654142.777955578,2,0.002000
1648654142.800135073,0,0.000000
1648654142.824093944,0,0.000000
1648654142.845460478,0,0.000000
1648654142.868646376,0,0.000000
1648654142.891302659,0,0.007000
1648654142.912888688,0,0.000000
1648654142.933968786,0,0.000000
1648654142.955235659,0,0.000000
1648654142.979402605,0,0.000000
1648654143.002320127,0,0.000000
1648654143.025018360,0,0.000000
1648654143.048542514,0,0.000000
1648654143.071562857,0,0.000000
1648654143.093483166,0,0.000000
1648654143.116851565,0,0.000000
1648654143.140362123,0,0.000000
1648654143.163502500,0,0.000000
1648654143.185081418,0,0.000000
1648654143.208105334,0,0.000000
1648654143.230996979,0,0.007000
1648654143.253957298,0,0.000000
1648654143.277122419,0,0.000000
1648654143.300425042,0,0.000000
1648654143.322506400,0,0.000000
1648654143.345158645,0,0.000000
1648654143.368145185,1,0.000000
1648654143.390108754,0,0.000000
1648654143.413326338,0,0.000000
1648654143.436219837,0,0.000000
1648654143.459507283,0,0.006000
1648654143.481968072,0,0.000000
1648654143.505250804,0,0.000000
1648654143.527066453,0,0.000000
1648654143.548714423,0,0.000000
1648654143.570148434,0,0.000000
1648654143.592566723,0,0.000000
1648654143.614939689,0,0.000000
1648654143.637408623,0,0.000000
1648654143.659797450,0,0.000000
1648654143.680686145,0,0.004000
1648654143.703163142,0,0.000000
1648654143.725026291,0,0.000000
1648654143.748054121,0,0.000000
1648654143.770568634,0,0.000000
1648654143.793547018,0,0.000000
1648654143.814906919,0,0.000000
1648654143.837331732,0,0.000000
1648654143.861461875,0,0.000000
1648654143.885565550,0,0.000000
1648654143.908488802,0,0.000000
1648654143.930401111,0,0.000000
1648654143.953496479,0,0.000000
1648654143.976874523,0,0.000000
1648654143.999676307,1,0.017000
1648654144.021775536,0,0.000000
1648654144.044601053,0,0.008000
1648654144.066911139,0,0.000000
1648654144.090443777,0,0.007000
1648654144.113412478,0,0.000000
1648654144.136114415,0,0.000000
1648654144.160314427,1,0.000000
1648654144.181559360,0,0.000000
1648654144.205321780,0,0.000000
1648654144.228333015,0,0.000000
1648654144.252123611,0,0.000000
1648654144.276458799,0,0.000000
1648654144.300040873,0,0.000000
1648654144.321645734,0,0.000000
1648654144.344421447,0,0.000000
1648654144.366145437,0,0.000000
1648654144.385501366,0,0.000000
1648654144.408034522,1,0.000000
1648654144.430897244,0,0.000000
1648654144.453929378,0,0.000000
1648654144.477092739,0,0.000000
1648654144.498823150,0,0.000000
1648654144.521253630,0,0.000000
1648654144.544481552,0,0.000000
1648654144.567010029,0,0.000000
1648654144.590032975,0,0.000000
1648654144.611967932,0,0.000000
1648654144.633151723,0,0.000000
1648654144.656409554,0,0.000000
1648654144.679282077,0,0.000000
1648654144.702161511,0,0.000000
1648654144.725155002,0,0.000000
1648654144.748143444,0,0.000000
1648654144.771141477,0,0.004000
1648654144.794554521,0,0.000000
1648654144.817075219,0,0.000000
1648654144.839090118,0,0.000000
1648654144.862507053,0,0.000000
1648654144.885944588,0,0.000000
1648654144.909823638,0,0.003000
1648654144.931352411,0,0.000000
1648654144.953055015,0,0.000000
1648654144.976598513,1,0.000000
1648654145.000053068,0,0.000000
1648654145.021367547,0,0.000000
1648654145.043490979,0,0.000000
1648654145.065880621,0,0.000000
1648654145.089117566,0,0.000000
1648654145.111856573,0,0.000000
1648654145.134230560,0,0.000000
1648654145.157358014,0,0.000000
1648654145.179002970,0,0.000000
1648654145.201306607,0,0.000000
1648654145.224974459,0,0.000000
1648654145.247169982,0,0.000000
1648654145.270145270,0,0.000000
1648654145.293421161,0,0.000000
1648654145.315379305,0,0.003000
1648654145.339419770,0,0.000000
1648654145.362119720,0,0.000000
1648654145.384555345,0,0.000000
1648654145.406603831,0,0.000000
1648654145.427965166,0,0.000000
1648654145.451524035,0,0.000000
1648654145.476276235,0,0.000000
1648654145.499390149,0,0.003000
1648654145.522020606,0,0.000000
1648654145.546314917,0,0.000000
1648654145.568840267,0,0.000000
1648654145.590587883,0,0.000000
1648654145.614561626,0,0.000000
1648654145.637479922,1,0.013000
1648654145.659390688,0,0.000000
1648654145.681907128,0,0.000000
1648654145.705607755,0,0.000000
1648654145.728225734,0,0.000000
1648654145.751280166,0,0.000000
1648654145.773159375,0,0.000000
1648654145.796099620,0,0.000000
1648654145.818454404,0,0.000000
1648654145.840715462,0,0.000000
1648654145.863842222,0,0.000000
1648654145.887086353,0,0.000000
1648654145.910717950,0,0.000000
1648654145.933449164,0,0.000000
1648654145.956720782,0,0.000000
1648654145.978812116,0,0.000000
1648654146.002232209,0,0.000000
1648654146.026122094,0,0.007000
1648654146.048822002,0,0.000000
1648654146.071074627,0,0.000000
1648654146.094234316,0,0.000000
1648654146.118183914,0,0.000000
1648654146.141112049,0,0.000000
1648654146.163409690,0,0.000000
1648654146.187012312,0,0.000000
1648654146.209294087,0,0.000000
1648654146.233264738,0,0.000000
1648654146.256414134,0,0.008000
1648654146.280624018,0,0.000000
1648654146.303474587,0,0.000000
1648654146.326348782,0,0.005000
1648654146.348708813,0,0.000000
1648654146.371485604,0,0.000000
1648654146.394803871,0,0.000000
1648654146.418107451,0,0.000000
1648654146.441396871,0,0.000000
1648654146.464056635,0,0.000000
1648654146.485908622,0,0.000000
1648654146.510300013,0,0.000000
1648654146.532808098,0,0.000000
1648654146.556012351,1,0.000000
1648654146.577816966,0,0.000000
1648654146.601288081,0,0.000000
1648654146.622051740,0,0.000000
1648654146.644359333,0,0.003000
1648654146.668263721,0,0.000000
1648654146.692460054,0,0.000000
1648654146.715870308,0,0.000000
1648654146.737720601,0,0.000000
1648654146.759990386,0,0.000000
1648654146.783353098,0,0.000000
1648654146.806251658,0,0.000000
1648654146.828475346,0,0.000000
1648654146.851062976,1,0.000000
1648654146.874537222,0,0.000000
1648654146.896677745,0,0.000000
1648654146.919921790,0,0.000000
1648654146.942617419,0,0.000000
1648654146.964936355,0,0.000000
1648654146.987453786,0,0.000000
1648654147.009084165,0,0.000000
1648654147.032185498,0,0.000000
1648654147.054342671,0,0.000000
1648654147.076888428,0,0.000000
1648654147.100228364,0,0.000000
1648654147.120476219,0,0.000000
1648654147.142221815,0,0.000000
1648654147.165275924,0,0.000000
1648654147.188173194,0,0.000000
1648654147.210138855,0,0.000000
1648654147.233076728,0,0.000000
1648654147.254864803,0,0.000000
1648654147.276704345,0,0.000000
1648654147.299352726,0,0.000000
1648654147.322417343,0,0.000000
1648654147.345192501,0,0.000000
1648654147.368499032,0,0.000000
1648654147.391016891,0,0.000000
1648654147.411220183,0,0.000000
1648654147.433054433,0,0.000000
1648654147.454566893,0,0.000000
1648654147.478280907,0,0.000000
1648654147.500841115,0,0.000000
1648654147.521643911,0,0.000000
1648654147.544912147,1,0.000000
1648654147.567350138,0,0.000000
1648654147.592914397,0,0.000000
1648654147.615784664,0,0.000000
1648654147.638957615,0,0.000000
1648654147.662307365,0,0.000000
1648654147.685724114,2,0.000000
1648654147.707555794,0,0.000000
1648654147.729753751,0,0.000000
1648654147.752446675,0,0.000000
1648654147.775980908,0,0.000000
1648654147.798088713,0,0.000000
1648654147.821526153,0,0.000000
1648654147.844379567,0,0.000000
1648654147.866333540,0,0.005000
1648654147.889551222,0,0.000000
1648654147.912240351,0,0.006000
1648654147.933054671,0,0.000000
1648654147.955317529,0,0.000000
1648654147.978488203,0,0.000000
1648654148.001444958,0,0.008000
1648654148.022943825,0,0.000000
1648654148.046010347,0,0.000000
1648654148.068002339,0,0.000000
1648654148.090502363,0,0.000000
1648654148.112861802,0,0.000000
1648654148.134582719,0,0.000000
1648654148.158062519,0,0.000000
1648654148.180175470,0,0.000000
1648654148.201650710,0,0.000000
1648654148.223721732,0,0.004000
1648654148.247082577,0,0.000000
1648654148.269957789,0,0.000000
1648654148.292217786,0,0.000000
1648654148.314285996,0,0.000000
1648654148.338242961,0,0.000000
1648654148.359319392,0,0.000000
1648654148.381860288,0,0.000000
1648654148.404152970,0,0.000000
1648654148.426307241,0,0.000000
1648654148.448534025,0,0.000000
1648654148.470391942,0,0.000000
1648654148.493287665,0,0.000000
1648654148.516369990,0,0.000000
1648654148.537507171,0,0.000000
1648654148.561191797,0,0.000000
1648654148.583389991,0,0.000000
1648654148.606039721,0,0.000000
1648654148.628577115,0,0.000000
1648654148.651815505,0,0.000000
1648654148.673563931,0,0.000000
1648654148.696387403,0,0.000000
1648654148.719103859,0,0.000000
1648654148.739960057,0,0.000000
1648654148.761488222,0,0.000000
1648654148.785467057,0,0.000000
1648654148.809069994,0,0.000000
1648654148.832529520,0,0.000000
1648654148.853876216,0,0.000000
1648654148.875079594,0,0.000000
1648654148.897315954,0,0.000000
1648654148.920377034,0,0.000000
1648654148.943727989,0,0.000000
1648654148.966481883,0,0.000000
1648654148.990061372,0,0.000000
1648654149.012650927,0,0.000000
1648654149.036042467,0,0.000000
1648654149.060037122,0,0.000000
1648654149.083368568,0,0.000000
1648654149.106471259,0,0.000000
1648654149.125144194,0,0.000000
1648654149.146805258,0,0.000000
1648654149.169596989,0,0.000000
1648654149.191135048,0,0.000000
1648654149.214250691,0,0.000000
1648654149.235869634,0,0.000000
1648654149.258403724,0,0.000000
1648654149.280412231,0,0.000000
1648654149.301925362,0,0.000000
1648654149.324165138,0,0.000000
1648654149.347160948,0,0.000000
1648654149.369950654,0,0.000000
1648654149.391090631,0,0.000000
1648654149.413875753,0,0.000000
1648654149.435509371,0,0.000000
1648654149.458449495,0,0.000000
