1648655599.094910767,0,0.001000
1648655599.120049412,0,0.001000
1648655599.143080857,0,0.001000
1648655599.164801196,0,0.001000
1648655599.186315426,0,0.001000
1648655599.207398466,0,0.001000
1648655599.228759770,0,0.001000
1648655599.248950406,0,0.001000
1648655599.271855173,0,0.001000
1648655599.294372602,0,0.001000
1648655599.316564104,0,0.001000
1648655599.337481842,0,0.001000
1648655599.360812166,0,0.001000
1648655599.384007341,0,0.001000
1648655599.405076938,0,0.001000
1648655599.427101196,0,0.001000
1648655599.450082088,0,0.001000
1648655599.473154824,0,0.001000
1648655599.495477608,0,0.001000
1648655599.519875903,0,0.000000
1648655599.543567837,2,0.058000
1648655599.565980729,14,0.225000
1648655599.587567461,0,0.000000
1648655599.606553632,0,0.000000
1648655599.628062517,0,0.000000
1648655599.648948993,1,0.000000
1648655599.669933735,0,0.000000
1648655599.691841121,0,0.000000
1648655599.711637034,0,0.000000
1648655599.733785640,0,0.000000
1648655599.755070432,1,0.011000
1648655599.775630299,0,0.000000
1648655599.796269850,0,0.000000
1648655599.817616854,0,0.018000
1648655599.837063891,0,0.000000
1648655599.858509986,0,0.000000
1648655599.880840732,0,0.000000
1648655599.901431931,0,0.000000
1648655599.922617210,1,0.000000
1648655599.944592486,0,0.007000
1648655599.965442813,0,0.000000
1648655599.986206426,0,0.010000
1648655600.007049460,1,0.000000
1648655600.027541687,1,0.009000
1648655600.051416281,0,0.008000
1648655600.074069484,0,0.013000
1648655600.094885063,0,0.000000
1648655600.116216187,1,0.000000
1648655600.137318607,0,0.000000
1648655600.156967725,0,0.007000
1648655600.177256571,0,0.000000
1648655600.197026833,0,0.005000
1648655600.217458518,0,0.000000
1648655600.241069416,0,0.000000
1648655600.263064213,0,0.000000
1648655600.284675584,1,0.041000
1648655600.307786980,0,0.000000
1648655600.328368425,1,0.000000
1648655600.349421965,2,0.000000
1648655600.372030518,4,0.065000
1648655600.391325652,0,0.000000
1648655600.414242278,1,0.028000
1648655600.437060827,0,0.005000
1648655600.459749137,2,0.033000
1648655600.480836971,1,0.000000
1648655600.502395120,0,0.000000
1648655600.526057449,0,0.000000
1648655600.547060493,1,0.020000
1648655600.567328242,2,0.044000
1648655600.590017944,0,0.000000
1648655600.613018162,0,0.007000
1648655600.634327704,0,0.000000
1648655600.655819810,0,0.000000
1648655600.677749614,1,0.040000
1648655600.698446911,0,0.000000
1648655600.718909468,0,0.000000
1648655600.739959883,3,0.072000
1648655600.761384468,0,0.000000
1648655600.782596890,1,0.024000
1648655600.803716579,3,0.031000
1648655600.825330874,0,0.000000
1648655600.848019980,1,0.000000
1648655600.869100621,0,0.034000
1648655600.892253863,0,0.000000
1648655600.914770889,1,0.046000
1648655600.936716303,0,0.000000
1648655600.957930733,1,0.019000
1648655600.979387370,3,0.036000
1648655600.999432036,2,0.000000
1648655601.021558869,2,0.054000
1648655601.043236421,0,0.000000
1648655601.065142120,2,0.058000
1648655601.085826355,1,0.019000
1648655601.106361296,0,0.000000
1648655601.124990134,0,0.000000
1648655601.146277120,2,0.059000
1648655601.166583201,1,0.003000
1648655601.188530558,0,0.000000
1648655601.211414453,0,0.000000
1648655601.232598578,0,0.000000
1648655601.253560600,0,0.000000
1648655601.275199081,2,0.014000
1648655601.297104238,1,0.006000
1648655601.317508446,0,0.000000
1648655601.339991665,1,0.008000
1648655601.361499467,0,0.000000
1648655601.383222397,0,0.000000
1648655601.405711159,2,0.031000
1648655601.427368191,0,0.000000
1648655601.447147276,1,0.008000
1648655601.470197124,4,0.073000
1648655601.491917930,1,0.011000
1648655601.513626837,3,0.017000
1648655601.535320157,1,0.027000
1648655601.559630848,3,0.025000
1648655601.583149444,1,0.000000
1648655601.604765946,0,0.000000
1648655601.624893632,3,0.034000
1648655601.644923597,3,0.050000
1648655601.666950152,3,0.046000
1648655601.688135502,0,0.000000
1648655601.708340999,0,0.000000
1648655601.728282151,0,0.000000
1648655601.750551471,0,0.006000
1648655601.772789417,0,0.006000
1648655601.795746508,0,0.000000
1648655601.818010416,1,0.000000
1648655601.840533636,0,0.000000
1648655601.862387902,2,0.029000
1648655601.883278474,0,0.000000
1648655601.904599547,0,0.000000
1648655601.924741150,3,0.098000
1648655601.944901855,0,0.000000
1648655601.967328050,4,0.067000
1648655601.988141891,0,0.000000
1648655602.010785707,0,0.000000
1648655602.034133644,2,0.024000
1648655602.056478060,0,0.018000
1648655602.077379551,0,0.000000
1648655602.099021283,1,0.017000
1648655602.119380342,0,0.000000
1648655602.140588731,0,0.021000
1648655602.161892481,0,0.000000
1648655602.185959898,0,0.000000
1648655602.206971040,0,0.001000
1648655602.228887438,0,0.000000
1648655602.252625239,1,0.014000
1648655602.273920591,0,0.000000
1648655602.294984745,0,0.000000
1648655602.316297643,0,0.000000
1648655602.335929997,0,0.000000
1648655602.357921942,1,0.031000
1648655602.378035221,0,0.000000
1648655602.399108814,0,0.000000
1648655602.420557932,0,0.024000
1648655602.442088459,1,0.027000
1648655602.464335643,0,0.000000
1648655602.486798518,0,0.000000
1648655602.507300914,1,0.000000
1648655602.529370892,0,0.000000
1648655602.550231865,0,0.000000
1648655602.572726451,0,0.000000
1648655602.595468927,2,0.033000
1648655602.616795774,3,0.066000
1648655602.640140855,2,0.052000
1648655602.663017993,0,0.010000
1648655602.684956105,0,0.018000
1648655602.706439458,3,0.052000
1648655602.728214837,0,0.000000
1648655602.749272086,0,0.000000
1648655602.771247817,0,0.000000
1648655602.793034024,0,0.023000
1648655602.815117396,0,0.008000
1648655602.836477619,1,0.007000
1648655602.856461533,0,0.006000
1648655602.877034571,0,0.000000
1648655602.897344227,0,0.000000
1648655602.917214614,0,0.000000
1648655602.937928408,0,0.000000
1648655602.960667613,0,0.000000
1648655602.982860676,0,0.000000
1648655603.001926008,0,0.000000
1648655603.022506036,0,0.000000
1648655603.044899148,2,0.011000
1648655603.066144068,0,0.006000
1648655603.087343326,0,0.000000
1648655603.110006810,0,0.000000
1648655603.131476616,0,0.007000
1648655603.152615408,0,0.012000
1648655603.173637028,1,0.000000
1648655603.195209714,0,0.000000
1648655603.214142153,0,0.000000
1648655603.234754021,0,0.000000
1648655603.255624288,4,0.047000
1648655603.278040407,4,0.089000
1648655603.299297670,0,0.001000
1648655603.319902674,2,0.035000
1648655603.341449011,0,0.000000
1648655603.361632029,0,0.007000
1648655603.384287516,1,0.038000
1648655603.406316372,0,0.000000
1648655603.427714143,2,0.024000
1648655603.449049873,1,0.054000
1648655603.468960514,0,0.000000
1648655603.491386424,0,0.000000
1648655603.512627143,0,0.000000
1648655603.531934530,0,0.000000
1648655603.554265383,0,0.000000
1648655603.576132559,0,0.013000
1648655603.598451060,1,0.023000
1648655603.622000338,2,0.023000
1648655603.645168506,1,0.011000
1648655603.667866241,2,0.040000
1648655603.691033417,0,0.000000
1648655603.713217835,1,0.000000
1648655603.733900705,0,0.000000
1648655603.756753015,1,0.014000
1648655603.777107453,0,0.000000
1648655603.796084300,0,0.000000
1648655603.818007536,3,0.023000
1648655603.840926166,0,0.000000
1648655603.860257310,0,0.015000
1648655603.882093219,4,0.043000
1648655603.903538849,0,0.000000
1648655603.922942027,2,0.033000
1648655603.942428975,0,0.000000
1648655603.965119125,0,0.000000
1648655603.985238937,0,0.000000
1648655604.007248003,0,0.000000
1648655604.028874163,0,0.000000
1648655604.051272280,0,0.000000
1648655604.074322471,0,0.000000
1648655604.096487239,0,0.000000
1648655604.118935024,0,0.000000
1648655604.141177959,0,0.000000
1648655604.163466539,0,0.000000
1648655604.184803293,0,0.000000
1648655604.207840155,0,0.000000
1648655604.228723422,0,0.000000
1648655604.249971265,0,0.000000
1648655604.272983491,0,0.000000
1648655604.294561220,0,0.000000
1648655604.316590227,0,0.000000
1648655604.336690402,0,0.000000
1648655604.357465227,1,0.005000
1648655604.380685013,0,0.003000
1648655604.403401388,0,0.000000
1648655604.424892022,0,0.000000
1648655604.446338949,0,0.000000
1648655604.467272406,0,0.000000
1648655604.488535804,1,0.000000
1648655604.509997371,0,0.000000
1648655604.531488058,0,0.000000
1648655604.552418551,1,0.011000
1648655604.574119534,0,0.000000
1648655604.597230245,0,0.000000
1648655604.617595998,1,0.000000
1648655604.641213651,0,0.009000
1648655604.665464147,0,0.000000
1648655604.686075324,0,0.003000
1648655604.706951032,0,0.004000
1648655604.726898672,0,0.000000
1648655604.748578248,0,0.000000
1648655604.770741967,0,0.000000
1648655604.791517016,0,0.000000
1648655604.812390853,3,0.064000
1648655604.835117050,1,0.057000
1648655604.857075502,0,0.000000
1648655604.878630454,2,0.043000
1648655604.900476067,1,0.006000
1648655604.923354129,0,0.000000
1648655604.945628412,0,0.000000
1648655604.967690675,0,0.011000
1648655604.988069319,1,0.000000
1648655605.010662633,2,0.007000
1648655605.031482590,2,0.019000
1648655605.054907791,0,0.000000
1648655605.078407726,2,0.044000
1648655605.099859879,0,0.000000
1648655605.119184568,0,0.000000
1648655605.141133354,0,0.000000
1648655605.161232919,0,0.000000
1648655605.184872257,1,0.000000
1648655605.205973423,0,0.000000
1648655605.226743188,0,0.000000
1648655605.249151358,2,0.042000
1648655605.273327321,0,0.008000
1648655605.296220270,0,0.000000
1648655605.315506425,2,0.025000
1648655605.337252006,0,0.000000
1648655605.361094339,0,0.018000
1648655605.381748635,2,0.029000
1648655605.399952772,0,0.011000
1648655605.421172753,0,0.000000
1648655605.444040898,0,0.000000
1648655605.465504760,0,0.000000
1648655605.487636422,1,0.003000
1648655605.509770762,3,0.043000
1648655605.532610699,0,0.000000
1648655605.555096522,0,0.021000
1648655605.577919089,0,0.000000
1648655605.598715105,0,0.000000
1648655605.620247060,1,0.016000
1648655605.643555643,2,0.038000
1648655605.665940594,0,0.011000
1648655605.688243847,0,0.026000
1648655605.710432275,3,0.060000
1648655605.732380939,1,0.000000
1648655605.754423684,0,0.000000
1648655605.778040002,0,0.006000
1648655605.800054606,0,0.000000
1648655605.821019963,0,0.000000
1648655605.844262530,4,0.067000
1648655605.866678137,0,0.000000
1648655605.888118936,2,0.033000
1648655605.907917018,0,0.000000
1648655605.930161028,4,0.032000
1648655605.952890134,2,0.061000
1648655605.974263518,1,0.000000
1648655605.997886583,0,0.000000
1648655606.019427709,0,0.000000
1648655606.041548390,2,0.050000
1648655606.065415625,0,0.030000
1648655606.089359707,1,0.010000
1648655606.112281534,0,0.021000
1648655606.134694971,0,0.000000
1648655606.157624973,0,0.000000
1648655606.179014272,0,0.007000
1648655606.199299054,0,0.000000
1648655606.222384041,1,0.000000
1648655606.244022992,0,0.004000
1648655606.267231190,1,0.029000
1648655606.289921186,0,0.005000
1648655606.311081757,2,0.002000
1648655606.331936172,0,0.000000
1648655606.354302102,0,0.000000
1648655606.377271150,0,0.000000
1648655606.398797983,1,0.009000
1648655606.419943990,0,0.000000
1648655606.441964301,0,0.000000
1648655606.463293754,0,0.000000
1648655606.486260523,0,0.000000
1648655606.507170910,1,0.000000
1648655606.529562262,1,0.012000
1648655606.549985857,0,0.000000
1648655606.571430349,0,0.000000
1648655606.594098506,0,0.000000
1648655606.618010804,0,0.013000
1648655606.641923049,0,0.000000
1648655606.665141332,0,0.000000
1648655606.690508060,0,0.000000
1648655606.714101381,0,0.000000
1648655606.736250962,2,0.006000
1648655606.759157263,0,0.000000
1648655606.781500408,2,0.061000
1648655606.803874765,2,0.014000
1648655606.827038037,1,0.056000
1648655606.848977028,1,0.015000
1648655606.870580197,0,0.030000
1648655606.893572477,1,0.020000
1648655606.916931327,2,0.059000
1648655606.939466232,3,0.059000
1648655606.961390627,3,0.012000
1648655606.982389990,0,0.000000
1648655607.005453198,0,0.000000
1648655607.028445044,0,0.000000
1648655607.051939493,0,0.000000
1648655607.072953510,2,0.017000
1648655607.096140547,0,0.000000
1648655607.119011831,2,0.032000
1648655607.140275580,1,0.079000
1648655607.163184088,2,0.018000
1648655607.186274890,1,0.039000
1648655607.207401209,0,0.000000
1648655607.229505535,0,0.000000
1648655607.250539195,0,0.000000
1648655607.271386010,1,0.018000
1648655607.294346506,2,0.051000
1648655607.317762850,2,0.005000
1648655607.341005379,3,0.082000
1648655607.362881293,0,0.000000
1648655607.385686496,0,0.010000
1648655607.408954645,3,0.032000
1648655607.432569602,1,0.003000
1648655607.456547453,0,0.015000
1648655607.477571655,2,0.034000
1648655607.500944184,0,0.000000
1648655607.522156394,0,0.000000
1648655607.545416064,4,0.069000
1648655607.567651500,0,0.000000
1648655607.590252122,1,0.004000
1648655607.612600725,1,0.011000
1648655607.636434442,0,0.022000
1648655607.658559310,0,0.000000
1648655607.680587442,0,0.000000
1648655607.704209077,0,0.000000
1648655607.724322992,0,0.000000
1648655607.746372116,0,0.000000
1648655607.770151248,0,0.000000
1648655607.793149541,2,0.034000
1648655607.816946441,0,0.010000
1648655607.840197508,0,0.009000
1648655607.862958958,0,0.000000
1648655607.885933805,0,0.000000
1648655607.908889309,0,0.000000
1648655607.930047359,1,0.031000
1648655607.952085612,4,0.069000
1648655607.972016028,0,0.000000
1648655607.993200058,4,0.045000
1648655608.017147517,0,0.000000
1648655608.039169429,1,0.000000
1648655608.061896976,2,0.036000
1648655608.084142784,0,0.013000
1648655608.107296920,0,0.000000
1648655608.129035881,1,0.000000
1648655608.152634162,0,0.000000
1648655608.172459436,0,0.000000
1648655608.195459975,3,0.057000
1648655608.218480457,0,0.000000
1648655608.240749311,2,0.021000
1648655608.264067745,1,0.037000
1648655608.286136640,0,0.000000
1648655608.308889647,0,0.002000
1648655608.333112498,0,0.000000
1648655608.355620815,1,0.000000
1648655608.379181749,3,0.047000
1648655608.403300891,0,0.000000
1648655608.426724877,0,0.000000
1648655608.450487128,0,0.000000
1648655608.474391857,1,0.026000
1648655608.496919629,3,0.030000
1648655608.520464197,3,0.036000
1648655608.543355664,0,0.009000
1648655608.564112959,2,0.063000
1648655608.586508801,0,0.000000
1648655608.610372549,2,0.057000
1648655608.633762543,0,0.000000
1648655608.657429994,0,0.000000
1648655608.681167047,0,0.030000
1648655608.705141066,2,0.024000
1648655608.728002096,1,0.050000
1648655608.752231461,1,0.005000
1648655608.775747262,0,0.013000
1648655608.799184597,0,0.000000
1648655608.821027157,0,0.019000
1648655608.844217621,0,0.000000
1648655608.866260167,1,0.012000
1648655608.888185863,0,0.000000
1648655608.909480418,0,0.000000
1648655608.933007912,0,0.015000
1648655608.953638268,0,0.000000
1648655608.975273293,0,0.000000
1648655608.997555817,0,0.000000
1648655609.019642985,0,0.000000
1648655609.042074522,1,0.008000
1648655609.065488113,0,0.004000
1648655609.089000407,0,0.018000
1648655609.111619847,0,0.007000
1648655609.136107187,0,0.000000
1648655609.159302149,0,0.009000
1648655609.180610874,0,0.000000
1648655609.203662625,3,0.063000
1648655609.226727640,0,0.000000
1648655609.248155154,0,0.000000
1648655609.270895065,0,0.000000
1648655609.294911581,1,0.026000
1648655609.317093244,1,0.048000
1648655609.339420021,0,0.000000
1648655609.360981160,0,0.000000
1648655609.385258762,0,0.029000
1648655609.407597661,0,0.000000
1648655609.431705678,0,0.000000
1648655609.454386326,0,0.000000
1648655609.478479064,0,0.000000
1648655609.502094318,0,0.000000
1648655609.523922687,0,0.000000
1648655609.548198623,0,0.000000
1648655609.571160180,3,0.055000
1648655609.595362987,0,0.000000
1648655609.618801354,1,0.000000
1648655609.642025665,0,0.000000
1648655609.664081322,0,0.000000
1648655609.686314514,1,0.009000
1648655609.711250251,0,0.000000
1648655609.732756919,0,0.000000
1648655609.753980255,0,0.003000
1648655609.775989566,0,0.000000
1648655609.799905002,0,0.000000
1648655609.820464987,1,0.028000
1648655609.841477182,0,0.000000
1648655609.863430388,0,0.000000
1648655609.885927214,1,0.019000
1648655609.909080991,0,0.000000
1648655609.931899125,0,0.000000
1648655609.955232060,0,0.001000
1648655609.978479061,1,0.010000
1648655610.001014313,0,0.000000
1648655610.025431805,1,0.065000
1648655610.049298703,3,0.028000
1648655610.073566680,0,0.000000
1648655610.096451516,0,0.000000
1648655610.120890690,0,0.000000
1648655610.144901480,0,0.000000
1648655610.168431187,0,0.006000
1648655610.191803607,0,0.000000
1648655610.213681434,0,0.000000
1648655610.237254627,1,0.000000
1648655610.261210581,0,0.000000
1648655610.284763518,0,0.000000
1648655610.308272611,0,0.000000
1648655610.331281373,0,0.000000
1648655610.352436726,0,0.000000
1648655610.375534070,0,0.000000
1648655610.399356814,0,0.004000
1648655610.420963570,0,0.025000
1648655610.443456652,0,0.000000
1648655610.466213380,0,0.000000
1648655610.489378257,0,0.000000
1648655610.512466215,0,0.000000
1648655610.536282998,0,0.000000
1648655610.559494087,1,0.003000
1648655610.582112101,0,0.000000
1648655610.605438439,1,0.015000
1648655610.628007595,0,0.000000
1648655610.650807036,2,0.053000
1648655610.674237340,2,0.004000
1648655610.696632545,0,0.000000
1648655610.718482475,2,0.038000
1648655610.740572800,0,0.000000
1648655610.763741447,0,0.000000
1648655610.786322504,0,0.010000
1648655610.808636137,0,0.000000
1648655610.832013886,0,0.000000
1648655610.853453516,0,0.000000
1648655610.876002682,1,0.010000
1648655610.897911772,0,0.000000
1648655610.921502964,0,0.003000
1648655610.943942351,0,0.000000
1648655610.965141700,0,0.000000
1648655610.989538518,3,0.020000
1648655611.011111476,0,0.000000
1648655611.032992959,0,0.000000
1648655611.055126112,0,0.000000
1648655611.079565552,3,0.057000
1648655611.104137493,3,0.012000
1648655611.124627485,0,0.023000
1648655611.147028944,1,0.000000
1648655611.168097510,0,0.000000
1648655611.190648211,0,0.000000
1648655611.214913521,3,0.054000
1648655611.239124371,1,0.025000
1648655611.262563536,0,0.000000
1648655611.284296783,2,0.018000
1648655611.308263752,0,0.000000
1648655611.330898306,1,0.035000
1648655611.353886147,2,0.060000
1648655611.373430374,0,0.000000
1648655611.396468199,0,0.018000
1648655611.418381937,2,0.034000
1648655611.442074142,0,0.000000
1648655611.465111282,0,0.033000
1648655611.488811877,3,0.029000
1648655611.509921435,0,0.000000
1648655611.533081413,0,0.026000
1648655611.554773520,0,0.004000
1648655611.577045459,0,0.000000
1648655611.599391831,1,0.013000
1648655611.623482180,1,0.004000
1648655611.645332258,1,0.019000
1648655611.668214939,0,0.000000
1648655611.690501994,1,0.040000
1648655611.714476351,0,0.004000
1648655611.738002049,1,0.017000
1648655611.761138856,1,0.034000
1648655611.782095381,0,0.024000
1648655611.805537160,2,0.045000
1648655611.828626592,1,0.014000
1648655611.852487199,2,0.000000
1648655611.876699671,2,0.046000
1648655611.901039618,2,0.021000
1648655611.924274983,1,0.037000
1648655611.947092707,1,0.000000
1648655611.970780886,1,0.006000
1648655611.993483802,3,0.031000
1648655612.017680117,0,0.011000
1648655612.039480039,0,0.000000
1648655612.063565145,0,0.023000
1648655612.087083696,0,0.000000
1648655612.109305558,1,0.028000
1648655612.133137432,0,0.000000
1648655612.156198869,0,0.000000
1648655612.178040817,0,0.000000
1648655612.200948036,0,0.000000
1648655612.221969205,0,0.003000
1648655612.245294400,1,0.004000
1648655612.266898276,1,0.001000
1648655612.290943820,0,0.000000
1648655612.312668134,0,0.000000
1648655612.334938005,0,0.000000
1648655612.358401472,0,0.000000
1648655612.379923406,2,0.036000
1648655612.402508439,1,0.000000
1648655612.423735074,0,0.000000
1648655612.446296342,0,0.000000
1648655612.467319733,3,0.030000
1648655612.489429558,0,0.000000
1648655612.512737640,1,0.015000
1648655612.533999258,1,0.000000
1648655612.557914201,0,0.000000
1648655612.580168464,0,0.000000
1648655612.603255738,1,0.000000
1648655612.625497161,3,0.015000
1648655612.647143969,0,0.000000
1648655612.670925718,2,0.046000
1648655612.692409093,0,0.000000
1648655612.715881374,0,0.000000
1648655612.739315346,0,0.000000
1648655612.761370969,0,0.025000
1648655612.782603789,0,0.000000
1648655612.804005129,3,0.052000
1648655612.827449617,1,0.015000
1648655612.849386289,0,0.000000
1648655612.871623425,2,0.013000
1648655612.891943568,1,0.003000
1648655612.913939673,0,0.000000
1648655612.937604735,1,0.000000
1648655612.960978754,0,0.000000
1648655612.983995939,2,0.030000
1648655613.005777890,0,0.000000
1648655613.029079824,0,0.000000
1648655613.051739492,4,0.086000
1648655613.074017212,0,0.000000
1648655613.096992227,1,0.036000
1648655613.121109692,2,0.035000
1648655613.143054331,0,0.006000
1648655613.165566828,0,0.000000
1648655613.186538209,2,0.038000
1648655613.209989403,0,0.000000
1648655613.232544302,0,0.005000
1648655613.255328545,0,0.000000
1648655613.277634118,1,0.033000
1648655613.299335227,1,0.000000
1648655613.322350057,3,0.048000
1648655613.345061969,0,0.000000
1648655613.367273830,1,0.051000
1648655613.389419722,1,0.000000
1648655613.412615036,1,0.023000
1648655613.433595710,1,0.006000
1648655613.457862745,0,0.000000
1648655613.479951041,2,0.028000
1648655613.501704501,0,0.000000
1648655613.524309918,0,0.000000
1648655613.546820537,0,0.000000
1648655613.567975044,1,0.003000
1648655613.591285575,0,0.000000
1648655613.614575932,0,0.000000
1648655613.635450280,1,0.000000
1648655613.656005574,1,0.000000
1648655613.679566317,0,0.000000
1648655613.699951109,0,0.014000
1648655613.723163260,0,0.000000
1648655613.745113879,1,0.022000
1648655613.768255491,0,0.000000
1648655613.790066346,1,0.000000
1648655613.811762574,1,0.001000
1648655613.832625884,2,0.057000
1648655613.855993215,1,0.011000
1648655613.877884357,0,0.000000
1648655613.902225860,0,0.000000
1648655613.924768769,5,0.055000
1648655613.947991232,0,0.000000
1648655613.968258069,0,0.000000
1648655613.991316933,0,0.000000
1648655614.013615004,0,0.022000
1648655614.034320887,2,0.025000
1648655614.055480374,2,0.076000
1648655614.078966841,1,0.016000
1648655614.099886081,2,0.053000
1648655614.120121580,0,0.004000
1648655614.142372031,0,0.000000
1648655614.164474122,1,0.004000
1648655614.185865637,0,0.000000
1648655614.208124855,0,0.000000
1648655614.229484241,1,0.000000
1648655614.252109677,1,0.027000
1648655614.274569804,0,0.000000
1648655614.295099074,0,0.000000
1648655614.318112318,0,0.000000
1648655614.338151650,0,0.000000
1648655614.359961380,0,0.000000
1648655614.382370767,0,0.000000
1648655614.404333931,0,0.000000
1648655614.426393572,0,0.018000
1648655614.446801505,0,0.000000
1648655614.469658048,0,0.000000
1648655614.492635524,0,0.000000
1648655614.515450416,0,0.000000
1648655614.536148737,0,0.000000
1648655614.557755774,0,0.000000
1648655614.580766445,0,0.000000
1648655614.602654086,0,0.000000
1648655614.626364952,0,0.000000
1648655614.647743511,0,0.000000
1648655614.668408043,0,0.007000
1648655614.691042087,1,0.013000
1648655614.712266747,0,0.000000
1648655614.735175315,2,0.062000
1648655614.757455051,2,0.055000
1648655614.779636474,0,0.000000
1648655614.802466800,0,0.000000
1648655614.824749930,1,0.000000
1648655614.848238449,0,0.008000
1648655614.871465052,0,0.000000
1648655614.894385481,0,0.000000
1648655614.914618919,0,0.000000
1648655614.937153190,0,0.000000
1648655614.960077813,0,0.000000
1648655614.981617337,0,0.000000
1648655615.004019280,0,0.003000
1648655615.025973916,0,0.000000
1648655615.047978957,0,0.000000
1648655615.070541345,0,0.000000
1648655615.092717500,0,0.000000
1648655615.113451233,0,0.000000
1648655615.133423454,0,0.000000
1648655615.155054539,0,0.000000
1648655615.175227878,0,0.000000
1648655615.196674704,0,0.000000
1648655615.217596872,0,0.000000
1648655615.239916457,0,0.008000
1648655615.262079407,0,0.000000
1648655615.283453481,0,0.000000
1648655615.306648538,0,0.000000
1648655615.329661199,0,0.000000
1648655615.351118636,0,0.000000
1648655615.373837909,0,0.000000
1648655615.397953641,0,0.025000
1648655615.419552966,3,0.052000
1648655615.441351316,0,0.000000
1648655615.464002797,3,0.048000
1648655615.485649180,0,0.016000
1648655615.508261028,0,0.000000
1648655615.528492180,2,0.025000
1648655615.551175750,0,0.000000
1648655615.572885959,3,0.036000
1648655615.596270193,2,0.000000
1648655615.619211976,0,0.000000
1648655615.643110953,0,0.000000
1648655615.666647250,1,0.000000
1648655615.689615611,0,0.000000
1648655615.712764924,3,0.060000
1648655615.735346129,5,0.056000
1648655615.758037610,0,0.000000
1648655615.781207036,2,0.051000
1648655615.804868451,0,0.000000
1648655615.827140812,0,0.009000
1648655615.850264184,0,0.000000
1648655615.873153013,0,0.030000
1648655615.894837713,0,0.000000
1648655615.918387954,1,0.038000
1648655615.943296200,0,0.000000
1648655615.965372038,1,0.009000
1648655615.988387441,0,0.000000
1648655616.011424522,0,0.000000
1648655616.033097716,2,0.043000
1648655616.057327855,0,0.000000
1648655616.079625262,0,0.000000
1648655616.100760808,0,0.000000
1648655616.121300611,0,0.010000
1648655616.143933600,1,0.010000
1648655616.168234719,0,0.000000
1648655616.193364023,0,0.000000
1648655616.216377499,0,0.000000
1648655616.239173226,0,0.000000
1648655616.263285043,0,0.000000
1648655616.285906483,5,0.117000
1648655616.306509322,0,0.000000
1648655616.330359684,0,0.000000
1648655616.353257330,0,0.012000
1648655616.373273250,1,0.002000
1648655616.395922582,1,0.000000
1648655616.419429769,1,0.003000
1648655616.441386630,0,0.000000
1648655616.463989210,0,0.000000
1648655616.484080112,1,0.011000
1648655616.507382301,0,0.000000
1648655616.531392120,0,0.000000
1648655616.553337597,1,0.051000
1648655616.577166683,0,0.000000
1648655616.601493885,0,0.000000
1648655616.623383986,0,0.000000
1648655616.646383078,1,0.017000
1648655616.670486007,0,0.000000
1648655616.692730499,1,0.000000
1648655616.714851714,2,0.018000
1648655616.738890996,0,0.000000
1648655616.762023896,0,0.005000
1648655616.785174036,2,0.050000
1648655616.807734288,0,0.003000
1648655616.830404023,3,0.057000
1648655616.854231256,3,0.082000
1648655616.875385960,1,0.024000
1648655616.897510757,0,0.000000
1648655616.920025968,0,0.000000
1648655616.943933684,0,0.009000
1648655616.966893367,0,0.000000
1648655616.988179458,1,0.000000
1648655617.009847012,0,0.000000
1648655617.031922296,3,0.063000
1648655617.053608062,0,0.014000
1648655617.078344907,1,0.007000
1648655617.101289320,0,0.000000
1648655617.125081140,0,0.001000
1648655617.146093689,0,0.000000
1648655617.168861245,0,0.000000
1648655617.192350599,0,0.000000
1648655617.216268491,3,0.027000
1648655617.239426760,0,0.000000
1648655617.261455800,0,0.000000
1648655617.283387967,0,0.000000
1648655617.307186765,0,0.000000
1648655617.329731458,3,0.074000
1648655617.353285056,0,0.000000
1648655617.376766814,3,0.021000
1648655617.400299000,1,0.032000
1648655617.423679348,2,0.039000
1648655617.446246029,0,0.000000
1648655617.466641686,1,0.000000
1648655617.488155554,3,0.007000
1648655617.509648565,0,0.000000
1648655617.532022444,0,0.000000
1648655617.555400084,1,0.015000
1648655617.576968221,2,0.030000
1648655617.599464484,0,0.000000
1648655617.623181640,0,0.000000
1648655617.647289394,1,0.026000
1648655617.669713325,0,0.004000
1648655617.692135495,0,0.000000
1648655617.715129582,0,0.000000
1648655617.736946978,0,0.000000
1648655617.759110990,6,0.069000
1648655617.781396876,0,0.000000
1648655617.802984984,0,0.000000
1648655617.824008999,0,0.000000
1648655617.847479030,0,0.000000
1648655617.870072010,1,0.000000
1648655617.892987172,0,0.000000
1648655617.915007435,0,0.000000
1648655617.937563428,0,0.000000
1648655617.960668485,0,0.000000
1648655617.983428877,0,0.000000
1648655618.005071711,1,0.008000
1648655618.029487538,0,0.009000
1648655618.051433608,1,0.000000
1648655618.073402926,0,0.005000
1648655618.094727178,0,0.000000
1648655618.117081280,0,0.000000
1648655618.139572568,0,0.000000
1648655618.161983519,1,0.016000
1648655618.182553776,2,0.056000
1648655618.205620527,2,0.066000
1648655618.226035231,2,0.042000
1648655618.247373361,0,0.000000
1648655618.268229218,0,0.000000
1648655618.290462269,3,0.083000
1648655618.312829477,0,0.000000
1648655618.336797400,0,0.000000
1648655618.357754831,1,0.023000
1648655618.380625252,0,0.010000
1648655618.401702232,2,0.067000
1648655618.423931095,0,0.000000
1648655618.447277972,1,0.000000
1648655618.468637914,2,0.069000
1648655618.491046737,1,0.000000
1648655618.514595624,1,0.014000
1648655618.533276234,0,0.016000
1648655618.554481812,0,0.000000
1648655618.574304614,1,0.000000
1648655618.596282390,0,0.000000
1648655618.619470507,0,0.000000
1648655618.642486745,0,0.000000
1648655618.664051899,0,0.000000
1648655618.686187982,0,0.000000
1648655618.709819473,0,0.000000
1648655618.729154905,0,0.000000
1648655618.752234827,0,0.003000
1648655618.773012017,0,0.000000
1648655618.796021969,0,0.000000
1648655618.819224439,0,0.004000
1648655618.843455028,1,0.000000
1648655618.865023682,0,0.000000
1648655618.887909462,3,0.045000
1648655618.911441356,0,0.034000
1648655618.932960208,1,0.025000
1648655618.956557495,0,0.000000
1648655618.978573898,1,0.014000
1648655618.999726498,0,0.000000
1648655619.021666281,0,0.000000
1648655619.041891603,0,0.000000
1648655619.062451620,2,0.035000
1648655619.085182423,1,0.000000
1648655619.106120802,1,0.024000
1648655619.128940162,0,0.000000
1648655619.151713070,2,0.039000
1648655619.174340718,0,0.006000
1648655619.195644464,0,0.000000
1648655619.217999489,0,0.000000
1648655619.241243780,1,0.000000
1648655619.262911386,0,0.000000
1648655619.286272076,2,0.035000
1648655619.310357239,0,0.000000
1648655619.330976621,1,0.000000
1648655619.354299598,0,0.000000
1648655619.376089142,0,0.000000
1648655619.398881231,0,0.000000
1648655619.419405470,0,0.000000
1648655619.442609874,1,0.000000
1648655619.465400027,0,0.000000
1648655619.486377014,0,0.000000
1648655619.508933999,0,0.018000
1648655619.529172588,0,0.000000
1648655619.552697375,0,0.000000
1648655619.575015437,0,0.000000
1648655619.597959390,0,0.000000
1648655619.622026896,3,0.022000
1648655619.644388375,0,0.000000
1648655619.668462218,0,0.000000
1648655619.691404485,0,0.000000
1648655619.714868265,1,0.017000
1648655619.736944400,1,0.000000
1648655619.759456055,0,0.024000
1648655619.781472787,4,0.063000
1648655619.804423973,0,0.000000
1648655619.827424053,1,0.000000
1648655619.850068212,3,0.061000
1648655619.872287507,0,0.000000
1648655619.891707444,2,0.035000
1648655619.912359132,0,0.000000
1648655619.933258378,3,0.046000
1648655619.956650384,1,0.000000
1648655619.979940644,2,0.010000
1648655620.004375280,2,0.086000
1648655620.027209589,0,0.000000
1648655620.050642632,1,0.015000
1648655620.073821302,0,0.000000
1648655620.095422439,0,0.000000
1648655620.118913121,2,0.047000
1648655620.142009348,2,0.013000
1648655620.165172343,3,0.034000
1648655620.187989622,1,0.000000
1648655620.210763551,1,0.026000
1648655620.232311359,0,0.007000
1648655620.253411103,0,0.000000
1648655620.274478873,0,0.000000
1648655620.297627375,0,0.016000
1648655620.319486012,0,0.000000
1648655620.342368663,0,0.000000
1648655620.365218322,1,0.023000
1648655620.386212927,0,0.010000
1648655620.407720223,0,0.000000
1648655620.431171698,0,0.003000
1648655620.452550302,0,0.000000
1648655620.474639242,0,0.000000
1648655620.496487151,0,0.000000
1648655620.518946988,0,0.000000
1648655620.542431295,0,0.000000
1648655620.563449344,0,0.000000
1648655620.584862433,0,0.000000
1648655620.607024214,0,0.003000
1648655620.628357389,0,0.000000
1648655620.649426474,1,0.000000
1648655620.670893527,0,0.000000
1648655620.694756831,0,0.000000
1648655620.717902639,1,0.027000
1648655620.739770187,1,0.018000
1648655620.762197608,2,0.043000
1648655620.782489092,1,0.012000
1648655620.804410977,1,0.045000
1648655620.826995513,0,0.000000
1648655620.848858630,2,0.038000
1648655620.872346982,0,0.000000
1648655620.896065486,0,0.000000
1648655620.919608325,1,0.000000
1648655620.941766656,1,0.050000
1648655620.963241281,0,0.003000
1648655620.986032994,0,0.000000
1648655621.009470562,0,0.000000
1648655621.031591779,0,0.000000
1648655621.054718834,0,0.000000
1648655621.077643325,0,0.000000
1648655621.098360282,0,0.003000
1648655621.119325088,0,0.004000
1648655621.142976676,0,0.000000
1648655621.165890017,1,0.015000
1648655621.187923465,0,0.000000
1648655621.209427094,0,0.000000
1648655621.233543003,0,0.003000
1648655621.255071553,0,0.000000
1648655621.276080996,0,0.001000
1648655621.296809633,0,0.000000
1648655621.319389262,0,0.000000
1648655621.341254809,0,0.000000
1648655621.364412401,0,0.021000
1648655621.387645886,0,0.000000
1648655621.410990306,0,0.000000
1648655621.433927671,0,0.000000
1648655621.455563979,0,0.007000
1648655621.477427737,0,0.003000
1648655621.497869567,0,0.000000
1648655621.517224343,0,0.000000
1648655621.539073594,0,0.000000
1648655621.561168958,0,0.000000
1648655621.580547109,0,0.000000
1648655621.603498352,0,0.000000
1648655621.626159167,0,0.000000
1648655621.647644125,0,0.000000
1648655621.670892460,0,0.000000
1648655621.693129853,2,0.000000
1648655621.717504276,0,0.000000
1648655621.740156940,0,0.006000
1648655621.763119933,0,0.000000
1648655621.785014531,0,0.029000
1648655621.805024017,0,0.000000
1648655621.827492114,0,0.000000
1648655621.851607462,0,0.000000
1648655621.875222629,1,0.000000
1648655621.897368653,0,0.000000
1648655621.921169858,0,0.000000
1648655621.943234943,0,0.000000
1648655621.965268303,0,0.000000
1648655621.986535548,0,0.000000
1648655622.009289188,0,0.000000
1648655622.030208832,0,0.000000
1648655622.051340553,1,0.000000
1648655622.072237074,1,0.003000
1648655622.095435953,0,0.000000
1648655622.118568159,0,0.000000
1648655622.141423671,0,0.000000
1648655622.164338118,0,0.000000
1648655622.187356282,0,0.000000
1648655622.211238238,0,0.000000
1648655622.233715961,0,0.000000
1648655622.254179987,3,0.031000
1648655622.277376992,0,0.000000
1648655622.299361606,1,0.015000
1648655622.321480759,2,0.046000
1648655622.345313139,3,0.050000
1648655622.369510727,0,0.016000
1648655622.391907335,0,0.000000
1648655622.415154547,0,0.000000
1648655622.438562873,0,0.000000
1648655622.460286359,0,0.000000
1648655622.483262018,0,0.000000
1648655622.505596889,2,0.025000
1648655622.527266122,0,0.015000
1648655622.550127464,0,0.000000
1648655622.571945559,1,0.030000
1648655622.596188780,0,0.022000
1648655622.618401882,0,0.000000
1648655622.640683435,0,0.000000
1648655622.661227404,0,0.000000
1648655622.683550281,3,0.060000
1648655622.706184318,3,0.047000
1648655622.730737558,2,0.052000
1648655622.752905381,0,0.000000
1648655622.774444411,0,0.003000
1648655622.797466151,0,0.000000
1648655622.819955399,0,0.001000
1648655622.842808565,0,0.000000
1648655622.864931963,0,0.000000
1648655622.887385230,1,0.000000
1648655622.909544281,0,0.000000
1648655622.930188115,0,0.000000
1648655622.952423293,0,0.000000
1648655622.973058634,0,0.000000
1648655622.997180640,0,0.008000
1648655623.019957544,0,0.000000
1648655623.041608008,0,0.000000
1648655623.064756256,0,0.016000
1648655623.086588660,0,0.000000
1648655623.110455732,0,0.001000
1648655623.132980050,1,0.000000
1648655623.153439900,0,0.020000
1648655623.175886855,0,0.000000
1648655623.197419882,2,0.003000
1648655623.220225943,0,0.000000
1648655623.241986419,0,0.000000
1648655623.265409238,0,0.000000
1648655623.288664079,0,0.030000
1648655623.310711890,3,0.050000
1648655623.333435341,0,0.000000
1648655623.356960103,0,0.000000
1648655623.380751492,0,0.000000
1648655623.404160602,0,0.026000
1648655623.425271936,2,0.060000
1648655623.446985909,0,0.000000
1648655623.468406031,0,0.000000
1648655623.489915052,0,0.000000
1648655623.513842331,0,0.000000
1648655623.535147192,2,0.020000
1648655623.558656450,2,0.057000
1648655623.582087636,2,0.016000
1648655623.604838238,2,0.029000
1648655623.627033021,1,0.032000
1648655623.648436332,0,0.000000
1648655623.671192365,0,0.000000
1648655623.695274725,0,0.000000
1648655623.718189363,0,0.000000
1648655623.741287329,0,0.000000
1648655623.764501481,0,0.000000
1648655623.788573192,1,0.000000
1648655623.811476641,0,0.000000
1648655623.833476957,0,0.000000
1648655623.855926288,2,0.020000
1648655623.877791435,0,0.000000
1648655623.898216502,0,0.000000
1648655623.922047351,0,0.000000
1648655623.943468662,0,0.000000
1648655623.965372544,0,0.000000
1648655623.987782617,0,0.000000
1648655624.007313861,0,0.000000
1648655624.030481121,0,0.000000
1648655624.052906327,0,0.000000
1648655624.074834349,0,0.000000
1648655624.098102224,0,0.000000
1648655624.120728786,0,0.000000
1648655624.144125828,0,0.003000
1648655624.167764866,0,0.000000
1648655624.190508672,0,0.000000
1648655624.212608114,0,0.000000
1648655624.234832361,0,0.000000
1648655624.257969916,0,0.006000
1648655624.281161353,0,0.000000
1648655624.302368313,0,0.000000
1648655624.326047558,0,0.000000
1648655624.347292204,0,0.000000
1648655624.370739165,0,0.003000
1648655624.392913033,1,0.011000
1648655624.414813787,0,0.000000
1648655624.436094607,0,0.000000
1648655624.459346904,0,0.000000
1648655624.480614446,0,0.000000
1648655624.503603839,0,0.011000
1648655624.525397987,0,0.000000
1648655624.546589058,0,0.000000
1648655624.569876916,0,0.004000
1648655624.591686553,0,0.000000
1648655624.613591402,0,0.000000
1648655624.636641312,1,0.028000
1648655624.658960446,1,0.021000
1648655624.680977434,1,0.020000
1648655624.703560403,0,0.000000
1648655624.725798965,0,0.000000
1648655624.748288012,4,0.069000
1648655624.771270907,0,0.017000
1648655624.793689479,1,0.000000
1648655624.817083034,0,0.007000
1648655624.838391816,0,0.000000
1648655624.860365901,0,0.000000
1648655624.882012311,0,0.006000
1648655624.903052423,2,0.054000
1648655624.926192183,0,0.000000
1648655624.949163313,2,0.042000
1648655624.971945064,0,0.000000
1648655624.994868336,0,0.000000
1648655625.018576021,0,0.000000
1648655625.040277952,0,0.000000
1648655625.062916958,0,0.030000
1648655625.086081702,0,0.000000
1648655625.109257726,0,0.000000
1648655625.132355645,0,0.000000
1648655625.153157240,0,0.022000
1648655625.175561443,1,0.000000
1648655625.198472841,0,0.035000
1648655625.222928427,0,0.000000
1648655625.245097687,2,0.059000
1648655625.267904016,0,0.000000
1648655625.288318208,1,0.007000
1648655625.310352975,2,0.054000
1648655625.333131478,1,0.015000
1648655625.356361049,4,0.040000
1648655625.380452545,0,0.000000
1648655625.403587013,2,0.025000
1648655625.425632543,0,0.009000
1648655625.448614673,3,0.061000
1648655625.471451048,0,0.000000
1648655625.494427664,0,0.000000
1648655625.515412447,2,0.049000
1648655625.537717847,2,0.031000
1648655625.558589159,0,0.000000
1648655625.580239428,0,0.000000
1648655625.602122964,0,0.000000
1648655625.626354198,0,0.000000
1648655625.648451197,3,0.036000
1648655625.672107813,2,0.020000
1648655625.694510470,0,0.000000
1648655625.717157322,0,0.000000
1648655625.740066572,0,0.000000
1648655625.761881025,0,0.000000
1648655625.784557967,0,0.000000
1648655625.807095041,0,0.000000
1648655625.830360970,0,0.000000
1648655625.852489728,0,0.000000
1648655625.875165346,0,0.000000
1648655625.897205338,1,0.062000
1648655625.920583932,3,0.050000
1648655625.945673786,2,0.022000
1648655625.968427410,0,0.000000
1648655625.990350052,0,0.000000
1648655626.011616531,0,0.000000
1648655626.035506907,2,0.034000
1648655626.058837135,2,0.024000
1648655626.079497506,4,0.037000
1648655626.100905161,1,0.000000
1648655626.124269416,2,0.048000
1648655626.146091018,0,0.000000
1648655626.169356441,2,0.058000
1648655626.192267903,0,0.005000
1648655626.216076314,0,0.000000
1648655626.239488956,3,0.022000
1648655626.260920031,1,0.022000
1648655626.283437481,0,0.004000
1648655626.305958627,0,0.000000
1648655626.327411790,0,0.000000
1648655626.350076542,0,0.008000
1648655626.372421018,0,0.000000
1648655626.394877952,0,0.000000
1648655626.419165291,0,0.000000
1648655626.441284056,0,0.011000
1648655626.463362557,3,0.046000
1648655626.487428384,0,0.000000
1648655626.510310195,2,0.024000
1648655626.532257012,0,0.000000
1648655626.555016556,2,0.023000
1648655626.577112554,0,0.000000
1648655626.599204090,4,0.059000
1648655626.621902191,0,0.000000
1648655626.644155214,1,0.037000
1648655626.666133181,5,0.055000
1648655626.688997864,0,0.000000
1648655626.709388363,2,0.043000
1648655626.732913541,0,0.000000
1648655626.757176550,0,0.000000
1648655626.779227925,1,0.023000
1648655626.801353658,0,0.009000
1648655626.824115468,0,0.000000
1648655626.845952844,0,0.000000
1648655626.867262706,0,0.000000
1648655626.890021289,2,0.000000
1648655626.912003742,1,0.019000
1648655626.935371727,0,0.000000
1648655626.958732426,0,0.000000
1648655626.981010614,1,0.042000
1648655627.004013018,3,0.034000
1648655627.028371494,2,0.062000
1648655627.050166461,0,0.000000
1648655627.073000682,1,0.043000
1648655627.096510049,1,0.047000
1648655627.118983869,1,0.041000
1648655627.142335037,1,0.000000
1648655627.166131828,4,0.059000
1648655627.186312700,0,0.000000
1648655627.208097531,3,0.066000
1648655627.232017238,0,0.000000
1648655627.253345996,5,0.061000
1648655627.276026307,0,0.000000
1648655627.299496501,0,0.027000
1648655627.323337192,1,0.039000
1648655627.345653312,1,0.011000
1648655627.369807876,3,0.033000
1648655627.392318314,0,0.000000
1648655627.416466491,3,0.039000
1648655627.438978448,0,0.000000
1648655627.460649841,2,0.045000
1648655627.482254475,0,0.000000
1648655627.505147162,4,0.074000
1648655627.528381188,1,0.012000
1648655627.552664160,1,0.030000
1648655627.574906550,1,0.000000
1648655627.595116744,2,0.004000
1648655627.618120797,2,0.057000
1648655627.639919725,3,0.035000
1648655627.660120070,1,0.011000
1648655627.683355741,2,0.056000
1648655627.707086765,1,0.047000
1648655627.730310416,1,0.000000
1648655627.752470763,1,0.006000
1648655627.773354785,0,0.000000
1648655627.794287791,0,0.000000
1648655627.816818723,0,0.000000
1648655627.839255735,0,0.000000
1648655627.862998030,2,0.024000
1648655627.886414611,1,0.036000
1648655627.910269705,1,0.006000
1648655627.931799133,3,0.039000
1648655627.953359147,5,0.099000
1648655627.976504291,0,0.000000
1648655627.997341098,4,0.012000
1648655628.018760337,2,0.012000
1648655628.040596206,0,0.005000
1648655628.064312972,0,0.000000
1648655628.085768705,2,0.031000
1648655628.105563858,0,0.000000
1648655628.126644668,1,0.066000
1648655628.149880951,2,0.041000
1648655628.171375079,0,0.003000
1648655628.194583684,1,0.041000
1648655628.217941530,1,0.019000
1648655628.239763385,0,0.000000
1648655628.262833001,1,0.000000
1648655628.284447103,2,0.000000
1648655628.308038389,3,0.066000
1648655628.330212679,0,0.011000
1648655628.353464428,0,0.000000
1648655628.377226073,0,0.000000
1648655628.397616834,1,0.000000
1648655628.419201161,0,0.000000
1648655628.440416227,0,0.000000
1648655628.464299744,0,0.000000
1648655628.485187054,0,0.000000
1648655628.507317703,0,0.000000
1648655628.529934927,0,0.000000
1648655628.550414271,0,0.000000
1648655628.573131893,0,0.000000
1648655628.592913265,0,0.004000
1648655628.614455137,1,0.004000
1648655628.637466344,0,0.007000
1648655628.657622352,0,0.000000
1648655628.678320633,0,0.003000
1648655628.701872150,0,0.012000
1648655628.722386377,0,0.000000
1648655628.746248525,0,0.000000
1648655628.769098407,0,0.025000
1648655628.791137217,0,0.000000
1648655628.811780971,0,0.000000
1648655628.835165698,0,0.000000
1648655628.859471389,0,0.000000
1648655628.882624392,1,0.000000
1648655628.905927161,0,0.019000
1648655628.925673007,0,0.000000
1648655628.947378858,0,0.000000
1648655628.970279370,0,0.001000
1648655628.992849105,0,0.000000
1648655629.015274328,0,0.000000
1648655629.036732077,0,0.014000
1648655629.059094774,0,0.028000
1648655629.082262885,0,0.020000
1648655629.104094615,0,0.000000
1648655629.127177176,0,0.000000
1648655629.150168393,2,0.038000
1648655629.172974846,0,0.000000
1648655629.195054595,0,0.000000
1648655629.218711414,2,0.058000
1648655629.240904706,1,0.013000
1648655629.261864954,2,0.015000
1648655629.284629647,3,0.042000
1648655629.307081836,0,0.000000
1648655629.329445409,0,0.000000
1648655629.352042536,1,0.030000
1648655629.373743839,0,0.000000
1648655629.396294924,1,0.004000
1648655629.419246109,0,0.013000
1648655629.442321898,0,0.011000
1648655629.462564954,3,0.043000
1648655629.486263015,0,0.000000
1648655629.509679881,0,0.000000
1648655629.533003637,0,0.000000
1648655629.554931252,0,0.000000
1648655629.576014984,2,0.026000
1648655629.599137926,1,0.021000
1648655629.623155126,1,0.000000
1648655629.646090288,1,0.011000
1648655629.669055672,4,0.051000
1648655629.691130728,0,0.000000
1648655629.713960549,2,0.044000
1648655629.736342548,0,0.000000
1648655629.759970070,1,0.010000
1648655629.782422107,0,0.000000
1648655629.806136490,0,0.000000
1648655629.827348936,1,0.031000
1648655629.848297279,1,0.000000
1648655629.871311319,0,0.023000
1648655629.892714029,3,0.036000
1648655629.915473789,3,0.048000
1648655629.937413540,0,0.000000
1648655629.959186753,3,0.047000
1648655629.981807898,0,0.000000
1648655630.004210004,1,0.016000
1648655630.028160573,0,0.000000
1648655630.049865017,0,0.000000
1648655630.071886982,0,0.000000
1648655630.094727768,3,0.070000
1648655630.117419576,0,0.000000
1648655630.139204263,1,0.001000
1648655630.163170104,1,0.026000
1648655630.185448445,1,0.018000
1648655630.208899831,0,0.000000
1648655630.231989487,0,0.000000
1648655630.254552161,0,0.000000
1648655630.276499983,1,0.000000
1648655630.297932205,0,0.000000
1648655630.318259308,0,0.000000
1648655630.341715904,1,0.024000
1648655630.365875842,3,0.054000
1648655630.387622779,1,0.019000
1648655630.411130641,0,0.000000
1648655630.435605672,0,0.000000
1648655630.458876614,0,0.000000
1648655630.483331439,0,0.000000
1648655630.506743199,0,0.022000
1648655630.529137415,1,0.017000
1648655630.552350052,0,0.000000
1648655630.575688098,0,0.022000
1648655630.599708499,2,0.041000
1648655630.623403810,1,0.020000
1648655630.647420663,2,0.080000
1648655630.667798981,0,0.000000
1648655630.690739002,1,0.018000
1648655630.715261413,5,0.067000
1648655630.738830643,0,0.000000
1648655630.761702765,2,0.035000
1648655630.784579700,0,0.000000
1648655630.808787337,0,0.000000
1648655630.832534357,2,0.029000
1648655630.855376140,1,0.022000
1648655630.876206012,0,0.000000
1648655630.898742271,1,0.020000
1648655630.922394388,0,0.000000
1648655630.944579725,0,0.000000
1648655630.966522951,4,0.051000
1648655630.987711449,0,0.000000
1648655631.011220876,2,0.030000
1648655631.035144019,1,0.002000
1648655631.059394055,2,0.035000
1648655631.082351520,1,0.014000
1648655631.104968454,0,0.000000
1648655631.128176847,0,0.003000
1648655631.151394301,2,0.055000
1648655631.175176440,0,0.000000
1648655631.198774257,2,0.034000
1648655631.221469977,0,0.000000
1648655631.246291363,3,0.032000
1648655631.270348397,1,0.019000
1648655631.294282931,0,0.000000
1648655631.318302460,0,0.000000
1648655631.339999390,2,0.029000
1648655631.365332147,0,0.000000
1648655631.385642262,4,0.056000
1648655631.407922506,0,0.014000
1648655631.430569526,0,0.000000
1648655631.451961664,3,0.060000
1648655631.473474770,0,0.000000
1648655631.493730057,0,0.000000
1648655631.516078113,0,0.000000
1648655631.535909027,0,0.000000
1648655631.558630229,0,0.000000
1648655631.582560523,0,0.000000
1648655631.605156821,0,0.000000
1648655631.627944312,0,0.000000
1648655631.650231373,0,0.000000
1648655631.670500189,0,0.000000
1648655631.694032102,0,0.009000
1648655631.717165991,0,0.000000
1648655631.740058987,0,0.000000
1648655631.763340107,0,0.000000
1648655631.784417409,0,0.000000
1648655631.806950824,0,0.005000
1648655631.826460662,0,0.003000
1648655631.847453975,0,0.004000
1648655631.868965177,0,0.000000
1648655631.889100554,0,0.000000
1648655631.910541900,0,0.000000
1648655631.931582889,0,0.000000
1648655631.955227136,1,0.010000
1648655631.979339422,0,0.019000
1648655632.001119597,0,0.000000
1648655632.022771673,0,0.000000
1648655632.045809233,3,0.016000
1648655632.069640138,0,0.015000
1648655632.093246224,0,0.000000
1648655632.117202554,3,0.048000
1648655632.140044541,0,0.000000
1648655632.162049439,0,0.000000
1648655632.185225429,4,0.032000
1648655632.207995993,0,0.000000
1648655632.233603468,0,0.000000
1648655632.255066338,2,0.025000
1648655632.279229311,0,0.000000
1648655632.302942559,0,0.017000
1648655632.323701821,0,0.000000
1648655632.345263185,0,0.000000
1648655632.367753571,0,0.000000
1648655632.388981091,0,0.000000
1648655632.410656554,1,0.000000
1648655632.431731162,0,0.000000
1648655632.454907750,0,0.000000
1648655632.478096085,0,0.000000
1648655632.500540360,1,0.000000
1648655632.524837234,0,0.000000
1648655632.548793680,0,0.000000
1648655632.570545253,0,0.000000
1648655632.594723361,1,0.013000
1648655632.614534015,0,0.011000
1648655632.637010064,0,0.013000
1648655632.661341969,0,0.000000
1648655632.685124785,0,0.000000
1648655632.706864781,4,0.099000
1648655632.728768474,0,0.000000
1648655632.751291854,0,0.000000
1648655632.774163347,0,0.007000
1648655632.796465136,0,0.000000
1648655632.821186419,0,0.015000
1648655632.845085593,0,0.005000
1648655632.869273057,0,0.000000
1648655632.891803839,0,0.000000
1648655632.914019045,0,0.000000
1648655632.935604531,0,0.000000
1648655632.959008463,0,0.007000
1648655632.979940918,1,0.008000
1648655633.001725780,0,0.000000
1648655633.025325157,0,0.000000
1648655633.047951777,0,0.000000
1648655633.070797314,0,0.000000
1648655633.092398821,0,0.000000
1648655633.116101829,1,0.003000
1648655633.138745835,0,0.000000
1648655633.161462728,0,0.000000
1648655633.182372903,2,0.072000
1648655633.206238362,0,0.000000
1648655633.229920648,1,0.000000
1648655633.253453334,1,0.003000
1648655633.277199876,0,0.000000
1648655633.299942985,4,0.090000
1648655633.322787557,3,0.082000
1648655633.344487565,2,0.066000
1648655633.368419573,0,0.000000
1648655633.391005935,4,0.056000
1648655633.414052204,0,0.000000
1648655633.436972752,0,0.000000
1648655633.460492400,3,0.074000
1648655633.484257256,1,0.016000
1648655633.504833208,0,0.000000
1648655633.528013460,2,0.027000
1648655633.550444847,2,0.050000
1648655633.572265474,1,0.000000
1648655633.593302775,0,0.000000
1648655633.615291711,0,0.000000
1648655633.638377813,0,0.000000
1648655633.661476237,2,0.047000
1648655633.685827000,0,0.000000
1648655633.708533402,0,0.031000
1648655633.732694419,4,0.081000
1648655633.753887212,2,0.038000
1648655633.775667614,2,0.039000
1648655633.797626477,1,0.020000
1648655633.820086671,0,0.000000
1648655633.843979546,4,0.103000
1648655633.866501103,1,0.009000
1648655633.888709885,3,0.049000
1648655633.910690715,0,0.020000
1648655633.931616352,0,0.000000
1648655633.954562731,0,0.000000
1648655633.976481913,0,0.000000
1648655633.998591360,0,0.000000
1648655634.022266751,1,0.003000
1648655634.044951244,0,0.000000
1648655634.065641746,0,0.000000
1648655634.086237147,0,0.015000
1648655634.107400992,1,0.021000
1648655634.130861671,1,0.034000
1648655634.154673752,0,0.000000
1648655634.177346739,1,0.037000
1648655634.202116105,0,0.000000
1648655634.225069009,0,0.000000
1648655634.247035135,1,0.000000
1648655634.270213752,0,0.000000
1648655634.293277778,0,0.003000
1648655634.316229489,0,0.000000
1648655634.339552822,0,0.000000
1648655634.362049402,2,0.044000
1648655634.386045074,3,0.046000
1648655634.408195675,2,0.033000
1648655634.430388144,1,0.039000
1648655634.454537522,0,0.000000
1648655634.475748886,1,0.028000
1648655634.499143965,2,0.072000
1648655634.522035367,1,0.020000
1648655634.545365959,1,0.008000
1648655634.569236958,0,0.000000
1648655634.589590133,0,0.000000
1648655634.610676038,0,0.000000
1648655634.632315925,0,0.000000
1648655634.656093386,0,0.000000
1648655634.678608826,0,0.000000
1648655634.699795601,0,0.000000
1648655634.721316059,0,0.000000
1648655634.741400807,0,0.000000
1648655634.764210703,0,0.012000
1648655634.785196662,0,0.000000
1648655634.806880340,0,0.000000
1648655634.830042424,0,0.000000
1648655634.854092099,0,0.000000
1648655634.876509383,0,0.000000
1648655634.898436704,0,0.000000
1648655634.920033859,0,0.000000
1648655634.944129159,1,0.018000
1648655634.966931472,0,0.000000
1648655634.991322078,0,0.000000
1648655635.014342009,0,0.000000
1648655635.036346879,1,0.025000
1648655635.058305272,1,0.000000
1648655635.081701404,1,0.000000
1648655635.103319032,0,0.006000
1648655635.126085486,1,0.045000
1648655635.148589649,0,0.000000
1648655635.172397039,1,0.054000
1648655635.196253135,0,0.000000
1648655635.220186039,0,0.000000
1648655635.243158064,0,0.000000
1648655635.266488525,0,0.000000
1648655635.290797291,0,0.021000
1648655635.314095910,2,0.060000
1648655635.335640944,0,0.000000
1648655635.357556071,0,0.030000
1648655635.381205010,0,0.000000
1648655635.402947433,0,0.000000
1648655635.425429699,0,0.000000
1648655635.448451947,0,0.000000
1648655635.471177014,2,0.018000
1648655635.494792638,0,0.000000
1648655635.516551499,0,0.000000
1648655635.540632094,0,0.000000
1648655635.564152823,3,0.061000
1648655635.585299906,2,0.031000
1648655635.608832407,0,0.000000
1648655635.631951498,1,0.000000
1648655635.654737764,0,0.000000
1648655635.676299153,0,0.000000
1648655635.699105504,4,0.043000
1648655635.722605250,0,0.000000
1648655635.744194462,0,0.000000
1648655635.766823043,0,0.014000
1648655635.789321665,0,0.014000
1648655635.811931257,0,0.003000
1648655635.835099716,1,0.000000
1648655635.858248207,1,0.039000
1648655635.881311112,0,0.017000
1648655635.903045718,3,0.094000
1648655635.925437616,0,0.006000
1648655635.946719833,0,0.000000
1648655635.970391876,1,0.000000
1648655635.992749580,2,0.040000
1648655636.014438503,0,0.000000
1648655636.036510233,0,0.000000
1648655636.060412215,0,0.000000
1648655636.083368305,2,0.024000
1648655636.106309124,0,0.007000
1648655636.129507735,0,0.000000
1648655636.152594835,0,0.000000
1648655636.174243300,1,0.017000
1648655636.198408900,0,0.000000
1648655636.218964523,0,0.003000
1648655636.242309266,1,0.012000
1648655636.265669096,0,0.000000
1648655636.288470100,0,0.007000
1648655636.311687278,1,0.023000
1648655636.334374699,2,0.020000
1648655636.358151767,2,0.049000
1648655636.382255596,0,0.017000
1648655636.405444138,0,0.000000
1648655636.427875942,0,0.000000
1648655636.448810086,0,0.008000
1648655636.472321442,1,0.020000
1648655636.494436442,3,0.023000
1648655636.513415374,0,0.000000
1648655636.536476784,0,0.000000
1648655636.557014853,3,0.043000
1648655636.581333446,0,0.000000
1648655636.601063934,0,0.000000
1648655636.624429843,0,0.000000
1648655636.647397961,0,0.000000
1648655636.670718664,0,0.000000
1648655636.693741195,3,0.043000
1648655636.715043309,0,0.005000
1648655636.737136290,0,0.000000
1648655636.760937135,0,0.012000
1648655636.781638713,3,0.035000
1648655636.803259591,0,0.000000
1648655636.824950477,4,0.016000
1648655636.847066444,0,0.016000
1648655636.870586618,0,0.000000
1648655636.892223037,1,0.018000
1648655636.916433526,3,0.070000
1648655636.937786900,0,0.000000
1648655636.959143844,3,0.047000
1648655636.982220102,2,0.044000
1648655637.005903356,1,0.035000
1648655637.028990230,0,0.000000
1648655637.049104111,1,0.000000
1648655637.072158348,0,0.000000
1648655637.095974793,1,0.006000
1648655637.119017194,0,0.000000
1648655637.142742948,1,0.035000
1648655637.166020677,0,0.016000
1648655637.189007913,0,0.000000
1648655637.209588003,0,0.000000
1648655637.232164982,0,0.000000
1648655637.255386097,2,0.038000
1648655637.277169063,2,0.020000
1648655637.299819889,0,0.000000
1648655637.322357487,0,0.000000
1648655637.345463052,3,0.083000
1648655637.369041760,3,0.062000
1648655637.391427307,0,0.000000
1648655637.414772712,0,0.033000
1648655637.436984906,1,0.036000
1648655637.459699537,0,0.000000
1648655637.481488974,0,0.000000
1648655637.504482121,2,0.057000
1648655637.526407336,0,0.000000
1648655637.548559073,0,0.000000
1648655637.569589923,0,0.000000
1648655637.593748315,1,0.002000
1648655637.617027015,0,0.000000
1648655637.640661765,1,0.005000
1648655637.661971916,0,0.000000
1648655637.684192689,0,0.000000
1648655637.707504678,0,0.003000
1648655637.729552998,0,0.000000
1648655637.751394857,0,0.000000
1648655637.772079869,0,0.000000
1648655637.794443765,0,0.004000
1648655637.816645091,0,0.001000
1648655637.839164300,0,0.000000
1648655637.862947762,1,0.012000
1648655637.886520375,0,0.000000
1648655637.907166169,2,0.038000
1648655637.930131396,0,0.000000
1648655637.952407153,0,0.000000
1648655637.975987568,0,0.000000
1648655637.999537120,2,0.038000
1648655638.023083024,0,0.000000
1648655638.045160080,0,0.000000
1648655638.067260678,2,0.056000
1648655638.090165437,0,0.000000
1648655638.111631916,0,0.000000
1648655638.134046749,0,0.000000
1648655638.155981160,0,0.053000
1648655638.178258885,0,0.000000
1648655638.202063069,1,0.016000
1648655638.225356801,0,0.000000
1648655638.247298816,3,0.025000
1648655638.270248321,0,0.000000
1648655638.292072705,2,0.042000
1648655638.314675189,0,0.000000
1648655638.336745417,0,0.003000
1648655638.359581200,0,0.000000
1648655638.382472047,0,0.010000
1648655638.404949018,0,0.000000
1648655638.428341444,0,0.000000
1648655638.450525245,0,0.000000
1648655638.472467965,0,0.000000
1648655638.494054140,0,0.003000
1648655638.515065330,0,0.000000
1648655638.538003386,2,0.022000
1648655638.561458219,1,0.000000
1648655638.584719950,3,0.036000
1648655638.608050441,0,0.000000
1648655638.631900169,1,0.000000
1648655638.654441461,0,0.000000
1648655638.676629477,0,0.000000
1648655638.699923248,0,0.000000
1648655638.722116397,0,0.000000
1648655638.741811279,0,0.003000
1648655638.765360078,1,0.004000
1648655638.789164544,0,0.000000
1648655638.811216297,1,0.000000
1648655638.832662888,1,0.000000
1648655638.853994971,0,0.000000
1648655638.876981691,0,0.000000
1648655638.898649485,0,0.000000
1648655638.921205105,0,0.000000
1648655638.943123491,0,0.000000
1648655638.964905566,2,0.000000
1648655638.985226581,1,0.000000
1648655639.008098624,0,0.000000
1648655639.031661683,0,0.000000
1648655639.052594307,0,0.008000
1648655639.075599077,0,0.000000
1648655639.099168798,0,0.000000
1648655639.121577555,0,0.000000
1648655639.144923396,1,0.000000
1648655639.167506748,0,0.000000
1648655639.187909424,1,0.011000
1648655639.210897458,0,0.000000
1648655639.232543297,0,0.000000
1648655639.256028069,0,0.002000
1648655639.277099811,0,0.000000
1648655639.300279632,0,0.000000
1648655639.321709872,0,0.000000
1648655639.344093711,0,0.000000
1648655639.365886277,0,0.000000
1648655639.388345870,4,0.038000
1648655639.409700502,2,0.028000
1648655639.433006497,1,0.053000
1648655639.456728580,0,0.000000
1648655639.478758978,0,0.006000
1648655639.501881822,0,0.000000
1648655639.523734510,0,0.000000
1648655639.546860025,2,0.070000
1648655639.568728173,0,0.000000
1648655639.591578870,0,0.000000
1648655639.613111283,0,0.000000
1648655639.636326977,0,0.000000
1648655639.659320396,0,0.000000
1648655639.681322499,1,0.008000
1648655639.704448295,0,0.000000
1648655639.728095749,0,0.000000
1648655639.750687301,0,0.016000
1648655639.773597437,2,0.017000
1648655639.795017805,0,0.014000
1648655639.818033956,0,0.000000
1648655639.839163531,0,0.000000
1648655639.862457449,0,0.000000
1648655639.885173976,0,0.000000
1648655639.908565656,0,0.003000
1648655639.932423029,1,0.012000
1648655639.954504268,0,0.010000
1648655639.976483238,0,0.012000
1648655639.997801257,0,0.000000
1648655640.018328966,0,0.000000
1648655640.040054299,1,0.000000
1648655640.061335307,0,0.000000
1648655640.084886972,0,0.000000
1648655640.107080961,0,0.004000
1648655640.129109392,0,0.000000
1648655640.151144344,0,0.000000
1648655640.173106618,0,0.000000
1648655640.195896026,0,0.000000
1648655640.218881971,0,0.000000
1648655640.241904799,0,0.018000
1648655640.264896931,2,0.037000
1648655640.286492218,2,0.063000
1648655640.308398406,0,0.000000
1648655640.330094375,0,0.000000
1648655640.353238845,0,0.014000
1648655640.376654258,2,0.032000
1648655640.400328382,0,0.000000
1648655640.423320090,2,0.018000
1648655640.447408057,2,0.026000
1648655640.471005673,0,0.004000
1648655640.493971391,0,0.000000
1648655640.515734888,0,0.000000
1648655640.535848257,0,0.000000
1648655640.557597108,0,0.000000
1648655640.580253848,0,0.000000
1648655640.604315671,0,0.000000
1648655640.626481192,0,0.000000
1648655640.648860849,0,0.014000
1648655640.673297428,0,0.000000
1648655640.697111650,0,0.003000
1648655640.718552200,0,0.000000
1648655640.742294623,0,0.000000
1648655640.764026474,1,0.000000
1648655640.784958199,0,0.000000
1648655640.807280067,2,0.024000
1648655640.830294639,0,0.000000
1648655640.852137039,2,0.001000
1648655640.873286991,0,0.000000
1648655640.895357232,2,0.031000
1648655640.918394587,1,0.019000
1648655640.940459302,2,0.033000
1648655640.964566568,0,0.000000
1648655640.987679059,0,0.000000
1648655641.010941382,1,0.049000
1648655641.033907164,2,0.030000
1648655641.057309525,0,0.000000
1648655641.080404298,0,0.000000
1648655641.103769436,0,0.007000
1648655641.126924933,0,0.000000
1648655641.150554683,0,0.000000
1648655641.173940820,0,0.000000
1648655641.197273086,2,0.026000
1648655641.219347910,0,0.000000
1648655641.242297913,0,0.000000
1648655641.265540144,0,0.013000
1648655641.287400775,1,0.012000
1648655641.309318931,0,0.000000
1648655641.331652874,0,0.000000
1648655641.354951301,0,0.000000
1648655641.378180100,1,0.000000
1648655641.401560257,0,0.011000
1648655641.424953290,4,0.071000
1648655641.448353712,0,0.000000
1648655641.469905982,1,0.000000
1648655641.492634337,0,0.015000
1648655641.514407030,0,0.000000
1648655641.536108841,0,0.006000
1648655641.559190291,0,0.000000
1648655641.580993547,0,0.000000
1648655641.603022054,0,0.000000
1648655641.623510979,0,0.000000
1648655641.646216637,1,0.004000
1648655641.668234357,0,0.008000
1648655641.690377217,1,0.000000
1648655641.711692318,0,0.000000
1648655641.734397361,0,0.000000
1648655641.756740887,2,0.023000
1648655641.779179205,0,0.000000
1648655641.802186206,2,0.010000
1648655641.825576677,0,0.000000
1648655641.848278672,1,0.000000
1648655641.871421140,2,0.023000
1648655641.895576032,0,0.000000
1648655641.915812784,0,0.000000
1648655641.939262788,1,0.028000
1648655641.962570329,1,0.004000
1648655641.984888387,0,0.000000
1648655642.008441181,1,0.009000
1648655642.030936562,1,0.003000
1648655642.053547896,0,0.000000
1648655642.076983937,1,0.011000
1648655642.099275305,0,0.000000
1648655642.119329550,1,0.018000
1648655642.141578012,0,0.000000
1648655642.165342327,0,0.000000
1648655642.187870905,4,0.086000
1648655642.209611204,0,0.000000
1648655642.232430306,0,0.000000
1648655642.255264648,1,0.014000
1648655642.276569291,3,0.046000
1648655642.300081602,2,0.045000
1648655642.323362091,0,0.000000
1648655642.346028059,1,0.052000
1648655642.368856645,2,0.034000
1648655642.390386293,2,0.024000
1648655642.413334011,0,0.000000
1648655642.434324894,1,0.000000
1648655642.457043292,0,0.011000
1648655642.479019742,0,0.000000
1648655642.499701113,0,0.000000
1648655642.522785177,0,0.000000
1648655642.545615579,0,0.000000
1648655642.569267896,1,0.016000
1648655642.591744419,1,0.000000
1648655642.616182331,3,0.054000
1648655642.640368029,3,0.052000
1648655642.663905121,0,0.009000
1648655642.687825325,2,0.016000
1648655642.708676765,2,0.020000
1648655642.732165218,1,0.003000
1648655642.754025365,0,0.000000
1648655642.777286073,0,0.000000
1648655642.801042145,2,0.030000
1648655642.824398359,0,0.000000
1648655642.846240544,0,0.000000
1648655642.869416909,0,0.000000
1648655642.892061042,0,0.000000
1648655642.914419810,0,0.000000
1648655642.936620213,0,0.008000
1648655642.958495987,0,0.000000
1648655642.978948784,0,0.000000
1648655642.998480509,0,0.000000
1648655643.019274306,0,0.000000
1648655643.041557526,0,0.000000
1648655643.062301514,2,0.012000
1648655643.085556165,0,0.000000
1648655643.107114383,3,0.042000
1648655643.129581559,0,0.000000
1648655643.153057944,0,0.000000
1648655643.175207133,0,0.008000
1648655643.196216436,0,0.013000
1648655643.217192656,0,0.000000
1648655643.238666066,0,0.000000
1648655643.261706234,0,0.006000
1648655643.282734555,0,0.003000
1648655643.304946962,0,0.000000
1648655643.327899890,0,0.003000
1648655643.349614521,1,0.022000
1648655643.371944847,0,0.000000
1648655643.395938893,0,0.000000
1648655643.417537794,1,0.000000
1648655643.441018721,0,0.000000
1648655643.463978903,0,0.000000
1648655643.487189537,3,0.049000
1648655643.509156916,2,0.031000
1648655643.532750808,1,0.029000
1648655643.553975223,0,0.000000
1648655643.578070514,0,0.000000
1648655643.600406484,0,0.000000
1648655643.621788620,1,0.000000
1648655643.644788826,0,0.003000
1648655643.666979484,0,0.006000
1648655643.689961899,0,0.000000
1648655643.710355414,0,0.000000
1648655643.732867996,0,0.003000
1648655643.756115588,1,0.007000
1648655643.778725276,0,0.000000
1648655643.802942972,0,0.000000
1648655643.824096816,0,0.000000
1648655643.845302805,0,0.004000
1648655643.868112641,0,0.000000
1648655643.889751679,1,0.027000
1648655643.911105044,0,0.000000
1648655643.933908925,0,0.006000
1648655643.955832216,0,0.000000
1648655643.978499083,1,0.021000
1648655643.999614149,0,0.008000
1648655644.023463987,0,0.000000
1648655644.045427045,0,0.000000
1648655644.067196917,0,0.000000
1648655644.090149930,0,0.007000
1648655644.112338096,0,0.000000
1648655644.133560380,0,0.000000
1648655644.156390332,1,0.010000
1648655644.179058009,1,0.000000
1648655644.201291703,0,0.008000
1648655644.223115144,0,0.000000
1648655644.244459862,0,0.000000
1648655644.267580050,0,0.000000
1648655644.290065098,3,0.049000
1648655644.310823993,0,0.000000
1648655644.332728546,3,0.044000
1648655644.355604206,1,0.000000
1648655644.377588277,0,0.000000
1648655644.400245694,0,0.000000
1648655644.422903434,0,0.000000
1648655644.445353994,0,0.000000
1648655644.467790850,1,0.011000
1648655644.490668654,2,0.017000
1648655644.514038434,2,0.043000
1648655644.534386900,0,0.000000
1648655644.557074146,0,0.000000
1648655644.580122563,0,0.013000
1648655644.602318786,0,0.000000
1648655644.625218202,0,0.000000
1648655644.645226245,0,0.000000
1648655644.667254953,0,0.000000
1648655644.691021500,3,0.023000
1648655644.714885109,1,0.038000
1648655644.738115974,2,0.072000
1648655644.760223384,1,0.047000
1648655644.782957558,4,0.111000
1648655644.804333416,0,0.000000
1648655644.826937164,0,0.000000
1648655644.848989314,0,0.000000
1648655644.870210644,0,0.000000
1648655644.891411027,0,0.000000
1648655644.912399127,0,0.015000
1648655644.934491049,0,0.000000
1648655644.955600866,0,0.000000
1648655644.978403529,0,0.003000
1648655645.001037403,0,0.000000
1648655645.022116629,0,0.000000
1648655645.046039139,1,0.041000
1648655645.069269776,1,0.007000
1648655645.090045830,3,0.006000
1648655645.112436274,0,0.000000
1648655645.134136444,0,0.003000
1648655645.155384163,4,0.000000
1648655645.178898463,0,0.000000
1648655645.202155251,1,0.000000
1648655645.226265724,0,0.000000
1648655645.250222023,0,0.000000
1648655645.273020037,0,0.000000
1648655645.294959264,0,0.000000
1648655645.318259423,3,0.066000
1648655645.339056887,1,0.025000
1648655645.361393128,0,0.020000
1648655645.380946268,0,0.001000
1648655645.402401862,1,0.038000
1648655645.424962042,1,0.003000
1648655645.447049824,0,0.004000
1648655645.469831464,0,0.000000
1648655645.492484039,0,0.007000
1648655645.513469310,1,0.000000
1648655645.537070845,3,0.019000
1648655645.555802159,0,0.000000
1648655645.579451504,0,0.013000
1648655645.600511243,0,0.007000
1648655645.622641132,0,0.000000
1648655645.646250513,0,0.000000
1648655645.669533147,0,0.000000
1648655645.691347340,0,0.003000
1648655645.714495356,2,0.000000
1648655645.735903659,0,0.000000
1648655645.759114510,0,0.023000
1648655645.780207550,0,0.000000
1648655645.801452018,2,0.024000
1648655645.824620463,0,0.000000
1648655645.847061105,0,0.006000
1648655645.867439373,0,0.000000
1648655645.891557821,0,0.000000
1648655645.913261320,1,0.000000
1648655645.936191906,0,0.000000
1648655645.958107087,1,0.000000
1648655645.979386141,0,0.000000
1648655646.000436881,0,0.000000
1648655646.024465307,1,0.000000
1648655646.048185047,0,0.000000
1648655646.067897677,1,0.000000
1648655646.089349355,1,0.000000
1648655646.113539041,1,0.005000
1648655646.134251699,0,0.000000
1648655646.155794595,0,0.000000
1648655646.178922804,0,0.000000
1648655646.203052447,0,0.000000
1648655646.225505192,2,0.000000
1648655646.247611556,0,0.017000
1648655646.271165872,0,0.000000
1648655646.292015771,0,0.000000
1648655646.314413933,0,0.003000
1648655646.336788328,0,0.000000
1648655646.359644572,0,0.000000
1648655646.381553986,0,0.014000
1648655646.404505491,0,0.000000
1648655646.424939324,0,0.000000
1648655646.445820375,0,0.000000
1648655646.468897880,0,0.000000
1648655646.490062753,0,0.000000
1648655646.510636526,0,0.003000
1648655646.534046810,1,0.029000
1648655646.557712153,0,0.000000
1648655646.579369653,0,0.000000
1648655646.602219982,1,0.000000
1648655646.624553662,0,0.005000
1648655646.646192552,0,0.004000
1648655646.669138433,1,0.011000
1648655646.691440946,1,0.015000
1648655646.713643619,0,0.000000
1648655646.736121383,0,0.008000
1648655646.758760523,0,0.000000
1648655646.779579045,1,0.000000
1648655646.802497808,0,0.000000
1648655646.825969441,0,0.000000
1648655646.848048723,0,0.010000
1648655646.870499119,0,0.000000
1648655646.892462059,0,0.000000
1648655646.915802734,0,0.000000
1648655646.935390506,0,0.000000
1648655646.958254130,0,0.000000
1648655646.980238852,3,0.076000
1648655647.003575430,0,0.000000
1648655647.024639271,1,0.010000
1648655647.047839024,0,0.000000
1648655647.070547868,0,0.000000
1648655647.094356461,0,0.000000
1648655647.117056062,0,0.000000
1648655647.139862891,3,0.052000
1648655647.161442894,0,0.000000
1648655647.184394633,0,0.000000
1648655647.204278851,0,0.000000
1648655647.225926295,0,0.000000
1648655647.248845352,1,0.001000
1648655647.270069628,1,0.051000
1648655647.291671020,1,0.000000
1648655647.314214336,0,0.000000
1648655647.338396846,0,0.000000
1648655647.361041095,0,0.000000
1648655647.384431423,0,0.000000
1648655647.407509843,0,0.000000
1648655647.430885001,1,0.000000
1648655647.451338838,3,0.038000
1648655647.474223459,0,0.000000
1648655647.496626305,1,0.003000
1648655647.519497763,0,0.000000
1648655647.542068652,0,0.000000
1648655647.566897923,2,0.033000
1648655647.590574281,0,0.006000
1648655647.613848760,1,0.009000
1648655647.636974428,0,0.000000
1648655647.657821964,2,0.030000
1648655647.679375318,0,0.015000
1648655647.703396965,3,0.037000
1648655647.725980659,0,0.000000
1648655647.748878685,0,0.000000
1648655647.771447091,3,0.035000
1648655647.794071542,0,0.000000
1648655647.815113711,2,0.000000
1648655647.837890614,1,0.003000
1648655647.859921540,2,0.025000
1648655647.883050649,2,0.038000
1648655647.906577372,0,0.000000
1648655647.930068619,0,0.012000
1648655647.952241156,0,0.000000
1648655647.973274576,1,0.000000
1648655647.995123867,2,0.005000
1648655648.018052027,1,0.003000
1648655648.039401401,1,0.006000
1648655648.060709787,0,0.000000
1648655648.081686395,0,0.000000
1648655648.105210608,0,0.011000
1648655648.128728323,0,0.000000
1648655648.151928608,0,0.003000
1648655648.173181758,4,0.069000
1648655648.196962009,0,0.000000
1648655648.219475740,0,0.000000
1648655648.240087998,1,0.033000
1648655648.262181646,0,0.000000
1648655648.284619402,2,0.005000
1648655648.308030085,0,0.000000
1648655648.330779477,0,0.000000
1648655648.352945975,1,0.021000
1648655648.375508753,6,0.060000
1648655648.396986454,0,0.000000
1648655648.420072930,0,0.000000
1648655648.441499696,3,0.026000
1648655648.463821717,0,0.000000
1648655648.484767333,3,0.045000
1648655648.507980610,0,0.000000
1648655648.530918004,1,0.000000
1648655648.554011138,1,0.011000
1648655648.577549282,0,0.000000
1648655648.601756207,0,0.012000
1648655648.624453602,2,0.057000
1648655648.646563423,1,0.024000
1648655648.670241323,1,0.000000
1648655648.692149806,0,0.000000
1648655648.716010026,0,0.000000
1648655648.738082191,0,0.000000
1648655648.760600825,3,0.021000
1648655648.783342709,0,0.000000
1648655648.805224917,0,0.000000
1648655648.827146221,1,0.000000
1648655648.849649935,0,0.000000
1648655648.870809536,0,0.000000
1648655648.892646071,1,0.000000
1648655648.914104554,0,0.000000
1648655648.936035136,3,0.052000
1648655648.959923583,2,0.040000
1648655648.981920597,0,0.000000
1648655649.004296646,0,0.000000
1648655649.027201479,0,0.000000
1648655649.050268047,1,0.012000
1648655649.072665394,0,0.000000
1648655649.095581478,0,0.000000
1648655649.119247437,1,0.000000
1648655649.142448214,3,0.035000
1648655649.165185310,0,0.031000
1648655649.188357494,0,0.004000
1648655649.211117705,0,0.000000
1648655649.233851040,1,0.032000
1648655649.255305965,0,0.033000
1648655649.274710401,0,0.027000
1648655649.297142651,5,0.040000
1648655649.319049597,0,0.000000
1648655649.342045442,1,0.034000
1648655649.365110416,0,0.000000
1648655649.386637179,0,0.010000
1648655649.409653054,0,0.000000
1648655649.433314555,0,0.006000
1648655649.457355853,0,0.000000
1648655649.479310787,0,0.000000
1648655649.501299915,0,0.017000
1648655649.522165562,0,0.000000
1648655649.546737925,0,0.010000
1648655649.569884943,0,0.000000
1648655649.592331076,0,0.000000
1648655649.615007108,2,0.034000
1648655649.639506646,1,0.009000
1648655649.662239200,0,0.014000
1648655649.685310216,1,0.004000
1648655649.706898519,0,0.000000
1648655649.729006385,0,0.000000
1648655649.750365563,1,0.023000
1648655649.773457294,0,0.008000
1648655649.797031028,0,0.020000
1648655649.819786017,0,0.000000
1648655649.841780149,0,0.000000
1648655649.863082328,2,0.044000
1648655649.884399153,0,0.000000
1648655649.905996351,1,0.004000
1648655649.929193121,0,0.000000
1648655649.951967077,1,0.041000
1648655649.973609482,0,0.000000
1648655649.995559526,0,0.000000
1648655650.018229185,0,0.000000
1648655650.041389608,0,0.000000
1648655650.063781421,0,0.011000
1648655650.085659486,4,0.064000
1648655650.106592264,0,0.000000
1648655650.128663745,1,0.005000
1648655650.150428778,3,0.034000
1648655650.173143688,0,0.000000
1648655650.195734220,1,0.030000
1648655650.218533847,0,0.008000
1648655650.241205054,0,0.014000
1648655650.264484796,0,0.000000
1648655650.288130189,3,0.035000
1648655650.311474099,1,0.028000
1648655650.331982402,0,0.000000
1648655650.356091654,0,0.000000
1648655650.376643535,1,0.011000
1648655650.398969650,0,0.006000
1648655650.421667548,0,0.000000
1648655650.444470252,0,0.005000
1648655650.467343509,1,0.000000
1648655650.489378636,0,0.000000
1648655650.511757879,1,0.000000
1648655650.535036037,0,0.000000
1648655650.557299643,0,0.006000
1648655650.579372122,1,0.012000
1648655650.600964006,0,0.000000
1648655650.623384093,0,0.000000
1648655650.647249823,0,0.001000
1648655650.669713100,0,0.000000
1648655650.692323487,1,0.000000
1648655650.715093266,0,0.000000
1648655650.737041278,0,0.000000
1648655650.757767491,0,0.000000
1648655650.780316193,0,0.000000
1648655650.803314296,1,0.005000
1648655650.826425756,0,0.012000
1648655650.848631625,0,0.000000
1648655650.870899622,0,0.004000
1648655650.891807249,0,0.000000
1648655650.915060089,0,0.000000
1648655650.938197920,3,0.038000
1648655650.960123911,2,0.030000
1648655650.982726949,0,0.000000
1648655651.006614301,0,0.000000
1648655651.030190789,0,0.000000
1648655651.052922250,2,0.027000
1648655651.075229753,0,0.000000
1648655651.097914590,3,0.042000
1648655651.120466971,3,0.061000
1648655651.144326597,0,0.000000
1648655651.165909082,3,0.049000
1648655651.186999610,0,0.000000
1648655651.210246161,0,0.000000
1648655651.234778454,0,0.000000
1648655651.258044586,0,0.000000
1648655651.281812805,0,0.015000
1648655651.304992003,0,0.000000
1648655651.326374337,0,0.000000
1648655651.349325851,1,0.030000
1648655651.372736734,0,0.000000
1648655651.395360806,3,0.020000
1648655651.417560179,2,0.000000
1648655651.439044875,0,0.000000
1648655651.461283460,1,0.019000
1648655651.483648763,0,0.000000
1648655651.506303047,1,0.000000
1648655651.528060813,1,0.024000
1648655651.551791529,0,0.007000
1648655651.572968394,0,0.000000
1648655651.596665279,0,0.000000
1648655651.619083378,0,0.000000
1648655651.641358662,0,0.000000
1648655651.665303037,2,0.028000
1648655651.689738102,3,0.036000
1648655651.713414641,0,0.000000
1648655651.736489744,0,0.000000
1648655651.761081432,1,0.017000
1648655651.782867361,0,0.003000
1648655651.802588981,0,0.000000
1648655651.824444338,0,0.000000
1648655651.845617017,0,0.007000
1648655651.868978778,0,0.007000
1648655651.890467143,0,0.000000
1648655651.912949001,0,0.000000
1648655651.935078443,0,0.000000
1648655651.957791263,0,0.000000
1648655651.979755550,0,0.000000
1648655652.002354402,0,0.000000
1648655652.023957737,1,0.010000
1648655652.047340093,0,0.000000
1648655652.070885515,1,0.078000
1648655652.092554441,2,0.019000
1648655652.115471402,3,0.069000
1648655652.138600071,0,0.000000
1648655652.161477349,0,0.008000
1648655652.184975963,1,0.000000
1648655652.206936159,0,0.030000
1648655652.230322816,1,0.022000
1648655652.253593347,0,0.000000
1648655652.277338526,0,0.000000
1648655652.301339625,0,0.033000
1648655652.323164426,0,0.000000
1648655652.347054421,0,0.000000
1648655652.370949498,1,0.013000
1648655652.393487613,0,0.000000
1648655652.416167255,1,0.000000
1648655652.440220091,3,0.014000
1648655652.463189648,3,0.046000
1648655652.485498536,3,0.048000
1648655652.509025590,0,0.000000
1648655652.533476617,0,0.000000
1648655652.556366316,1,0.010000
1648655652.579234183,0,0.009000
1648655652.603398606,0,0.000000
1648655652.626084454,0,0.000000
1648655652.647868604,3,0.078000
1648655652.670232659,2,0.022000
1648655652.691579268,0,0.000000
1648655652.714012457,1,0.015000
1648655652.736749958,1,0.000000
1648655652.758905126,0,0.000000
1648655652.782453955,0,0.007000
1648655652.804706674,0,0.007000
1648655652.826916208,1,0.014000
1648655652.848193717,0,0.000000
1648655652.871452797,0,0.000000
1648655652.893432312,2,0.026000
1648655652.916731474,0,0.000000
1648655652.940338708,0,0.003000
1648655652.964338688,1,0.029000
1648655652.986900161,0,0.000000
1648655653.008898024,1,0.000000
1648655653.032422155,1,0.049000
1648655653.055509670,0,0.000000
1648655653.077384909,1,0.071000
1648655653.100491613,3,0.026000
1648655653.123559316,0,0.017000
1648655653.146153555,0,0.003000
1648655653.170263119,1,0.005000
1648655653.194183632,0,0.000000
1648655653.216754599,0,0.000000
1648655653.237575934,0,0.000000
1648655653.260925350,0,0.000000
1648655653.282612104,0,0.000000
1648655653.305100230,0,0.012000
1648655653.329055026,2,0.020000
1648655653.351794218,2,0.028000
1648655653.374271805,0,0.000000
1648655653.399041442,3,0.031000
1648655653.422818284,0,0.000000
1648655653.445142195,1,0.000000
1648655653.466432995,0,0.000000
1648655653.489324675,3,0.027000
1648655653.512660555,1,0.000000
1648655653.534363089,1,0.000000
1648655653.558045023,0,0.003000
1648655653.579369272,1,0.000000
1648655653.603018986,0,0.000000
1648655653.627122073,0,0.000000
1648655653.650360914,0,0.000000
1648655653.673924711,0,0.000000
1648655653.697126802,0,0.000000
1648655653.719738179,0,0.000000
1648655653.741403351,0,0.011000
1648655653.763479108,0,0.000000
1648655653.785600491,0,0.000000
1648655653.808313119,0,0.025000
1648655653.830595402,0,0.000000
1648655653.853934129,0,0.000000
1648655653.875821300,0,0.000000
1648655653.898460620,0,0.034000
1648655653.919358341,1,0.000000
1648655653.943875746,2,0.003000
1648655653.966933154,0,0.000000
1648655653.990857313,1,0.000000
1648655654.013299496,1,0.028000
1648655654.035911220,0,0.000000
1648655654.059585129,1,0.014000
1648655654.083965921,1,0.032000
1648655654.107307831,0,0.000000
1648655654.129106163,0,0.000000
1648655654.152201282,0,0.012000
1648655654.175764370,2,0.000000
1648655654.200208244,0,0.000000
1648655654.221048848,0,0.000000
1648655654.244261395,0,0.000000
1648655654.266883373,0,0.000000
1648655654.289065423,0,0.000000
1648655654.312804804,0,0.000000
1648655654.336561782,1,0.054000
1648655654.360370682,0,0.000000
1648655654.382358437,0,0.000000
1648655654.404720483,3,0.043000
1648655654.428457002,0,0.006000
1648655654.451225296,0,0.000000
1648655654.475573683,0,0.003000
1648655654.497220553,0,0.000000
1648655654.521269761,0,0.000000
1648655654.543693236,0,0.000000
1648655654.567594567,1,0.040000
1648655654.591207338,1,0.003000
1648655654.614444594,1,0.004000
1648655654.636416587,2,0.077000
1648655654.659669494,0,0.000000
1648655654.682890003,0,0.000000
1648655654.706580302,0,0.000000
1648655654.729363710,0,0.000000
1648655654.752179112,2,0.003000
1648655654.775243099,0,0.000000
1648655654.798217248,0,0.000000
1648655654.822202556,0,0.000000
1648655654.844923689,2,0.048000
1648655654.868724593,0,0.000000
1648655654.891030376,1,0.019000
1648655654.913393981,0,0.000000
1648655654.935694828,3,0.035000
1648655654.957891798,3,0.019000
1648655654.981456633,0,0.000000
1648655655.005251820,2,0.030000
1648655655.028055824,0,0.000000
1648655655.051453031,1,0.000000
1648655655.073469097,0,0.013000
1648655655.094535793,0,0.000000
1648655655.118046187,0,0.000000
1648655655.141500122,0,0.000000
1648655655.164460354,2,0.023000
1648655655.189053778,0,0.000000
1648655655.212643912,0,0.004000
1648655655.234576625,0,0.000000
1648655655.256190851,0,0.000000
1648655655.278853749,1,0.019000
1648655655.301296232,1,0.000000
1648655655.323335238,0,0.009000
1648655655.346351077,0,0.005000
1648655655.369247344,0,0.026000
1648655655.391623963,1,0.048000
1648655655.413701847,4,0.085000
1648655655.436168976,0,0.000000
1648655655.459456927,0,0.000000
1648655655.481351203,0,0.000000
1648655655.502450197,0,0.013000
1648655655.525628089,1,0.064000
1648655655.549466657,0,0.000000
1648655655.571471072,0,0.021000
1648655655.593756855,1,0.047000
1648655655.615465888,0,0.000000
1648655655.638984439,0,0.000000
1648655655.661551770,0,0.000000
1648655655.683741299,0,0.000000
1648655655.707143086,0,0.000000
1648655655.731306524,1,0.000000
1648655655.753365616,0,0.000000
1648655655.777391336,3,0.037000
1648655655.800240101,0,0.000000
1648655655.823426017,1,0.026000
1648655655.847359336,1,0.012000
1648655655.870396066,0,0.003000
1648655655.893399793,0,0.000000
1648655655.916124635,1,0.028000
1648655655.938413226,2,0.018000
1648655655.961362405,3,0.049000
1648655655.983978090,0,0.000000
1648655656.007001872,0,0.000000
1648655656.029149682,2,0.019000
1648655656.050151196,1,0.069000
1648655656.073354620,0,0.010000
1648655656.096539851,0,0.000000
1648655656.119469130,0,0.000000
1648655656.141150607,1,0.024000
1648655656.163103435,1,0.016000
1648655656.186744152,3,0.070000
1648655656.208775954,0,0.000000
1648655656.231502003,1,0.009000
1648655656.254054735,0,0.004000
1648655656.278145421,0,0.000000
1648655656.302509531,1,0.008000
1648655656.326159765,0,0.000000
1648655656.349680823,0,0.005000
1648655656.370270997,0,0.000000
1648655656.392596140,0,0.005000
1648655656.415569778,1,0.000000
1648655656.439620397,0,0.006000
1648655656.462431932,0,0.000000
1648655656.486056040,0,0.000000
1648655656.507752013,0,0.000000
1648655656.530211437,0,0.000000
1648655656.552990423,0,0.000000
1648655656.577156277,0,0.000000
1648655656.600063990,0,0.027000
1648655656.621928642,1,0.033000
1648655656.645548942,0,0.000000
1648655656.668882953,0,0.004000
1648655656.690796839,0,0.003000
1648655656.714579181,0,0.000000
1648655656.735803025,0,0.000000
1648655656.758705716,1,0.013000
1648655656.782456210,0,0.000000
1648655656.804959040,0,0.000000
1648655656.827111037,0,0.000000
1648655656.848993285,0,0.000000
1648655656.871932957,0,0.000000
1648655656.893185599,0,0.005000
1648655656.916747474,1,0.007000
1648655656.939326410,0,0.000000
1648655656.963407929,0,0.000000
1648655656.987451387,0,0.000000
1648655657.009477294,0,0.005000
1648655657.032294688,0,0.000000
1648655657.054599560,0,0.000000
1648655657.075277041,1,0.000000
1648655657.097047526,0,0.000000
1648655657.119843272,0,0.000000
1648655657.142509413,1,0.004000
1648655657.166144735,2,0.022000
1648655657.188449616,1,0.000000
1648655657.211765192,2,0.073000
1648655657.234310710,0,0.000000
1648655657.257882004,1,0.018000
1648655657.281379839,0,0.000000
1648655657.305106189,1,0.025000
1648655657.327034064,0,0.000000
1648655657.350469403,3,0.061000
1648655657.373315730,1,0.018000
1648655657.396393469,3,0.029000
1648655657.420499690,0,0.000000
1648655657.440883637,1,0.015000
1648655657.464550905,0,0.000000
1648655657.488079778,2,0.007000
1648655657.511289295,0,0.000000
1648655657.535588041,0,0.000000
1648655657.560023286,0,0.011000
1648655657.583888516,0,0.022000
1648655657.607058808,1,0.012000
1648655657.631246318,0,0.000000
1648655657.653917937,0,0.000000
1648655657.676954204,0,0.000000
1648655657.700073241,0,0.000000
1648655657.719978359,1,0.029000
1648655657.742261793,0,0.000000
1648655657.764930023,0,0.000000
1648655657.786748924,1,0.033000
1648655657.809494271,0,0.000000
1648655657.833163013,0,0.000000
1648655657.856898365,3,0.023000
1648655657.879394128,0,0.000000
1648655657.901730720,2,0.038000
1648655657.925421702,0,0.000000
1648655657.947714318,0,0.010000
1648655657.972007287,2,0.037000
1648655657.995590830,0,0.000000
1648655658.020158381,0,0.000000
1648655658.041885180,3,0.021000
1648655658.062264344,1,0.000000
1648655658.086237295,0,0.000000
1648655658.109412708,2,0.044000
1648655658.130338682,0,0.000000
1648655658.152503781,1,0.036000
1648655658.175507429,1,0.025000
1648655658.198021627,2,0.008000
1648655658.221560028,0,0.003000
1648655658.242871675,1,0.069000
1648655658.263069375,0,0.000000
1648655658.285381997,1,0.000000
1648655658.308253000,0,0.000000
1648655658.332778282,0,0.000000
1648655658.356598559,0,0.000000
1648655658.379229065,0,0.000000
1648655658.402473629,0,0.000000
1648655658.427922800,0,0.000000
1648655658.449637152,0,0.000000
1648655658.472019554,0,0.000000
1648655658.494101981,0,0.000000
1648655658.516837096,0,0.000000
1648655658.540333118,0,0.018000
1648655658.562339280,4,0.037000
1648655658.585788453,1,0.034000
1648655658.609351213,0,0.011000
1648655658.633367603,0,0.000000
1648655658.656408754,1,0.023000
1648655658.679095323,0,0.000000
1648655658.701960237,0,0.000000
1648655658.724811615,3,0.056000
1648655658.748828558,0,0.000000
1648655658.770504084,0,0.008000
1648655658.793929715,0,0.000000
1648655658.818716988,0,0.000000
1648655658.842095575,0,0.000000
1648655658.866140667,0,0.003000
1648655658.889398678,0,0.000000
1648655658.911586433,0,0.000000
1648655658.932485608,2,0.009000
1648655658.953562123,0,0.019000
1648655658.975487482,0,0.010000
1648655659.000000108,1,0.000000
1648655659.023915606,3,0.036000
1648655659.046707314,0,0.000000
1648655659.069479757,1,0.032000
1648655659.093492813,1,0.024000
1648655659.117372024,0,0.000000
1648655659.138950878,2,0.000000
1648655659.160804298,0,0.000000
1648655659.183418649,3,0.065000
1648655659.207618085,2,0.040000
1648655659.230140597,1,0.036000
1648655659.254925294,0,0.000000
1648655659.276133575,2,0.000000
1648655659.298556068,0,0.000000
1648655659.320763954,2,0.068000
1648655659.344575143,0,0.000000
1648655659.367780655,1,0.048000
1648655659.391740278,0,0.000000
1648655659.415079790,3,0.000000
1648655659.438319361,0,0.000000
1648655659.461344582,2,0.054000
1648655659.485197827,3,0.028000
1648655659.509346024,0,0.000000
1648655659.533764597,1,0.017000
1648655659.558582009,2,0.033000
1648655659.583212770,0,0.000000
1648655659.608171291,0,0.025000
1648655659.630310743,0,0.000000
1648655659.651832497,0,0.000000
1648655659.674702657,0,0.001000
1648655659.696758611,0,0.001000
1648655659.719084221,0,0.001000
1648655659.740380618,0,0.001000
1648655659.764000151,0,0.001000
1648655659.785107776,0,0.001000
1648655659.808803458,0,0.001000
1648655659.831976114,0,0.001000
1648655659.853813548,0,0.001000
1648655659.876194849,0,0.001000
1648655659.899064842,0,0.001000
1648655659.921059948,0,0.001000
1648655659.944154818,0,0.001000
1648655659.966666389,0,0.001000
1648655659.988001308,0,0.001000
