1648726219.753809272,16,0.166000
1648726219.776488344,16,0.181000
1648726219.799389908,0,0.004000
1648726219.821450502,11,0.141000
1648726219.843808636,2,0.015000
1648726219.868357318,4,0.049000
1648726219.891679595,2,0.021000
1648726219.915093849,3,0.022000
1648726219.938381472,0,0.000000
1648726219.960741618,4,0.035000
1648726219.984299751,2,0.005000
1648726220.007076513,2,0.004000
1648726220.030575140,8,0.060000
1648726220.052753561,0,0.000000
1648726220.076417960,9,0.079000
1648726220.099395646,3,0.024000
1648726220.123041356,5,0.080000
1648726220.144239777,2,0.008000
1648726220.167129271,5,0.063000
1648726220.189976638,0,0.000000
1648726220.212357806,5,0.064000
1648726220.236593888,0,0.000000
1648726220.259386269,2,0.028000
1648726220.281848130,4,0.042000
1648726220.305459255,2,0.017000
1648726220.327706210,2,0.023000
1648726220.351411608,4,0.066000
1648726220.375088776,0,0.003000
1648726220.398095449,2,0.033000
1648726220.421011314,2,0.026000
1648726220.444631480,5,0.063000
1648726220.466872302,7,0.081000
1648726220.489218241,8,0.117000
1648726220.512898112,11,0.130000
1648726220.536254393,0,0.000000
1648726220.558080054,4,0.031000
1648726220.581322901,3,0.021000
1648726220.603769344,2,0.027000
1648726220.628159633,0,0.023000
1648726220.652083444,11,0.112000
1648726220.674568845,0,0.001000
1648726220.698608424,3,0.053000
1648726220.722530567,1,0.011000
1648726220.745892141,1,0.039000
1648726220.766121077,1,0.034000
1648726220.788751679,4,0.031000
1648726220.811362000,0,0.000000
1648726220.835733573,4,0.028000
1648726220.857674432,0,0.000000
1648726220.881787529,0,0.000000
1648726220.904093735,4,0.048000
1648726220.927880769,1,0.032000
1648726220.949889833,2,0.000000
1648726220.974222062,4,0.025000
1648726220.997001788,0,0.014000
1648726221.019295074,2,0.026000
1648726221.042558807,1,0.007000
1648726221.065825298,6,0.072000
1648726221.087055076,0,0.000000
1648726221.109453830,4,0.040000
1648726221.131638014,2,0.013000
1648726221.154931057,5,0.049000
1648726221.176265257,2,0.028000
1648726221.199374514,3,0.024000
1648726221.222062773,1,0.008000
1648726221.244603929,0,0.013000
1648726221.268097324,1,0.000000
1648726221.290178655,0,0.001000
1648726221.313548987,2,0.009000
1648726221.336573609,2,0.024000
1648726221.357563794,3,0.024000
1648726221.381028958,1,0.039000
1648726221.403385737,0,0.000000
1648726221.425736871,0,0.005000
1648726221.448386529,2,0.052000
1648726221.469406711,0,0.000000
1648726221.490396333,4,0.017000
1648726221.512445550,1,0.028000
1648726221.536101524,6,0.069000
1648726221.558470988,2,0.021000
1648726221.582093255,3,0.028000
1648726221.605542934,11,0.090000
1648726221.629104738,16,0.158000
1648726221.650938720,4,0.051000
1648726221.675114473,16,0.174000
1648726221.697678754,5,0.064000
1648726221.721132601,4,0.044000
1648726221.743499498,2,0.018000
1648726221.765555704,3,0.064000
1648726221.788029113,1,0.044000
1648726221.812335323,1,0.023000
1648726221.834950450,0,0.015000
1648726221.856839322,0,0.000000
1648726221.877981968,0,0.003000
1648726221.899635324,1,0.019000
1648726221.923324250,0,0.035000
1648726221.945131409,3,0.030000
1648726221.966939858,0,0.019000
1648726221.990169313,3,0.044000
1648726222.013681894,1,0.022000
1648726222.036187543,1,0.012000
1648726222.058550452,1,0.016000
1648726222.080582975,2,0.034000
1648726222.102805837,9,0.141000
1648726222.125105462,0,0.000000
1648726222.147914482,3,0.053000
1648726222.169194869,1,0.009000
1648726222.192899382,3,0.031000
1648726222.217148583,3,0.020000
1648726222.239712942,8,0.092000
1648726222.263116995,3,0.047000
1648726222.283929426,4,0.067000
1648726222.307012720,0,0.000000
1648726222.329367330,1,0.019000
1648726222.353298364,2,0.021000
1648726222.374786254,0,0.014000
1648726222.397061674,1,0.010000
1648726222.419287417,0,0.000000
1648726222.442772460,0,0.000000
1648726222.466195842,0,0.000000
1648726222.488544330,2,0.027000
1648726222.511217959,3,0.017000
1648726222.533989018,6,0.093000
1648726222.557308309,4,0.038000
1648726222.580119778,1,0.002000
1648726222.603746390,1,0.006000
1648726222.626364989,0,0.000000
1648726222.649657968,0,0.017000
1648726222.674100681,4,0.031000
1648726222.697821817,0,0.000000
1648726222.719916536,3,0.023000
1648726222.743732611,3,0.019000
1648726222.767174100,6,0.031000
1648726222.789930652,6,0.067000
1648726222.814024745,0,0.000000
1648726222.837723035,15,0.191000
1648726222.860144869,12,0.169000
1648726222.883548741,1,0.007000
1648726222.906811695,3,0.046000
1648726222.930555085,2,0.028000
1648726222.951634643,2,0.051000
1648726222.976195331,0,0.004000
1648726222.998194088,13,0.150000
1648726223.020351480,3,0.048000
1648726223.042527887,1,0.013000
1648726223.063402730,6,0.037000
1648726223.085910889,12,0.129000
1648726223.109196873,1,0.000000
1648726223.132555836,17,0.197000
1648726223.155705535,6,0.044000
1648726223.178291545,4,0.020000
1648726223.200491045,2,0.042000
1648726223.221803159,2,0.012000
1648726223.245504343,3,0.014000
1648726223.267737587,1,0.011000
1648726223.289779127,0,0.012000
1648726223.313109550,0,0.000000
1648726223.333918172,0,0.000000
1648726223.357262782,1,0.003000
1648726223.381199243,0,0.004000
1648726223.405064919,0,0.013000
1648726223.428389959,0,0.000000
1648726223.450604737,5,0.037000
1648726223.472840749,3,0.033000
1648726223.495320524,8,0.101000
1648726223.516450264,3,0.022000
1648726223.537498657,33,0.389000
1648726223.561189462,36,0.410000
1648726223.583901665,14,0.199000
1648726223.605795736,3,0.004000
1648726223.627041141,4,0.051000
1648726223.650829961,4,0.047000
1648726223.673132629,5,0.053000
1648726223.696845677,2,0.017000
1648726223.720181179,1,0.008000
1648726223.743234372,6,0.064000
1648726223.767505080,0,0.015000
1648726223.790740346,18,0.196000
1648726223.814858363,5,0.081000
1648726223.837730485,7,0.074000
1648726223.861956927,0,0.014000
1648726223.884773927,9,0.114000
1648726223.908323806,0,0.015000
1648726223.930732284,2,0.028000
1648726223.952699781,2,0.015000
1648726223.974654774,1,0.018000
1648726223.997309998,0,0.003000
1648726224.019606591,5,0.075000
1648726224.043317597,10,0.090000
1648726224.069434354,6,0.043000
1648726224.092420221,0,0.000000
1648726224.114340843,20,0.221000
1648726224.138199528,9,0.152000
1648726224.162105326,0,0.024000
1648726224.184835410,6,0.112000
1648726224.207008932,0,0.005000
1648726224.230919322,5,0.066000
1648726224.252483290,2,0.037000
1648726224.275921129,6,0.067000
1648726224.299226733,1,0.011000
1648726224.322873296,0,0.015000
1648726224.345252835,3,0.026000
1648726224.370095805,2,0.023000
1648726224.392331706,5,0.082000
1648726224.416532198,19,0.242000
1648726224.439980633,2,0.070000
1648726224.462330424,4,0.028000
1648726224.485727498,0,0.000000
1648726224.509357488,0,0.000000
1648726224.531112743,13,0.122000
1648726224.556031576,0,0.000000
1648726224.577959400,2,0.027000
1648726224.599550647,2,0.000000
1648726224.623735138,1,0.024000
1648726224.643963570,0,0.005000
1648726224.665150823,0,0.016000
1648726224.687561305,1,0.000000
1648726224.709955827,1,0.040000
1648726224.731323413,0,0.004000
1648726224.756259493,0,0.000000
1648726224.778150056,4,0.039000
1648726224.801551833,4,0.042000
1648726224.825111754,3,0.029000
1648726224.848974493,2,0.008000
1648726224.872922120,2,0.016000
1648726224.894245347,0,0.023000
1648726224.917183378,2,0.003000
1648726224.941330086,0,0.003000
1648726224.964712942,9,0.105000
1648726224.987051858,1,0.004000
1648726225.007300312,2,0.014000
1648726225.028576457,2,0.017000
1648726225.050903043,10,0.107000
1648726225.075263888,3,0.043000
1648726225.097244880,2,0.016000
1648726225.119574684,0,0.006000
1648726225.142021734,1,0.000000
1648726225.166386603,2,0.023000
1648726225.190508351,2,0.052000
1648726225.214966569,6,0.060000
1648726225.238169518,3,0.042000
1648726225.260009611,17,0.174000
1648726225.283481137,5,0.069000
1648726225.307804583,0,0.004000
1648726225.328232186,14,0.185000
1648726225.350794859,11,0.138000
1648726225.373001258,3,0.046000
1648726225.397161297,12,0.143000
1648726225.418943968,9,0.111000
1648726225.442184018,1,0.010000
1648726225.465386906,10,0.109000
1648726225.487751561,6,0.089000
1648726225.512008987,2,0.008000
1648726225.535479310,1,0.011000
1648726225.560112086,3,0.049000
1648726225.583973353,0,0.004000
1648726225.608058501,0,0.027000
1648726225.630992207,4,0.035000
1648726225.653675067,7,0.082000
1648726225.674928430,2,0.019000
1648726225.697041574,0,0.000000
1648726225.717552504,3,0.030000
1648726225.739478548,14,0.186000
1648726225.762238190,1,0.050000
1648726225.785313572,2,0.000000
1648726225.808465306,0,0.000000
1648726225.830640079,2,0.022000
1648726225.853670475,0,0.013000
1648726225.877731725,0,0.009000
1648726225.900145944,5,0.076000
1648726225.921886723,0,0.000000
1648726225.944230459,5,0.029000
1648726225.969062514,13,0.163000
1648726225.992733198,14,0.176000
1648726226.015482385,3,0.015000
1648726226.037327953,3,0.054000
1648726226.061226994,1,0.040000
1648726226.085179371,1,0.049000
1648726226.108200112,4,0.043000
1648726226.131320406,3,0.031000
1648726226.153979318,1,0.000000
1648726226.174859083,0,0.007000
1648726226.196124688,3,0.014000
1648726226.219272552,1,0.039000
1648726226.242808348,1,0.009000
1648726226.266141865,4,0.074000
1648726226.290776274,3,0.049000
1648726226.312545841,3,0.029000
1648726226.335024295,0,0.016000
1648726226.358634004,1,0.023000
1648726226.382694995,5,0.071000
1648726226.405030312,3,0.029000
1648726226.426638513,2,0.009000
1648726226.449430242,0,0.026000
1648726226.473259778,4,0.071000
1648726226.495353323,3,0.023000
1648726226.517201810,2,0.033000
1648726226.539915095,3,0.038000
1648726226.564834853,2,0.022000
1648726226.588672962,0,0.004000
1648726226.611235685,3,0.023000
1648726226.633056944,5,0.033000
1648726226.656188254,0,0.000000
1648726226.679005498,9,0.118000
1648726226.701189489,0,0.000000
1648726226.723209649,5,0.035000
1648726226.746092716,1,0.011000
1648726226.768864583,1,0.011000
1648726226.791726945,3,0.042000
1648726226.813641436,0,0.003000
1648726226.835624468,19,0.223000
1648726226.857132816,9,0.099000
1648726226.879773592,8,0.086000
1648726226.903120274,4,0.018000
1648726226.925448344,3,0.041000
1648726226.947416964,3,0.030000
1648726226.969915164,2,0.023000
1648726226.992400693,3,0.040000
1648726227.016187943,2,0.020000
1648726227.040034880,0,0.005000
1648726227.060394751,6,0.067000
1648726227.084042552,1,0.024000
1648726227.107294997,4,0.055000
1648726227.130546738,0,0.024000
1648726227.153673433,2,0.026000
1648726227.177452971,0,0.000000
1648726227.200320216,4,0.050000
1648726227.223031932,3,0.023000
1648726227.246378949,0,0.019000
1648726227.269448423,3,0.030000
1648726227.293179672,4,0.023000
1648726227.317103091,1,0.017000
1648726227.339540524,0,0.000000
1648726227.360873677,0,0.013000
1648726227.385200841,2,0.034000
1648726227.409180940,0,0.019000
1648726227.432622262,4,0.060000
1648726227.456234024,0,0.019000
1648726227.478714048,2,0.030000
1648726227.501445713,1,0.024000
1648726227.522543607,1,0.017000
1648726227.545246311,3,0.034000
1648726227.567378584,6,0.044000
1648726227.589955481,0,0.011000
1648726227.610544016,4,0.024000
1648726227.634042943,0,0.015000
1648726227.656950799,14,0.159000
1648726227.678501492,9,0.067000
1648726227.702061557,5,0.048000
1648726227.725205251,0,0.000000
1648726227.748199738,1,0.024000
1648726227.771560744,9,0.067000
1648726227.793837478,1,0.010000
1648726227.815690484,1,0.011000
1648726227.836674474,5,0.024000
1648726227.858932979,0,0.000000
1648726227.880929533,7,0.082000
1648726227.904486995,3,0.021000
1648726227.926426520,0,0.003000
1648726227.949818367,1,0.005000
1648726227.972031218,1,0.029000
1648726227.995677189,14,0.173000
1648726228.016941097,11,0.130000
1648726228.038486534,3,0.024000
1648726228.061403036,2,0.034000
1648726228.083387281,3,0.027000
1648726228.105955395,0,0.000000
1648726228.129188336,4,0.022000
1648726228.151237970,9,0.112000
1648726228.173180394,18,0.228000
1648726228.196717448,5,0.057000
1648726228.218654139,1,0.024000
1648726228.241906821,1,0.008000
1648726228.265279244,16,0.192000
1648726228.288928336,6,0.049000
1648726228.311350191,5,0.057000
1648726228.334273180,1,0.000000
1648726228.356469470,1,0.018000
1648726228.380886562,0,0.000000
1648726228.402498202,6,0.050000
1648726228.424281353,4,0.028000
1648726228.446416960,15,0.203000
1648726228.468349012,4,0.042000
1648726228.490981105,5,0.050000
1648726228.514862625,1,0.001000
1648726228.537763431,10,0.139000
1648726228.560734920,3,0.044000
1648726228.583762496,6,0.066000
1648726228.606484725,0,0.003000
1648726228.629924629,4,0.061000
1648726228.653954236,8,0.106000
1648726228.677923399,3,0.030000
1648726228.700596547,2,0.008000
1648726228.722154789,1,0.029000
1648726228.745134231,2,0.022000
1648726228.767698683,0,0.026000
1648726228.791348540,13,0.123000
1648726228.811433803,1,0.006000
1648726228.833410223,6,0.047000
1648726228.855654179,1,0.000000
1648726228.878191012,8,0.120000
1648726228.901745861,3,0.013000
1648726228.923951085,10,0.102000
1648726228.946488612,4,0.029000
1648726228.969343068,0,0.011000
1648726228.992985263,12,0.152000
1648726229.013825645,5,0.047000
1648726229.036844664,2,0.015000
1648726229.059116811,0,0.000000
1648726229.081757638,13,0.149000
1648726229.104016792,3,0.047000
1648726229.125813552,15,0.190000
1648726229.147465630,16,0.175000
1648726229.170872182,0,0.000000
1648726229.190962181,7,0.078000
1648726229.213159587,0,0.000000
1648726229.237088149,7,0.073000
1648726229.258749246,2,0.013000
1648726229.281011949,5,0.083000
1648726229.304253485,2,0.009000
1648726229.326861681,7,0.087000
1648726229.350208753,2,0.022000
1648726229.373758536,0,0.012000
1648726229.397121731,4,0.012000
1648726229.419986544,0,0.008000
1648726229.442789049,5,0.106000
1648726229.467818391,2,0.015000
1648726229.490356218,5,0.054000
1648726229.511599361,5,0.060000
1648726229.534969921,3,0.047000
1648726229.558308717,4,0.023000
1648726229.578747985,6,0.040000
1648726229.601385021,2,0.025000
1648726229.623855187,4,0.093000
1648726229.645881012,3,0.023000
1648726229.668344880,9,0.102000
1648726229.691087783,4,0.048000
1648726229.714263661,1,0.018000
1648726229.736270812,0,0.003000
1648726229.757995882,3,0.023000
1648726229.781234531,0,0.006000
1648726229.802842882,3,0.023000
1648726229.824855517,2,0.014000
1648726229.847380412,1,0.033000
1648726229.870662405,0,0.004000
1648726229.893796850,0,0.000000
1648726229.915801927,2,0.000000
1648726229.937484674,2,0.012000
1648726229.960556812,1,0.010000
1648726229.983613899,1,0.045000
1648726230.005656620,2,0.029000
1648726230.028849215,3,0.024000
1648726230.051281869,0,0.006000
1648726230.074737332,3,0.024000
1648726230.096789564,0,0.006000
1648726230.119971591,5,0.041000
1648726230.142275108,0,0.000000
1648726230.164306208,1,0.012000
1648726230.187315676,4,0.024000
1648726230.209012967,4,0.062000
1648726230.233349209,6,0.072000
1648726230.256553538,2,0.018000
1648726230.279872230,2,0.036000
1648726230.301919630,2,0.023000
1648726230.324135214,12,0.137000
1648726230.347555245,1,0.007000
1648726230.371471389,9,0.122000
1648726230.394803878,4,0.054000
1648726230.417249087,13,0.156000
1648726230.441451882,5,0.072000
1648726230.464236344,4,0.046000
1648726230.486171165,1,0.058000
1648726230.508592427,0,0.008000
1648726230.530961661,0,0.000000
1648726230.553852566,1,0.036000
1648726230.576124421,0,0.004000
1648726230.598380340,1,0.022000
1648726230.621464667,0,0.000000
1648726230.644289139,1,0.036000
1648726230.667607134,5,0.047000
1648726230.691303803,1,0.006000
1648726230.714147001,0,0.003000
1648726230.735228717,0,0.000000
1648726230.758243842,1,0.012000
1648726230.780560041,1,0.000000
1648726230.803685730,7,0.076000
1648726230.825786039,0,0.000000
1648726230.848558832,17,0.182000
1648726230.871533811,1,0.018000
1648726230.893993019,4,0.066000
1648726230.915916017,4,0.035000
1648726230.938100924,11,0.131000
1648726230.960427564,6,0.080000
1648726230.983144737,8,0.048000
1648726231.006862289,3,0.023000
1648726231.029786458,1,0.059000
1648726231.052247147,1,0.038000
1648726231.073734810,0,0.000000
1648726231.095563205,5,0.069000
1648726231.116372794,3,0.025000
1648726231.138385428,0,0.015000
1648726231.161506542,1,0.000000
1648726231.184986136,17,0.167000
1648726231.207304633,12,0.133000
1648726231.229640961,4,0.034000
1648726231.252972619,2,0.018000
1648726231.276164800,0,0.003000
1648726231.298445433,18,0.216000
1648726231.321247622,12,0.136000
1648726231.345064177,2,0.037000
1648726231.365257627,0,0.000000
1648726231.388278384,15,0.182000
1648726231.411361875,12,0.131000
1648726231.434018324,5,0.070000
1648726231.456494436,6,0.051000
1648726231.479812974,0,0.000000
1648726231.503871689,2,0.032000
1648726231.526676643,1,0.024000
1648726231.550911351,2,0.040000
1648726231.573370950,15,0.165000
1648726231.596019462,5,0.069000
1648726231.618322017,4,0.049000
1648726231.640730792,0,0.021000
1648726231.663914652,1,0.000000
1648726231.684652785,0,0.000000
1648726231.708442032,1,0.011000
1648726231.730267760,4,0.049000
1648726231.752005009,3,0.065000
1648726231.774843037,3,0.042000
1648726231.796664059,0,0.024000
1648726231.820950386,2,0.011000
1648726231.843504425,0,0.012000
1648726231.866631717,1,0.025000
1648726231.887905643,0,0.000000
1648726231.910617310,2,0.002000
1648726231.932832775,3,0.061000
1648726231.954146809,2,0.010000
1648726231.977957354,3,0.027000
1648726232.001429021,14,0.170000
1648726232.024021032,11,0.130000
1648726232.045907143,0,0.024000
1648726232.069563037,3,0.015000
1648726232.093107319,2,0.030000
1648726232.118078504,2,0.049000
1648726232.141460247,6,0.042000
1648726232.164480618,2,0.006000
1648726232.187085870,1,0.014000
1648726232.210568391,3,0.030000
1648726232.233085841,4,0.039000
1648726232.255979499,0,0.010000
1648726232.278259535,0,0.007000
1648726232.302004853,2,0.042000
1648726232.324996410,2,0.029000
1648726232.347853043,0,0.000000
1648726232.370680128,9,0.114000
1648726232.393307507,4,0.047000
1648726232.416169838,9,0.137000
1648726232.438529370,6,0.098000
1648726232.459971135,1,0.006000
1648726232.482818798,1,0.001000
1648726232.503459033,5,0.070000
1648726232.527960228,2,0.009000
1648726232.551803240,3,0.035000
1648726232.575188615,2,0.022000
1648726232.600447882,5,0.049000
1648726232.622231881,0,0.000000
1648726232.644938267,6,0.059000
1648726232.667542288,1,0.001000
1648726232.690191131,1,0.011000
1648726232.712973177,2,0.029000
1648726232.735129478,5,0.029000
1648726232.758269792,2,0.025000
1648726232.781532299,0,0.000000
1648726232.804944478,2,0.033000
1648726232.826546837,0,0.000000
1648726232.848381245,2,0.041000
1648726232.871239733,3,0.011000
1648726232.893697423,1,0.026000
1648726232.916267238,0,0.008000
1648726232.938402025,0,0.020000
1648726232.960208154,19,0.215000
1648726232.982862043,12,0.093000
1648726233.007367216,16,0.161000
1648726233.029014608,10,0.105000
1648726233.053357601,1,0.014000
1648726233.076817139,1,0.028000
1648726233.100204225,0,0.001000
1648726233.122800367,2,0.018000
1648726233.144822380,1,0.012000
1648726233.168072189,13,0.165000
1648726233.191112600,4,0.019000
1648726233.214286143,3,0.042000
1648726233.236365257,1,0.031000
1648726233.260182526,0,0.011000
1648726233.281741138,4,0.055000
1648726233.304477233,0,0.013000
1648726233.327376065,1,0.008000
1648726233.349451865,14,0.171000
1648726233.370333409,14,0.171000
1648726233.392557716,0,0.014000
1648726233.416463141,21,0.262000
1648726233.439584246,4,0.067000
1648726233.462608608,16,0.175000
1648726233.486072461,9,0.088000
1648726233.508667875,3,0.037000
1648726233.529754595,38,0.433000
1648726233.552022690,27,0.305000
1648726233.575191971,6,0.047000
1648726233.597468114,0,0.000000
1648726233.621269546,16,0.180000
1648726233.643648413,6,0.049000
1648726233.665039801,1,0.035000
1648726233.687645536,2,0.011000
1648726233.708864861,6,0.056000
1648726233.730200646,3,0.014000
1648726233.753810299,1,0.031000
1648726233.776359883,0,0.033000
1648726233.799688981,4,0.039000
1648726233.823063309,6,0.066000
1648726233.846867553,5,0.038000
1648726233.869434922,6,0.094000
1648726233.892347758,2,0.009000
1648726233.916027541,0,0.002000
1648726233.938800992,3,0.023000
1648726233.960612560,0,0.006000
1648726233.982745911,2,0.006000
1648726234.006210200,2,0.035000
1648726234.030140775,7,0.078000
1648726234.052616375,0,0.024000
1648726234.075133645,1,0.033000
1648726234.098145045,1,0.001000
1648726234.120611698,4,0.041000
1648726234.143542618,2,0.036000
1648726234.164670600,3,0.009000
1648726234.187962932,1,0.044000
1648726234.211424512,2,0.030000
1648726234.235249236,1,0.042000
1648726234.257893033,2,0.040000
1648726234.280857556,2,0.024000
1648726234.303805156,1,0.014000
1648726234.327637283,7,0.060000
1648726234.351196124,3,0.035000
1648726234.373256899,1,0.017000
1648726234.396502804,5,0.034000
1648726234.418583523,0,0.018000
1648726234.440654942,7,0.094000
1648726234.462154926,1,0.006000
1648726234.485556177,9,0.086000
1648726234.508471355,1,0.013000
1648726234.531506523,5,0.058000
1648726234.554533184,1,0.009000
1648726234.576298461,2,0.014000
1648726234.599101699,2,0.052000
1648726234.621164185,9,0.093000
1648726234.644421156,3,0.028000
1648726234.667749477,6,0.061000
1648726234.691827217,3,0.030000
1648726234.714460585,0,0.027000
1648726234.736574693,2,0.047000
1648726234.760417422,0,0.000000
1648726234.781353249,4,0.046000
1648726234.803443446,1,0.006000
1648726234.827409259,12,0.117000
1648726234.851586634,0,0.000000
1648726234.874923639,6,0.065000
1648726234.897553814,0,0.001000
1648726234.919360403,13,0.154000
1648726234.942415907,6,0.062000
1648726234.965623484,2,0.000000
1648726234.987265587,1,0.015000
1648726235.010948598,2,0.032000
1648726235.033454922,2,0.042000
1648726235.056944798,8,0.088000
1648726235.080325697,0,0.000000
1648726235.101320589,15,0.169000
1648726235.123283354,5,0.024000
1648726235.146436770,3,0.027000
1648726235.170116155,2,0.026000
1648726235.193095965,1,0.013000
1648726235.215398119,4,0.029000
1648726235.238473841,3,0.035000
1648726235.263219699,0,0.028000
1648726235.285401847,2,0.021000
1648726235.309041665,0,0.006000
1648726235.330167224,4,0.042000
1648726235.352109061,2,0.008000
1648726235.375297731,1,0.014000
1648726235.398878241,6,0.039000
1648726235.421148988,2,0.014000
1648726235.444097150,0,0.003000
1648726235.466976044,0,0.001000
1648726235.488368968,2,0.012000
1648726235.511961211,2,0.003000
1648726235.534481373,1,0.000000
1648726235.558423698,0,0.000000
1648726235.580393558,1,0.002000
1648726235.604007852,2,0.007000
1648726235.627241078,3,0.000000
1648726235.647982444,0,0.000000
1648726235.670249653,13,0.145000
1648726235.693081673,1,0.000000
1648726235.714631958,2,0.006000
1648726235.737560616,4,0.049000
1648726235.760342904,1,0.000000
1648726235.782966188,0,0.028000
1648726235.806946362,6,0.059000
1648726235.829127423,1,0.013000
1648726235.852364744,12,0.124000
1648726235.877884212,1,0.000000
1648726235.901271251,1,0.004000
1648726235.923859041,4,0.077000
1648726235.946503152,0,0.020000
1648726235.968283832,6,0.064000
1648726235.991447604,2,0.014000
1648726236.014190209,4,0.041000
1648726236.037153286,3,0.026000
1648726236.059750974,7,0.063000
1648726236.081846444,0,0.024000
1648726236.104504338,0,0.000000
1648726236.127308226,0,0.000000
1648726236.151003739,1,0.008000
1648726236.172909123,4,0.055000
1648726236.195323615,0,0.003000
1648726236.217749492,3,0.054000
1648726236.240944309,1,0.003000
1648726236.265356671,1,0.000000
1648726236.289078864,3,0.011000
1648726236.310468454,3,0.020000
1648726236.331448338,1,0.032000
1648726236.354100608,9,0.096000
1648726236.377427130,6,0.099000
1648726236.399837107,2,0.028000
1648726236.423776252,7,0.083000
1648726236.448062118,3,0.039000
1648726236.471066023,7,0.073000
1648726236.493122027,2,0.011000
1648726236.517184962,0,0.002000
1648726236.539171181,3,0.011000
1648726236.563444623,7,0.049000
1648726236.585007167,3,0.034000
1648726236.608498231,0,0.013000
1648726236.632277777,6,0.035000
1648726236.654710369,1,0.011000
1648726236.677721009,4,0.038000
1648726236.701032951,0,0.000000
1648726236.723911175,0,0.000000
1648726236.746597695,2,0.008000
1648726236.769830361,0,0.005000
1648726236.792415956,2,0.007000
1648726236.815682698,5,0.086000
1648726236.838674793,3,0.027000
1648726236.860202562,13,0.114000
1648726236.885079112,0,0.004000
1648726236.906922019,6,0.096000
1648726236.930445996,2,0.033000
1648726236.953555456,9,0.105000
1648726236.975816689,4,0.053000
1648726236.998346805,4,0.024000
1648726237.022038521,3,0.018000
1648726237.044848756,4,0.022000
1648726237.068959965,0,0.000000
1648726237.091939845,2,0.034000
1648726237.113601401,0,0.000000
1648726237.136616425,17,0.202000
1648726237.159183852,2,0.000000
1648726237.182421868,3,0.038000
1648726237.207203497,2,0.020000
1648726237.230522781,4,0.025000
1648726237.254836855,40,0.433000
1648726237.276151334,21,0.279000
1648726237.299112385,2,0.023000
1648726237.323068347,7,0.073000
1648726237.345320074,4,0.037000
1648726237.367854735,5,0.080000
1648726237.390668746,0,0.013000
1648726237.414401474,3,0.042000
1648726237.438836595,0,0.005000
1648726237.462597715,7,0.047000
1648726237.486498902,2,0.004000
1648726237.511117557,0,0.000000
1648726237.534203675,3,0.051000
1648726237.557102620,4,0.021000
1648726237.577640383,0,0.014000
1648726237.601467683,15,0.180000
1648726237.624826248,7,0.096000
1648726237.648574087,0,0.000000
1648726237.670986164,18,0.164000
1648726237.693722969,2,0.028000
1648726237.717257485,5,0.052000
1648726237.739525005,2,0.011000
1648726237.760348938,0,0.006000
1648726237.783125410,4,0.050000
1648726237.806247790,1,0.006000
1648726237.829286769,4,0.037000
1648726237.851368253,0,0.000000
1648726237.873930605,11,0.120000
1648726237.897620340,2,0.037000
1648726237.920150153,9,0.118000
1648726237.943934158,1,0.022000
1648726237.964958399,3,0.056000
1648726237.987588620,0,0.019000
1648726238.011437142,3,0.033000
1648726238.034287847,2,0.047000
1648726238.057308556,3,0.015000
1648726238.080537895,3,0.014000
1648726238.103251506,2,0.023000
1648726238.126303167,3,0.016000
1648726238.148969931,2,0.000000
1648726238.171227567,2,0.031000
1648726238.194007453,2,0.021000
1648726238.215772270,13,0.151000
1648726238.238959729,3,0.009000
1648726238.262000293,5,0.046000
1648726238.285079731,0,0.031000
1648726238.307883043,0,0.013000
1648726238.331743679,2,0.036000
1648726238.355604505,3,0.041000
1648726238.377346282,1,0.034000
1648726238.400160782,4,0.029000
1648726238.423856944,1,0.015000
1648726238.447118916,2,0.035000
1648726238.470307489,1,0.010000
1648726238.492931845,0,0.005000
1648726238.513900774,4,0.057000
1648726238.537324352,4,0.036000
1648726238.561302990,1,0.032000
1648726238.583062493,2,0.023000
1648726238.606804217,0,0.004000
1648726238.630569969,1,0.023000
1648726238.653348077,1,0.012000
1648726238.677304358,3,0.001000
1648726238.697765591,6,0.037000
1648726238.720524339,4,0.018000
1648726238.743849075,2,0.012000
1648726238.766698973,13,0.167000
1648726238.790230191,2,0.034000
1648726238.812361316,2,0.013000
1648726238.834775752,1,0.021000
1648726238.859472639,6,0.052000
1648726238.881604302,1,0.004000
1648726238.904282077,9,0.105000
1648726238.927827208,0,0.000000
1648726238.951126061,1,0.000000
1648726238.972531123,1,0.013000
1648726238.993925117,9,0.081000
1648726239.017457159,0,0.007000
1648726239.041213343,7,0.075000
1648726239.063601288,2,0.004000
1648726239.086061310,10,0.092000
1648726239.108227164,3,0.028000
1648726239.131272958,5,0.025000
1648726239.153853669,2,0.058000
1648726239.176491336,0,0.000000
1648726239.199371166,1,0.008000
1648726239.222033140,4,0.025000
1648726239.244893788,4,0.050000
1648726239.266577133,0,0.035000
1648726239.289581282,4,0.035000
1648726239.313247954,1,0.042000
1648726239.336638654,3,0.053000
1648726239.358332694,4,0.040000
1648726239.381946963,4,0.051000
1648726239.405371245,2,0.034000
1648726239.424872469,1,0.012000
1648726239.447137604,3,0.044000
1648726239.469408455,5,0.076000
1648726239.492697140,5,0.026000
1648726239.516196076,22,0.256000
1648726239.539157698,13,0.161000
1648726239.562312349,0,0.024000
1648726239.584286310,3,0.056000
1648726239.606506896,1,0.020000
1648726239.629787644,4,0.029000
1648726239.654140266,5,0.059000
1648726239.676932877,0,0.012000
1648726239.700376436,4,0.041000
1648726239.722851732,0,0.011000
1648726239.744173007,9,0.096000
1648726239.768608847,0,0.008000
1648726239.791608563,1,0.004000
1648726239.813572318,2,0.026000
1648726239.835118035,2,0.051000
1648726239.859734247,0,0.001000
1648726239.882607266,3,0.026000
1648726239.906197246,1,0.009000
1648726239.928093946,1,0.018000
1648726239.950882827,5,0.043000
1648726239.975048032,10,0.105000
1648726239.998598549,3,0.054000
1648726240.021926638,7,0.081000
1648726240.045863374,2,0.011000
1648726240.066218220,3,0.022000
1648726240.088688064,9,0.107000
1648726240.111069724,3,0.020000
1648726240.133977535,2,0.028000
1648726240.157095348,2,0.008000
1648726240.179676388,2,0.024000
1648726240.202293094,2,0.001000
1648726240.224715597,1,0.014000
1648726240.248717848,1,0.000000
1648726240.270857986,0,0.013000
1648726240.293886920,3,0.025000
1648726240.317602500,12,0.154000
1648726240.341039615,10,0.114000
1648726240.366080300,2,0.037000
1648726240.389307015,0,0.000000
1648726240.410529437,5,0.086000
1648726240.432724834,3,0.026000
1648726240.457104149,1,0.009000
1648726240.478758937,4,0.040000
1648726240.500623805,6,0.053000
1648726240.521899232,9,0.078000
1648726240.542856658,1,0.004000
1648726240.565812497,1,0.019000
1648726240.590070194,2,0.023000
1648726240.612262472,5,0.096000
1648726240.634831336,2,0.035000
1648726240.655447966,4,0.000000
1648726240.676857364,0,0.000000
1648726240.699413800,5,0.069000
1648726240.724168351,0,0.000000
1648726240.746251316,8,0.077000
1648726240.767927612,1,0.011000
1648726240.791006668,3,0.019000
1648726240.812765589,4,0.056000
1648726240.836024421,7,0.095000
1648726240.856791916,21,0.229000
1648726240.881044536,23,0.274000
1648726240.902553076,6,0.058000
1648726240.926755662,0,0.000000
1648726240.949711190,1,0.026000
1648726240.970823757,2,0.045000
1648726240.993445169,3,0.018000
1648726241.014418143,17,0.166000
1648726241.037791172,9,0.073000
1648726241.060949631,0,0.000000
1648726241.083809811,1,0.026000
1648726241.107469209,0,0.000000
1648726241.130798491,6,0.081000
1648726241.152950129,1,0.034000
1648726241.176280825,2,0.025000
1648726241.197955755,6,0.069000
1648726241.219571647,3,0.047000
1648726241.242503223,2,0.000000
1648726241.266647635,1,0.004000
1648726241.290175175,4,0.040000
1648726241.312166436,1,0.001000
1648726241.334500593,1,0.005000
1648726241.357160194,2,0.008000
1648726241.378358884,1,0.035000
1648726241.399827799,0,0.000000
1648726241.423406435,2,0.022000
1648726241.444430212,3,0.022000
1648726241.466407166,3,0.030000
1648726241.489901694,13,0.129000
1648726241.512799192,9,0.095000
1648726241.535538811,0,0.000000
1648726241.555849539,1,0.011000
1648726241.576032349,9,0.104000
1648726241.598741843,1,0.026000
1648726241.621509024,16,0.195000
1648726241.644660139,10,0.091000
1648726241.666385404,2,0.009000
1648726241.688576052,1,0.030000
1648726241.710308975,4,0.068000
1648726241.732716559,2,0.000000
1648726241.752845267,1,0.000000
1648726241.775162285,1,0.000000
1648726241.796936843,2,0.006000
1648726241.818653800,1,0.000000
1648726241.842395939,1,0.002000
1648726241.864632376,0,0.003000
1648726241.886807228,3,0.038000
1648726241.908131955,2,0.030000
1648726241.930149095,10,0.098000
1648726241.953013703,4,0.052000
1648726241.977609252,3,0.024000
1648726242.000735128,5,0.052000
1648726242.024000136,5,0.059000
1648726242.047789993,5,0.040000
1648726242.071677241,2,0.012000
1648726242.093733398,1,0.045000
1648726242.115160267,3,0.029000
1648726242.138139059,1,0.000000
1648726242.159744704,5,0.029000
1648726242.181592050,0,0.003000
1648726242.203991028,9,0.111000
1648726242.226805375,1,0.017000
1648726242.250926284,6,0.091000
1648726242.273374778,0,0.009000
1648726242.297144154,2,0.015000
1648726242.319577518,1,0.027000
1648726242.339683556,6,0.082000
1648726242.361898722,0,0.001000
1648726242.384626227,2,0.022000
1648726242.408225504,3,0.019000
1648726242.430242929,3,0.005000
1648726242.453720585,13,0.142000
1648726242.475401964,9,0.131000
1648726242.498870353,3,0.024000
1648726242.521687598,0,0.025000
1648726242.543482541,0,0.016000
1648726242.566525049,4,0.068000
1648726242.588213987,4,0.065000
1648726242.611079163,0,0.000000
1648726242.634563199,2,0.009000
1648726242.655714332,1,0.000000
1648726242.679038191,4,0.039000
1648726242.702371268,6,0.107000
1648726242.723380963,0,0.014000
1648726242.746240589,5,0.067000
1648726242.769993013,1,0.026000
1648726242.792737788,2,0.022000
1648726242.815918346,1,0.023000
1648726242.839202433,4,0.036000
1648726242.861782257,4,0.027000
1648726242.884607850,2,0.037000
1648726242.907276483,3,0.038000
1648726242.929406910,0,0.011000
1648726242.952952759,0,0.014000
1648726242.973598107,2,0.012000
1648726242.996070697,3,0.040000
1648726243.017682879,1,0.005000
1648726243.040889894,0,0.002000
1648726243.064845665,6,0.060000
1648726243.087669373,1,0.007000
1648726243.109332974,2,0.011000
1648726243.132102427,6,0.069000
1648726243.154363408,11,0.158000
1648726243.177717835,0,0.006000
1648726243.200789735,10,0.100000
1648726243.222354894,3,0.030000
1648726243.245482424,2,0.020000
1648726243.266696897,3,0.040000
1648726243.288488144,4,0.062000
1648726243.310300606,6,0.061000
1648726243.331958242,4,0.038000
1648726243.353832100,3,0.034000
1648726243.376996112,1,0.027000
1648726243.399672998,1,0.023000
1648726243.422757294,2,0.023000
1648726243.444890775,2,0.010000
1648726243.468586213,0,0.000000
1648726243.491374443,1,0.011000
1648726243.515782006,5,0.043000
1648726243.539775690,1,0.023000
1648726243.562560051,0,0.000000
1648726243.585415406,2,0.009000
1648726243.608478937,0,0.018000
1648726243.629795920,0,0.003000
1648726243.650377480,18,0.209000
1648726243.674387371,2,0.031000
1648726243.695838594,9,0.101000
1648726243.718058753,11,0.099000
1648726243.740676042,3,0.027000
1648726243.763112066,8,0.087000
1648726243.786841803,0,0.000000
1648726243.810453131,2,0.015000
1648726243.833453565,0,0.005000
1648726243.857142621,2,0.048000
1648726243.880221334,1,0.018000
1648726243.902075402,5,0.087000
1648726243.923375060,1,0.037000
1648726243.945125994,6,0.041000
1648726243.967891146,2,0.029000
1648726243.991486879,18,0.192000
1648726244.013780464,2,0.051000
1648726244.036638859,2,0.018000
1648726244.057171027,0,0.000000
1648726244.078883199,2,0.032000
1648726244.102507612,2,0.035000
1648726244.125586293,2,0.025000
1648726244.146892398,15,0.178000
1648726244.169523077,9,0.086000
1648726244.192570392,1,0.004000
1648726244.216030093,12,0.141000
1648726244.236288804,3,0.031000
1648726244.258026786,0,0.000000
1648726244.279983729,1,0.019000
1648726244.302487985,3,0.034000
1648726244.323833836,0,0.014000
1648726244.345444509,3,0.012000
1648726244.368387429,1,0.003000
1648726244.390219241,4,0.049000
1648726244.411637525,4,0.034000
1648726244.433339659,4,0.071000
1648726244.456755186,3,0.033000
1648726244.479834003,0,0.003000
1648726244.502401375,9,0.099000
1648726244.526685566,5,0.043000
1648726244.549058510,1,0.017000
1648726244.571351979,0,0.000000
1648726244.595366804,6,0.081000
1648726244.618203976,1,0.027000
1648726244.642159808,21,0.254000
1648726244.664172907,15,0.189000
1648726244.686142230,1,0.000000
1648726244.708479936,4,0.055000
1648726244.732693922,0,0.008000
1648726244.754954792,5,0.028000
1648726244.778159284,3,0.027000
1648726244.800410753,1,0.000000
1648726244.823638269,1,0.018000
1648726244.845096452,8,0.105000
1648726244.866981220,1,0.013000
1648726244.891498931,4,0.041000
1648726244.914689123,0,0.000000
1648726244.937310244,0,0.000000
1648726244.958565402,0,0.008000
1648726244.980475609,1,0.003000
1648726245.001414551,12,0.134000
1648726245.023455025,8,0.095000
1648726245.046591849,1,0.001000
1648726245.069086150,0,0.032000
1648726245.090411540,11,0.124000
1648726245.114309527,11,0.113000
1648726245.136964267,1,0.000000
1648726245.159402011,0,0.022000
1648726245.183099947,6,0.053000
1648726245.204740176,0,0.001000
1648726245.228275593,5,0.088000
1648726245.250283365,2,0.009000
1648726245.271811710,7,0.098000
1648726245.294020759,2,0.031000
1648726245.315969781,12,0.158000
1648726245.337501398,9,0.062000
1648726245.359361719,0,0.000000
1648726245.382328245,5,0.065000
1648726245.406651600,0,0.000000
1648726245.428795544,8,0.058000
1648726245.452015461,3,0.057000
1648726245.476078894,4,0.059000
1648726245.498824530,0,0.000000
1648726245.522400093,1,0.006000
1648726245.545272484,10,0.116000
1648726245.567074247,16,0.142000
1648726245.590641354,3,0.004000
1648726245.614275205,4,0.040000
1648726245.637160701,0,0.000000
1648726245.660859990,2,0.019000
1648726245.684308068,1,0.013000
1648726245.707704787,2,0.024000
1648726245.732201968,2,0.038000
1648726245.754137413,2,0.000000
1648726245.776445700,3,0.016000
1648726245.799536957,7,0.082000
1648726245.823205907,2,0.041000
1648726245.844903538,3,0.011000
1648726245.867655185,0,0.004000
1648726245.890256008,21,0.224000
1648726245.913675183,14,0.165000
1648726245.935704951,2,0.012000
1648726245.958543629,2,0.006000
1648726245.980022157,0,0.000000
1648726246.003379846,3,0.027000
1648726246.025288019,1,0.021000
1648726246.045848993,1,0.025000
1648726246.066607196,0,0.000000
1648726246.089718350,2,0.023000
1648726246.112937523,4,0.025000
1648726246.133478779,8,0.060000
1648726246.155657714,0,0.000000
1648726246.178154218,4,0.071000
1648726246.202097628,10,0.124000
1648726246.225844925,11,0.086000
1648726246.250057686,2,0.022000
1648726246.271975845,0,0.016000
1648726246.294897104,0,0.029000
1648726246.318097597,1,0.036000
1648726246.338899351,0,0.004000
1648726246.360931324,10,0.136000
1648726246.385416730,1,0.007000
1648726246.407439812,0,0.019000
1648726246.430383664,2,0.020000
1648726246.452776507,6,0.051000
1648726246.475188360,0,0.000000
1648726246.497584114,21,0.245000
1648726246.520320439,12,0.153000
1648726246.543073050,2,0.013000
1648726246.565733871,3,0.030000
1648726246.588362096,4,0.000000
1648726246.610113700,3,0.029000
1648726246.632585305,0,0.000000
1648726246.655287426,8,0.080000
1648726246.677277191,1,0.018000
1648726246.700749744,8,0.093000
1648726246.724245969,0,0.000000
1648726246.747658440,0,0.000000
1648726246.770408421,1,0.026000
1648726246.790771604,2,0.012000
1648726246.811952416,6,0.089000
1648726246.833669964,4,0.012000
1648726246.857653724,2,0.019000
1648726246.880691327,0,0.011000
1648726246.904613833,8,0.078000
1648726246.928183446,12,0.119000
1648726246.950430036,3,0.043000
1648726246.973199135,3,0.024000
1648726246.996307740,4,0.040000
1648726247.019241726,2,0.024000
1648726247.042948302,0,0.007000
1648726247.066537748,4,0.035000
1648726247.088698237,1,0.000000
1648726247.112418175,1,0.011000
1648726247.136261835,1,0.000000
1648726247.157650492,0,0.000000
1648726247.179202353,1,0.008000
1648726247.202681139,5,0.058000
1648726247.223836687,0,0.000000
1648726247.247564978,4,0.035000
1648726247.271101496,3,0.024000
1648726247.292897707,0,0.000000
1648726247.316480127,16,0.186000
1648726247.340893786,13,0.136000
1648726247.364469212,0,0.026000
1648726247.388180534,0,0.000000
1648726247.411428230,0,0.000000
1648726247.431819187,2,0.038000
1648726247.453808556,1,0.004000
1648726247.476125728,4,0.035000
1648726247.498909835,2,0.034000
1648726247.521248860,0,0.000000
1648726247.544871906,0,0.008000
1648726247.568097229,1,0.034000
1648726247.589814100,1,0.012000
1648726247.613192492,2,0.023000
1648726247.634987597,1,0.000000
1648726247.659085858,2,0.017000
1648726247.680717278,7,0.066000
1648726247.702392246,2,0.012000
1648726247.725475621,1,0.007000
1648726247.748733558,10,0.143000
1648726247.772057097,11,0.103000
1648726247.792689192,3,0.020000
1648726247.813858450,6,0.072000
1648726247.837359513,1,0.034000
1648726247.861045525,3,0.056000
1648726247.883920896,1,0.000000
1648726247.907227589,2,0.027000
1648726247.930025455,2,0.027000
1648726247.953542490,5,0.036000
1648726247.977252517,3,0.058000
1648726248.001263949,8,0.053000
1648726248.023434259,2,0.038000
1648726248.046993934,2,0.007000
1648726248.070804639,2,0.028000
1648726248.092457975,3,0.027000
1648726248.114349209,0,0.025000
1648726248.136596065,3,0.020000
1648726248.157980838,12,0.156000
1648726248.182390676,1,0.015000
1648726248.205634618,11,0.106000
1648726248.225698069,7,0.056000
1648726248.247879339,0,0.000000
1648726248.270411199,18,0.228000
1648726248.292784980,6,0.066000
1648726248.315931942,3,0.012000
1648726248.337658977,4,0.063000
1648726248.358906503,3,0.025000
1648726248.381133997,2,0.030000
1648726248.404460572,3,0.006000
1648726248.427743426,3,0.052000
1648726248.450918167,0,0.000000
1648726248.472468144,2,0.008000
1648726248.495980695,9,0.082000
1648726248.519050467,1,0.019000
1648726248.542979790,2,0.011000
1648726248.566042458,5,0.038000
1648726248.588818703,0,0.003000
1648726248.611200552,1,0.017000
1648726248.632375843,5,0.049000
1648726248.656452263,0,0.000000
1648726248.679579242,10,0.107000
1648726248.702899686,5,0.074000
1648726248.725982425,5,0.065000
1648726248.748424154,2,0.031000
1648726248.771448382,0,0.006000
1648726248.793966513,2,0.010000
1648726248.817006880,0,0.000000
1648726248.841718601,2,0.008000
1648726248.864325959,0,0.000000
1648726248.887783836,4,0.053000
1648726248.912131900,7,0.076000
1648726248.933815942,1,0.023000
1648726248.954935294,5,0.097000
1648726248.977433081,0,0.037000
1648726249.000017639,0,0.016000
1648726249.022552659,2,0.022000
1648726249.046527603,0,0.004000
1648726249.067607411,0,0.003000
1648726249.089812692,2,0.006000
1648726249.111337699,0,0.014000
1648726249.135323411,0,0.023000
1648726249.158493307,0,0.004000
1648726249.181233703,2,0.017000
1648726249.202946769,6,0.085000
1648726249.225460844,1,0.024000
1648726249.247115690,3,0.070000
1648726249.270113972,1,0.000000
1648726249.291241297,2,0.000000
1648726249.314686740,5,0.068000
1648726249.336671171,5,0.035000
1648726249.357316900,0,0.000000
1648726249.379378582,4,0.021000
1648726249.402050315,0,0.001000
1648726249.422903756,4,0.044000
1648726249.445927445,0,0.015000
1648726249.470074615,2,0.011000
1648726249.492901921,5,0.071000
1648726249.516601715,3,0.039000
1648726249.538237774,7,0.075000
1648726249.561394861,1,0.000000
1648726249.583245130,9,0.117000
1648726249.606475210,0,0.016000
1648726249.628710693,0,0.000000
1648726249.651923679,8,0.106000
1648726249.670773940,4,0.019000
1648726249.693456979,0,0.012000
1648726249.715349439,0,0.006000
1648726249.735928565,2,0.016000
1648726249.758064435,2,0.005000
1648726249.781233566,1,0.004000
1648726249.803977108,2,0.009000
1648726249.827395706,2,0.009000
1648726249.849220950,2,0.003000
1648726249.873723900,4,0.036000
1648726249.896032122,1,0.027000
1648726249.919961231,8,0.062000
1648726249.942317225,1,0.014000
1648726249.965920722,0,0.024000
1648726249.990357661,8,0.101000
1648726250.013933605,7,0.060000
1648726250.036842251,16,0.208000
1648726250.059938961,8,0.119000
1648726250.082820189,0,0.002000
1648726250.103775905,10,0.141000
1648726250.127343674,1,0.018000
1648726250.149147746,0,0.000000
1648726250.170430716,2,0.015000
1648726250.193147909,2,0.026000
1648726250.214315749,1,0.007000
1648726250.235935665,0,0.026000
1648726250.257729016,3,0.046000
1648726250.282010861,4,0.024000
1648726250.304347868,0,0.000000
1648726250.327139805,3,0.011000
1648726250.350063623,8,0.101000
1648726250.373544639,2,0.000000
1648726250.396806108,18,0.216000
1648726250.420457376,8,0.128000
1648726250.443345339,0,0.029000
1648726250.467006957,0,0.000000
1648726250.490444384,1,0.021000
1648726250.511937803,2,0.041000
1648726250.534510637,2,0.026000
1648726250.557832213,3,0.033000
1648726250.581072261,0,0.000000
1648726250.603059194,10,0.098000
1648726250.625742367,1,0.008000
1648726250.649327407,1,0.013000
1648726250.672485911,0,0.005000
1648726250.694385579,1,0.034000
1648726250.718805974,3,0.017000
1648726250.742321884,1,0.008000
1648726250.765441520,0,0.001000
1648726250.786930762,7,0.063000
1648726250.807810154,3,0.035000
1648726250.829329509,1,0.013000
1648726250.851803515,5,0.040000
1648726250.874498227,1,0.023000
1648726250.895824462,0,0.000000
1648726250.919711139,0,0.000000
1648726250.943433403,2,0.041000
1648726250.965602198,1,0.021000
1648726250.988917440,2,0.010000
1648726251.012234435,1,0.011000
1648726251.035160378,1,0.024000
1648726251.056154594,1,0.042000
1648726251.078566771,0,0.020000
1648726251.102032307,0,0.003000
1648726251.124198614,3,0.019000
1648726251.147368292,0,0.000000
1648726251.171885774,23,0.267000
1648726251.192982358,9,0.120000
1648726251.216878840,3,0.037000
1648726251.239400901,1,0.005000
1648726251.262287412,2,0.025000
1648726251.286145218,17,0.164000
1648726251.309447882,25,0.317000
1648726251.331092746,10,0.126000
1648726251.355253622,1,0.001000
1648726251.377822180,3,0.024000
1648726251.400576632,3,0.049000
1648726251.425147538,9,0.073000
1648726251.447510733,0,0.044000
1648726251.469780033,15,0.199000
1648726251.493508745,13,0.155000
1648726251.515528977,0,0.000000
1648726251.537374514,4,0.013000
1648726251.561003193,1,0.012000
1648726251.582396593,2,0.036000
1648726251.604764350,2,0.025000
1648726251.627425839,3,0.025000
1648726251.648193035,5,0.032000
1648726251.670780870,2,0.017000
1648726251.693042509,2,0.039000
1648726251.716079446,4,0.077000
1648726251.738861663,4,0.035000
1648726251.761257980,1,0.013000
1648726251.785948827,3,0.032000
1648726251.807174400,6,0.048000
1648726251.829448058,0,0.000000
1648726251.851087622,0,0.000000
1648726251.873968232,0,0.000000
1648726251.895948891,0,0.011000
1648726251.917958281,3,0.016000
1648726251.939284220,2,0.025000
1648726251.962236468,0,0.007000
1648726251.985139551,3,0.027000
1648726252.006984871,5,0.059000
1648726252.029205841,8,0.093000
1648726252.050759239,2,0.021000
1648726252.073923530,18,0.225000
1648726252.096409179,4,0.059000
1648726252.119481784,1,0.031000
1648726252.141505716,1,0.013000
1648726252.163090589,2,0.008000
1648726252.186381987,22,0.255000
1648726252.210032122,21,0.259000
1648726252.232129902,2,0.028000
1648726252.254175702,3,0.018000
1648726252.275740950,1,0.000000
1648726252.296749983,4,0.047000
1648726252.318893182,2,0.020000
1648726252.341445202,7,0.071000
1648726252.362744300,2,0.031000
1648726252.388098079,2,0.046000
1648726252.410460190,2,0.005000
1648726252.431776846,0,0.014000
1648726252.453773482,0,0.000000
1648726252.476541526,5,0.043000
1648726252.499704704,1,0.017000
1648726252.521998538,3,0.031000
1648726252.544722860,3,0.035000
1648726252.566213573,1,0.023000
1648726252.588459509,1,0.007000
1648726252.611262809,1,0.016000
1648726252.634679232,2,0.031000
1648726252.657853579,4,0.051000
1648726252.681410637,2,0.024000
1648726252.704975074,10,0.100000
1648726252.726352631,3,0.035000
1648726252.749252234,5,0.046000
1648726252.771327013,4,0.012000
1648726252.793490564,8,0.088000
1648726252.815759014,0,0.000000
1648726252.838742339,7,0.065000
1648726252.860176406,3,0.038000
1648726252.882664273,2,0.022000
1648726252.905896788,0,0.007000
1648726252.927884484,5,0.045000
1648726252.952042922,0,0.019000
1648726252.974956635,1,0.031000
1648726252.996870562,6,0.052000
1648726253.019298915,1,0.036000
1648726253.042347985,7,0.086000
1648726253.066655651,2,0.034000
1648726253.090227845,4,0.042000
1648726253.112223039,2,0.023000
1648726253.135486761,2,0.024000
1648726253.158014829,2,0.047000
1648726253.180997302,3,0.036000
1648726253.202160045,7,0.080000
1648726253.224431058,2,0.041000
1648726253.246912190,18,0.178000
1648726253.269502171,2,0.020000
1648726253.293097220,6,0.055000
1648726253.315110905,2,0.015000
1648726253.337100984,12,0.114000
1648726253.359589650,2,0.039000
1648726253.382684549,15,0.152000
1648726253.404374163,8,0.083000
1648726253.427052941,8,0.094000
1648726253.448947029,4,0.037000
1648726253.472400777,2,0.032000
1648726253.495320141,1,0.009000
1648726253.518703265,3,0.021000
1648726253.542259944,2,0.030000
1648726253.565645158,0,0.011000
1648726253.586816882,0,0.000000
1648726253.608903237,0,0.008000
1648726253.631310641,5,0.053000
1648726253.654461606,2,0.024000
1648726253.675912433,1,0.014000
1648726253.698498854,4,0.035000
1648726253.722718758,8,0.082000
1648726253.744756132,0,0.012000
1648726253.766777850,10,0.115000
1648726253.789556573,6,0.036000
1648726253.811777039,0,0.000000
1648726253.834333948,9,0.062000
1648726253.857179257,2,0.014000
1648726253.880193447,3,0.037000
1648726253.902918216,1,0.014000
1648726253.925197414,3,0.024000
1648726253.947023909,2,0.011000
1648726253.970128782,6,0.070000
1648726253.993182181,6,0.076000
1648726254.015116991,19,0.214000
1648726254.037079107,3,0.038000
1648726254.060135958,4,0.026000
1648726254.082492712,0,0.013000
1648726254.105417157,4,0.058000
1648726254.128113118,4,0.026000
1648726254.149080162,0,0.002000
1648726254.170641554,3,0.007000
1648726254.194651843,8,0.062000
1648726254.216121200,1,0.009000
1648726254.238197654,3,0.047000
1648726254.260406560,4,0.021000
1648726254.283551619,6,0.041000
1648726254.307040306,2,0.034000
1648726254.329324958,3,0.046000
1648726254.352797075,2,0.000000
1648726254.377061138,13,0.173000
1648726254.399043105,2,0.013000
1648726254.422268108,9,0.143000
1648726254.444953574,3,0.045000
1648726254.465468261,2,0.000000
1648726254.488705332,0,0.004000
1648726254.512235887,1,0.014000
1648726254.536060387,0,0.013000
1648726254.559406238,6,0.034000
1648726254.582997039,4,0.071000
1648726254.604810410,2,0.015000
1648726254.627110688,3,0.048000
1648726254.650845811,5,0.075000
1648726254.673384302,4,0.067000
1648726254.694772222,2,0.037000
1648726254.715814493,3,0.031000
1648726254.737681562,3,0.039000
1648726254.760272134,14,0.143000
1648726254.782563816,4,0.063000
1648726254.804722601,3,0.008000
1648726254.826261526,2,0.008000
1648726254.850051532,6,0.094000
1648726254.872249305,4,0.070000
1648726254.895158486,11,0.096000
1648726254.917388399,17,0.242000
1648726254.940124832,1,0.011000
1648726254.963591020,1,0.000000
1648726254.984510111,0,0.000000
1648726255.007590328,0,0.007000
1648726255.029641643,0,0.000000
1648726255.052440624,0,0.000000
1648726255.075800249,3,0.034000
1648726255.098852600,3,0.040000
1648726255.120303693,1,0.018000
1648726255.143687686,2,0.042000
1648726255.166789772,3,0.014000
1648726255.189887967,7,0.079000
1648726255.212510326,3,0.023000
1648726255.235197877,1,0.004000
1648726255.258021328,1,0.023000
1648726255.279264485,9,0.107000
1648726255.302975809,2,0.035000
1648726255.325765687,18,0.202000
1648726255.346816500,17,0.187000
1648726255.368091768,3,0.031000
1648726255.391263391,6,0.055000
1648726255.412717087,3,0.059000
1648726255.437003630,0,0.000000
1648726255.459212043,2,0.027000
1648726255.480980193,10,0.130000
1648726255.503509601,5,0.040000
1648726255.525444056,6,0.082000
1648726255.548320407,4,0.035000
1648726255.571369357,0,0.016000
1648726255.594586612,1,0.007000
1648726255.616264984,2,0.020000
1648726255.639249682,8,0.091000
1648726255.662468689,3,0.005000
1648726255.687598199,6,0.066000
1648726255.709400973,0,0.007000
1648726255.732215112,0,0.000000
1648726255.755714450,3,0.015000
1648726255.779042944,0,0.011000
1648726255.802191951,2,0.034000
1648726255.826113015,3,0.012000
1648726255.848188183,3,0.035000
1648726255.867941172,4,0.067000
1648726255.892424536,2,0.010000
1648726255.914228659,7,0.048000
1648726255.937608900,1,0.024000
1648726255.962177043,11,0.112000
1648726255.986494844,7,0.066000
1648726256.008416510,0,0.000000
1648726256.031983662,3,0.018000
1648726256.054085202,0,0.019000
1648726256.077570284,0,0.000000
1648726256.099463714,6,0.047000
1648726256.121624230,1,0.007000
1648726256.145144381,3,0.036000
1648726256.166943231,0,0.000000
1648726256.188694137,14,0.170000
1648726256.210487714,2,0.050000
1648726256.233053053,20,0.246000
1648726256.255680131,13,0.131000
1648726256.279284898,3,0.035000
1648726256.302478621,0,0.017000
1648726256.325399444,0,0.010000
1648726256.348046716,6,0.084000
1648726256.372066833,2,0.010000
1648726256.394079025,16,0.176000
1648726256.416972941,5,0.026000
1648726256.439549268,7,0.069000
1648726256.462892024,0,0.000000
1648726256.486164129,0,0.000000
1648726256.508486861,2,0.006000
1648726256.531302769,1,0.017000
1648726256.554707189,3,0.066000
1648726256.579842258,0,0.000000
1648726256.603212844,2,0.000000
1648726256.625323199,3,0.047000
1648726256.647829508,5,0.041000
1648726256.669578850,0,0.012000
1648726256.692494348,2,0.038000
1648726256.714509867,1,0.016000
1648726256.736267262,1,0.018000
1648726256.758463302,2,0.011000
1648726256.782020040,1,0.022000
1648726256.804369809,2,0.030000
1648726256.827474836,0,0.000000
1648726256.851111941,0,0.009000
1648726256.872707563,1,0.015000
1648726256.895028370,3,0.054000
1648726256.918245782,0,0.015000
1648726256.940053657,3,0.019000
1648726256.962219763,12,0.109000
1648726256.985858397,10,0.161000
1648726257.006692290,2,0.025000
1648726257.028071180,8,0.128000
1648726257.050904282,2,0.001000
1648726257.074659575,4,0.021000
1648726257.098011355,0,0.026000
1648726257.122006860,2,0.013000
1648726257.144489292,4,0.056000
1648726257.165146544,1,0.014000
1648726257.189412745,1,0.009000
1648726257.211629600,0,0.000000
1648726257.233408416,0,0.003000
1648726257.254391288,2,0.017000
1648726257.276363066,2,0.046000
1648726257.299334679,1,0.000000
1648726257.322075777,1,0.025000
1648726257.345491630,2,0.036000
1648726257.368399436,4,0.045000
1648726257.389255762,12,0.112000
1648726257.412203233,2,0.047000
1648726257.434420264,1,0.012000
1648726257.457179783,4,0.035000
1648726257.478629341,0,0.000000
1648726257.502303987,2,0.024000
1648726257.525743277,23,0.271000
1648726257.547896968,2,0.046000
1648726257.570652910,5,0.081000
1648726257.593847916,2,0.005000
1648726257.615473170,3,0.041000
1648726257.638327153,2,0.020000
1648726257.661823648,3,0.063000
1648726257.686083871,5,0.070000
1648726257.709444753,1,0.019000
1648726257.733426431,0,0.000000
1648726257.755340402,0,0.012000
1648726257.777675708,1,0.014000
1648726257.802453143,4,0.024000
1648726257.826092490,4,0.045000
1648726257.848084567,2,0.008000
1648726257.871207411,0,0.011000
1648726257.892938484,2,0.007000
1648726257.915022887,2,0.027000
1648726257.938064992,0,0.000000
1648726257.959866972,8,0.079000
1648726257.981454582,1,0.018000
1648726258.005086774,2,0.036000
1648726258.029333909,9,0.096000
1648726258.052001083,0,0.018000
1648726258.075206674,0,0.011000
1648726258.097043524,1,0.022000
1648726258.119243273,7,0.077000
1648726258.142229660,0,0.002000
1648726258.165269233,4,0.032000
1648726258.188485617,3,0.017000
1648726258.212430135,4,0.062000
1648726258.234392512,3,0.034000
1648726258.257484103,0,0.000000
1648726258.280129384,4,0.059000
1648726258.304255654,1,0.045000
1648726258.328292276,17,0.172000
1648726258.350193375,0,0.000000
1648726258.374059952,1,0.026000
1648726258.397111833,3,0.012000
1648726258.418642005,0,0.011000
1648726258.441903020,4,0.013000
1648726258.465981227,9,0.088000
1648726258.488423335,4,0.024000
1648726258.510170691,5,0.054000
1648726258.533553414,2,0.039000
1648726258.555361235,1,0.003000
1648726258.577231386,4,0.024000
1648726258.601492713,0,0.012000
1648726258.623172357,1,0.008000
1648726258.646148469,19,0.207000
1648726258.668917116,13,0.182000
1648726258.692506351,2,0.000000
1648726258.713468404,2,0.033000
1648726258.736706441,3,0.020000
1648726258.759957144,1,0.031000
1648726258.780334152,4,0.029000
1648726258.804074278,1,0.000000
1648726258.826863803,1,0.004000
1648726258.849880221,4,0.051000
1648726258.872889689,0,0.037000
1648726258.896112269,0,0.010000
1648726258.919242755,17,0.212000
1648726258.942453405,12,0.136000
1648726258.966396744,1,0.028000
1648726258.988138280,10,0.159000
1648726259.013106231,2,0.013000
1648726259.034167618,0,0.005000
1648726259.056628932,0,0.000000
1648726259.078823401,17,0.225000
1648726259.103386949,3,0.037000
1648726259.126174614,0,0.004000
1648726259.150526931,6,0.037000
1648726259.172448898,1,0.022000
1648726259.193671201,0,0.027000
1648726259.215694943,2,0.024000
1648726259.238197108,5,0.053000
1648726259.261495784,0,0.030000
1648726259.282503249,1,0.043000
1648726259.305888059,0,0.016000
1648726259.326689719,0,0.010000
1648726259.349890871,2,0.022000
1648726259.373090718,0,0.011000
1648726259.396684599,2,0.026000
1648726259.418708696,3,0.014000
1648726259.441412326,1,0.023000
1648726259.464831433,2,0.016000
1648726259.488126071,0,0.003000
1648726259.510437451,13,0.152000
1648726259.532105836,4,0.032000
1648726259.555378031,13,0.132000
1648726259.579469321,8,0.066000
1648726259.602961777,3,0.029000
1648726259.624890588,1,0.001000
1648726259.647129779,2,0.037000
1648726259.671226332,0,0.011000
1648726259.692336949,14,0.168000
1648726259.715373943,2,0.025000
1648726259.739398974,10,0.171000
1648726259.763074297,4,0.048000
1648726259.786399167,9,0.120000
1648726259.808043439,11,0.127000
1648726259.832478070,4,0.014000
1648726259.854302322,10,0.116000
1648726259.877101511,1,0.000000
1648726259.900350723,3,0.032000
1648726259.922709976,3,0.021000
1648726259.944801906,4,0.061000
1648726259.967735503,0,0.005000
1648726259.991555477,0,0.007000
1648726260.013358462,6,0.088000
1648726260.035873335,3,0.037000
1648726260.059682908,2,0.051000
1648726260.083272010,1,0.014000
1648726260.106053221,13,0.143000
1648726260.129663261,3,0.035000
1648726260.153252563,2,0.023000
1648726260.175437910,3,0.031000
1648726260.196362681,9,0.124000
1648726260.219053850,1,0.013000
1648726260.242586905,5,0.080000
1648726260.264742716,0,0.000000
1648726260.287211722,6,0.087000
1648726260.310548803,0,0.000000
1648726260.334044843,2,0.032000
1648726260.357237501,0,0.000000
1648726260.381216262,3,0.045000
1648726260.402400380,2,0.018000
1648726260.425179747,2,0.036000
1648726260.449720563,0,0.017000
1648726260.471578238,9,0.100000
1648726260.494554995,3,0.016000
1648726260.516558417,4,0.036000
1648726260.540011940,0,0.003000
1648726260.562284270,2,0.012000
1648726260.585768343,0,0.027000
1648726260.608852447,2,0.018000
1648726260.632479401,1,0.007000
1648726260.655762629,2,0.023000
1648726260.678387954,25,0.311000
1648726260.700851094,14,0.129000
1648726260.723985925,3,0.034000
1648726260.746881243,3,0.014000
1648726260.770467482,3,0.055000
1648726260.792470343,0,0.005000
1648726260.816203630,5,0.057000
1648726260.839007548,0,0.013000
1648726260.863424204,3,0.020000
1648726260.886991984,2,0.023000
1648726260.909028101,6,0.055000
1648726260.931913014,0,0.000000
1648726260.953994480,2,0.018000
1648726260.978532341,5,0.051000
1648726261.001286801,0,0.000000
1648726261.023712867,4,0.052000
1648726261.045280142,1,0.047000
1648726261.067802704,8,0.121000
1648726261.090933169,0,0.011000
1648726261.114690526,2,0.024000
1648726261.136740757,1,0.017000
1648726261.157306818,2,0.029000
1648726261.180504316,0,0.003000
1648726261.204040653,32,0.387000
1648726261.227431134,21,0.238000
1648726261.251477470,8,0.042000
1648726261.274214269,2,0.038000
1648726261.298461816,2,0.005000
1648726261.321212117,3,0.043000
1648726261.343906939,3,0.023000
1648726261.367174803,3,0.025000
1648726261.387968593,3,0.014000
1648726261.411719349,0,0.000000
1648726261.435228262,1,0.023000
1648726261.456368268,3,0.067000
1648726261.479029995,2,0.023000
1648726261.503384455,2,0.017000
1648726261.527338447,3,0.023000
1648726261.549049257,5,0.059000
1648726261.572359586,2,0.013000
1648726261.596014288,3,0.018000
1648726261.617567474,0,0.006000
1648726261.639771130,5,0.055000
1648726261.663028585,1,0.016000
1648726261.685665848,2,0.010000
1648726261.709174425,2,0.020000
1648726261.733071327,1,0.003000
1648726261.755325296,1,0.043000
1648726261.778089120,3,0.027000
1648726261.798913155,9,0.077000
1648726261.822745356,1,0.026000
1648726261.843177825,1,0.006000
1648726261.864429107,1,0.006000
1648726261.887625525,5,0.056000
1648726261.910241179,4,0.069000
1648726261.933401223,7,0.088000
1648726261.956852214,2,0.027000
1648726261.979708412,5,0.051000
1648726262.002908023,2,0.026000
1648726262.025469654,0,0.012000
1648726262.046712921,2,0.011000
1648726262.069656608,1,0.014000
1648726262.091797351,3,0.050000
1648726262.114809789,8,0.094000
1648726262.138192644,4,0.040000
1648726262.161499165,0,0.026000
1648726262.184050261,1,0.021000
1648726262.207699463,0,0.000000
1648726262.229683863,10,0.094000
1648726262.253287659,3,0.024000
1648726262.276609337,4,0.046000
1648726262.299029120,1,0.014000
1648726262.321239370,1,0.005000
1648726262.343541593,2,0.046000
1648726262.367417753,6,0.075000
1648726262.390972755,3,0.034000
1648726262.414553457,5,0.060000
1648726262.435941931,1,0.015000
1648726262.459380253,1,0.019000
1648726262.482553513,3,0.005000
1648726262.504251007,2,0.004000
1648726262.528109120,1,0.019000
1648726262.550967986,9,0.146000
1648726262.574323793,2,0.011000
1648726262.595133676,3,0.027000
1648726262.618122159,1,0.004000
1648726262.642218427,6,0.088000
1648726262.663873352,3,0.022000
1648726262.686765986,4,0.023000
1648726262.708320991,14,0.197000
1648726262.731323567,2,0.010000
1648726262.754505390,2,0.008000
1648726262.777201969,2,0.005000
1648726262.800739136,4,0.049000
1648726262.822886431,3,0.023000
1648726262.846195852,3,0.053000
1648726262.869574682,8,0.093000
1648726262.891063134,18,0.178000
1648726262.913946483,4,0.063000
1648726262.936012495,4,0.034000
1648726262.957650223,3,0.032000
1648726262.979261703,4,0.044000
1648726263.002973612,3,0.023000
1648726263.024649995,8,0.056000
1648726263.047148739,2,0.008000
1648726263.070576486,2,0.031000
1648726263.092686790,0,0.005000
1648726263.115587177,0,0.015000
1648726263.139139012,7,0.064000
1648726263.162489998,1,0.000000
1648726263.182491341,12,0.132000
1648726263.204841946,1,0.023000
1648726263.227733690,11,0.131000
1648726263.250406471,0,0.023000
1648726263.273021698,1,0.000000
1648726263.295945721,0,0.007000
1648726263.317663591,1,0.002000
1648726263.340764469,2,0.032000
1648726263.363418074,4,0.025000
1648726263.385886717,2,0.008000
1648726263.408474526,8,0.050000
1648726263.432108736,0,0.017000
1648726263.453765125,1,0.005000
1648726263.476464178,2,0.017000
1648726263.499699406,1,0.006000
1648726263.523045976,4,0.035000
1648726263.545441271,0,0.000000
1648726263.567398637,1,0.018000
1648726263.589564769,2,0.014000
1648726263.612488643,0,0.000000
1648726263.635599994,4,0.037000
1648726263.658478489,2,0.011000
1648726263.682864887,0,0.000000
1648726263.705405730,11,0.106000
1648726263.728462643,1,0.022000
1648726263.751933495,2,0.031000
1648726263.772686741,1,0.031000
1648726263.794536957,1,0.027000
1648726263.818198287,1,0.000000
1648726263.840583098,3,0.019000
1648726263.863367093,0,0.000000
1648726263.886091324,4,0.037000
1648726263.909665569,1,0.006000
1648726263.933552385,1,0.000000
1648726263.955760058,6,0.113000
1648726263.978852307,9,0.054000
1648726264.002479277,0,0.000000
1648726264.025262253,2,0.029000
1648726264.048306154,2,0.026000
1648726264.070332861,2,0.000000
1648726264.091498320,0,0.000000
1648726264.112650861,3,0.004000
1648726264.135087853,0,0.000000
1648726264.158979119,0,0.010000
1648726264.181982892,5,0.070000
1648726264.204425665,10,0.131000
1648726264.228223734,13,0.162000
1648726264.251800763,2,0.036000
1648726264.274509793,3,0.000000
1648726264.297615309,1,0.013000
1648726264.320277666,3,0.020000
1648726264.341546249,1,0.000000
1648726264.364416766,4,0.083000
1648726264.387675564,2,0.038000
1648726264.411447940,12,0.168000
1648726264.433595964,10,0.117000
1648726264.457230066,2,0.010000
1648726264.480038128,3,0.024000
1648726264.501330753,2,0.012000
1648726264.524741266,0,0.034000
1648726264.545863061,0,0.000000
1648726264.567855852,3,0.041000
1648726264.588652339,0,0.005000
1648726264.611348701,0,0.004000
1648726264.634439230,10,0.133000
1648726264.658297800,12,0.172000
1648726264.680749591,2,0.040000
1648726264.702739823,2,0.049000
1648726264.725438368,2,0.011000
1648726264.748795635,1,0.006000
1648726264.772644805,2,0.023000
1648726264.796684454,2,0.038000
1648726264.820009430,2,0.019000
1648726264.841930112,1,0.027000
1648726264.863937779,3,0.008000
1648726264.886403349,0,0.008000
1648726264.908532880,0,0.000000
1648726264.932338489,2,0.030000
1648726264.954619976,5,0.033000
1648726264.978305812,7,0.097000
1648726265.001801418,4,0.042000
1648726265.024102234,4,0.037000
1648726265.046992702,3,0.017000
1648726265.070539492,2,0.035000
1648726265.093000105,2,0.013000
1648726265.116285499,2,0.034000
1648726265.137946060,1,0.009000
1648726265.160192403,16,0.180000
1648726265.180952580,3,0.014000
1648726265.204614699,12,0.111000
1648726265.226741269,5,0.043000
1648726265.249124740,3,0.017000
1648726265.272726588,3,0.011000
1648726265.295678556,0,0.013000
1648726265.320082273,7,0.083000
1648726265.343104149,1,0.000000
1648726265.366817917,10,0.104000
1648726265.389595140,1,0.001000
1648726265.413125233,0,0.003000
1648726265.436140922,12,0.111000
1648726265.459965446,4,0.052000
1648726265.483796074,4,0.039000
1648726265.506055091,1,0.029000
1648726265.529534041,1,0.013000
1648726265.551257354,4,0.071000
1648726265.575245401,8,0.099000
1648726265.598255569,3,0.023000
1648726265.621361506,5,0.050000
1648726265.642890564,2,0.011000
1648726265.665593172,1,0.027000
1648726265.688486344,0,0.011000
1648726265.711303699,4,0.032000
1648726265.734207066,1,0.000000
1648726265.756956303,1,0.018000
1648726265.778322314,4,0.076000
1648726265.801275321,0,0.000000
1648726265.824304714,0,0.003000
1648726265.846553182,2,0.077000
1648726265.867242500,5,0.062000
1648726265.890491035,6,0.057000
1648726265.912789416,1,0.022000
1648726265.936076114,0,0.027000
1648726265.958704355,5,0.077000
1648726265.981169399,9,0.091000
1648726266.004729560,0,0.000000
1648726266.027312883,2,0.004000
1648726266.050089552,3,0.029000
1648726266.070999099,2,0.025000
1648726266.093524678,0,0.000000
1648726266.115296416,5,0.058000
1648726266.137737173,1,0.021000
1648726266.160491872,4,0.063000
1648726266.181592698,0,0.003000
1648726266.204890621,7,0.077000
1648726266.228988111,0,0.000000
1648726266.251763322,5,0.023000
1648726266.275157514,0,0.018000
1648726266.297100021,2,0.005000
1648726266.320735356,0,0.007000
1648726266.343669122,0,0.019000
1648726266.365274155,0,0.011000
1648726266.387423041,0,0.024000
1648726266.409551965,3,0.016000
1648726266.430926046,3,0.030000
1648726266.453774202,3,0.010000
1648726266.474278619,1,0.013000
1648726266.496525055,2,0.025000
1648726266.518909871,3,0.024000
1648726266.541607045,13,0.149000
1648726266.563319808,4,0.096000
1648726266.587098231,5,0.053000
1648726266.608610317,6,0.061000
1648726266.631587855,4,0.035000
1648726266.656753514,0,0.000000
1648726266.678710404,0,0.013000
1648726266.701779483,3,0.012000
1648726266.723688928,1,0.010000
1648726266.747241845,3,0.030000
1648726266.770120003,1,0.018000
1648726266.792736608,9,0.060000
1648726266.816816080,5,0.035000
1648726266.838213995,0,0.021000
1648726266.861389827,2,0.034000
1648726266.882738860,4,0.038000
1648726266.906442610,0,0.000000
1648726266.930833459,10,0.129000
1648726266.951344247,1,0.011000
1648726266.974468085,1,0.020000
1648726266.996457367,3,0.025000
1648726267.019168359,0,0.036000
1648726267.041831002,1,0.030000
1648726267.063965413,2,0.009000
1648726267.087666500,29,0.353000
1648726267.110628336,18,0.219000
1648726267.134257765,0,0.000000
1648726267.156541003,10,0.121000
1648726267.179842744,3,0.069000
1648726267.201998068,21,0.245000
1648726267.224647440,30,0.350000
1648726267.246294826,6,0.106000
1648726267.269240224,5,0.075000
1648726267.292276218,9,0.098000
1648726267.314581138,2,0.027000
1648726267.336582530,9,0.102000
1648726267.358852716,2,0.027000
1648726267.381811438,4,0.039000
1648726267.404363181,10,0.082000
1648726267.429334368,16,0.174000
1648726267.452057315,1,0.009000
1648726267.475679283,12,0.091000
1648726267.497013026,3,0.012000
1648726267.519754325,6,0.096000
1648726267.541869325,2,0.001000
1648726267.565632090,3,0.030000
1648726267.588670147,2,0.037000
1648726267.611970666,1,0.011000
1648726267.636087205,1,0.032000
1648726267.657967997,0,0.020000
1648726267.680048826,10,0.128000
1648726267.702800346,1,0.000000
1648726267.725041255,0,0.000000
1648726267.747344795,2,0.021000
1648726267.769265037,3,0.018000
1648726267.790900101,3,0.039000
1648726267.814677323,0,0.035000
1648726267.837646325,2,0.032000
1648726267.859849262,6,0.074000
1648726267.883049837,2,0.032000
1648726267.905685601,1,0.007000
1648726267.928616244,0,0.000000
1648726267.950501381,12,0.162000
1648726267.972486161,5,0.080000
1648726267.994373971,2,0.007000
1648726268.017202406,3,0.023000
1648726268.041089712,3,0.043000
1648726268.063910973,1,0.026000
1648726268.086185188,6,0.069000
1648726268.108953973,6,0.071000
1648726268.132311631,10,0.136000
1648726268.155414861,1,0.019000
1648726268.177180351,5,0.049000
1648726268.199989441,0,0.009000
1648726268.222469794,6,0.070000
1648726268.245832308,1,0.006000
1648726268.270142794,4,0.023000
1648726268.292952812,12,0.148000
1648726268.316199999,13,0.133000
1648726268.338875018,0,0.000000
1648726268.362226262,19,0.211000
1648726268.384321003,7,0.109000
1648726268.406031658,3,0.012000
1648726268.428722112,4,0.023000
1648726268.451136508,6,0.092000
1648726268.475503706,6,0.088000
1648726268.497962163,8,0.094000
1648726268.521123325,1,0.027000
1648726268.542951042,2,0.036000
1648726268.565081397,1,0.000000
1648726268.588523463,12,0.135000
1648726268.612025466,3,0.006000
1648726268.635992063,6,0.077000
1648726268.659306774,2,0.049000
1648726268.680534647,1,0.005000
1648726268.703258818,1,0.013000
1648726268.725395215,6,0.062000
1648726268.747899142,6,0.059000
1648726268.769590930,1,0.025000
1648726268.791314134,2,0.016000
1648726268.813064010,17,0.190000
1648726268.836523778,20,0.235000
1648726268.858297548,1,0.019000
1648726268.881289886,1,0.014000
1648726268.904209494,0,0.000000
1648726268.927010763,1,0.028000
1648726268.948762347,0,0.000000
1648726268.971697802,0,0.008000
1648726268.993820922,6,0.041000
1648726269.016014031,5,0.049000
1648726269.039885323,18,0.245000
1648726269.062212470,6,0.045000
1648726269.085584980,1,0.013000
1648726269.109332774,1,0.006000
1648726269.132106696,3,0.019000
1648726269.154164729,1,0.014000
1648726269.178883578,2,0.008000
1648726269.201684492,3,0.002000
1648726269.224928982,0,0.014000
1648726269.247233512,0,0.011000
1648726269.269456427,3,0.037000
1648726269.292363142,7,0.093000
1648726269.316338662,0,0.000000
1648726269.337560278,0,0.000000
1648726269.359423863,4,0.046000
1648726269.383086294,0,0.004000
1648726269.406235281,4,0.046000
1648726269.428202695,1,0.006000
1648726269.451642385,1,0.006000
1648726269.475011968,2,0.000000
1648726269.498187203,20,0.237000
1648726269.520675816,4,0.047000
1648726269.543701565,4,0.058000
1648726269.567148281,2,0.024000
1648726269.588935861,1,0.007000
1648726269.611201987,4,0.046000
1648726269.634731319,42,0.502000
1648726269.658651948,29,0.310000
1648726269.681305951,2,0.027000
1648726269.704260191,4,0.064000
1648726269.727312940,4,0.035000
1648726269.749632885,8,0.107000
1648726269.774124205,1,0.022000
1648726269.795526664,1,0.023000
1648726269.818391260,1,0.001000
1648726269.840863450,1,0.024000
1648726269.862118147,0,0.000000
1648726269.884407172,10,0.119000
1648726269.908025989,0,0.016000
1648726269.931060016,10,0.119000
1648726269.954165967,2,0.000000
1648726269.975762473,1,0.013000
1648726269.999470948,1,0.019000
1648726270.023008056,0,0.000000
1648726270.045440750,3,0.054000
1648726270.067380021,0,0.000000
1648726270.091039461,2,0.008000
1648726270.114455221,1,0.031000
1648726270.137063503,6,0.051000
1648726270.159538456,4,0.034000
1648726270.181630448,13,0.136000
1648726270.204739513,0,0.016000
1648726270.226546879,0,0.007000
1648726270.247818245,0,0.001000
1648726270.270837655,10,0.131000
1648726270.294868623,1,0.022000
1648726270.316917268,4,0.016000
1648726270.340784402,2,0.024000
1648726270.364024960,10,0.101000
1648726270.385919371,4,0.025000
1648726270.408364687,2,0.014000
1648726270.431663139,0,0.000000
1648726270.453411634,1,0.003000
1648726270.476383460,1,0.008000
1648726270.498214217,1,0.000000
1648726270.520800103,3,0.018000
1648726270.542753674,1,0.006000
1648726270.564812647,1,0.015000
1648726270.586872338,1,0.015000
1648726270.610480663,0,0.003000
1648726270.633628089,7,0.058000
1648726270.656686447,4,0.069000
1648726270.680223855,4,0.017000
1648726270.702465587,2,0.054000
1648726270.725375774,3,0.051000
1648726270.746998026,2,0.019000
1648726270.768879537,11,0.133000
1648726270.793071945,7,0.071000
1648726270.816749547,3,0.021000
1648726270.838538001,5,0.059000
1648726270.862065755,0,0.000000
1648726270.885552317,9,0.099000
1648726270.908617625,0,0.000000
1648726270.931404775,5,0.072000
1648726270.952346739,2,0.026000
1648726270.974642287,1,0.002000
1648726270.997987660,2,0.016000
1648726271.020848234,7,0.070000
1648726271.043325507,0,0.000000
1648726271.066133075,2,0.040000
1648726271.090232344,0,0.000000
1648726271.112793851,4,0.034000
1648726271.135645064,1,0.002000
1648726271.158978868,2,0.008000
1648726271.183437974,1,0.005000
1648726271.206270672,3,0.008000
1648726271.229299913,1,0.010000
1648726271.251920500,3,0.025000
1648726271.275522277,4,0.018000
1648726271.299906478,2,0.023000
1648726271.322965131,0,0.007000
1648726271.346075108,3,0.024000
1648726271.367891502,7,0.078000
1648726271.391174203,0,0.011000
1648726271.415247057,3,0.028000
1648726271.436857549,1,0.024000
1648726271.459624151,0,0.000000
1648726271.480903466,5,0.056000
1648726271.503599687,2,0.009000
1648726271.525578111,5,0.083000
1648726271.546105060,2,0.011000
1648726271.569926167,10,0.106000
1648726271.593208643,1,0.011000
1648726271.615168344,5,0.026000
1648726271.637993317,2,0.012000
1648726271.660694789,2,0.051000
1648726271.683698656,14,0.164000
1648726271.706055927,6,0.048000
1648726271.729287927,2,0.024000
1648726271.751772665,2,0.012000
1648726271.774745804,4,0.038000
1648726271.797258237,0,0.001000
1648726271.819111080,4,0.045000
1648726271.840290959,3,0.026000
1648726271.863969496,0,0.007000
1648726271.887082859,3,0.012000
1648726271.910429431,1,0.005000
1648726271.932718588,6,0.061000
1648726271.955891399,2,0.034000
1648726271.977308572,4,0.030000
1648726272.001188755,4,0.049000
1648726272.024319334,0,0.000000
1648726272.046908411,4,0.048000
1648726272.070411789,0,0.000000
1648726272.094115547,9,0.104000
1648726272.117163362,0,0.000000
1648726272.139107010,18,0.202000
1648726272.161857863,4,0.062000
1648726272.183669678,2,0.044000
1648726272.206732785,7,0.086000
1648726272.228931916,2,0.012000
1648726272.250610995,5,0.063000
1648726272.274592052,11,0.128000
1648726272.296198240,0,0.006000
1648726272.318914358,3,0.061000
1648726272.341193736,1,0.009000
1648726272.364256299,1,0.003000
1648726272.385164061,9,0.118000
1648726272.408491811,6,0.071000
1648726272.430959943,1,0.012000
1648726272.453454767,16,0.175000
1648726272.476310083,8,0.098000
1648726272.499352513,4,0.022000
1648726272.522858415,4,0.029000
1648726272.545951706,5,0.042000
1648726272.569148709,0,0.025000
1648726272.590965729,2,0.008000
1648726272.612097905,3,0.022000
1648726272.635035019,5,0.097000
1648726272.657265690,1,0.012000
1648726272.679942265,4,0.069000
1648726272.703045696,4,0.049000
1648726272.726203004,20,0.296000
1648726272.748699656,3,0.026000
1648726272.771729681,2,0.033000
1648726272.794426471,0,0.030000
1648726272.818802372,2,0.008000
1648726272.840445793,0,0.040000
1648726272.863916250,1,0.022000
1648726272.885566162,1,0.011000
1648726272.908348334,1,0.012000
1648726272.930192934,2,0.021000
1648726272.952948141,12,0.137000
1648726272.976627606,2,0.006000
1648726272.998371181,0,0.000000
1648726273.021856005,12,0.146000
1648726273.044262596,9,0.094000
1648726273.066702554,0,0.015000
1648726273.089557086,2,0.011000
1648726273.112421171,17,0.190000
1648726273.134546875,22,0.259000
1648726273.158725801,1,0.012000
1648726273.181558262,1,0.024000
1648726273.204957534,6,0.068000
1648726273.228851371,0,0.008000
1648726273.251187492,3,0.023000
1648726273.274991887,14,0.120000
1648726273.296217982,7,0.053000
1648726273.318064688,13,0.152000
1648726273.340921040,13,0.158000
1648726273.364550773,0,0.002000
1648726273.386184619,1,0.009000
1648726273.407847763,0,0.000000
1648726273.430280678,0,0.024000
1648726273.454787960,1,0.010000
1648726273.476961845,2,0.029000
1648726273.498174546,2,0.006000
1648726273.520917207,1,0.003000
1648726273.543607366,0,0.000000
1648726273.565959837,4,0.035000
1648726273.588533922,2,0.005000
1648726273.611611521,19,0.251000
1648726273.636042453,12,0.127000
1648726273.658151500,0,0.000000
1648726273.681388665,4,0.024000
1648726273.704073537,1,0.006000
1648726273.727204758,6,0.071000
1648726273.750360557,3,0.056000
1648726273.771761107,0,0.008000
1648726273.795665197,1,0.015000
1648726273.818747874,0,0.000000
1648726273.839995904,21,0.235000
1648726273.860198986,14,0.166000
1648726273.882708158,0,0.030000
1648726273.904425382,3,0.006000
1648726273.927405222,0,0.000000
1648726273.949667063,4,0.046000
1648726273.972700178,6,0.052000
1648726273.997422064,12,0.125000
1648726274.020754116,2,0.028000
1648726274.041945739,19,0.245000
1648726274.065277026,8,0.101000
1648726274.087034735,3,0.016000
1648726274.109500031,3,0.032000
1648726274.132994658,3,0.045000
1648726274.156552077,4,0.061000
1648726274.179187206,3,0.018000
1648726274.202549023,5,0.034000
1648726274.224975362,1,0.017000
1648726274.246299827,2,0.026000
1648726274.270222562,1,0.012000
1648726274.293777966,24,0.269000
1648726274.315544288,9,0.129000
1648726274.337216967,2,0.023000
1648726274.360435245,2,0.032000
1648726274.382823160,10,0.095000
1648726274.405407571,7,0.109000
1648726274.428427519,3,0.037000
1648726274.450637532,12,0.118000
1648726274.471507709,4,0.036000
1648726274.494550569,4,0.042000
1648726274.516694025,3,0.023000
1648726274.538441782,10,0.134000
1648726274.561848629,1,0.000000
1648726274.583248367,3,0.023000
1648726274.606533564,1,0.009000
1648726274.627838392,1,0.015000
1648726274.650817253,2,0.009000
1648726274.674812612,17,0.201000
1648726274.696859905,3,0.037000
1648726274.719143424,2,0.012000
1648726274.740773954,1,0.007000
1648726274.762166949,3,0.010000
1648726274.784895612,3,0.027000
1648726274.808470302,2,0.022000
1648726274.832390997,3,0.047000
1648726274.853706695,1,0.007000
1648726274.876410910,6,0.069000
1648726274.899788264,1,0.014000
1648726274.920840190,7,0.108000
1648726274.942700025,0,0.000000
1648726274.966081746,2,0.027000
1648726274.989254308,1,0.010000
1648726275.011849930,4,0.023000
1648726275.035069918,2,0.008000
1648726275.058076643,0,0.000000
1648726275.079913198,2,0.021000
1648726275.103159285,0,0.000000
1648726275.126337113,1,0.021000
1648726275.149531417,9,0.084000
1648726275.171273400,5,0.078000
1648726275.194260531,2,0.007000
1648726275.217358943,3,0.027000
1648726275.240792353,12,0.142000
1648726275.261954526,5,0.085000
1648726275.284362694,2,0.054000
1648726275.305831787,1,0.017000
1648726275.328613250,2,0.023000
1648726275.352538768,3,0.057000
1648726275.376340349,1,0.021000
1648726275.398818222,6,0.090000
1648726275.420771429,0,0.023000
1648726275.444303761,2,0.015000
1648726275.467330239,1,0.009000
1648726275.489933926,17,0.201000
1648726275.513809900,0,0.013000
1648726275.536120865,4,0.072000
1648726275.559962175,0,0.013000
1648726275.582007716,6,0.079000
1648726275.605377680,0,0.023000
1648726275.628580132,4,0.058000
1648726275.650265887,4,0.018000
1648726275.672102660,9,0.113000
1648726275.695562745,9,0.116000
1648726275.717979490,3,0.009000
1648726275.740298655,7,0.069000
1648726275.762339892,1,0.014000
1648726275.784945336,4,0.037000
1648726275.806795269,3,0.050000
1648726275.830448710,1,0.000000
1648726275.852755199,2,0.027000
1648726275.875966547,8,0.106000
1648726275.898868528,2,0.037000
1648726275.921253857,3,0.065000
1648726275.942380458,2,0.019000
1648726275.964272824,3,0.041000
1648726275.987376074,0,0.000000
1648726276.009371794,1,0.028000
1648726276.033005488,1,0.024000
1648726276.054812551,3,0.023000
1648726276.078338176,8,0.083000
1648726276.099945865,0,0.003000
1648726276.123458454,6,0.044000
1648726276.145898205,3,0.029000
1648726276.168530009,14,0.176000
1648726276.191423765,1,0.017000
1648726276.213878664,15,0.152000
1648726276.237866907,7,0.090000
1648726276.259672049,0,0.000000
1648726276.283169873,0,0.000000
1648726276.304845448,4,0.065000
1648726276.327337995,2,0.014000
1648726276.349665786,4,0.070000
1648726276.371645741,0,0.004000
1648726276.393454582,0,0.000000
1648726276.416163075,3,0.029000
1648726276.438917969,0,0.024000
1648726276.461223484,17,0.188000
1648726276.483320631,16,0.185000
1648726276.505336252,0,0.000000
1648726276.526756001,0,0.049000
1648726276.548996463,0,0.000000
1648726276.572717477,1,0.000000
1648726276.595573592,1,0.006000
1648726276.619350517,0,0.048000
1648726276.643004058,3,0.034000
1648726276.664412264,0,0.026000
1648726276.685108745,4,0.046000
1648726276.707684287,0,0.013000
1648726276.730196837,30,0.329000
1648726276.752890544,20,0.216000
1648726276.774340430,5,0.041000
1648726276.796189755,5,0.061000
1648726276.819585005,2,0.037000
1648726276.842073335,6,0.074000
1648726276.865319528,2,0.012000
1648726276.887481248,3,0.031000
1648726276.908101243,4,0.046000
1648726276.931491559,1,0.023000
1648726276.954923775,2,0.041000
1648726276.976864607,0,0.000000
1648726277.000389411,2,0.023000
1648726277.021792515,4,0.020000
1648726277.043490573,0,0.000000
1648726277.064945043,1,0.039000
1648726277.087822546,0,0.017000
1648726277.109889293,2,0.023000
1648726277.132279231,2,0.034000
1648726277.155626027,2,0.000000
1648726277.177381688,10,0.119000
1648726277.200094292,7,0.065000
1648726277.222490043,2,0.049000
1648726277.245121639,0,0.011000
1648726277.267474343,6,0.081000
1648726277.290701429,4,0.037000
1648726277.314742058,2,0.019000
1648726277.336342903,1,0.001000
1648726277.358566729,0,0.007000
1648726277.381577686,3,0.040000
1648726277.404064570,2,0.037000
1648726277.426701422,2,0.018000
1648726277.448003968,1,0.019000
1648726277.471102761,0,0.002000
1648726277.493859670,0,0.036000
1648726277.517761418,2,0.024000
1648726277.540471936,0,0.005000
1648726277.563177756,4,0.065000
1648726277.585936818,0,0.000000
1648726277.608775429,11,0.130000
1648726277.630157289,1,0.011000
1648726277.653021476,16,0.159000
1648726277.677117628,4,0.040000
1648726277.699473018,0,0.013000
1648726277.722459766,3,0.029000
1648726277.744839559,3,0.027000
1648726277.766096036,1,0.000000
1648726277.790347706,0,0.008000
1648726277.811721112,0,0.000000
1648726277.834548744,1,0.000000
1648726277.857428480,2,0.021000
1648726277.880572783,13,0.155000
1648726277.902954849,2,0.012000
1648726277.925923327,2,0.016000
1648726277.947164394,14,0.141000
1648726277.970665307,1,0.000000
1648726277.993051720,5,0.049000
1648726278.015446500,0,0.023000
1648726278.036928195,9,0.133000
1648726278.059923924,7,0.080000
1648726278.082845898,0,0.007000
1648726278.106326065,22,0.262000
1648726278.128162815,15,0.169000
1648726278.151595349,0,0.000000
1648726278.173709071,11,0.112000
1648726278.196622237,10,0.127000
1648726278.217027218,2,0.031000
1648726278.240749953,4,0.047000
1648726278.263326100,0,0.013000
1648726278.286217413,3,0.036000
1648726278.308587090,0,0.022000
1648726278.330063757,0,0.000000
1648726278.353061654,3,0.041000
1648726278.375637258,3,0.013000
1648726278.398861331,2,0.042000
1648726278.422060967,5,0.047000
1648726278.446240066,2,0.011000
1648726278.468413670,12,0.157000
1648726278.490418904,9,0.120000
1648726278.514092322,4,0.013000
1648726278.536956484,29,0.314000
1648726278.559766020,12,0.151000
1648726278.580971455,0,0.000000
1648726278.603138246,4,0.025000
1648726278.626326092,4,0.030000
1648726278.649252707,2,0.019000
1648726278.673499314,4,0.071000
1648726278.695025589,3,0.024000
1648726278.718646608,4,0.043000
1648726278.740195239,0,0.040000
1648726278.761733986,5,0.037000
1648726278.784249091,2,0.016000
1648726278.807746398,1,0.022000
1648726278.827800961,17,0.224000
1648726278.851068516,10,0.106000
1648726278.874857656,0,0.003000
1648726278.898614620,2,0.059000
1648726278.921820041,1,0.016000
1648726278.943938557,6,0.035000
1648726278.967077777,2,0.018000
1648726278.990403608,3,0.040000
1648726279.012867628,1,0.025000
1648726279.035929931,2,0.017000
1648726279.059543038,6,0.109000
1648726279.081679919,5,0.043000
1648726279.103435680,0,0.000000
1648726279.124652428,0,0.000000
1648726279.148150286,12,0.129000
1648726279.172504943,5,0.053000
1648726279.194405809,4,0.055000
1648726279.216405424,2,0.032000
1648726279.239762614,2,0.025000
1648726279.262473232,2,0.031000
1648726279.285789818,0,0.002000
1648726279.308371141,4,0.052000
1648726279.330748980,5,0.050000
1648726279.354170133,0,0.008000
1648726279.376313288,3,0.040000
1648726279.400022634,1,0.020000
1648726279.422974139,20,0.244000
1648726279.446559650,1,0.012000
1648726279.466377536,2,0.021000
