1648727228.962349573,3,0.037000
1648727228.982289975,2,0.023000
1648727229.004881490,5,0.093000
1648727229.022766034,3,0.035000
1648727229.043805781,3,0.026000
1648727229.062328039,3,0.033000
1648727229.082681355,2,0.091000
1648727229.100472351,2,0.020000
1648727229.122436763,0,0.000000
1648727229.143774263,4,0.027000
1648727229.164091792,5,0.032000
1648727229.182330379,8,0.081000
1648727229.203025579,7,0.034000
1648727229.222033619,3,0.047000
1648727229.242446630,4,0.044000
1648727229.261963494,1,0.042000
1648727229.282875783,6,0.036000
1648727229.302147810,6,0.055000
1648727229.322731175,4,0.058000
1648727229.344998669,3,0.055000
1648727229.362006525,0,0.008000
1648727229.381257793,0,0.000000
1648727229.401364290,5,0.071000
1648727229.423050836,0,0.035000
1648727229.442417004,5,0.048000
1648727229.463940511,5,0.046000
1648727229.486037631,2,0.036000
1648727229.507572352,3,0.023000
1648727229.525590849,0,0.012000
1648727229.544609095,5,0.092000
1648727229.563914395,7,0.083000
1648727229.582805418,2,0.000000
1648727229.602573460,2,0.017000
1648727229.621264664,1,0.011000
1648727229.641378809,2,0.027000
1648727229.661167377,4,0.056000
1648727229.681301063,2,0.050000
1648727229.702429828,7,0.075000
1648727229.722918570,9,0.067000
1648727229.743442562,2,0.027000
1648727229.764955210,4,0.049000
1648727229.786433093,5,0.036000
1648727229.805347866,4,0.036000
1648727229.825983406,2,0.008000
1648727229.844992069,7,0.068000
1648727229.866719309,7,0.074000
1648727229.886453257,3,0.057000
1648727229.909247968,4,0.008000
1648727229.930324325,3,0.014000
1648727229.950361269,2,0.008000
1648727229.969750021,0,0.000000
1648727229.991067533,5,0.024000
1648727230.010387686,1,0.037000
1648727230.031001928,5,0.072000
1648727230.052712332,4,0.066000
1648727230.073009409,4,0.071000
1648727230.093665814,6,0.062000
1648727230.113136001,5,0.060000
1648727230.134095566,5,0.074000
1648727230.153382614,8,0.057000
1648727230.177245545,6,0.055000
1648727230.197971354,6,0.065000
1648727230.216279160,3,0.067000
1648727230.237502745,6,0.056000
1648727230.257836563,7,0.120000
1648727230.279753746,5,0.068000
1648727230.300118254,8,0.124000
1648727230.320240969,8,0.055000
1648727230.342473538,6,0.073000
1648727230.361802496,6,0.060000
1648727230.383354205,6,0.082000
1648727230.405224619,9,0.140000
1648727230.422184007,11,0.105000
1648727230.443826485,5,0.066000
1648727230.464066695,3,0.051000
1648727230.485210423,4,0.055000
1648727230.503291870,8,0.042000
1648727230.523364021,14,0.193000
1648727230.543106616,10,0.086000
1648727230.563431820,2,0.017000
1648727230.583746291,6,0.099000
1648727230.604186876,3,0.072000
1648727230.625763643,1,0.006000
1648727230.647682205,6,0.046000
1648727230.669141168,5,0.093000
1648727230.691466391,2,0.028000
1648727230.712487327,1,0.026000
1648727230.733202386,4,0.037000
1648727230.755107765,1,0.004000
1648727230.777349674,0,0.004000
1648727230.799082714,1,0.009000
1648727230.821244736,4,0.046000
1648727230.842068833,5,0.081000
1648727230.860928135,6,0.073000
1648727230.879884185,4,0.060000
1648727230.899185121,8,0.073000
1648727230.919750140,5,0.053000
1648727230.939076600,5,0.056000
1648727230.959221609,5,0.064000
1648727230.978670957,1,0.045000
1648727230.999009578,1,0.033000
1648727231.020679008,2,0.041000
1648727231.041130680,29,0.348000
1648727231.061968275,20,0.271000
1648727231.084450811,13,0.155000
1648727231.106788488,3,0.018000
1648727231.127452619,6,0.086000
1648727231.147219968,3,0.047000
1648727231.170202675,16,0.191000
1648727231.192237939,9,0.121000
1648727231.211869884,7,0.105000
1648727231.233724033,6,0.071000
1648727231.254094305,4,0.032000
1648727231.274188047,4,0.027000
1648727231.295952573,6,0.037000
1648727231.318020563,7,0.059000
1648727231.336835461,0,0.017000
1648727231.355974576,1,0.010000
1648727231.376953846,14,0.176000
1648727231.398000558,11,0.120000
1648727231.420134334,10,0.098000
1648727231.440404406,3,0.039000
1648727231.459427631,4,0.034000
1648727231.479674337,7,0.066000
1648727231.501639498,3,0.012000
1648727231.523300766,2,0.014000
1648727231.541951721,10,0.146000
1648727231.562354962,9,0.147000
1648727231.582724899,13,0.137000
1648727231.603554564,2,0.045000
1648727231.624717105,4,0.080000
1648727231.645779031,6,0.081000
1648727231.667952626,7,0.076000
1648727231.687417547,0,0.006000
1648727231.710115792,2,0.014000
1648727231.732047642,3,0.032000
1648727231.750044275,4,0.061000
1648727231.771263418,1,0.020000
1648727231.792026382,4,0.049000
1648727231.812367922,3,0.025000
1648727231.833961799,1,0.021000
1648727231.854884317,0,0.010000
1648727231.874708883,6,0.072000
1648727231.894753942,6,0.059000
1648727231.916914351,3,0.019000
1648727231.937700199,3,0.023000
1648727231.956290300,3,0.034000
1648727231.975226344,2,0.002000
1648727231.998693468,4,0.038000
1648727232.017003298,5,0.019000
1648727232.036397624,1,0.014000
1648727232.059257646,8,0.119000
1648727232.080901300,4,0.046000
1648727232.102340956,1,0.014000
1648727232.122992828,4,0.028000
1648727232.143711221,3,0.033000
1648727232.165669015,2,0.024000
1648727232.187166371,1,0.011000
1648727232.205267244,3,0.032000
1648727232.227015831,2,0.017000
1648727232.246754613,6,0.101000
1648727232.267072606,9,0.094000
1648727232.288758465,8,0.072000
1648727232.308564857,2,0.015000
1648727232.329980186,0,0.004000
1648727232.351153815,6,0.073000
1648727232.371731538,4,0.071000
1648727232.390306534,4,0.034000
1648727232.410076157,2,0.022000
1648727232.432574067,1,0.018000
1648727232.452581519,1,0.024000
1648727232.475206206,1,0.031000
1648727232.496320600,1,0.053000
1648727232.515482885,1,0.017000
1648727232.535863159,5,0.052000
1648727232.556069988,0,0.000000
1648727232.577667505,4,0.021000
1648727232.598116514,1,0.047000
1648727232.618150732,1,0.012000
1648727232.640003739,10,0.126000
1648727232.663234371,6,0.070000
1648727232.683027327,3,0.036000
1648727232.702498296,4,0.047000
1648727232.723999798,3,0.056000
1648727232.744608844,2,0.017000
1648727232.764879613,3,0.025000
1648727232.784314082,5,0.054000
1648727232.804646246,4,0.047000
1648727232.825761925,15,0.153000
1648727232.847351727,12,0.135000
1648727232.868013048,8,0.069000
1648727232.889589033,7,0.070000
1648727232.909077707,5,0.068000
1648727232.928168308,4,0.040000
1648727232.949842650,4,0.049000
1648727232.970800704,5,0.032000
1648727232.990942465,0,0.000000
1648727233.010389363,8,0.093000
1648727233.030280796,8,0.093000
1648727233.054567734,2,0.041000
1648727233.075954506,3,0.012000
1648727233.095749555,4,0.039000
1648727233.116936113,6,0.059000
1648727233.136818927,0,0.003000
1648727233.157161278,5,0.060000
1648727233.179400133,4,0.061000
1648727233.199792265,1,0.024000
1648727233.219877943,4,0.032000
1648727233.241827888,6,0.065000
1648727233.263302668,3,0.017000
1648727233.284555164,3,0.048000
1648727233.306715317,7,0.046000
1648727233.327894832,3,0.031000
1648727233.349137875,1,0.001000
1648727233.371612866,1,0.023000
1648727233.393664580,4,0.045000
1648727233.414573004,6,0.102000
1648727233.435904003,4,0.081000
1648727233.458630152,7,0.041000
1648727233.479220364,7,0.084000
1648727233.500916760,6,0.070000
1648727233.519165294,2,0.021000
1648727233.539982565,7,0.076000
1648727233.561446168,3,0.024000
1648727233.581982756,2,0.015000
1648727233.600760747,4,0.026000
1648727233.621099955,5,0.034000
1648727233.642346038,5,0.039000
1648727233.660928609,5,0.067000
1648727233.682082456,7,0.047000
1648727233.701970104,2,0.030000
1648727233.723087065,2,0.004000
1648727233.743757018,2,0.008000
1648727233.764504172,5,0.047000
1648727233.787060624,0,0.000000
1648727233.808121466,5,0.065000
1648727233.828636752,6,0.095000
1648727233.848599642,5,0.089000
1648727233.869662020,4,0.051000
1648727233.887702300,2,0.010000
1648727233.907865482,4,0.038000
1648727233.928195530,1,0.013000
1648727233.949849587,3,0.034000
1648727233.969788414,8,0.072000
1648727233.992964564,3,0.039000
1648727234.015615861,4,0.044000
1648727234.037941621,7,0.081000
1648727234.058901541,5,0.066000
1648727234.079969761,4,0.035000
1648727234.099899694,3,0.035000
1648727234.119736283,5,0.080000
1648727234.140283975,7,0.056000
1648727234.163392045,5,0.081000
1648727234.183233606,4,0.036000
1648727234.204874418,2,0.036000
1648727234.224604234,2,0.023000
1648727234.242619712,14,0.176000
1648727234.264368147,8,0.082000
1648727234.284490216,1,0.018000
1648727234.304847624,2,0.038000
1648727234.325239078,0,0.009000
1648727234.346740660,10,0.138000
1648727234.366959814,9,0.115000
1648727234.387991177,0,0.000000
1648727234.408438842,2,0.014000
1648727234.428329671,5,0.075000
1648727234.451151943,3,0.035000
1648727234.471626350,5,0.053000
1648727234.492873874,1,0.028000
1648727234.512009527,2,0.021000
1648727234.532787763,13,0.165000
1648727234.552013139,13,0.159000
1648727234.572447761,5,0.050000
1648727234.593488128,3,0.036000
1648727234.611923061,2,0.023000
1648727234.634137001,1,0.012000
1648727234.654803247,5,0.061000
1648727234.675411906,3,0.045000
1648727234.695443358,6,0.085000
1648727234.714844602,3,0.041000
1648727234.735503240,1,0.019000
1648727234.756315909,3,0.051000
1648727234.776761647,4,0.041000
1648727234.797440577,4,0.038000
1648727234.819802270,2,0.037000
1648727234.840953850,5,0.030000
1648727234.860767708,4,0.071000
1648727234.882707453,5,0.083000
1648727234.901355073,2,0.028000
1648727234.922419174,2,0.032000
1648727234.942409172,3,0.022000
1648727234.962885544,5,0.067000
1648727234.982323294,9,0.075000
1648727235.002861758,2,0.026000
1648727235.025185224,2,0.000000
1648727235.047475549,2,0.005000
1648727235.065966721,7,0.084000
1648727235.086826784,3,0.044000
1648727235.108793334,0,0.003000
1648727235.129655816,3,0.013000
1648727235.149172085,2,0.016000
1648727235.169888602,1,0.000000
1648727235.191203546,1,0.023000
1648727235.213133091,3,0.030000
1648727235.233610546,2,0.050000
1648727235.253878167,1,0.004000
1648727235.274722696,6,0.075000
1648727235.296161630,3,0.044000
1648727235.315667759,20,0.218000
1648727235.337921072,19,0.206000
1648727235.359206908,10,0.078000
1648727235.379901887,5,0.021000
1648727235.400598895,4,0.022000
1648727235.422084913,14,0.139000
1648727235.442747827,5,0.052000
1648727235.461772564,2,0.029000
1648727235.481122923,2,0.058000
1648727235.502224866,0,0.000000
1648727235.523035869,6,0.052000
1648727235.544043072,3,0.050000
1648727235.565894834,3,0.040000
1648727235.586623171,2,0.029000
1648727235.608762657,31,0.345000
1648727235.628868987,30,0.330000
1648727235.650226401,14,0.164000
1648727235.670349596,10,0.089000
1648727235.689591084,3,0.050000
1648727235.710223241,4,0.044000
1648727235.733082572,4,0.024000
1648727235.753440437,4,0.040000
1648727235.772731891,5,0.061000
1648727235.791132279,5,0.024000
1648727235.812283006,3,0.038000
1648727235.834211878,2,0.027000
1648727235.855303968,3,0.045000
1648727235.876130940,2,0.020000
1648727235.898920987,9,0.132000
1648727235.916994550,10,0.093000
1648727235.936988535,2,0.023000
1648727235.959064722,4,0.045000
1648727235.978928533,2,0.029000
1648727236.001143033,4,0.015000
1648727236.023835321,13,0.120000
1648727236.043917580,5,0.071000
1648727236.065148429,3,0.044000
1648727236.088089034,2,0.035000
1648727236.108876945,3,0.030000
1648727236.129172237,3,0.059000
1648727236.150780013,2,0.023000
1648727236.172155561,1,0.000000
1648727236.192770130,2,0.019000
1648727236.216263120,5,0.048000
1648727236.238712535,5,0.078000
1648727236.257611138,4,0.076000
1648727236.277260770,3,0.054000
1648727236.297084218,0,0.009000
1648727236.318721821,8,0.078000
1648727236.340090390,6,0.065000
1648727236.358307395,2,0.020000
1648727236.378558176,2,0.014000
1648727236.400154445,2,0.038000
1648727236.419025817,0,0.015000
1648727236.439930676,4,0.025000
1648727236.460539358,4,0.068000
1648727236.480170162,9,0.115000
1648727236.502035553,3,0.044000
1648727236.522861267,4,0.022000
1648727236.543046816,12,0.152000
1648727236.563716503,10,0.140000
1648727236.582932905,4,0.046000
1648727236.603492733,2,0.029000
1648727236.621722891,3,0.012000
1648727236.643110569,2,0.024000
1648727236.663091484,0,0.024000
1648727236.683985540,22,0.288000
1648727236.706443803,16,0.177000
1648727236.726149480,7,0.084000
1648727236.746060035,3,0.039000
1648727236.765644418,4,0.026000
1648727236.786307541,3,0.036000
1648727236.806252317,1,0.033000
1648727236.825142164,5,0.045000
1648727236.845631969,2,0.022000
1648727236.866979650,2,0.034000
1648727236.887077839,1,0.072000
1648727236.908182150,4,0.049000
1648727236.930630576,2,0.022000
1648727236.949451603,2,0.052000
1648727236.970068447,3,0.043000
1648727236.989731106,0,0.006000
1648727237.010788823,7,0.071000
1648727237.030191504,4,0.022000
1648727237.051157580,1,0.001000
1648727237.071057860,3,0.013000
1648727237.093104224,3,0.017000
1648727237.114142120,1,0.033000
1648727237.136275043,6,0.088000
1648727237.156873631,2,0.041000
1648727237.176163981,5,0.058000
1648727237.197480392,6,0.049000
1648727237.218409968,1,0.012000
1648727237.241084320,0,0.006000
1648727237.260265635,6,0.027000
1648727237.281325718,7,0.068000
1648727237.301935467,3,0.023000
1648727237.323846127,0,0.020000
1648727237.344055072,3,0.005000
1648727237.363835592,3,0.019000
1648727237.385200248,6,0.055000
1648727237.406292752,4,0.051000
1648727237.428456846,2,0.019000
1648727237.449199748,19,0.203000
1648727237.468960971,13,0.189000
1648727237.489805385,6,0.099000
1648727237.511636623,5,0.060000
1648727237.533296487,2,0.025000
1648727237.552315481,5,0.038000
1648727237.574639905,1,0.035000
1648727237.597035501,5,0.040000
1648727237.618419575,3,0.031000
1648727237.638336377,5,0.062000
1648727237.658939520,3,0.062000
1648727237.680083052,1,0.031000
1648727237.700969020,1,0.017000
1648727237.721344900,2,0.032000
1648727237.740789106,2,0.036000
1648727237.763900671,3,0.034000
1648727237.787005514,0,0.011000
1648727237.809098261,3,0.033000
1648727237.829123601,4,0.044000
1648727237.850532908,13,0.141000
1648727237.872193562,10,0.151000
1648727237.892965108,9,0.064000
1648727237.913904497,2,0.013000
1648727237.936928284,3,0.036000
1648727237.959747861,2,0.000000
1648727237.981798031,3,0.042000
1648727238.002062327,2,0.037000
1648727238.023064374,3,0.017000
1648727238.044465106,50,0.614000
1648727238.067489378,66,0.801000
1648727238.090580405,58,0.682000
1648727238.113096821,37,0.437000
1648727238.134247274,16,0.200000
1648727238.155673746,7,0.102000
1648727238.175942621,2,0.040000
1648727238.195497572,6,0.044000
1648727238.213773843,0,0.007000
1648727238.236244418,2,0.010000
1648727238.255381172,5,0.048000
1648727238.273990447,4,0.022000
1648727238.292735736,3,0.037000
1648727238.315248928,2,0.008000
1648727238.336380014,4,0.053000
1648727238.355489740,8,0.084000
1648727238.375760258,3,0.041000
1648727238.396142600,2,0.018000
1648727238.416937558,4,0.034000
1648727238.435691365,4,0.023000
1648727238.457651498,3,0.052000
1648727238.481448833,2,0.033000
1648727238.503501718,2,0.010000
1648727238.525746724,1,0.023000
1648727238.545851884,2,0.030000
1648727238.566841077,2,0.009000
1648727238.587396163,2,0.020000
1648727238.608573774,4,0.053000
1648727238.631078745,1,0.050000
1648727238.651556784,4,0.052000
1648727238.672130699,2,0.021000
1648727238.693960450,5,0.050000
1648727238.714417647,5,0.066000
1648727238.735292532,6,0.061000
1648727238.756025393,5,0.042000
1648727238.777376171,3,0.030000
1648727238.798999523,4,0.010000
1648727238.819215405,1,0.034000
1648727238.839233807,7,0.081000
1648727238.858490224,6,0.094000
1648727238.877815551,2,0.044000
1648727238.899350190,3,0.042000
1648727238.920287512,1,0.023000
1648727238.941164365,4,0.050000
1648727238.960445416,28,0.315000
1648727238.981946399,27,0.301000
1648727239.003048503,17,0.192000
1648727239.023219568,9,0.131000
1648727239.041672522,4,0.047000
1648727239.061872346,1,0.036000
1648727239.080080885,8,0.118000
1648727239.100457450,3,0.046000
1648727239.119859852,5,0.009000
1648727239.140219201,15,0.168000
1648727239.163690575,14,0.142000
1648727239.183425996,8,0.072000
1648727239.204911327,2,0.000000
1648727239.223506161,2,0.007000
1648727239.245522912,2,0.056000
1648727239.267210906,0,0.032000
1648727239.287794390,4,0.013000
1648727239.308923590,2,0.007000
1648727239.328882315,3,0.042000
1648727239.348297109,5,0.054000
1648727239.367976380,4,0.068000
1648727239.386567703,1,0.012000
1648727239.408360358,2,0.000000
1648727239.426780713,2,0.018000
1648727239.447065616,4,0.022000
1648727239.466306096,2,0.029000
1648727239.486792403,0,0.020000
1648727239.506405507,3,0.061000
1648727239.527118559,8,0.102000
1648727239.547226962,6,0.063000
1648727239.568021925,5,0.091000
1648727239.589815741,4,0.062000
1648727239.610719696,4,0.034000
1648727239.632009753,1,0.038000
1648727239.654254104,3,0.046000
1648727239.675122481,3,0.020000
1648727239.695978147,2,0.012000
1648727239.716748483,3,0.046000
1648727239.738136680,0,0.000000
1648727239.759784737,6,0.040000
1648727239.780013196,4,0.052000
1648727239.798810055,1,0.003000
1648727239.819760195,33,0.352000
1648727239.839422271,35,0.374000
1648727239.858041433,22,0.288000
1648727239.879713902,12,0.106000
1648727239.902154277,5,0.053000
1648727239.922953723,3,0.049000
1648727239.944279489,2,0.006000
1648727239.963978965,3,0.035000
1648727239.986320499,2,0.032000
1648727240.008368924,3,0.014000
1648727240.028147670,6,0.049000
1648727240.048840849,3,0.034000
1648727240.068103784,5,0.038000
1648727240.089706681,2,0.047000
1648727240.110633994,5,0.079000
1648727240.132774342,4,0.081000
1648727240.153032838,2,0.028000
1648727240.173938595,4,0.035000
1648727240.196390312,2,0.012000
1648727240.216201147,4,0.031000
1648727240.236978915,1,0.017000
1648727240.257430846,0,0.004000
1648727240.278661700,2,0.016000
1648727240.299476701,5,0.045000
1648727240.316555622,5,0.083000
1648727240.338351686,3,0.035000
1648727240.360059393,8,0.075000
1648727240.382159286,8,0.059000
1648727240.403972001,3,0.010000
1648727240.424362109,1,0.000000
1648727240.445550578,5,0.042000
1648727240.464721061,8,0.078000
1648727240.485084918,8,0.061000
1648727240.505568283,7,0.069000
1648727240.526260404,18,0.201000
1648727240.546999717,13,0.145000
1648727240.567576094,4,0.053000
1648727240.585859059,1,0.021000
1648727240.606344053,14,0.169000
1648727240.624888073,12,0.140000
1648727240.645074702,7,0.061000
1648727240.664591208,4,0.038000
1648727240.685438974,3,0.025000
1648727240.705438496,13,0.152000
1648727240.726239090,11,0.141000
1648727240.746615204,5,0.074000
1648727240.768385225,2,0.019000
1648727240.787617624,1,0.008000
1648727240.808982597,3,0.042000
1648727240.827199806,4,0.040000
1648727240.848627683,3,0.037000
1648727240.867362600,5,0.059000
1648727240.885159294,6,0.079000
1648727240.905472477,2,0.027000
1648727240.925563451,1,0.054000
1648727240.946682841,4,0.013000
1648727240.965389239,3,0.050000
1648727240.986988827,5,0.046000
1648727241.007028737,17,0.216000
1648727241.028783291,18,0.208000
1648727241.049456834,5,0.046000
1648727241.071289581,1,0.042000
1648727241.090792412,3,0.033000
1648727241.111126878,4,0.025000
1648727241.132148841,3,0.029000
1648727241.153018260,4,0.041000
1648727241.174655009,4,0.045000
1648727241.192609552,6,0.063000
1648727241.213268783,3,0.061000
1648727241.233960365,11,0.116000
1648727241.253092422,8,0.109000
1648727241.274462417,4,0.056000
1648727241.296980739,3,0.003000
1648727241.316510432,1,0.019000
1648727241.337273377,2,0.011000
1648727241.360366888,3,0.023000
1648727241.382852416,3,0.011000
1648727241.403686616,2,0.047000
1648727241.423337076,1,0.014000
1648727241.445375244,1,0.020000
1648727241.465412422,6,0.059000
1648727241.486388399,3,0.070000
1648727241.506211378,5,0.041000
1648727241.526407391,3,0.040000
1648727241.547080341,2,0.017000
1648727241.566079984,2,0.016000
1648727241.585724771,2,0.026000
1648727241.605994166,2,0.021000
1648727241.626409386,5,0.067000
1648727241.647885039,5,0.044000
1648727241.670131036,2,0.008000
1648727241.693482177,4,0.052000
1648727241.712743286,5,0.052000
1648727241.734263239,5,0.058000
1648727241.755050444,5,0.081000
1648727241.777336568,7,0.116000
1648727241.797466827,2,0.034000
1648727241.817188383,0,0.000000
1648727241.835918235,2,0.031000
1648727241.854805087,0,0.000000
1648727241.874980356,1,0.000000
1648727241.895652730,8,0.063000
1648727241.915155446,7,0.070000
1648727241.936002834,8,0.096000
1648727241.956670378,9,0.106000
1648727241.975811948,3,0.014000
1648727241.993561692,5,0.028000
1648727242.015553557,5,0.041000
1648727242.036667142,1,0.024000
1648727242.056561634,1,0.002000
1648727242.076713506,4,0.048000
1648727242.096744533,3,0.000000
1648727242.118183835,4,0.063000
1648727242.137196889,9,0.078000
1648727242.156323950,11,0.124000
1648727242.177700976,3,0.015000
1648727242.195917824,11,0.086000
1648727242.215591275,5,0.063000
1648727242.237062740,6,0.065000
1648727242.258926140,3,0.049000
1648727242.278802633,1,0.034000
1648727242.299719793,4,0.047000
1648727242.319941623,5,0.046000
1648727242.338346453,16,0.199000
1648727242.358922250,15,0.188000
1648727242.380454045,11,0.094000
1648727242.400269754,8,0.055000
1648727242.419405880,2,0.035000
1648727242.438710889,1,0.012000
1648727242.460127516,1,0.035000
1648727242.479318318,12,0.129000
1648727242.499251306,9,0.092000
1648727242.519989899,1,0.000000
1648727242.542641405,10,0.129000
1648727242.561634053,7,0.104000
1648727242.582343892,5,0.039000
1648727242.601249847,2,0.008000
1648727242.621414938,1,0.029000
1648727242.640592593,3,0.058000
1648727242.663558395,9,0.122000
1648727242.685355563,4,0.068000
1648727242.706360504,2,0.012000
1648727242.727869742,2,0.022000
1648727242.747728210,5,0.105000
1648727242.768587660,5,0.042000
1648727242.790080580,2,0.025000
1648727242.811017235,4,0.082000
1648727242.832604469,8,0.065000
1648727242.850366892,1,0.051000
1648727242.872122022,1,0.006000
1648727242.893721236,6,0.074000
1648727242.913925527,4,0.039000
1648727242.933618414,1,0.005000
1648727242.955335435,2,0.025000
1648727242.977241176,2,0.029000
1648727242.997211779,7,0.040000
1648727243.019248195,3,0.052000
1648727243.038740738,3,0.048000
1648727243.059188426,4,0.048000
1648727243.079179726,4,0.054000
1648727243.099195902,4,0.058000
1648727243.118191177,2,0.001000
1648727243.135788097,4,0.042000
1648727243.157710342,9,0.086000
1648727243.178689034,1,0.039000
1648727243.200385910,6,0.045000
1648727243.219389509,3,0.043000
1648727243.241072439,3,0.017000
1648727243.261022034,5,0.076000
1648727243.279563902,6,0.051000
1648727243.301444153,5,0.065000
1648727243.321639236,3,0.011000
1648727243.341819293,2,0.040000
1648727243.364955261,3,0.035000
1648727243.384771321,0,0.002000
1648727243.405967012,4,0.055000
1648727243.424764777,6,0.101000
1648727243.447469953,0,0.008000
1648727243.469089918,2,0.005000
1648727243.488932274,3,0.033000
1648727243.509054507,3,0.033000
1648727243.528930004,1,0.010000
1648727243.549027963,2,0.043000
1648727243.567336971,14,0.200000
1648727243.588715587,9,0.144000
1648727243.610850780,6,0.049000
1648727243.632317781,7,0.063000
1648727243.653422610,8,0.062000
1648727243.674864368,3,0.047000
1648727243.693209159,7,0.092000
1648727243.713186818,9,0.132000
1648727243.733357902,8,0.081000
1648727243.756652086,6,0.061000
1648727243.775340432,2,0.024000
1648727243.795611319,5,0.037000
1648727243.818129363,3,0.008000
1648727243.839136488,1,0.025000
1648727243.860248716,6,0.064000
1648727243.881363988,4,0.048000
1648727243.903917768,7,0.072000
1648727243.924360521,7,0.086000
1648727243.943101754,2,0.006000
1648727243.964136800,3,0.037000
1648727243.984406542,2,0.029000
1648727244.003701181,0,0.000000
1648727244.024278146,9,0.102000
1648727244.047030847,5,0.058000
1648727244.067259191,3,0.023000
1648727244.087920401,5,0.045000
1648727244.108634472,7,0.075000
1648727244.127374626,0,0.017000
1648727244.146695259,3,0.047000
1648727244.168983933,2,0.006000
1648727244.191120107,0,0.005000
1648727244.211592268,7,0.065000
1648727244.232409109,4,0.047000
1648727244.251807233,2,0.004000
1648727244.273068109,2,0.005000
1648727244.293602811,4,0.046000
1648727244.313377488,6,0.066000
1648727244.333248954,6,0.050000
1648727244.352842890,3,0.042000
1648727244.374704865,1,0.018000
1648727244.395573105,14,0.153000
1648727244.415926372,10,0.139000
1648727244.437253803,4,0.050000
1648727244.459093391,3,0.036000
1648727244.481002332,0,0.019000
1648727244.502674088,7,0.077000
1648727244.523066557,5,0.048000
1648727244.546321164,1,0.006000
1648727244.567398424,4,0.017000
1648727244.587179485,3,0.057000
1648727244.608102086,2,0.034000
1648727244.631276554,8,0.100000
1648727244.651313110,9,0.091000
1648727244.673980756,7,0.070000
1648727244.693771319,12,0.124000
1648727244.714850752,18,0.183000
1648727244.735316817,10,0.094000
1648727244.755941241,3,0.042000
1648727244.776048727,0,0.000000
1648727244.798776810,2,0.033000
1648727244.819185701,5,0.058000
1648727244.840215810,4,0.065000
1648727244.861608532,4,0.077000
1648727244.880739017,0,0.022000
1648727244.899005734,2,0.035000
1648727244.920224615,2,0.023000
1648727244.940277892,0,0.029000
1648727244.959558802,4,0.055000
1648727244.979773263,1,0.018000
1648727245.000015132,2,0.000000
1648727245.019244627,10,0.109000
1648727245.039450775,10,0.106000
1648727245.059936647,5,0.056000
1648727245.079836477,1,0.011000
1648727245.100417783,5,0.039000
1648727245.121280288,3,0.025000
1648727245.142280354,3,0.017000
1648727245.163106170,3,0.029000
1648727245.180981807,2,0.022000
1648727245.201393827,5,0.041000
1648727245.221283655,0,0.019000
1648727245.241575495,0,0.000000
1648727245.263736397,3,0.040000
1648727245.282978259,3,0.047000
1648727245.302414102,1,0.032000
1648727245.321851458,3,0.018000
1648727245.340720479,0,0.002000
1648727245.360976318,2,0.023000
1648727245.379698672,3,0.054000
1648727245.401317047,8,0.102000
1648727245.421801891,6,0.082000
1648727245.439993266,5,0.043000
1648727245.459755725,4,0.053000
1648727245.479150967,3,0.027000
1648727245.497892270,3,0.038000
1648727245.518309528,1,0.005000
1648727245.540975425,4,0.036000
1648727245.562414132,6,0.035000
1648727245.583454080,3,0.046000
1648727245.602068483,3,0.016000
1648727245.621598697,6,0.070000
1648727245.643027298,6,0.063000
1648727245.664586409,3,0.010000
1648727245.685437435,2,0.015000
1648727245.706372997,7,0.072000
1648727245.727151313,3,0.015000
1648727245.748304981,0,0.014000
1648727245.767238029,1,0.004000
1648727245.788295407,1,0.017000
1648727245.810417019,2,0.028000
1648727245.832032776,3,0.021000
1648727245.852771618,1,0.020000
1648727245.872940367,0,0.000000
1648727245.894381895,4,0.052000
1648727245.915431728,2,0.014000
1648727245.937224289,3,0.011000
1648727245.957226383,4,0.057000
1648727245.979740060,2,0.035000
1648727246.001720894,5,0.089000
1648727246.021458476,6,0.071000
1648727246.041343419,3,0.033000
1648727246.062630811,5,0.064000
1648727246.083938753,4,0.050000
1648727246.104801064,8,0.044000
1648727246.126418629,9,0.060000
1648727246.146503425,4,0.028000
1648727246.167500838,4,0.060000
1648727246.188699253,2,0.010000
1648727246.209048824,5,0.011000
1648727246.231807506,3,0.047000
1648727246.254500783,1,0.025000
1648727246.275416513,0,0.005000
1648727246.295036154,4,0.027000
1648727246.315054125,4,0.040000
1648727246.334759928,2,0.052000
1648727246.354088912,3,0.039000
1648727246.375989756,2,0.015000
1648727246.396093380,6,0.089000
1648727246.418265278,13,0.131000
1648727246.441249276,8,0.101000
1648727246.460218128,4,0.040000
1648727246.482254139,2,0.018000
1648727246.501653872,2,0.048000
1648727246.521362402,3,0.047000
1648727246.542295782,0,0.022000
1648727246.563503890,6,0.060000
1648727246.583897101,4,0.037000
1648727246.603373701,3,0.020000
1648727246.624796586,9,0.107000
1648727246.646740115,5,0.094000
1648727246.667315843,9,0.106000
1648727246.691756987,8,0.048000
1648727246.711448359,3,0.025000
1648727246.730873479,1,0.045000
1648727246.751082044,5,0.063000
1648727246.770506140,7,0.039000
1648727246.792085084,2,0.027000
1648727246.812415934,2,0.016000
1648727246.832111434,2,0.019000
1648727246.853274070,19,0.209000
1648727246.873666301,18,0.196000
1648727246.893852416,9,0.087000
1648727246.914584058,2,0.050000
1648727246.936052606,2,0.021000
1648727246.955939439,2,0.023000
1648727246.976959360,2,0.012000
1648727246.997796826,1,0.007000
1648727247.018760105,6,0.086000
1648727247.037935269,5,0.045000
1648727247.059194222,9,0.107000
1648727247.078290872,7,0.091000
1648727247.099595068,6,0.074000
1648727247.120436796,2,0.029000
1648727247.140082756,2,0.023000
1648727247.161439729,4,0.043000
1648727247.181019855,0,0.026000
1648727247.202950852,0,0.021000
1648727247.223049654,13,0.117000
1648727247.242850475,8,0.101000
1648727247.261749098,7,0.085000
1648727247.284164171,8,0.068000
1648727247.306926850,1,0.029000
1648727247.325014700,3,0.044000
1648727247.344322591,4,0.067000
1648727247.365382936,3,0.023000
1648727247.386027455,4,0.078000
1648727247.406282952,3,0.050000
1648727247.427608754,1,0.025000
1648727247.448460997,4,0.050000
1648727247.469588847,2,0.016000
1648727247.490044492,4,0.049000
1648727247.508863973,2,0.004000
1648727247.529574871,5,0.061000
1648727247.551148479,3,0.049000
1648727247.572489671,11,0.139000
1648727247.593925604,10,0.141000
1648727247.613013619,3,0.068000
1648727247.634885483,4,0.043000
1648727247.653790665,4,0.047000
1648727247.673348680,2,0.047000
1648727247.693974809,11,0.123000
1648727247.712898494,9,0.097000
1648727247.734335526,1,0.038000
1648727247.756843352,4,0.042000
1648727247.777124648,4,0.040000
1648727247.798668790,8,0.126000
1648727247.819562112,4,0.060000
1648727247.839856733,3,0.028000
1648727247.861370886,3,0.032000
1648727247.881715194,7,0.064000
1648727247.901117086,7,0.091000
1648727247.920005504,1,0.004000
1648727247.940305406,2,0.001000
1648727247.961162873,0,0.000000
1648727247.980721438,4,0.085000
1648727248.000709574,3,0.046000
1648727248.021473811,1,0.016000
1648727248.039978837,3,0.026000
1648727248.063197439,3,0.063000
1648727248.084327323,5,0.037000
1648727248.104054903,2,0.036000
1648727248.125508769,4,0.044000
1648727248.145367974,5,0.074000
1648727248.164901392,0,0.033000
1648727248.187393779,5,0.057000
1648727248.207031543,7,0.065000
1648727248.226095155,3,0.019000
1648727248.246703856,2,0.023000
1648727248.266409823,3,0.040000
1648727248.285450628,2,0.002000
1648727248.305603734,3,0.049000
1648727248.325402702,4,0.023000
1648727248.345313849,2,0.029000
1648727248.366984078,1,0.017000
1648727248.386637396,7,0.107000
1648727248.407912469,1,0.003000
1648727248.428377246,5,0.036000
1648727248.448030689,3,0.026000
1648727248.467499865,3,0.044000
1648727248.487067129,3,0.045000
1648727248.507200872,6,0.037000
1648727248.528556020,3,0.024000
1648727248.548893141,1,0.001000
1648727248.569412949,3,0.026000
1648727248.590150795,3,0.026000
1648727248.609700171,3,0.043000
1648727248.629080437,3,0.039000
1648727248.648952559,1,0.008000
1648727248.669339328,1,0.020000
1648727248.689045826,6,0.044000
1648727248.709490693,3,0.046000
1648727248.730063862,2,0.043000
1648727248.750172695,2,0.045000
1648727248.769771760,5,0.072000
1648727248.788617747,6,0.046000
1648727248.807762794,4,0.061000
1648727248.826059091,0,0.010000
1648727248.845425035,2,0.028000
1648727248.865418036,5,0.089000
1648727248.886059007,1,0.017000
1648727248.905373989,0,0.038000
1648727248.925871948,0,0.045000
1648727248.945569381,1,0.020000
1648727248.964325257,3,0.063000
1648727248.986290570,4,0.037000
1648727249.005734306,1,0.071000
1648727249.025122900,5,0.047000
1648727249.046779760,0,0.012000
1648727249.066706156,3,0.022000
1648727249.085354848,3,0.030000
1648727249.105792577,1,0.016000
1648727249.125372052,3,0.027000
1648727249.145711392,9,0.087000
1648727249.166734755,6,0.049000
1648727249.185712900,2,0.042000
1648727249.205391595,6,0.052000
1648727249.223890431,5,0.041000
1648727249.242354492,2,0.016000
1648727249.262344105,1,0.025000
1648727249.281490435,3,0.027000
1648727249.301911477,4,0.044000
1648727249.323024063,6,0.053000
1648727249.342589258,2,0.053000
1648727249.361396690,1,0.015000
1648727249.382187164,2,0.050000
1648727249.401233759,0,0.034000
1648727249.421374317,2,0.050000
1648727249.441741463,3,0.031000
1648727249.462583164,4,0.031000
1648727249.482388443,2,0.025000
1648727249.502739390,5,0.042000
1648727249.523937677,4,0.021000
1648727249.545816901,0,0.011000
1648727249.566902582,2,0.036000
1648727249.587887824,3,0.053000
1648727249.607713042,8,0.082000
1648727249.627670211,4,0.059000
1648727249.648409783,3,0.084000
1648727249.668461200,0,0.000000
1648727249.690300247,6,0.050000
1648727249.710211316,2,0.001000
1648727249.729887968,3,0.033000
1648727249.751430965,2,0.008000
1648727249.770783596,5,0.026000
1648727249.789290040,3,0.046000
1648727249.808807726,2,0.032000
1648727249.829689497,0,0.005000
1648727249.848024067,6,0.025000
1648727249.869403102,3,0.020000
1648727249.888998016,2,0.010000
1648727249.908857225,0,0.019000
1648727249.927956595,4,0.066000
1648727249.948294531,3,0.039000
1648727249.968545020,4,0.055000
1648727249.988645865,5,0.064000
1648727250.013154316,1,0.020000
1648727250.033228272,6,0.054000
1648727250.053100805,7,0.105000
1648727250.074503580,4,0.052000
1648727250.094059627,1,0.000000
1648727250.113928878,0,0.002000
1648727250.133018574,1,0.016000
1648727250.153937765,2,0.052000
1648727250.174464211,4,0.027000
1648727250.194398197,5,0.069000
1648727250.212056674,2,0.025000
1648727250.233325845,3,0.041000
1648727250.252858038,7,0.070000
1648727250.272402074,6,0.068000
1648727250.290928452,0,0.030000
1648727250.311861553,8,0.111000
1648727250.331820398,7,0.098000
1648727250.352712324,0,0.024000
1648727250.372733439,0,0.000000
1648727250.392280116,12,0.117000
1648727250.412326146,10,0.126000
1648727250.432669191,5,0.071000
1648727250.454325741,4,0.034000
1648727250.473298404,2,0.029000
1648727250.494608580,0,0.016000
1648727250.515394748,12,0.114000
1648727250.534015372,7,0.121000
1648727250.553096666,0,0.013000
1648727250.574711793,7,0.063000
1648727250.595921383,4,0.016000
1648727250.614908366,1,0.031000
1648727250.633426548,4,0.061000
1648727250.652104768,0,0.001000
1648727250.671280054,2,0.028000
1648727250.693083056,3,0.040000
1648727250.714074942,3,0.040000
1648727250.733383875,4,0.036000
1648727250.752905042,3,0.032000
1648727250.773636243,5,0.049000
1648727250.793629657,5,0.041000
1648727250.814656316,5,0.053000
1648727250.833943130,3,0.054000
1648727250.852283179,2,0.034000
1648727250.872896038,3,0.042000
1648727250.894173863,4,0.045000
1648727250.914989320,2,0.046000
1648727250.935556829,0,0.011000
1648727250.956376516,2,0.001000
1648727250.978019978,3,0.012000
1648727250.998666446,2,0.012000
1648727251.020285113,1,0.026000
1648727251.041427480,1,0.022000
1648727251.060603835,2,0.023000
1648727251.077920924,2,0.030000
1648727251.098714812,5,0.055000
1648727251.118385990,9,0.094000
1648727251.139732085,10,0.103000
1648727251.159058086,3,0.078000
1648727251.176999686,4,0.072000
1648727251.197546539,6,0.077000
1648727251.217130068,4,0.037000
1648727251.238189901,8,0.072000
1648727251.257857808,14,0.131000
1648727251.277151684,8,0.102000
1648727251.295953546,4,0.067000
1648727251.316222693,0,0.030000
1648727251.335081513,2,0.027000
1648727251.355107816,6,0.050000
1648727251.375684482,3,0.044000
1648727251.393854387,5,0.039000
1648727251.413193468,4,0.085000
1648727251.433054051,4,0.001000
1648727251.456060383,5,0.021000
1648727251.473133490,0,0.001000
1648727251.493861945,1,0.015000
1648727251.512728841,5,0.052000
1648727251.532555211,2,0.074000
1648727251.552413136,3,0.022000
1648727251.573100047,3,0.011000
1648727251.594586671,4,0.015000
1648727251.614407940,4,0.032000
1648727251.634752456,6,0.048000
1648727251.654537120,8,0.090000
1648727251.674672995,10,0.120000
1648727251.695128774,9,0.096000
1648727251.714472877,4,0.050000
1648727251.735010580,5,0.049000
1648727251.754137604,5,0.032000
1648727251.774488789,0,0.000000
1648727251.793803333,0,0.009000
1648727251.813061995,1,0.010000
1648727251.833145661,4,0.036000
1648727251.853538503,7,0.073000
1648727251.874554352,4,0.040000
1648727251.894650835,16,0.180000
1648727251.916099360,9,0.117000
1648727251.934201966,7,0.089000
1648727251.954725852,3,0.052000
1648727251.974419994,4,0.055000
1648727251.993029739,1,0.004000
1648727252.012770606,1,0.035000
1648727252.032350501,1,0.020000
1648727252.052658603,2,0.007000
1648727252.072601814,6,0.040000
1648727252.093239709,1,0.053000
1648727252.114566642,0,0.018000
1648727252.135729613,1,0.007000
1648727252.155963481,5,0.095000
1648727252.174918169,5,0.040000
1648727252.194086780,3,0.026000
1648727252.213627610,13,0.142000
1648727252.233029662,10,0.151000
1648727252.253930743,5,0.064000
1648727252.274200852,2,0.035000
1648727252.294809633,3,0.049000
1648727252.313054041,3,0.045000
1648727252.330678542,3,0.047000
1648727252.349247630,17,0.162000
1648727252.367900685,14,0.158000
1648727252.387488089,11,0.097000
1648727252.405437598,4,0.051000
1648727252.424371179,1,0.031000
1648727252.444455099,3,0.024000
1648727252.465467715,0,0.007000
1648727252.484824017,8,0.084000
1648727252.504076151,5,0.046000
1648727252.523202359,2,0.050000
1648727252.541057610,1,0.004000
1648727252.560388078,1,0.037000
1648727252.581099063,3,0.011000
1648727252.601930505,0,0.020000
1648727252.620219070,9,0.099000
1648727252.640701814,11,0.129000
1648727252.661070736,2,0.014000
1648727252.680729371,0,0.000000
1648727252.702471955,1,0.000000
1648727252.722867620,1,0.015000
1648727252.743384699,0,0.000000
1648727252.763595016,0,0.011000
1648727252.784241291,2,0.015000
1648727252.805189516,0,0.000000
1648727252.824306722,3,0.052000
1648727252.845868144,4,0.050000
1648727252.865096733,2,0.004000
1648727252.885408449,11,0.143000
1648727252.906361510,7,0.101000
1648727252.925862929,2,0.044000
1648727252.947738380,3,0.029000
1648727252.969054910,1,0.000000
1648727252.989890194,2,0.005000
1648727253.008744699,0,0.000000
1648727253.029477387,1,0.015000
1648727253.050669822,5,0.026000
1648727253.070003018,8,0.097000
1648727253.091146849,9,0.082000
1648727253.110456816,0,0.018000
1648727253.130418063,2,0.019000
1648727253.149540613,2,0.025000
1648727253.169181255,8,0.072000
1648727253.189112879,5,0.054000
1648727253.208231498,5,0.048000
1648727253.228777710,0,0.005000
1648727253.250540257,2,0.030000
1648727253.271938869,0,0.000000
1648727253.291560667,26,0.297000
1648727253.312467664,16,0.205000
1648727253.333151918,11,0.130000
1648727253.352833869,8,0.085000
1648727253.372277058,2,0.021000
1648727253.391911784,2,0.027000
1648727253.409895929,4,0.048000
1648727253.430006548,4,0.046000
1648727253.449676932,9,0.084000
1648727253.470202094,7,0.074000
1648727253.489845699,2,0.036000
1648727253.509979537,4,0.072000
1648727253.529127755,5,0.059000
1648727253.547970722,1,0.005000
1648727253.568185016,3,0.038000
1648727253.588878006,2,0.031000
1648727253.608162563,1,0.000000
1648727253.627880437,6,0.078000
1648727253.648196080,4,0.043000
1648727253.668962282,1,0.019000
1648727253.688137190,3,0.019000
1648727253.708928968,13,0.147000
1648727253.729878998,15,0.181000
1648727253.748829560,10,0.114000
1648727253.767113802,3,0.073000
1648727253.786783830,1,0.009000
1648727253.807095458,9,0.106000
1648727253.826635948,8,0.105000
1648727253.844666612,2,0.038000
1648727253.864639192,17,0.181000
1648727253.883987173,13,0.137000
1648727253.903109024,9,0.100000
1648727253.923441264,5,0.026000
1648727253.941993211,2,0.028000
1648727253.961739008,2,0.022000
1648727253.981066502,1,0.014000
1648727253.999757869,8,0.098000
1648727254.020279678,4,0.069000
1648727254.041588475,9,0.084000
1648727254.061935008,5,0.072000
1648727254.083073937,2,0.023000
1648727254.103393471,2,0.025000
1648727254.123425332,4,0.042000
1648727254.142222944,3,0.053000
1648727254.161290015,4,0.038000
1648727254.182320197,4,0.044000
1648727254.202739398,2,0.020000
1648727254.224225939,0,0.000000
1648727254.243833265,7,0.046000
1648727254.264186430,0,0.011000
1648727254.284382867,6,0.083000
1648727254.303131953,8,0.090000
1648727254.322553708,3,0.012000
1648727254.341976760,1,0.008000
1648727254.360979539,2,0.007000
1648727254.379488609,11,0.132000
1648727254.399894545,8,0.108000
1648727254.420002012,4,0.068000
1648727254.438272860,1,0.021000
1648727254.459488209,3,0.047000
1648727254.479007450,8,0.089000
1648727254.497434446,10,0.138000
1648727254.517778949,6,0.072000
1648727254.536191164,2,0.023000
1648727254.556871692,0,0.004000
1648727254.578145673,2,0.055000
1648727254.599058263,4,0.051000
1648727254.619556007,3,0.049000
1648727254.637737725,6,0.065000
1648727254.657776771,2,0.023000
1648727254.674596784,4,0.030000
1648727254.693815080,2,0.001000
1648727254.712314412,7,0.085000
1648727254.734185328,5,0.044000
1648727254.754959710,7,0.021000
1648727254.773271637,22,0.284000
1648727254.795033714,16,0.204000
1648727254.816506305,7,0.079000
1648727254.834860483,1,0.034000
1648727254.855009179,1,0.001000
1648727254.874589586,1,0.020000
1648727254.894934421,1,0.006000
1648727254.913910409,3,0.048000
1648727254.934122098,2,0.034000
1648727254.954026536,1,0.000000
1648727254.973913349,8,0.104000
1648727254.995112060,8,0.084000
1648727255.013105667,2,0.011000
1648727255.032740628,2,0.035000
1648727255.052552264,3,0.028000
1648727255.072603885,1,0.000000
1648727255.093362011,15,0.184000
1648727255.114237738,9,0.122000
1648727255.133973168,6,0.067000
1648727255.153972430,3,0.029000
1648727255.174057872,2,0.037000
1648727255.194326800,1,0.015000
1648727255.215794032,4,0.040000
1648727255.236849119,3,0.022000
1648727255.255948734,2,0.031000
1648727255.276987960,3,0.028000
1648727255.295848863,2,0.034000
1648727255.315155810,0,0.012000
1648727255.335593925,3,0.023000
1648727255.356796812,2,0.027000
1648727255.377701683,1,0.000000
1648727255.398976814,1,0.037000
1648727255.419443456,4,0.063000
1648727255.440319424,3,0.009000
1648727255.460993279,3,0.009000
1648727255.479803001,5,0.028000
1648727255.500896823,2,0.043000
1648727255.519920696,3,0.047000
1648727255.539951536,6,0.083000
1648727255.560107835,2,0.016000
1648727255.581027999,1,0.001000
1648727255.600612070,7,0.076000
1648727255.619082803,4,0.038000
1648727255.639901733,4,0.034000
1648727255.661700636,8,0.118000
1648727255.680017988,11,0.111000
1648727255.701295006,6,0.082000
1648727255.721165761,6,0.086000
1648727255.741323304,4,0.037000
1648727255.762038162,0,0.018000
1648727255.782663111,2,0.024000
1648727255.800217861,4,0.036000
1648727255.820311890,5,0.045000
1648727255.841734402,2,0.044000
1648727255.860600152,14,0.161000
1648727255.881990730,12,0.172000
1648727255.901720571,8,0.088000
1648727255.922224382,2,0.008000
1648727255.944326792,4,0.023000
1648727255.964449788,10,0.111000
1648727255.983745417,11,0.111000
1648727256.003752802,8,0.077000
1648727256.022686626,5,0.061000
1648727256.042400993,2,0.009000
1648727256.060287571,0,0.013000
1648727256.078912547,11,0.140000
1648727256.097989631,13,0.152000
1648727256.118086035,9,0.110000
1648727256.137031681,5,0.052000
1648727256.156066062,1,0.008000
1648727256.175460660,3,0.033000
1648727256.193108122,3,0.028000
1648727256.214174592,1,0.023000
1648727256.234058016,6,0.069000
1648727256.254580585,4,0.047000
1648727256.274392551,0,0.015000
1648727256.295661230,2,0.058000
1648727256.315732354,6,0.041000
1648727256.333553847,3,0.016000
1648727256.356372492,4,0.054000
1648727256.376228463,1,0.006000
1648727256.394377735,4,0.003000
1648727256.413999457,1,0.022000
1648727256.435414345,1,0.005000
1648727256.453705799,0,0.003000
1648727256.471813618,0,0.001000
1648727256.491414217,0,0.016000
1648727256.513021366,6,0.059000
1648727256.534036418,4,0.093000
1648727256.553967330,5,0.037000
1648727256.574211734,2,0.044000
1648727256.594645529,2,0.035000
1648727256.614560812,6,0.038000
1648727256.632641967,0,0.000000
1648727256.653064824,1,0.034000
1648727256.672086242,5,0.048000
1648727256.693635342,2,0.012000
1648727256.711200484,4,0.038000
1648727256.732125963,6,0.093000
1648727256.750877815,1,0.011000
1648727256.770119090,5,0.074000
1648727256.790557710,4,0.061000
1648727256.812097599,3,0.040000
1648727256.832747545,5,0.002000
1648727256.851653837,4,0.039000
1648727256.871794585,5,0.059000
1648727256.892372116,8,0.070000
1648727256.909932777,6,0.068000
1648727256.927102596,5,0.060000
1648727256.947332656,2,0.000000
1648727256.966750304,11,0.158000
1648727256.987040211,13,0.151000
1648727257.006739418,9,0.129000
1648727257.026299991,4,0.048000
1648727257.045473049,5,0.047000
1648727257.064892784,1,0.021000
1648727257.082881513,0,0.000000
1648727257.102352061,1,0.000000
1648727257.120716607,5,0.090000
1648727257.141086671,3,0.002000
1648727257.162079233,2,0.031000
1648727257.182015617,2,0.035000
1648727257.201688775,3,0.034000
1648727257.222070531,1,0.032000
1648727257.239554144,2,0.060000
1648727257.259979218,0,0.022000
1648727257.278224870,3,0.039000
1648727257.299315544,3,0.033000
1648727257.318794627,3,0.024000
1648727257.339409462,4,0.054000
1648727257.359077995,1,0.016000
1648727257.377163809,4,0.020000
1648727257.399581483,6,0.108000
1648727257.418491654,2,0.058000
1648727257.440642398,15,0.222000
1648727257.460003779,17,0.193000
1648727257.480924090,9,0.105000
1648727257.500277765,4,0.050000
1648727257.520092732,1,0.019000
1648727257.541793717,0,0.010000
1648727257.561396049,1,0.041000
1648727257.580703766,3,0.016000
1648727257.601312934,2,0.042000
1648727257.620334685,1,0.020000
1648727257.638757736,5,0.029000
1648727257.659426487,8,0.037000
1648727257.677660793,4,0.044000
1648727257.697128643,5,0.065000
1648727257.717453341,9,0.086000
1648727257.738084808,1,0.020000
1648727257.759546024,5,0.053000
1648727257.778927025,2,0.069000
1648727257.798811532,2,0.032000
1648727257.820987366,0,0.000000
1648727257.840462391,3,0.014000
1648727257.858006158,2,0.014000
1648727257.878102207,4,0.041000
1648727257.899033899,0,0.000000
1648727257.919015211,2,0.010000
1648727257.939317491,2,0.059000
1648727257.957175013,0,0.004000
1648727257.977250846,1,0.013000
1648727257.998386993,2,0.011000
1648727258.020034363,2,0.015000
1648727258.039685254,0,0.000000
1648727258.060147901,2,0.040000
1648727258.080952450,4,0.054000
1648727258.102363473,4,0.045000
1648727258.122887052,5,0.029000
1648727258.144828412,6,0.049000
1648727258.167803823,2,0.020000
1648727258.188772372,6,0.056000
1648727258.211737075,5,0.039000
1648727258.232905491,4,0.041000
1648727258.254562829,9,0.114000
1648727258.274349476,11,0.162000
1648727258.294659680,5,0.034000
1648727258.315712240,2,0.024000
1648727258.336913110,0,0.000000
1648727258.355851390,6,0.050000
1648727258.378049286,3,0.060000
1648727258.398431455,9,0.113000
1648727258.418562906,11,0.116000
1648727258.441317158,8,0.099000
1648727258.463554728,5,0.064000
1648727258.482244006,0,0.010000
1648727258.501700613,6,0.040000
1648727258.523025497,4,0.048000
1648727258.544872424,2,0.012000
1648727258.563641637,9,0.069000
1648727258.584980673,3,0.037000
1648727258.605868223,3,0.020000
1648727258.623381157,4,0.023000
1648727258.645910858,7,0.083000
1648727258.665299264,6,0.087000
1648727258.687583282,5,0.057000
1648727258.710012288,5,0.085000
1648727258.730410421,1,0.027000
1648727258.751581156,2,0.023000
1648727258.770596572,2,0.019000
1648727258.793089430,4,0.021000
1648727258.813324558,0,0.000000
1648727258.831932457,11,0.117000
1648727258.851360629,13,0.157000
1648727258.873954964,4,0.046000
1648727258.892885413,3,0.028000
1648727258.912578060,1,0.006000
1648727258.931534449,5,0.045000
1648727258.951311025,10,0.117000
1648727258.970707153,10,0.094000
1648727258.991345821,4,0.068000
1648727259.012320562,1,0.022000
1648727259.031115984,2,0.025000
1648727259.050227421,1,0.036000
1648727259.072376158,6,0.049000
1648727259.094110489,2,0.050000
1648727259.112069744,4,0.030000
1648727259.132284010,2,0.015000
1648727259.152916580,3,0.010000
1648727259.175483114,1,0.010000
1648727259.197030385,2,0.002000
1648727259.219420727,6,0.062000
1648727259.240240597,4,0.037000
1648727259.261322673,1,0.015000
1648727259.283205923,5,0.056000
1648727259.302777928,3,0.051000
1648727259.323780501,1,0.016000
1648727259.344150572,3,0.040000
1648727259.363726025,4,0.033000
1648727259.382896553,4,0.036000
1648727259.403263099,0,0.003000
1648727259.424262730,10,0.140000
1648727259.446728458,9,0.147000
1648727259.467053744,8,0.055000
1648727259.486688838,2,0.049000
1648727259.506009492,2,0.036000
1648727259.525275533,2,0.000000
1648727259.547318260,3,0.048000
1648727259.566870258,3,0.030000
1648727259.588395219,2,0.028000
1648727259.608390130,7,0.107000
1648727259.629263069,7,0.065000
1648727259.652470089,1,0.014000
1648727259.671928737,0,0.000000
1648727259.693807861,19,0.240000
1648727259.715538345,10,0.137000
1648727259.735599192,6,0.022000
1648727259.758161191,7,0.050000
1648727259.779450362,1,0.022000
1648727259.799505581,4,0.055000
1648727259.818336739,2,0.014000
1648727259.839354253,5,0.055000
1648727259.860012126,4,0.022000
1648727259.879645234,4,0.036000
1648727259.902404109,11,0.140000
1648727259.925426477,11,0.142000
1648727259.946289968,1,0.016000
1648727259.966928296,3,0.060000
1648727259.984745667,3,0.037000
1648727260.003794214,3,0.034000
1648727260.025101438,3,0.026000
1648727260.043877294,3,0.038000
1648727260.064572327,1,0.016000
1648727260.084303915,3,0.026000
1648727260.105858724,2,0.032000
1648727260.127770574,11,0.116000
1648727260.149713590,10,0.100000
1648727260.168741936,3,0.040000
1648727260.189581057,1,0.029000
1648727260.210219580,0,0.009000
1648727260.230794427,1,0.005000
1648727260.252622236,2,0.032000
1648727260.273009766,4,0.039000
1648727260.292952180,14,0.172000
1648727260.314169909,12,0.150000
1648727260.335864390,8,0.100000
1648727260.356623949,3,0.045000
1648727260.376005372,0,0.011000
1648727260.396184598,3,0.012000
1648727260.415759531,5,0.074000
1648727260.437399870,6,0.056000
1648727260.457430471,8,0.105000
1648727260.477544225,10,0.083000
1648727260.499715502,4,0.060000
1648727260.521364624,3,0.041000
1648727260.542496166,3,0.063000
1648727260.560781528,0,0.036000
1648727260.580951379,2,0.019000
1648727260.601363519,22,0.226000
1648727260.622365481,19,0.195000
1648727260.641196654,10,0.087000
1648727260.662800931,5,0.041000
1648727260.684069376,1,0.043000
1648727260.705493339,1,0.039000
1648727260.727247392,3,0.034000
1648727260.748265623,0,0.011000
1648727260.767916422,0,0.000000
1648727260.788720923,4,0.026000
1648727260.810667317,2,0.024000
1648727260.831188557,3,0.048000
1648727260.851600779,19,0.209000
1648727260.873340126,12,0.165000
1648727260.891618123,4,0.059000
1648727260.912237029,1,0.022000
1648727260.933183025,1,0.025000
1648727260.950786458,2,0.026000
1648727260.973174210,8,0.103000
1648727260.992225482,7,0.104000
1648727261.011960527,0,0.020000
1648727261.032258806,1,0.001000
1648727261.054796436,4,0.031000
1648727261.074363533,1,0.021000
1648727261.094178124,2,0.041000
1648727261.114267712,3,0.037000
1648727261.134021601,2,0.056000
1648727261.154016271,4,0.033000
1648727261.174133982,5,0.061000
1648727261.194247559,3,0.010000
1648727261.214550044,4,0.013000
1648727261.236615577,1,0.017000
1648727261.257168328,5,0.039000
1648727261.276937977,5,0.044000
1648727261.296999904,5,0.000000
1648727261.319023713,1,0.006000
1648727261.338093535,0,0.008000
1648727261.357951373,2,0.012000
1648727261.378864000,5,0.061000
1648727261.398654452,7,0.074000
1648727261.419786978,3,0.037000
1648727261.440540149,2,0.013000
1648727261.461493262,8,0.082000
1648727261.482815103,12,0.146000
1648727261.500358137,9,0.098000
1648727261.519968629,1,0.009000
1648727261.539545782,2,0.017000
1648727261.561282714,2,0.018000
1648727261.582803483,5,0.052000
1648727261.602947501,5,0.051000
1648727261.622730014,1,0.003000
1648727261.641987331,2,0.005000
1648727261.665117116,5,0.071000
1648727261.683868909,5,0.061000
1648727261.703470233,3,0.014000
1648727261.724256079,8,0.108000
1648727261.744349378,8,0.138000
1648727261.766929934,8,0.085000
1648727261.788118508,3,0.008000
1648727261.809013574,5,0.063000
1648727261.829417169,5,0.070000
1648727261.850116728,1,0.028000
1648727261.868338190,6,0.081000
1648727261.888003022,4,0.056000
1648727261.909386300,2,0.035000
1648727261.929036161,2,0.020000
1648727261.949728858,4,0.062000
1648727261.971051047,0,0.025000
1648727261.990945413,0,0.012000
1648727262.010614949,1,0.015000
1648727262.031077458,6,0.051000
1648727262.050975649,2,0.021000
1648727262.072721040,1,0.042000
1648727262.093805266,11,0.096000
1648727262.113601599,11,0.109000
1648727262.134735349,0,0.003000
1648727262.152984845,2,0.055000
1648727262.173625087,3,0.034000
1648727262.195628063,3,0.035000
1648727262.214017035,2,0.019000
1648727262.235322608,2,0.065000
1648727262.254706895,10,0.150000
1648727262.275882306,5,0.069000
1648727262.296970795,6,0.066000
1648727262.315083661,3,0.055000
1648727262.335687273,3,0.020000
1648727262.354868449,1,0.037000
1648727262.374916888,6,0.061000
1648727262.394230382,3,0.024000
1648727262.412474246,0,0.017000
1648727262.433624688,3,0.035000
1648727262.454889840,6,0.061000
1648727262.475818726,3,0.046000
1648727262.496865968,2,0.027000
1648727262.517377789,6,0.073000
1648727262.540054852,0,0.000000
1648727262.562561303,2,0.013000
1648727262.582930094,4,0.018000
1648727262.604988534,2,0.058000
1648727262.626585962,3,0.046000
1648727262.647612555,3,0.040000
1648727262.669626489,4,0.066000
1648727262.691596562,5,0.029000
1648727262.713311158,4,0.040000
1648727262.734222269,0,0.010000
1648727262.755403337,2,0.037000
1648727262.778759157,0,0.065000
1648727262.800067373,4,0.049000
1648727262.821053092,3,0.072000
1648727262.841713036,3,0.020000
1648727262.862164036,6,0.058000
1648727262.885963502,2,0.043000
1648727262.906576083,5,0.025000
1648727262.928229386,1,0.048000
1648727262.948609367,3,0.056000
1648727262.969667313,0,0.006000
1648727262.988330196,0,0.026000
1648727263.008807441,1,0.006000
1648727263.029198311,9,0.101000
1648727263.047521165,7,0.088000
1648727263.066856841,3,0.015000
1648727263.088582971,3,0.034000
1648727263.108795077,3,0.038000
1648727263.129733045,1,0.043000
1648727263.146872090,5,0.070000
1648727263.169722992,4,0.028000
1648727263.190724285,7,0.075000
1648727263.211972285,2,0.029000
1648727263.232488605,0,0.010000
1648727263.254413869,3,0.019000
1648727263.275474223,3,0.039000
1648727263.296797743,2,0.027000
1648727263.316111811,6,0.062000
1648727263.335822326,6,0.058000
1648727263.356350090,3,0.023000
1648727263.378111378,2,0.039000
1648727263.397867840,5,0.039000
1648727263.417751836,7,0.043000
1648727263.440507242,6,0.062000
1648727263.459586422,2,0.022000
1648727263.481806041,6,0.059000
1648727263.504067599,8,0.102000
1648727263.525046180,3,0.039000
1648727263.546058096,5,0.019000
1648727263.567882991,1,0.016000
1648727263.587962046,1,0.023000
1648727263.608978072,4,0.047000
1648727263.629447542,3,0.057000
1648727263.651063832,4,0.066000
1648727263.672058807,2,0.034000
1648727263.693930547,25,0.317000
1648727263.713590019,30,0.371000
1648727263.735180034,19,0.222000
1648727263.756232217,7,0.051000
1648727263.778822553,3,0.039000
1648727263.798242559,3,0.043000
1648727263.819065012,2,0.043000
1648727263.839023111,6,0.042000
1648727263.860224546,0,0.009000
1648727263.880307555,4,0.053000
1648727263.901798414,4,0.052000
1648727263.922243061,3,0.033000
1648727263.943275196,4,0.038000
1648727263.963124118,1,0.011000
1648727263.981991647,1,0.014000
1648727264.003958213,4,0.045000
1648727264.025702787,4,0.024000
1648727264.045263634,3,0.026000
1648727264.064975702,3,0.035000
1648727264.086154654,2,0.050000
1648727264.106982642,1,0.044000
1648727264.127949770,2,0.000000
1648727264.146708770,4,0.021000
1648727264.165032311,1,0.023000
1648727264.185205917,2,0.019000
1648727264.206766162,1,0.025000
1648727264.227206667,2,0.023000
1648727264.248974070,5,0.060000
1648727264.270616010,5,0.023000
1648727264.290246731,2,0.020000
1648727264.309668823,25,0.260000
1648727264.330745377,25,0.302000
1648727264.352162342,13,0.206000
1648727264.373609351,6,0.093000
1648727264.391922928,5,0.054000
1648727264.413018586,4,0.050000
1648727264.434200712,5,0.049000
1648727264.451918061,8,0.053000
1648727264.474548057,25,0.301000
1648727264.494464153,25,0.294000
1648727264.516014703,14,0.133000
1648727264.537504056,7,0.065000
1648727264.559872392,2,0.030000
1648727264.582110667,0,0.000000
1648727264.602317236,3,0.053000
1648727264.623917762,6,0.070000
1648727264.644491871,5,0.082000
1648727264.666729929,3,0.014000
1648727264.686258706,0,0.000000
1648727264.706192023,1,0.018000
1648727264.728874476,7,0.074000
1648727264.748602902,3,0.052000
1648727264.769500585,5,0.092000
1648727264.790248210,9,0.126000
1648727264.810081186,9,0.106000
1648727264.831753843,5,0.073000
1648727264.851775431,1,0.000000
1648727264.874311686,8,0.085000
1648727264.894399807,6,0.079000
1648727264.915253317,2,0.043000
1648727264.936759381,15,0.192000
1648727264.955703604,12,0.112000
1648727264.977583655,5,0.065000
1648727265.000009498,2,0.048000
1648727265.020204118,2,0.006000
1648727265.040559786,0,0.015000
1648727265.062199355,2,0.025000
1648727265.083348111,0,0.043000
1648727265.104230011,3,0.028000
1648727265.122361753,5,0.072000
1648727265.141411049,3,0.038000
1648727265.163590986,1,0.012000
1648727265.184237416,1,0.021000
1648727265.204600259,3,0.012000
1648727265.224708439,4,0.058000
1648727265.244927649,2,0.050000
1648727265.268086051,2,0.003000
1648727265.288877619,7,0.099000
1648727265.310913101,4,0.036000
1648727265.330100072,1,0.014000
1648727265.351060848,3,0.012000
1648727265.370871674,3,0.025000
1648727265.391214805,1,0.000000
1648727265.410778750,9,0.114000
1648727265.433064711,10,0.112000
1648727265.451321707,0,0.003000
1648727265.471645469,3,0.017000
1648727265.489256009,5,0.052000
1648727265.508608383,3,0.044000
1648727265.526820830,1,0.038000
1648727265.549419687,1,0.008000
1648727265.570026034,1,0.031000
1648727265.590299499,1,0.012000
1648727265.610884768,8,0.090000
1648727265.631715219,5,0.092000
1648727265.653469100,2,0.028000
1648727265.674615071,3,0.040000
1648727265.696646155,7,0.062000
1648727265.714966242,5,0.030000
1648727265.736432239,4,0.015000
1648727265.756832675,3,0.019000
1648727265.778756414,3,0.015000
1648727265.799751293,1,0.004000
1648727265.820085853,2,0.021000
1648727265.841164250,4,0.074000
1648727265.862190423,3,0.084000
1648727265.884051550,5,0.069000
1648727265.903136733,2,0.011000
1648727265.923737158,5,0.035000
1648727265.946296176,6,0.052000
1648727265.965808767,4,0.037000
1648727265.987141261,3,0.039000
1648727266.006804515,5,0.044000
1648727266.027167608,1,0.017000
1648727266.048047808,0,0.003000
1648727266.068079159,0,0.000000
1648727266.088455450,4,0.034000
1648727266.107218086,5,0.024000
1648727266.128474698,6,0.109000
1648727266.150554190,8,0.099000
1648727266.171807564,4,0.077000
1648727266.193493591,3,0.030000
1648727266.215903739,2,0.054000
1648727266.233931048,5,0.025000
1648727266.252269359,2,0.022000
1648727266.272630473,4,0.049000
1648727266.291756205,4,0.024000
1648727266.310456196,5,0.052000
1648727266.330073164,6,0.073000
1648727266.350165912,2,0.023000
1648727266.369971652,30,0.343000
1648727266.389164763,33,0.353000
1648727266.410603251,19,0.232000
1648727266.431818992,11,0.152000
1648727266.451951864,7,0.072000
1648727266.471903853,1,0.003000
1648727266.492432778,4,0.057000
1648727266.512126715,2,0.024000
1648727266.533154239,5,0.067000
1648727266.552563484,3,0.035000
1648727266.573652825,6,0.071000
1648727266.594965980,4,0.068000
1648727266.614036397,2,0.046000
1648727266.634367611,11,0.115000
1648727266.655080259,11,0.115000
1648727266.675216108,3,0.070000
1648727266.694453780,6,0.067000
1648727266.715355464,6,0.046000
1648727266.734822879,1,0.004000
1648727266.755234807,6,0.047000
1648727266.777473345,4,0.047000
1648727266.795871056,3,0.042000
1648727266.815675488,5,0.076000
1648727266.834037330,5,0.069000
1648727266.856335558,10,0.126000
1648727266.876375198,9,0.082000
1648727266.896440768,4,0.077000
1648727266.915411838,1,0.007000
1648727266.936450526,5,0.019000
1648727266.954761223,11,0.106000
1648727266.976336670,5,0.050000
1648727266.995658577,5,0.081000
1648727267.014919971,8,0.062000
1648727267.034982947,3,0.048000
1648727267.055585622,11,0.141000
1648727267.077553756,5,0.075000
1648727267.099904962,5,0.056000
1648727267.119533548,3,0.031000
1648727267.141342970,5,0.062000
1648727267.161389374,2,0.007000
1648727267.183788225,3,0.017000
1648727267.205784586,7,0.088000
1648727267.227340969,0,0.000000
1648727267.249094244,6,0.075000
1648727267.268153219,7,0.085000
1648727267.289567455,3,0.016000
1648727267.309041081,3,0.058000
1648727267.329959483,5,0.036000
1648727267.350399801,2,0.018000
1648727267.372044392,5,0.056000
1648727267.392905042,4,0.034000
1648727267.414695270,0,0.000000
1648727267.436747376,8,0.090000
1648727267.458780696,7,0.092000
1648727267.479174458,2,0.047000
1648727267.500192704,3,0.013000
1648727267.520166182,2,0.036000
1648727267.542499958,1,0.019000
1648727267.563465055,5,0.037000
1648727267.582262777,6,0.052000
1648727267.603373485,19,0.257000
1648727267.627842417,22,0.221000
1648727267.649749377,6,0.103000
1648727267.670457751,4,0.061000
1648727267.689350032,2,0.058000
1648727267.711078829,1,0.026000
1648727267.731577346,4,0.029000
1648727267.752740674,2,0.028000
1648727267.774477695,1,0.002000
1648727267.794357408,4,0.038000
1648727267.815000767,2,0.019000
1648727267.835494699,2,0.021000
1648727267.855760280,1,0.005000
1648727267.876051087,8,0.061000
1648727267.896856760,3,0.045000
1648727267.918393580,3,0.037000
1648727267.939707683,0,0.053000
1648727267.959832427,6,0.048000
1648727267.980435308,6,0.035000
1648727268.000975960,3,0.018000
1648727268.021297139,3,0.012000
1648727268.039295725,1,0.015000
1648727268.060429917,1,0.044000
1648727268.083298399,0,0.000000
1648727268.102443092,4,0.057000
1648727268.120982913,5,0.063000
1648727268.140795643,3,0.001000
1648727268.163283641,2,0.010000
1648727268.185663258,2,0.034000
1648727268.206694388,3,0.013000
1648727268.227542590,4,0.032000
1648727268.246840013,2,0.038000
1648727268.266093866,2,0.011000
1648727268.285338504,4,0.029000
1648727268.305063825,6,0.094000
1648727268.324876912,8,0.079000
1648727268.343976193,6,0.073000
1648727268.361693556,2,0.015000
1648727268.382124499,6,0.025000
1648727268.403848808,3,0.027000
1648727268.423234377,3,0.045000
1648727268.442540264,1,0.033000
1648727268.462917543,2,0.027000
1648727268.481140015,1,0.012000
1648727268.500669584,2,0.031000
1648727268.521195220,4,0.048000
1648727268.539729126,2,0.014000
1648727268.557973533,17,0.208000
1648727268.579258141,20,0.228000
1648727268.598810925,13,0.145000
1648727268.620281705,8,0.052000
1648727268.640438630,1,0.034000
1648727268.659369093,1,0.015000
1648727268.678942933,4,0.038000
1648727268.697130764,17,0.173000
1648727268.716749575,11,0.127000
1648727268.737737678,5,0.040000
1648727268.757590160,3,0.016000
1648727268.776690956,2,0.000000
1648727268.794838210,2,0.026000
1648727268.816776418,3,0.032000
1648727268.837718497,4,0.048000
1648727268.857217891,0,0.028000
1648727268.875374109,3,0.028000
1648727268.895499810,2,0.030000
1648727268.914817542,1,0.007000
1648727268.935853167,2,0.026000
1648727268.956297490,1,0.004000
1648727268.975142560,1,0.003000
1648727268.995931971,0,0.029000
1648727269.016245426,21,0.220000
1648727269.035996211,18,0.182000
1648727269.054565894,5,0.070000
1648727269.073523579,6,0.050000
1648727269.094083746,1,0.007000
1648727269.113161928,6,0.047000
1648727269.133904253,3,0.037000
1648727269.154220770,3,0.036000
1648727269.173702715,5,0.061000
1648727269.193627092,2,0.036000
1648727269.212326960,4,0.020000
1648727269.231764136,5,0.059000
1648727269.252342988,1,0.010000
1648727269.270574695,5,0.060000
1648727269.288574468,7,0.077000
1648727269.308430268,3,0.025000
1648727269.328029500,1,0.013000
1648727269.347053266,4,0.075000
1648727269.365361890,5,0.040000
1648727269.386777537,9,0.118000
1648727269.406623341,8,0.111000
1648727269.425888252,6,0.078000
1648727269.447662906,11,0.117000
1648727269.468080226,11,0.122000
1648727269.487840570,7,0.065000
1648727269.508191651,3,0.019000
1648727269.526400250,3,0.005000
1648727269.544172020,6,0.082000
1648727269.566737751,7,0.073000
1648727269.584323559,2,0.025000
1648727269.602944580,6,0.039000
1648727269.622818697,2,0.021000
1648727269.644343903,3,0.045000
1648727269.663880958,2,0.019000
1648727269.685302688,4,0.060000
1648727269.704262438,1,0.019000
1648727269.724634191,13,0.160000
1648727269.745051764,11,0.094000
1648727269.766492966,6,0.070000
1648727269.786151897,2,0.023000
1648727269.807014368,1,0.010000
1648727269.827099149,1,0.005000
1648727269.845816350,5,0.066000
1648727269.867228447,6,0.082000
1648727269.888333917,10,0.118000
1648727269.908979773,6,0.083000
1648727269.928225329,8,0.054000
1648727269.948545006,1,0.030000
1648727269.970598246,3,0.036000
1648727269.991123340,3,0.039000
1648727270.013315151,3,0.031000
1648727270.031998614,9,0.106000
1648727270.051915900,4,0.043000
1648727270.071551114,11,0.111000
1648727270.091015355,5,0.053000
1648727270.111035436,5,0.085000
1648727270.130470967,6,0.045000
1648727270.150998143,2,0.040000
1648727270.169235648,1,0.010000
1648727270.190462576,0,0.023000
1648727270.211443492,2,0.029000
1648727270.229260797,1,0.011000
1648727270.248624734,3,0.016000
1648727270.268539601,0,0.019000
1648727270.287367291,7,0.069000
1648727270.308135396,6,0.054000
1648727270.328014521,3,0.047000
1648727270.347632806,6,0.068000
1648727270.365819270,6,0.072000
1648727270.384760514,4,0.035000
1648727270.406371164,16,0.219000
1648727270.427182338,13,0.145000
1648727270.446284042,8,0.058000
1648727270.465013445,4,0.038000
1648727270.483029128,0,0.010000
1648727270.503287757,6,0.085000
1648727270.523226555,4,0.065000
1648727270.543810482,3,0.010000
1648727270.563217302,2,0.017000
1648727270.584314154,2,0.030000
1648727270.606301065,1,0.020000
1648727270.626112537,16,0.172000
1648727270.648116371,12,0.093000
1648727270.669470926,5,0.035000
1648727270.690205358,1,0.027000
1648727270.709875145,3,0.053000
1648727270.728322315,3,0.041000
1648727270.748036428,2,0.033000
1648727270.768968481,2,0.024000
1648727270.790086338,9,0.085000
1648727270.811845356,4,0.071000
1648727270.832037901,5,0.024000
1648727270.850887658,13,0.157000
1648727270.871115222,12,0.179000
1648727270.891561741,6,0.075000
1648727270.910772476,3,0.043000
1648727270.932013886,1,0.005000
1648727270.951280665,2,0.009000
1648727270.971047866,11,0.183000
1648727270.990728475,7,0.133000
1648727271.011200046,4,0.028000
1648727271.029442625,2,0.019000
1648727271.051003705,3,0.020000
1648727271.071494319,1,0.011000
1648727271.089967122,2,0.024000
1648727271.110369639,2,0.059000
1648727271.129721812,3,0.028000
1648727271.148356583,1,0.027000
1648727271.168731611,1,0.007000
1648727271.188241155,1,0.015000
1648727271.208204606,0,0.006000
1648727271.227784628,3,0.019000
1648727271.249105576,2,0.007000
1648727271.268234558,0,0.025000
1648727271.289040477,2,0.035000
1648727271.308552963,3,0.016000
1648727271.330463121,2,0.024000
1648727271.348900466,6,0.055000
1648727271.368359041,5,0.029000
1648727271.389654536,2,0.033000
1648727271.410439846,3,0.032000
1648727271.430955316,4,0.023000
1648727271.451989134,5,0.048000
1648727271.472743703,13,0.155000
1648727271.492914000,7,0.118000
1648727271.513444689,2,0.018000
1648727271.534930973,3,0.039000
1648727271.554240146,8,0.086000
1648727271.575684745,7,0.087000
1648727271.595688595,3,0.053000
1648727271.614172527,1,0.023000
1648727271.632002253,8,0.084000
1648727271.650757041,5,0.065000
1648727271.668029923,4,0.036000
1648727271.690050943,6,0.070000
1648727271.709090331,8,0.085000
1648727271.729369018,2,0.016000
1648727271.747989234,4,0.025000
1648727271.768953582,2,0.031000
1648727271.790459801,5,0.048000
1648727271.809898653,4,0.079000
1648727271.831349739,2,0.027000
1648727271.853580607,6,0.024000
1648727271.873648460,2,0.004000
1648727271.892004324,0,0.004000
1648727271.913926454,2,0.018000
1648727271.932963833,4,0.050000
1648727271.953004395,6,0.072000
1648727271.974842573,3,0.038000
1648727271.993698260,2,0.027000
1648727272.013792226,4,0.011000
1648727272.035665206,8,0.059000
1648727272.055062975,6,0.071000
1648727272.076181896,4,0.065000
1648727272.097501376,7,0.067000
1648727272.115463687,6,0.072000
1648727272.134637470,2,0.041000
1648727272.154557571,6,0.090000
1648727272.176843904,8,0.085000
1648727272.195965574,2,0.036000
1648727272.216549172,3,0.040000
1648727272.234500376,15,0.182000
1648727272.253549430,13,0.154000
1648727272.273352920,6,0.061000
1648727272.292884486,4,0.072000
1648727272.313629952,4,0.047000
1648727272.333410835,2,0.054000
1648727272.353143373,5,0.038000
1648727272.372792401,2,0.040000
1648727272.392789248,6,0.076000
1648727272.412052635,5,0.081000
1648727272.431901765,0,0.006000
1648727272.452088362,10,0.142000
1648727272.472504833,12,0.110000
1648727272.494102982,7,0.071000
1648727272.514343168,9,0.083000
1648727272.533998624,10,0.085000
1648727272.553007288,1,0.033000
1648727272.572583491,4,0.058000
1648727272.592383725,3,0.053000
1648727272.613115128,2,0.031000
1648727272.632817235,4,0.016000
1648727272.651497977,6,0.071000
1648727272.672901000,10,0.079000
1648727272.691723677,4,0.050000
1648727272.711764127,2,0.011000
1648727272.733851803,3,0.026000
1648727272.754348894,2,0.007000
1648727272.773359541,1,0.010000
1648727272.794455242,2,0.019000
1648727272.813652655,0,0.000000
1648727272.832634471,3,0.015000
1648727272.851790317,1,0.009000
1648727272.871148317,2,0.027000
1648727272.889206363,4,0.052000
1648727272.907894931,5,0.046000
1648727272.926753405,5,0.013000
1648727272.945508610,8,0.106000
1648727272.966970793,11,0.146000
1648727272.987440229,8,0.095000
1648727273.008856616,5,0.084000
1648727273.029891355,5,0.036000
1648727273.049254077,9,0.098000
1648727273.072000267,12,0.130000
1648727273.091391339,5,0.070000
1648727273.110471196,3,0.053000
1648727273.131684371,3,0.027000
1648727273.152437063,3,0.032000
1648727273.169905549,5,0.080000
1648727273.191930670,2,0.041000
1648727273.212727141,5,0.050000
1648727273.233959165,4,0.059000
1648727273.253271774,1,0.043000
1648727273.271393476,0,0.027000
1648727273.291759797,3,0.027000
1648727273.312386694,2,0.017000
1648727273.333900844,7,0.062000
1648727273.353094813,11,0.086000
1648727273.375026171,5,0.066000
1648727273.394672738,2,0.013000
1648727273.417416982,2,0.012000
1648727273.436693949,1,0.011000
1648727273.458771492,3,0.034000
1648727273.478907579,2,0.017000
1648727273.499463014,5,0.003000
1648727273.520789301,3,0.000000
1648727273.540573609,2,0.038000
1648727273.561045110,2,0.029000
1648727273.582027024,1,0.005000
1648727273.602979769,13,0.157000
1648727273.624610765,12,0.138000
1648727273.646333635,8,0.106000
1648727273.667670717,5,0.080000
1648727273.689623692,4,0.038000
1648727273.710172308,0,0.009000
1648727273.730653450,2,0.014000
1648727273.750252635,9,0.091000
1648727273.771200719,5,0.056000
1648727273.790796105,4,0.030000
1648727273.812538174,5,0.045000
1648727273.833799074,3,0.036000
1648727273.853753722,6,0.069000
1648727273.874721854,2,0.032000
1648727273.895509147,1,0.036000
1648727273.916611852,0,0.007000
1648727273.937974212,4,0.089000
1648727273.958661643,5,0.025000
1648727273.980464444,31,0.399000
1648727274.002586847,39,0.474000
1648727274.022491417,31,0.349000
1648727274.043098835,16,0.166000
1648727274.063680926,6,0.087000
1648727274.083161264,6,0.064000
1648727274.103877444,3,0.057000
1648727274.124464163,4,0.040000
1648727274.146335515,2,0.028000
1648727274.166807553,2,0.000000
1648727274.187521651,0,0.000000
1648727274.208755670,10,0.074000
1648727274.229071524,7,0.068000
1648727274.247892358,0,0.000000
1648727274.268717426,7,0.122000
1648727274.288952194,8,0.102000
1648727274.310151560,2,0.033000
1648727274.329040494,0,0.003000
1648727274.349272326,0,0.000000
1648727274.369152092,5,0.021000
1648727274.389205962,4,0.038000
1648727274.409955111,3,0.006000
1648727274.429914142,0,0.015000
1648727274.449382734,2,0.064000
1648727274.470209683,5,0.025000
1648727274.490569676,5,0.065000
1648727274.510177813,4,0.031000
1648727274.530055397,0,0.001000
1648727274.551653345,3,0.039000
1648727274.572495772,0,0.018000
1648727274.594018595,3,0.075000
1648727274.614747675,1,0.017000
1648727274.635908961,13,0.137000
1648727274.655788188,7,0.077000
1648727274.678618233,4,0.062000
1648727274.698412753,2,0.003000
1648727274.718421129,4,0.045000
1648727274.738919659,12,0.127000
1648727274.759168764,4,0.062000
1648727274.779988057,2,0.014000
1648727274.801340290,2,0.022000
1648727274.820223135,2,0.013000
1648727274.838447865,3,0.020000
1648727274.858364601,0,0.011000
1648727274.876776158,0,0.000000
1648727274.896684207,2,0.026000
1648727274.917128836,8,0.086000
1648727274.939330894,5,0.043000
1648727274.958618265,2,0.036000
1648727274.979019465,0,0.014000
1648727275.000155947,1,0.009000
1648727275.020264444,2,0.022000
1648727275.041290415,2,0.052000
1648727275.062178931,2,0.041000
1648727275.083707321,5,0.023000
1648727275.102932148,1,0.007000
1648727275.124457301,6,0.071000
1648727275.146017869,2,0.036000
1648727275.166199448,5,0.023000
1648727275.187419649,2,0.031000
1648727275.207420555,1,0.020000
1648727275.227785278,2,0.005000
1648727275.247516614,7,0.051000
1648727275.267819447,2,0.027000
1648727275.288300732,2,0.019000
1648727275.309989917,2,0.023000
1648727275.330065809,6,0.094000
1648727275.351403020,5,0.035000
1648727275.371958498,3,0.018000
1648727275.391898291,0,0.028000
1648727275.412483306,3,0.015000
1648727275.433029675,0,0.004000
1648727275.453396330,4,0.041000
1648727275.472702407,2,0.022000
1648727275.492958538,4,0.060000
1648727275.514432454,0,0.031000
1648727275.536056473,0,0.020000
1648727275.558068956,7,0.077000
1648727275.578061864,5,0.044000
1648727275.599158877,4,0.043000
1648727275.621871678,0,0.013000
1648727275.640120812,3,0.090000
1648727275.658704653,3,0.012000
1648727275.679689865,2,0.034000
1648727275.700099942,3,0.045000
1648727275.721382406,2,0.017000
1648727275.742024888,5,0.059000
1648727275.762023126,4,0.076000
1648727275.783213259,2,0.052000
1648727275.802459995,1,0.029000
1648727275.820954206,3,0.054000
1648727275.840378860,0,0.013000
1648727275.860661017,1,0.007000
1648727275.880606457,0,0.019000
1648727275.901115141,0,0.000000
1648727275.922266625,6,0.092000
1648727275.942458937,4,0.050000
1648727275.962859347,2,0.032000
1648727275.983661521,3,0.039000
1648727276.004800750,6,0.082000
1648727276.026489249,6,0.068000
1648727276.047851335,1,0.057000
1648727276.067082990,2,0.014000
1648727276.088677293,0,0.022000
1648727276.109982346,6,0.042000
1648727276.130038763,2,0.036000
1648727276.149311727,13,0.127000
1648727276.168779315,18,0.188000
1648727276.189066165,9,0.117000
1648727276.209952015,5,0.052000
1648727276.229232345,1,0.007000
1648727276.249309081,6,0.058000
1648727276.270034873,5,0.014000
1648727276.291550854,3,0.040000
1648727276.312472478,3,0.017000
1648727276.333048430,4,0.035000
1648727276.355338956,2,0.024000
1648727276.373716162,3,0.021000
1648727276.393153231,0,0.006000
1648727276.413597743,3,0.024000
1648727276.435040195,4,0.026000
1648727276.455489386,3,0.029000
1648727276.475063206,2,0.017000
1648727276.495709360,4,0.077000
1648727276.516360503,4,0.061000
1648727276.537868055,2,0.030000
1648727276.558029325,1,0.002000
1648727276.578428989,0,0.000000
1648727276.600060697,11,0.140000
1648727276.620243537,8,0.128000
1648727276.642477422,3,0.011000
1648727276.663207790,3,0.050000
1648727276.682433718,10,0.148000
1648727276.704894945,11,0.124000
1648727276.724925405,1,0.034000
1648727276.745343227,4,0.036000
1648727276.767616159,3,0.036000
1648727276.789241070,0,0.005000
1648727276.809111703,4,0.073000
1648727276.829380598,1,0.033000
1648727276.849065206,6,0.074000
1648727276.869720721,6,0.050000
1648727276.889047214,5,0.055000
1648727276.908645294,10,0.098000
1648727276.928915905,5,0.075000
1648727276.950115497,4,0.055000
1648727276.970159931,15,0.176000
1648727276.990616765,15,0.145000
1648727277.009939506,9,0.096000
1648727277.029773500,3,0.032000
1648727277.049763973,1,0.019000
1648727277.069222898,1,0.017000
1648727277.090122200,4,0.053000
1648727277.110410111,7,0.089000
1648727277.131881763,4,0.056000
1648727277.153382944,4,0.021000
1648727277.174764324,1,0.035000
1648727277.195312976,5,0.038000
1648727277.215602436,5,0.055000
1648727277.234061574,3,0.029000
1648727277.254571069,3,0.042000
1648727277.275308114,1,0.007000
1648727277.294986731,22,0.267000
1648727277.312745543,25,0.294000
1648727277.331495061,13,0.125000
1648727277.353343523,5,0.081000
1648727277.373041877,4,0.053000
1648727277.391491281,4,0.031000
1648727277.412247202,2,0.025000
1648727277.432630447,3,0.036000
1648727277.454350345,2,0.009000
1648727277.472493736,15,0.167000
1648727277.492214563,16,0.196000
1648727277.511425451,6,0.089000
1648727277.532890352,1,0.039000
1648727277.552320857,13,0.135000
1648727277.573143830,13,0.164000
1648727277.596312007,3,0.055000
1648727277.620543406,0,0.000000
1648727277.641766137,2,0.048000
1648727277.661150543,7,0.083000
1648727277.681013333,8,0.097000
1648727277.702866967,3,0.011000
1648727277.723868461,1,0.013000
1648727277.744314476,5,0.050000
1648727277.763990953,3,0.053000
1648727277.784841662,4,0.060000
1648727277.803355295,3,0.054000
1648727277.822596978,1,0.040000
1648727277.843989827,7,0.068000
1648727277.864481612,2,0.025000
1648727277.886002593,3,0.042000
1648727277.905775959,3,0.041000
1648727277.926449166,0,0.000000
1648727277.947176409,4,0.028000
1648727277.967290970,3,0.026000
1648727277.988222214,1,0.038000
1648727278.008837856,1,0.005000
1648727278.028536153,1,0.021000
1648727278.048276555,3,0.046000
1648727278.069726317,3,0.035000
1648727278.090574510,1,0.058000
1648727278.111005567,0,0.000000
1648727278.133452130,11,0.143000
1648727278.154966215,15,0.149000
1648727278.174930784,7,0.089000
1648727278.194674433,5,0.032000
1648727278.215535037,2,0.023000
1648727278.236802388,2,0.023000
1648727278.255964951,4,0.048000
1648727278.275944235,3,0.021000
1648727278.295497494,2,0.022000
1648727278.316324317,9,0.104000
1648727278.337022797,9,0.121000
1648727278.357436433,6,0.052000
1648727278.377466038,2,0.038000
1648727278.397409431,3,0.043000
1648727278.418832231,4,0.063000
1648727278.439109767,4,0.025000
1648727278.459431731,4,0.052000
1648727278.480874813,5,0.024000
1648727278.500995522,4,0.024000
1648727278.523420428,4,0.052000
1648727278.545226139,2,0.026000
1648727278.564944626,1,0.026000
1648727278.586978117,3,0.036000
1648727278.608669743,4,0.058000
1648727278.629305911,3,0.078000
1648727278.650411962,4,0.011000
1648727278.669098690,2,0.021000
1648727278.689644279,4,0.059000
1648727278.708887475,6,0.082000
1648727278.729006047,4,0.021000
1648727278.748152949,2,0.000000
1648727278.768020236,0,0.004000
1648727278.787687411,0,0.008000
1648727278.808382012,1,0.032000
1648727278.827580517,4,0.043000
1648727278.846683164,4,0.024000
1648727278.867905010,1,0.007000
1648727278.887686818,5,0.045000
1648727278.907453613,6,0.066000
1648727278.927992627,3,0.014000
1648727278.947664697,3,0.025000
1648727278.967950597,5,0.032000
1648727278.986026531,2,0.022000
1648727279.006901244,2,0.030000
1648727279.026290845,2,0.011000
1648727279.047246888,2,0.022000
1648727279.067819374,5,0.034000
1648727279.087044288,7,0.121000
1648727279.109239231,5,0.077000
1648727279.129291090,4,0.067000
1648727279.148712101,4,0.026000
1648727279.169607226,0,0.018000
1648727279.189302270,2,0.006000
1648727279.208504066,9,0.098000
1648727279.228002661,7,0.094000
1648727279.248947027,5,0.049000
1648727279.268149258,3,0.034000
1648727279.287601455,0,0.003000
1648727279.307505395,5,0.042000
1648727279.328182679,6,0.063000
1648727279.350898737,4,0.065000
1648727279.372487354,2,0.025000
1648727279.391227756,6,0.054000
1648727279.410917908,2,0.048000
1648727279.432546449,0,0.000000
1648727279.452403057,4,0.050000
1648727279.472521640,5,0.036000
1648727279.493930090,0,0.013000
1648727279.512606759,4,0.049000
1648727279.531952095,2,0.044000
1648727279.552151366,3,0.042000
1648727279.573326466,7,0.048000
1648727279.590947936,2,0.041000
1648727279.611761473,2,0.017000
1648727279.631774535,2,0.042000
1648727279.653958184,6,0.051000
1648727279.674114326,8,0.092000
1648727279.694361425,8,0.083000
1648727279.715428730,2,0.011000
1648727279.736431338,1,0.013000
1648727279.757841868,2,0.020000
1648727279.778091874,0,0.004000
1648727279.798807934,2,0.039000
1648727279.818857425,2,0.041000
1648727279.839824397,2,0.033000
1648727279.859391981,2,0.035000
1648727279.880694129,1,0.014000
1648727279.898017888,2,0.041000
1648727279.919438669,2,0.012000
1648727279.937733388,2,0.035000
1648727279.958204890,1,0.000000
1648727279.977968397,4,0.024000
1648727279.999120613,5,0.047000
1648727280.019676597,3,0.044000
1648727280.037277510,4,0.007000
1648727280.057726013,4,0.073000
1648727280.077266565,2,0.044000
1648727280.098901088,9,0.094000
1648727280.119046091,5,0.051000
1648727280.139842454,2,0.036000
1648727280.161470192,3,0.018000
1648727280.181570386,1,0.014000
1648727280.203307171,4,0.058000
1648727280.223595490,4,0.041000
1648727280.244283318,3,0.032000
1648727280.263638157,7,0.086000
1648727280.285956941,9,0.076000
1648727280.305626141,3,0.062000
1648727280.326433673,2,0.000000
1648727280.346358782,5,0.030000
1648727280.366946625,3,0.048000
1648727280.386222295,2,0.019000
1648727280.407199637,2,0.022000
1648727280.428484600,2,0.056000
1648727280.449244735,2,0.032000
1648727280.469526922,4,0.047000
1648727280.489644333,3,0.026000
1648727280.511322928,1,0.035000
1648727280.532252385,5,0.053000
1648727280.553262523,4,0.028000
1648727280.571560630,2,0.018000
1648727280.593152351,2,0.017000
1648727280.615035305,0,0.000000
1648727280.635921978,5,0.039000
1648727280.657745657,8,0.074000
1648727280.677967144,16,0.194000
1648727280.700457665,12,0.131000
1648727280.721290039,6,0.029000
1648727280.741965017,5,0.049000
1648727280.761482289,0,0.018000
1648727280.782522536,1,0.000000
1648727280.801910905,9,0.062000
1648727280.823768673,4,0.025000
1648727280.845995132,4,0.039000
1648727280.866840555,2,0.057000
1648727280.887172292,2,0.049000
1648727280.906308875,8,0.074000
1648727280.927221747,4,0.071000
1648727280.949447225,2,0.043000
1648727280.969460373,3,0.014000
1648727280.989116895,1,0.007000
1648727281.009117206,6,0.059000
1648727281.028013516,6,0.110000
1648727281.049603881,6,0.064000
1648727281.069165095,14,0.174000
1648727281.089168155,8,0.104000
1648727281.110655760,6,0.054000
1648727281.129242045,1,0.001000
1648727281.150302774,1,0.028000
1648727281.171459626,3,0.031000
1648727281.192986714,3,0.034000
1648727281.214076652,9,0.076000
1648727281.234291595,5,0.066000
1648727281.254102734,2,0.043000
1648727281.274169282,2,0.034000
1648727281.295749428,9,0.093000
1648727281.316076655,2,0.046000
1648727281.336320365,1,0.013000
1648727281.356292286,5,0.046000
1648727281.376309562,5,0.049000
1648727281.397191124,3,0.034000
1648727281.417679987,4,0.078000
1648727281.436948923,7,0.048000
1648727281.457609316,3,0.039000
1648727281.477712920,5,0.058000
1648727281.498087985,0,0.023000
1648727281.519263499,2,0.043000
1648727281.540975184,2,0.047000
1648727281.561897269,2,0.035000
1648727281.580305688,6,0.078000
1648727281.601213854,4,0.035000
1648727281.623244354,0,0.016000
1648727281.644534426,2,0.056000
1648727281.664504847,3,0.054000
1648727281.686114086,1,0.016000
1648727281.707805008,4,0.049000
1648727281.728207208,3,0.044000
1648727281.748705066,3,0.016000
1648727281.769878721,2,0.033000
1648727281.790313540,0,0.008000
1648727281.810909900,7,0.074000
1648727281.829005397,10,0.099000
1648727281.848567266,1,0.000000
1648727281.869272745,3,0.042000
1648727281.887910711,5,0.061000
1648727281.907089054,5,0.047000
1648727281.928918384,4,0.051000
1648727281.950411721,5,0.054000
1648727281.970096859,6,0.071000
1648727281.990992143,2,0.012000
1648727282.011171355,7,0.083000
1648727282.031090728,2,0.037000
1648727282.052008570,1,0.012000
1648727282.072671768,9,0.082000
1648727282.092044857,6,0.054000
1648727282.111723428,1,0.012000
1648727282.132058192,4,0.034000
1648727282.153142534,1,0.007000
1648727282.171208847,6,0.085000
1648727282.191695747,6,0.047000
1648727282.211707946,4,0.050000
1648727282.231379206,4,0.037000
1648727282.252361540,6,0.022000
1648727282.273478398,22,0.290000
1648727282.293219008,18,0.194000
1648727282.313009913,9,0.078000
1648727282.333253359,5,0.071000
1648727282.353981756,3,0.041000
1648727282.374227059,1,0.003000
1648727282.394909588,3,0.017000
1648727282.414645225,4,0.043000
1648727282.435863951,8,0.071000
1648727282.457293517,4,0.033000
1648727282.478032913,1,0.000000
1648727282.498775791,5,0.040000
1648727282.518654789,2,0.019000
1648727282.539107591,2,0.011000
1648727282.560646288,2,0.007000
1648727282.581230914,1,0.006000
1648727282.603226360,1,0.026000
1648727282.622623091,3,0.040000
1648727282.643921340,5,0.061000
1648727282.665221768,5,0.070000
1648727282.685663520,3,0.045000
1648727282.705259192,9,0.100000
1648727282.723754968,3,0.039000
1648727282.743946479,2,0.026000
1648727282.764769922,0,0.045000
1648727282.786060549,4,0.058000
1648727282.807050977,0,0.017000
1648727282.827809833,4,0.069000
1648727282.848459045,2,0.036000
1648727282.869457732,3,0.022000
1648727282.890443647,5,0.036000
1648727282.910828341,3,0.031000
1648727282.933418922,2,0.008000
1648727282.953976414,7,0.069000
1648727282.974280870,5,0.079000
1648727282.994719870,1,0.036000
1648727283.015369747,2,0.025000
1648727283.035033398,2,0.035000
1648727283.053841112,6,0.112000
1648727283.074019059,7,0.060000
1648727283.093645385,4,0.059000
1648727283.113063503,2,0.025000
1648727283.134268003,3,0.044000
1648727283.154439659,1,0.043000
1648727283.174170947,1,0.001000
1648727283.194400915,3,0.050000
1648727283.214991581,3,0.050000
1648727283.234880131,5,0.047000
1648727283.254675337,2,0.013000
1648727283.276194689,4,0.057000
1648727283.297695503,6,0.072000
1648727283.316334937,2,0.041000
1648727283.337537517,2,0.011000
1648727283.357198625,1,0.016000
1648727283.377179314,0,0.000000
1648727283.397249149,3,0.009000
1648727283.418076363,2,0.033000
1648727283.438281622,0,0.000000
1648727283.459976212,4,0.053000
1648727283.481043652,6,0.101000
1648727283.501170093,8,0.091000
1648727283.522967732,4,0.028000
1648727283.541726450,2,0.043000
1648727283.561775345,0,0.000000
1648727283.582336393,2,0.025000
1648727283.603339677,10,0.126000
1648727283.625438063,8,0.121000
1648727283.646054388,6,0.085000
1648727283.667711863,4,0.033000
1648727283.687311451,6,0.013000
1648727283.708362846,4,0.041000
1648727283.729916797,6,0.042000
1648727283.749153576,2,0.023000
1648727283.770054864,3,0.034000
1648727283.791229171,4,0.041000
1648727283.810695357,9,0.110000
1648727283.829119326,3,0.035000
1648727283.848632835,3,0.037000
1648727283.867606496,0,0.026000
1648727283.888984875,11,0.114000
1648727283.909197827,7,0.072000
1648727283.931330523,4,0.034000
1648727283.953053522,3,0.038000
1648727283.973397713,6,0.090000
1648727283.994180457,6,0.078000
1648727284.014125145,5,0.034000
1648727284.035266942,6,0.044000
1648727284.055720761,5,0.047000
1648727284.077283396,3,0.034000
1648727284.098388225,1,0.006000
1648727284.118336177,5,0.060000
1648727284.139447164,5,0.050000
1648727284.158779536,3,0.049000
1648727284.181247416,5,0.021000
1648727284.201901589,0,0.009000
1648727284.221610314,0,0.021000
1648727284.242624973,1,0.019000
1648727284.263853286,3,0.015000
1648727284.285037838,4,0.049000
1648727284.307946883,4,0.020000
1648727284.329019282,6,0.055000
1648727284.350878614,0,0.000000
1648727284.371042818,1,0.029000
1648727284.391983476,1,0.033000
1648727284.413067610,4,0.050000
1648727284.432816291,2,0.007000
1648727284.454182413,4,0.009000
1648727284.475382318,3,0.034000
1648727284.497584393,1,0.018000
1648727284.517223235,4,0.038000
1648727284.538541995,6,0.074000
1648727284.559074206,2,0.058000
1648727284.578011944,6,0.048000
1648727284.597766260,2,0.010000
1648727284.618874512,6,0.060000
1648727284.637867190,1,0.020000
1648727284.659983489,10,0.121000
1648727284.681012883,8,0.109000
1648727284.701306746,7,0.046000
1648727284.720702786,2,0.026000
1648727284.739925811,3,0.048000
1648727284.760761214,4,0.032000
1648727284.782159174,3,0.050000
1648727284.803669608,2,0.024000
1648727284.824362609,2,0.045000
1648727284.843174230,3,0.031000
1648727284.862232676,2,0.008000
1648727284.885000837,2,0.020000
1648727284.904874896,1,0.032000
1648727284.926123256,18,0.191000
1648727284.946888436,19,0.235000
1648727284.969055119,7,0.113000
1648727284.990226745,3,0.054000
1648727285.012275127,4,0.054000
1648727285.033114834,4,0.047000
1648727285.052373368,3,0.056000
1648727285.073315470,0,0.024000
1648727285.094416745,4,0.058000
1648727285.115751142,7,0.092000
1648727285.137396664,3,0.028000
1648727285.158657459,1,0.000000
1648727285.177689612,3,0.049000
1648727285.197327273,4,0.037000
1648727285.216942651,2,0.032000
1648727285.236206669,5,0.058000
1648727285.257646747,0,0.005000
1648727285.277135824,11,0.107000
1648727285.294788756,8,0.098000
1648727285.314970329,6,0.053000
1648727285.334818351,3,0.052000
1648727285.353840973,6,0.081000
1648727285.373987527,3,0.020000
1648727285.394859519,4,0.064000
1648727285.416319509,9,0.100000
1648727285.434990277,7,0.041000
1648727285.457122327,1,0.035000
1648727285.476342057,6,0.067000
1648727285.497117915,3,0.013000
1648727285.518160657,0,0.032000
1648727285.537885847,0,0.000000
1648727285.557796252,6,0.041000
1648727285.576925391,9,0.086000
1648727285.597016538,5,0.052000
1648727285.617146723,2,0.013000
1648727285.639143505,4,0.031000
1648727285.656987411,3,0.025000
1648727285.679301264,14,0.194000
1648727285.700250442,15,0.173000
1648727285.721061178,10,0.098000
1648727285.740651206,5,0.072000
1648727285.763776404,3,0.008000
1648727285.784729967,0,0.005000
1648727285.804783226,1,0.036000
1648727285.823993813,0,0.000000
1648727285.840669939,1,0.005000
1648727285.861501052,2,0.007000
1648727285.879128489,5,0.061000
1648727285.899496629,6,0.060000
1648727285.917892730,1,0.012000
1648727285.937496997,2,0.034000
1648727285.958640446,1,0.001000
1648727285.978985644,3,0.049000
1648727285.999958281,9,0.132000
1648727286.019938325,7,0.109000
1648727286.042009599,3,0.052000
1648727286.062979170,2,0.018000
1648727286.082878622,2,0.014000
1648727286.103433654,3,0.017000
1648727286.123465324,2,0.027000
1648727286.142470116,1,0.012000
1648727286.160778156,3,0.034000
1648727286.181028021,5,0.042000
1648727286.202309323,2,0.000000
1648727286.222450063,3,0.060000
1648727286.241056183,4,0.040000
1648727286.262295346,5,0.052000
1648727286.282917315,0,0.012000
1648727286.303191327,3,0.012000
1648727286.325349741,3,0.018000
1648727286.346109386,5,0.058000
1648727286.366427484,1,0.007000
1648727286.385295222,0,0.006000
1648727286.404646990,3,0.024000
1648727286.423571737,9,0.084000
1648727286.444631962,9,0.114000
1648727286.464733396,5,0.046000
1648727286.484820971,5,0.042000
1648727286.505733918,3,0.013000
1648727286.526678288,1,0.012000
1648727286.547140192,1,0.005000
1648727286.567136995,4,0.025000
1648727286.585858972,5,0.050000
1648727286.605279387,5,0.042000
1648727286.627594074,3,0.006000
1648727286.647392238,2,0.040000
1648727286.667347108,2,0.014000
1648727286.689486421,0,0.018000
1648727286.710162293,3,0.048000
1648727286.730699602,2,0.018000
1648727286.750564563,2,0.002000
1648727286.772458365,1,0.039000
1648727286.792277862,2,0.018000
1648727286.811791648,6,0.072000
1648727286.831627316,5,0.091000
1648727286.853339031,3,0.043000
1648727286.872691787,0,0.002000
1648727286.893442783,4,0.027000
1648727286.912772532,1,0.012000
1648727286.934286752,4,0.020000
1648727286.954237748,3,0.053000
1648727286.973964024,1,0.025000
1648727286.993310582,3,0.045000
1648727287.014111494,0,0.012000
1648727287.031882148,1,0.034000
1648727287.053927542,4,0.064000
1648727287.073091549,2,0.041000
1648727287.094597625,1,0.010000
1648727287.112721405,2,0.038000
1648727287.133926612,6,0.027000
1648727287.153013422,1,0.031000
1648727287.173979287,5,0.022000
1648727287.194332714,1,0.004000
1648727287.215213661,2,0.004000
1648727287.234428463,5,0.041000
1648727287.253678124,9,0.104000
1648727287.273276293,9,0.104000
1648727287.293960390,1,0.007000
1648727287.313913215,4,0.043000
1648727287.333292039,0,0.037000
1648727287.352811576,1,0.031000
1648727287.373058670,3,0.029000
1648727287.392211386,3,0.006000
1648727287.412743724,2,0.019000
1648727287.433506123,0,0.025000
1648727287.454627267,2,0.041000
1648727287.472922312,1,0.033000
1648727287.494141282,2,0.034000
1648727287.513113649,0,0.037000
1648727287.533888131,1,0.011000
1648727287.554680176,2,0.034000
1648727287.574935103,3,0.058000
1648727287.596026301,4,0.035000
1648727287.615418305,5,0.039000
1648727287.636908441,4,0.023000
1648727287.656975216,6,0.090000
1648727287.680112120,10,0.111000
1648727287.701495784,8,0.047000
1648727287.721935131,4,0.060000
1648727287.741164571,3,0.037000
1648727287.762443660,7,0.085000
1648727287.781905447,5,0.073000
1648727287.801303456,3,0.052000
1648727287.821032559,2,0.045000
1648727287.840762769,5,0.054000
1648727287.862455749,3,0.037000
1648727287.883613093,1,0.031000
1648727287.904102245,3,0.029000
1648727287.924733620,1,0.013000
1648727287.945637173,1,0.032000
1648727287.966101649,1,0.024000
1648727287.986836772,4,0.072000
1648727288.007250804,4,0.052000
1648727288.029419623,1,0.028000
1648727288.049815211,0,0.000000
1648727288.070707044,2,0.039000
1648727288.091619198,7,0.112000
1648727288.113896159,12,0.156000
1648727288.135742058,13,0.174000
1648727288.157360449,9,0.115000
1648727288.179446468,2,0.035000
1648727288.200938098,0,0.016000
1648727288.221732915,10,0.061000
1648727288.243210349,6,0.060000
1648727288.265400479,0,0.000000
1648727288.283978270,1,0.000000
1648727288.303779205,8,0.110000
1648727288.323824563,17,0.172000
1648727288.346733755,11,0.094000
1648727288.366314819,4,0.028000
1648727288.388853257,3,0.045000
1648727288.409341070,5,0.040000
1648727288.429955133,2,0.004000
1648727288.450970929,6,0.053000
1648727288.475424006,3,0.036000
1648727288.495456090,2,0.020000
1648727288.517173594,1,0.010000
1648727288.536616568,3,0.030000
1648727288.557559317,5,0.059000
1648727288.579137994,3,0.061000
1648727288.601840679,3,0.039000
1648727288.622281405,6,0.052000
1648727288.643221428,3,0.050000
1648727288.664200925,2,0.034000
1648727288.682634968,0,0.005000
1648727288.703247427,30,0.331000
1648727288.724377261,39,0.485000
1648727288.745273955,28,0.334000
