1648722456.935787044,1,0.015000
1648722456.958959959,1,0.020000
1648722456.983817879,0,0.000000
1648722457.004117917,3,0.050000
1648722457.027640126,0,0.005000
1648722457.052063418,0,0.009000
1648722457.075181045,0,0.000000
1648722457.098761463,0,0.000000
1648722457.122101559,0,0.000000
1648722457.144657704,0,0.004000
1648722457.169058694,0,0.000000
1648722457.190477985,0,0.000000
1648722457.213728076,0,0.000000
1648722457.237094851,1,0.011000
1648722457.261290062,0,0.000000
1648722457.283897514,0,0.000000
1648722457.306685441,6,0.074000
1648722457.328407124,0,0.000000
1648722457.350460079,1,0.005000
1648722457.373249455,0,0.001000
1648722457.395525588,0,0.000000
1648722457.418482985,2,0.012000
1648722457.440840132,0,0.000000
1648722457.463071010,0,0.004000
1648722457.486496192,0,0.018000
1648722457.510701407,2,0.016000
1648722457.533431984,1,0.003000
1648722457.556090024,0,0.000000
1648722457.579206278,0,0.003000
1648722457.601186331,0,0.000000
1648722457.624942569,0,0.000000
1648722457.646960694,0,0.000000
1648722457.668191707,0,0.000000
1648722457.692385780,0,0.006000
1648722457.714857342,1,0.010000
1648722457.737854076,1,0.000000
1648722457.759811590,1,0.008000
1648722457.783274695,0,0.000000
1648722457.806912813,1,0.013000
1648722457.830752697,1,0.010000
1648722457.852155540,1,0.003000
1648722457.874297502,1,0.005000
1648722457.897168624,1,0.014000
1648722457.919304270,0,0.011000
1648722457.942470504,0,0.000000
1648722457.964273430,2,0.015000
1648722457.987898895,0,0.000000
1648722458.011875319,0,0.008000
1648722458.033945129,5,0.043000
1648722458.057864029,0,0.000000
1648722458.082257611,0,0.001000
1648722458.105077669,0,0.000000
1648722458.129201415,1,0.003000
1648722458.151603864,1,0.016000
1648722458.174220871,1,0.003000
1648722458.196390454,0,0.006000
1648722458.218943610,0,0.003000
1648722458.242021350,1,0.000000
1648722458.264423680,1,0.000000
1648722458.288862056,0,0.000000
1648722458.311501388,0,0.000000
1648722458.333211155,0,0.022000
1648722458.353995769,0,0.003000
1648722458.377381376,0,0.000000
1648722458.400169861,0,0.000000
1648722458.423811304,1,0.018000
1648722458.446891089,1,0.003000
1648722458.470396002,1,0.000000
1648722458.491795577,0,0.018000
1648722458.514769196,0,0.000000
1648722458.537187021,0,0.000000
1648722458.561750424,0,0.000000
1648722458.584390589,1,0.000000
1648722458.607296802,0,0.000000
1648722458.630898851,1,0.000000
1648722458.654465240,1,0.023000
1648722458.678109245,1,0.006000
1648722458.703339050,0,0.000000
1648722458.726133138,1,0.011000
1648722458.746900553,0,0.005000
1648722458.769965463,0,0.000000
1648722458.794204491,2,0.010000
1648722458.817130667,2,0.016000
1648722458.840540001,1,0.000000
1648722458.862902712,0,0.005000
1648722458.885334477,1,0.013000
1648722458.908131372,0,0.000000
1648722458.930390809,0,0.005000
1648722458.952208547,1,0.007000
1648722458.973325588,0,0.000000
1648722458.995641322,0,0.000000
1648722459.018562685,0,0.005000
1648722459.039105317,0,0.000000
1648722459.060658707,0,0.000000
1648722459.082271311,0,0.000000
1648722459.105041298,0,0.000000
1648722459.128127592,0,0.006000
1648722459.153125374,0,0.000000
1648722459.175241445,0,0.000000
1648722459.196199009,3,0.030000
1648722459.218782580,2,0.032000
1648722459.240502106,0,0.000000
1648722459.264084857,2,0.000000
1648722459.286911776,2,0.020000
1648722459.311310986,0,0.000000
1648722459.334017560,0,0.000000
1648722459.357365513,0,0.005000
1648722459.379856889,0,0.000000
1648722459.403109244,2,0.019000
1648722459.425247644,0,0.006000
1648722459.448570600,0,0.008000
1648722459.472206619,0,0.000000
1648722459.494530325,0,0.000000
1648722459.517693559,0,0.005000
1648722459.540425015,1,0.009000
1648722459.562004652,0,0.000000
1648722459.585112424,0,0.009000
1648722459.609451332,0,0.000000
1648722459.632291273,1,0.000000
1648722459.655219462,0,0.002000
1648722459.679860352,1,0.010000
1648722459.702387201,0,0.000000
1648722459.725009897,1,0.003000
1648722459.747971621,0,0.001000
1648722459.771090159,2,0.001000
1648722459.793220626,1,0.027000
1648722459.815785266,0,0.000000
1648722459.839783800,1,0.000000
1648722459.863070723,1,0.000000
1648722459.887252066,2,0.028000
1648722459.910677286,0,0.000000
1648722459.934021840,1,0.010000
1648722459.956987961,0,0.000000
1648722459.979492691,0,0.000000
1648722460.002263926,1,0.008000
1648722460.025807414,4,0.050000
1648722460.048858553,0,0.000000
1648722460.073479253,0,0.000000
1648722460.095961398,0,0.000000
1648722460.118726528,0,0.008000
1648722460.142666890,1,0.011000
1648722460.165147645,1,0.009000
1648722460.188680818,1,0.001000
1648722460.212147132,0,0.000000
1648722460.234390380,1,0.000000
1648722460.256334225,0,0.000000
1648722460.278532633,0,0.001000
1648722460.302287402,0,0.000000
1648722460.324833233,0,0.004000
1648722460.348477503,3,0.037000
1648722460.370393748,0,0.000000
1648722460.393119950,0,0.006000
1648722460.416884917,5,0.035000
1648722460.439576802,1,0.014000
1648722460.462634139,1,0.003000
1648722460.486592138,0,0.000000
1648722460.510330004,2,0.019000
1648722460.534860728,1,0.008000
1648722460.557392567,3,0.019000
1648722460.578762606,0,0.003000
1648722460.601890526,1,0.016000
1648722460.623472701,0,0.000000
1648722460.647306064,0,0.000000
1648722460.671999523,0,0.019000
1648722460.695390139,0,0.000000
1648722460.718908646,1,0.012000
1648722460.741907298,0,0.000000
1648722460.765200497,0,0.000000
1648722460.788648045,0,0.003000
1648722460.811386565,1,0.007000
1648722460.835310524,2,0.029000
1648722460.858440662,1,0.000000
1648722460.878876662,0,0.009000
1648722460.900661748,0,0.007000
1648722460.924404395,0,0.000000
1648722460.947318437,1,0.005000
1648722460.969687322,0,0.000000
1648722460.993649856,1,0.014000
1648722461.017434976,0,0.000000
1648722461.039408145,0,0.021000
1648722461.061240000,0,0.003000
1648722461.082499767,0,0.003000
1648722461.105543184,0,0.000000
1648722461.128611138,1,0.010000
1648722461.152589854,0,0.000000
1648722461.175737491,2,0.012000
1648722461.198924345,0,0.006000
1648722461.224948155,0,0.000000
1648722461.248453895,8,0.113000
1648722461.272902251,0,0.009000
1648722461.295613726,0,0.009000
1648722461.318367423,2,0.033000
1648722461.342079772,1,0.010000
1648722461.366937983,0,0.000000
1648722461.390112323,0,0.000000
1648722461.411881494,1,0.007000
1648722461.435359598,0,0.000000
1648722461.457504244,0,0.000000
1648722461.480725046,0,0.005000
1648722461.503156152,2,0.032000
1648722461.525329045,0,0.000000
1648722461.549137602,1,0.001000
1648722461.571005839,0,0.000000
1648722461.593963617,1,0.009000
1648722461.618128870,0,0.019000
1648722461.640064809,0,0.004000
1648722461.663655578,0,0.012000
1648722461.686646323,0,0.009000
1648722461.709915367,0,0.006000
1648722461.732118010,1,0.012000
1648722461.754326192,1,0.000000
1648722461.775914644,0,0.000000
1648722461.797153204,0,0.000000
1648722461.820584521,0,0.000000
1648722461.843135982,0,0.000000
1648722461.865001252,0,0.000000
1648722461.888208961,0,0.000000
1648722461.913200351,0,0.008000
1648722461.934640838,0,0.011000
1648722461.957935891,8,0.083000
1648722461.980526529,0,0.000000
1648722462.003023364,0,0.000000
1648722462.025400898,1,0.001000
1648722462.047885498,0,0.000000
1648722462.070723465,1,0.009000
1648722462.094371531,1,0.016000
1648722462.117152004,0,0.000000
1648722462.138278984,0,0.005000
1648722462.159328453,0,0.000000
1648722462.181278336,0,0.000000
1648722462.204009226,3,0.067000
1648722462.226085402,0,0.000000
1648722462.249356144,2,0.012000
1648722462.272535510,1,0.004000
1648722462.295354085,1,0.016000
1648722462.317419191,0,0.000000
1648722462.340192614,6,0.080000
1648722462.362944340,0,0.000000
1648722462.385104728,1,0.001000
1648722462.407641436,0,0.000000
1648722462.430931107,1,0.009000
1648722462.453296998,0,0.015000
1648722462.475604014,1,0.012000
1648722462.498147353,0,0.000000
1648722462.520468238,1,0.018000
1648722462.543092054,1,0.004000
1648722462.564456548,3,0.019000
1648722462.587263340,3,0.013000
1648722462.609036123,0,0.000000
1648722462.632732847,0,0.000000
1648722462.655292284,0,0.011000
1648722462.679700206,0,0.000000
1648722462.703173682,0,0.000000
1648722462.726023589,0,0.000000
1648722462.746799061,1,0.020000
1648722462.769292939,1,0.001000
1648722462.792246696,2,0.035000
1648722462.815828823,0,0.000000
1648722462.838188144,0,0.010000
1648722462.860113392,1,0.011000
1648722462.883270827,0,0.000000
1648722462.906184699,2,0.019000
1648722462.928068326,1,0.000000
1648722462.950865792,1,0.000000
1648722462.973649081,1,0.007000
1648722462.999904662,0,0.005000
1648722463.022830652,0,0.000000
1648722463.043983272,0,0.000000
1648722463.067854292,0,0.000000
1648722463.090141515,1,0.000000
1648722463.112227879,0,0.000000
1648722463.135615932,0,0.000000
1648722463.156859038,0,0.000000
1648722463.180467668,1,0.000000
1648722463.201944217,3,0.047000
1648722463.224417181,1,0.006000
1648722463.248623206,2,0.007000
1648722463.270258289,0,0.000000
1648722463.292457549,0,0.003000
1648722463.315264498,2,0.003000
1648722463.338919910,1,0.011000
1648722463.361017780,6,0.051000
1648722463.383423928,0,0.000000
1648722463.406848694,1,0.025000
1648722463.430933521,0,0.024000
1648722463.453767906,1,0.006000
1648722463.476414880,0,0.003000
1648722463.499828289,0,0.000000
1648722463.523768947,0,0.010000
1648722463.547425304,0,0.004000
1648722463.573899597,0,0.001000
1648722463.596414055,0,0.000000
1648722463.619037722,2,0.012000
1648722463.640183098,2,0.000000
1648722463.663895823,0,0.000000
1648722463.684886899,0,0.033000
1648722463.707741263,1,0.010000
1648722463.730716242,0,0.004000
1648722463.752475694,1,0.002000
1648722463.773118148,1,0.000000
1648722463.796772699,0,0.000000
1648722463.820281059,0,0.000000
1648722463.843810610,1,0.014000
1648722463.868831525,0,0.000000
1648722463.890086809,0,0.000000
1648722463.913863375,0,0.000000
1648722463.938048142,0,0.000000
1648722463.959987171,0,0.000000
1648722463.983075473,1,0.003000
1648722464.006588058,1,0.000000
1648722464.031013400,2,0.018000
1648722464.054866907,1,0.000000
1648722464.078484508,0,0.000000
1648722464.101922427,0,0.000000
1648722464.122329761,0,0.000000
1648722464.144104629,0,0.009000
1648722464.167400237,0,0.000000
1648722464.190120447,1,0.004000
1648722464.212063249,1,0.004000
1648722464.234598919,1,0.007000
1648722464.257509320,0,0.011000
1648722464.280230707,0,0.000000
1648722464.301739435,3,0.002000
1648722464.323115837,1,0.008000
1648722464.346002578,0,0.000000
1648722464.369393330,1,0.005000
1648722464.392901467,1,0.000000
1648722464.415839754,0,0.000000
1648722464.437979279,1,0.012000
1648722464.461060456,1,0.005000
1648722464.483851328,0,0.000000
1648722464.506989553,0,0.006000
1648722464.530824172,0,0.000000
1648722464.552819283,1,0.000000
1648722464.574458531,0,0.000000
1648722464.598896192,3,0.002000
1648722464.621249194,0,0.000000
1648722464.643454447,0,0.000000
1648722464.666589171,2,0.009000
1648722464.688968023,0,0.006000
1648722464.713264452,0,0.000000
1648722464.736314669,0,0.000000
1648722464.759742185,2,0.043000
1648722464.783209173,0,0.000000
1648722464.806447745,2,0.020000
1648722464.829403195,2,0.017000
1648722464.853251209,0,0.000000
1648722464.876571172,0,0.010000
1648722464.900653082,0,0.000000
1648722464.922326094,0,0.000000
1648722464.944199406,2,0.021000
1648722464.967031255,0,0.000000
1648722464.989909446,1,0.025000
1648722465.011298098,0,0.000000
1648722465.034346272,0,0.000000
1648722465.057258885,0,0.000000
1648722465.080478396,0,0.000000
1648722465.103951015,1,0.008000
1648722465.126533776,0,0.000000
1648722465.149731753,0,0.000000
1648722465.171462846,1,0.003000
1648722465.194079367,0,0.001000
1648722465.217977976,0,0.000000
1648722465.241890712,0,0.001000
1648722465.264417138,0,0.001000
1648722465.286552386,0,0.000000
1648722465.310343631,0,0.010000
1648722465.333304130,0,0.021000
1648722465.356878481,1,0.017000
1648722465.378943887,1,0.000000
1648722465.403040215,8,0.097000
1648722465.424536172,0,0.000000
1648722465.447032094,3,0.006000
1648722465.470846797,0,0.000000
1648722465.493452119,1,0.010000
1648722465.516871825,0,0.000000
1648722465.540763323,0,0.000000
1648722465.563199610,0,0.009000
1648722465.584258340,0,0.000000
1648722465.606906591,0,0.006000
1648722465.631200182,0,0.000000
1648722465.653195823,0,0.009000
1648722465.676787315,0,0.000000
1648722465.698964506,0,0.000000
1648722465.720799678,0,0.000000
1648722465.743139554,0,0.000000
1648722465.764441419,1,0.000000
1648722465.786850100,0,0.000000
1648722465.809717778,0,0.019000
1648722465.832797685,0,0.000000
1648722465.857490141,0,0.004000
1648722465.879206039,0,0.004000
1648722465.902825566,0,0.000000
1648722465.925427577,0,0.000000
1648722465.947837483,0,0.000000
1648722465.969657226,0,0.000000
1648722465.992794286,1,0.010000
1648722466.014154645,1,0.033000
1648722466.037692951,1,0.016000
1648722466.061120266,0,0.000000
1648722466.083728696,0,0.021000
1648722466.106721504,0,0.000000
1648722466.129029029,0,0.014000
1648722466.150604178,0,0.003000
1648722466.174756884,1,0.000000
1648722466.198841424,0,0.000000
1648722466.221809890,0,0.000000
1648722466.244627672,0,0.006000
1648722466.267405449,0,0.003000
1648722466.289665643,1,0.019000
1648722466.312472169,0,0.001000
1648722466.335933892,0,0.000000
1648722466.358458948,0,0.000000
1648722466.383269411,1,0.014000
1648722466.406758035,0,0.007000
1648722466.428699065,5,0.050000
1648722466.452476921,0,0.000000
1648722466.475751272,0,0.000000
1648722466.496800937,0,0.000000
1648722466.519264583,1,0.003000
1648722466.541984184,1,0.006000
1648722466.563612845,0,0.000000
1648722466.586452155,1,0.001000
1648722466.609092147,0,0.000000
1648722466.630244269,0,0.003000
1648722466.654124725,1,0.009000
1648722466.676130635,1,0.015000
1648722466.698469218,1,0.013000
1648722466.720691883,0,0.000000
1648722466.741971678,0,0.006000
1648722466.764408321,0,0.007000
1648722466.787213081,1,0.013000
1648722466.807887076,1,0.000000
1648722466.830345192,0,0.000000
1648722466.852732692,0,0.000000
1648722466.875409440,0,0.000000
1648722466.899312194,0,0.000000
1648722466.919838178,1,0.005000
1648722466.941259925,0,0.000000
1648722466.963673463,0,0.000000
1648722466.984609957,0,0.000000
1648722467.005550525,0,0.000000
1648722467.026694503,1,0.011000
1648722467.050044861,1,0.003000
1648722467.073572867,0,0.013000
1648722467.097011927,0,0.000000
1648722467.120267531,1,0.000000
1648722467.143484040,1,0.000000
1648722467.167441772,0,0.000000
1648722467.191266942,0,0.001000
1648722467.214995383,0,0.004000
1648722467.238965255,0,0.000000
1648722467.260487327,0,0.000000
1648722467.283049059,0,0.006000
1648722467.306079492,0,0.001000
1648722467.329435321,2,0.018000
1648722467.352362968,0,0.000000
1648722467.375047680,2,0.014000
1648722467.397010543,0,0.000000
1648722467.419681370,0,0.000000
1648722467.442566993,0,0.000000
1648722467.465395555,0,0.000000
1648722467.488741108,1,0.001000
1648722467.509311567,0,0.015000
1648722467.532506188,1,0.000000
1648722467.554205396,0,0.000000
1648722467.577667217,0,0.014000
1648722467.600368142,2,0.008000
1648722467.622756739,0,0.000000
1648722467.645422094,2,0.001000
1648722467.668081118,0,0.000000
1648722467.691203097,0,0.000000
1648722467.714300712,0,0.000000
1648722467.735010645,0,0.000000
1648722467.757309692,0,0.006000
1648722467.780089545,1,0.011000
1648722467.802543335,1,0.016000
1648722467.825323624,0,0.004000
1648722467.848810248,0,0.012000
1648722467.872316523,1,0.005000
1648722467.895861880,2,0.017000
1648722467.918225519,0,0.000000
1648722467.941788902,4,0.056000
1648722467.964128580,1,0.005000
1648722467.987405276,0,0.000000
1648722468.009767454,1,0.025000
1648722468.031492842,0,0.000000
1648722468.053680582,0,0.000000
1648722468.077474355,0,0.000000
1648722468.102281898,2,0.008000
1648722468.125120401,0,0.003000
1648722468.145933241,0,0.000000
1648722468.168473596,0,0.000000
1648722468.192366225,0,0.015000
1648722468.215398028,0,0.004000
1648722468.236483449,0,0.000000
1648722468.259412672,1,0.000000
1648722468.282708537,0,0.000000
1648722468.305376262,5,0.056000
1648722468.327443174,0,0.000000
1648722468.350732045,0,0.000000
1648722468.372435503,1,0.000000
1648722468.396465537,0,0.000000
1648722468.418863636,0,0.000000
1648722468.442472243,0,0.000000
1648722468.465382331,0,0.006000
1648722468.488058780,0,0.000000
1648722468.510904387,1,0.006000
1648722468.533222366,0,0.003000
1648722468.556931120,0,0.015000
1648722468.581190251,0,0.000000
1648722468.603881571,1,0.010000
1648722468.627409991,0,0.003000
1648722468.649492793,0,0.004000
1648722468.673115010,0,0.018000
1648722468.696487307,2,0.023000
1648722468.718548479,0,0.000000
1648722468.740800434,0,0.008000
1648722468.764128786,0,0.004000
1648722468.788180749,4,0.026000
1648722468.810262009,0,0.000000
1648722468.833090964,0,0.000000
1648722468.856198785,0,0.009000
1648722468.880633048,0,0.000000
1648722468.903660449,1,0.008000
1648722468.927203933,0,0.004000
1648722468.950414372,0,0.000000
1648722468.974308196,0,0.008000
1648722468.995315215,1,0.012000
1648722469.018276265,0,0.000000
1648722469.040979581,0,0.000000
1648722469.063457797,2,0.004000
1648722469.086524258,1,0.005000
1648722469.109236207,0,0.000000
1648722469.132390253,0,0.000000
1648722469.155354450,0,0.012000
1648722469.180273903,0,0.003000
1648722469.203682503,0,0.000000
1648722469.226117308,0,0.000000
1648722469.248590218,0,0.000000
1648722469.270867592,0,0.016000
1648722469.293310044,1,0.000000
1648722469.316751108,0,0.000000
1648722469.339215451,1,0.022000
1648722469.360997994,0,0.004000
1648722469.384400947,1,0.002000
1648722469.408337952,1,0.015000
1648722469.431559820,0,0.000000
1648722469.454364863,0,0.000000
1648722469.477477264,0,0.000000
1648722469.500223148,0,0.000000
1648722469.522110111,0,0.004000
1648722469.545541125,2,0.005000
1648722469.568816243,1,0.009000
1648722469.593042458,0,0.003000
1648722469.616593455,1,0.000000
1648722469.639149382,1,0.025000
1648722469.661837243,0,0.000000
1648722469.683111000,5,0.038000
1648722469.706174130,1,0.000000
1648722469.727556050,0,0.000000
1648722469.750838481,2,0.023000
1648722469.773972974,1,0.013000
1648722469.797747187,1,0.007000
1648722469.820653372,7,0.070000
1648722469.843040871,0,0.000000
1648722469.863532508,0,0.000000
1648722469.886756109,0,0.000000
1648722469.909891180,0,0.005000
1648722469.932331897,2,0.022000
1648722469.954498750,0,0.000000
1648722469.976868636,0,0.000000
1648722469.998385652,0,0.001000
1648722470.019645143,1,0.002000
1648722470.042859226,1,0.019000
1648722470.065410584,0,0.000000
1648722470.088364651,0,0.000000
1648722470.111053135,1,0.003000
1648722470.133277956,0,0.000000
1648722470.155141846,0,0.000000
1648722470.178889080,0,0.000000
1648722470.201454673,0,0.000000
1648722470.223110161,0,0.000000
1648722470.245548937,0,0.005000
1648722470.269000044,0,0.011000
1648722470.292059496,0,0.012000
1648722470.315286744,0,0.000000
1648722470.337805591,1,0.011000
1648722470.361233186,0,0.005000
1648722470.383463715,0,0.000000
1648722470.405143803,0,0.003000
1648722470.429015941,0,0.000000
1648722470.452687088,1,0.014000
1648722470.475486106,1,0.000000
1648722470.498484476,1,0.018000
1648722470.522187410,0,0.000000
1648722470.545384465,0,0.000000
1648722470.569125740,0,0.003000
1648722470.591694433,0,0.000000
1648722470.615419035,0,0.010000
1648722470.636141134,0,0.001000
1648722470.658486937,0,0.000000
1648722470.680123197,0,0.000000
1648722470.701935527,0,0.000000
1648722470.724123796,0,0.000000
1648722470.747252725,1,0.006000
1648722470.770927955,0,0.003000
1648722470.794482681,1,0.008000
1648722470.817853733,0,0.011000
1648722470.840412523,0,0.000000
1648722470.862998439,1,0.015000
1648722470.886458202,0,0.008000
1648722470.909653953,1,0.014000
1648722470.932505549,1,0.012000
1648722470.955975828,1,0.000000
1648722470.979963144,2,0.003000
1648722471.001144520,0,0.000000
1648722471.023317716,0,0.000000
1648722471.046937484,1,0.010000
1648722471.070748535,1,0.015000
1648722471.093810022,0,0.005000
1648722471.117054527,1,0.003000
1648722471.140255308,1,0.007000
1648722471.162973154,0,0.000000
1648722471.184867955,1,0.000000
1648722471.208152195,0,0.012000
1648722471.231802765,2,0.001000
1648722471.254366628,0,0.010000
1648722471.276871663,1,0.005000
1648722471.298632816,0,0.000000
1648722471.322662566,0,0.000000
1648722471.342656735,1,0.018000
1648722471.365664497,0,0.000000
1648722471.390289258,0,0.023000
1648722471.413307622,0,0.000000
1648722471.434667491,2,0.030000
1648722471.458369591,0,0.003000
1648722471.480340868,2,0.012000
1648722471.501937861,1,0.004000
1648722471.525196659,2,0.013000
1648722471.548394856,2,0.025000
1648722471.571283203,0,0.000000
1648722471.594567173,0,0.000000
1648722471.616381192,0,0.000000
1648722471.638102904,1,0.005000
1648722471.662041804,1,0.006000
1648722471.684161039,0,0.000000
1648722471.708487086,1,0.006000
1648722471.732054021,1,0.004000
1648722471.755998014,0,0.000000
1648722471.779375074,0,0.000000
1648722471.803093152,0,0.003000
1648722471.825893425,0,0.000000
1648722471.848179359,1,0.011000
1648722471.870835834,1,0.013000
1648722471.892854866,1,0.008000
1648722471.915018975,1,0.012000
1648722471.937815133,0,0.000000
1648722471.960892866,0,0.000000
1648722471.984043188,2,0.019000
1648722472.007846736,0,0.000000
1648722472.029844929,0,0.000000
1648722472.052856176,0,0.000000
1648722472.075365951,0,0.000000
1648722472.098984542,0,0.003000
1648722472.121901549,0,0.012000
1648722472.144361308,0,0.000000
1648722472.166314714,0,0.007000
1648722472.189540946,2,0.014000
1648722472.212118276,0,0.000000
1648722472.234533612,1,0.015000
1648722472.257853817,0,0.028000
1648722472.279799589,1,0.000000
1648722472.301826367,0,0.015000
1648722472.324359859,1,0.020000
1648722472.346308861,0,0.000000
1648722472.368684128,0,0.000000
1648722472.392063101,0,0.000000
1648722472.414288235,1,0.000000
1648722472.437333759,3,0.038000
1648722472.458871231,0,0.000000
1648722472.480532593,0,0.000000
1648722472.502420820,0,0.000000
1648722472.524806312,1,0.008000
1648722472.546677133,1,0.000000
1648722472.568118444,0,0.000000
1648722472.592305027,1,0.014000
1648722472.613990142,0,0.000000
1648722472.637775004,0,0.006000
1648722472.661217065,0,0.000000
1648722472.683669397,0,0.000000
1648722472.704180217,0,0.000000
1648722472.726532713,0,0.000000
1648722472.749540931,2,0.005000
1648722472.773303866,0,0.000000
1648722472.795639702,0,0.005000
1648722472.818880570,0,0.000000
1648722472.840940133,0,0.006000
1648722472.863033996,1,0.016000
1648722472.883510793,0,0.000000
1648722472.905665267,0,0.000000
1648722472.929196577,1,0.014000
1648722472.950951463,0,0.000000
1648722472.973371172,0,0.007000
1648722472.996457188,4,0.045000
1648722473.019937986,0,0.000000
1648722473.043379268,1,0.011000
1648722473.065033963,1,0.000000
1648722473.088315302,0,0.000000
1648722473.112432331,0,0.007000
1648722473.132672457,0,0.000000
1648722473.154045163,0,0.003000
1648722473.177099881,0,0.005000
1648722473.199624655,0,0.000000
1648722473.221407551,1,0.018000
1648722473.245316987,0,0.003000
1648722473.268948538,0,0.001000
1648722473.292599855,0,0.000000
1648722473.315911387,2,0.017000
1648722473.337650096,1,0.004000
1648722473.359946810,0,0.003000
1648722473.383114292,0,0.000000
1648722473.406049205,1,0.004000
1648722473.428436838,0,0.000000
1648722473.449876013,0,0.001000
1648722473.472502420,0,0.001000
1648722473.493428650,0,0.000000
1648722473.515471777,0,0.020000
1648722473.538284312,1,0.022000
1648722473.560496914,0,0.000000
1648722473.583957792,1,0.007000
1648722473.606502600,0,0.000000
1648722473.630302313,1,0.024000
1648722473.653879079,0,0.013000
1648722473.677528427,3,0.022000
1648722473.699832003,1,0.008000
1648722473.722899369,0,0.000000
1648722473.743971313,0,0.000000
1648722473.766043461,0,0.000000
1648722473.790423770,0,0.004000
1648722473.813218339,0,0.006000
1648722473.835872137,1,0.003000
1648722473.857865950,1,0.016000
1648722473.880052446,1,0.019000
1648722473.902751894,0,0.001000
1648722473.923728774,0,0.006000
1648722473.947561223,1,0.000000
1648722473.970541629,0,0.000000
1648722473.993837363,0,0.000000
1648722474.016444385,1,0.005000
1648722474.039961598,0,0.005000
1648722474.063363954,0,0.009000
1648722474.085696473,0,0.000000
1648722474.109321175,0,0.000000
1648722474.132452728,0,0.012000
1648722474.155239059,0,0.011000
1648722474.177215774,0,0.000000
1648722474.201112758,0,0.000000
1648722474.224219859,0,0.003000
1648722474.247943010,1,0.012000
1648722474.272918255,1,0.000000
1648722474.296393283,0,0.000000
1648722474.318494859,2,0.000000
1648722474.342162680,1,0.000000
1648722474.365829126,0,0.000000
1648722474.387093893,0,0.005000
1648722474.410370460,0,0.000000
1648722474.432901541,0,0.006000
1648722474.455885268,0,0.000000
1648722474.481597317,2,0.022000
1648722474.505320715,0,0.015000
1648722474.528474504,0,0.000000
1648722474.548184291,0,0.005000
1648722474.570153993,0,0.003000
1648722474.593278103,2,0.009000
1648722474.616186786,0,0.002000
1648722474.640678989,0,0.004000
1648722474.663696872,2,0.015000
1648722474.685953212,0,0.000000
1648722474.709533603,3,0.021000
1648722474.733484003,0,0.000000
1648722474.756379908,1,0.022000
1648722474.779979664,0,0.000000
1648722474.803396810,0,0.000000
1648722474.826031209,1,0.011000
1648722474.849838165,0,0.000000
1648722474.871816647,1,0.000000
1648722474.894731360,2,0.007000
1648722474.917614017,0,0.015000
1648722474.939784885,0,0.000000
1648722474.962950714,2,0.001000
1648722474.985211089,0,0.000000
1648722475.008900863,0,0.022000
1648722475.030668257,0,0.006000
1648722475.054128364,0,0.000000
1648722475.075476272,0,0.010000
1648722475.099476600,1,0.011000
1648722475.122413826,1,0.005000
1648722475.146446652,0,0.008000
1648722475.169685124,0,0.000000
1648722475.191580558,0,0.000000
1648722475.213549146,1,0.000000
1648722475.236804815,0,0.012000
1648722475.258970784,0,0.000000
1648722475.281250448,0,0.005000
1648722475.305261286,0,0.000000
1648722475.327099297,0,0.000000
1648722475.349218143,1,0.006000
1648722475.371631591,0,0.000000
1648722475.393740812,0,0.000000
1648722475.414080527,0,0.000000
1648722475.437857080,0,0.000000
1648722475.459759841,1,0.001000
1648722475.482480467,0,0.018000
1648722475.504569475,0,0.000000
1648722475.526913831,1,0.016000
1648722475.549818452,0,0.000000
1648722475.572255880,0,0.000000
1648722475.593769136,4,0.038000
1648722475.617879489,0,0.005000
1648722475.640715670,1,0.012000
1648722475.664583330,0,0.023000
1648722475.687319460,0,0.000000
1648722475.709444450,2,0.028000
1648722475.731371654,0,0.000000
1648722475.754363482,0,0.000000
1648722475.777052804,1,0.001000
1648722475.800199663,0,0.000000
1648722475.822756213,1,0.008000
1648722475.844732802,0,0.000000
1648722475.866244293,0,0.000000
1648722475.889559209,7,0.091000
1648722475.913564620,0,0.008000
1648722475.936576016,1,0.001000
1648722475.959335127,0,0.003000
1648722475.982970969,0,0.000000
1648722476.006357360,0,0.000000
1648722476.027170659,0,0.000000
1648722476.050509395,0,0.001000
1648722476.073835008,2,0.010000
1648722476.095316336,0,0.000000
1648722476.116659973,0,0.000000
1648722476.138874477,0,0.000000
1648722476.160434690,0,0.010000
1648722476.182487779,0,0.000000
1648722476.205757456,1,0.017000
1648722476.229010036,0,0.000000
1648722476.251567089,0,0.012000
1648722476.274216505,0,0.000000
1648722476.297894577,0,0.000000
1648722476.320282347,0,0.008000
1648722476.340495385,0,0.005000
1648722476.362919518,0,0.000000
1648722476.384026541,1,0.010000
1648722476.406762515,0,0.000000
1648722476.429828942,0,0.013000
1648722476.452893061,0,0.001000
1648722476.475548846,0,0.000000
1648722476.499211590,0,0.000000
1648722476.522572755,2,0.017000
1648722476.544995115,1,0.009000
1648722476.565983118,0,0.000000
1648722476.589259155,0,0.000000
1648722476.610328044,5,0.050000
1648722476.633276546,0,0.000000
1648722476.656701936,6,0.082000
1648722476.677910157,0,0.000000
1648722476.700438258,2,0.013000
1648722476.722948492,4,0.034000
1648722476.745846830,0,0.002000
1648722476.768405639,5,0.082000
1648722476.791250693,0,0.000000
1648722476.815094807,1,0.004000
1648722476.838047645,2,0.005000
1648722476.861382733,1,0.001000
1648722476.884096629,0,0.000000
1648722476.906834778,2,0.008000
1648722476.930174221,0,0.004000
1648722476.953128177,0,0.011000
1648722476.976030378,2,0.007000
1648722476.999036247,1,0.009000
1648722477.022189045,2,0.016000
1648722477.044878431,0,0.000000
1648722477.067146034,1,0.015000
1648722477.089677573,0,0.000000
1648722477.113105612,0,0.000000
1648722477.136037568,0,0.012000
1648722477.157451320,2,0.015000
1648722477.179904267,0,0.017000
1648722477.203323349,1,0.000000
1648722477.225919598,1,0.013000
1648722477.247821572,1,0.006000
1648722477.268876395,0,0.000000
1648722477.292232240,0,0.000000
1648722477.313634918,1,0.032000
1648722477.336720344,1,0.011000
1648722477.360328694,2,0.017000
1648722477.383128340,0,0.000000
1648722477.405920949,1,0.000000
1648722477.426602769,1,0.017000
1648722477.448897612,0,0.005000
1648722477.471103885,0,0.004000
1648722477.493237802,3,0.028000
1648722477.514912059,0,0.000000
1648722477.537422566,0,0.000000
1648722477.563074181,0,0.015000
1648722477.587010731,1,0.000000
1648722477.609751247,4,0.052000
1648722477.632531507,4,0.048000
1648722477.656476457,1,0.010000
1648722477.677283098,1,0.012000
1648722477.700481179,0,0.000000
1648722477.723652780,0,0.000000
1648722477.745982259,0,0.009000
1648722477.767903085,0,0.000000
1648722477.790053167,0,0.006000
1648722477.811545816,0,0.000000
1648722477.834145927,0,0.000000
1648722477.855944308,3,0.047000
1648722477.876984600,0,0.000000
1648722477.895931743,9,0.092000
1648722477.918540762,0,0.000000
1648722477.942206299,0,0.012000
1648722477.962726293,1,0.017000
1648722477.986062368,0,0.000000
1648722478.008674387,0,0.003000
1648722478.031743791,0,0.000000
1648722478.054457324,1,0.000000
1648722478.077844347,0,0.007000
1648722478.101236947,1,0.021000
1648722478.124294493,0,0.000000
1648722478.146117034,0,0.011000
1648722478.168546246,0,0.011000
1648722478.189965074,0,0.009000
1648722478.212708843,0,0.000000
1648722478.235030857,0,0.006000
1648722478.257737697,0,0.000000
1648722478.281017646,0,0.000000
1648722478.303982084,1,0.000000
1648722478.326214356,8,0.084000
1648722478.349085955,0,0.000000
1648722478.370107546,0,0.011000
1648722478.392762551,4,0.032000
1648722478.414232455,0,0.000000
1648722478.437060550,1,0.000000
1648722478.458320858,0,0.000000
1648722478.480378116,0,0.003000
1648722478.502191475,1,0.000000
1648722478.525474385,0,0.017000
1648722478.546877918,0,0.014000
1648722478.570286986,0,0.005000
1648722478.594123242,0,0.003000
1648722478.617677303,0,0.005000
1648722478.639929561,0,0.000000
1648722478.663838402,1,0.000000
1648722478.687495953,0,0.000000
1648722478.709012055,0,0.000000
1648722478.730231636,1,0.004000
1648722478.753668257,0,0.000000
1648722478.778092179,1,0.005000
1648722478.801572290,2,0.024000
1648722478.824457455,0,0.000000
1648722478.845770098,0,0.000000
1648722478.867362189,0,0.007000
1648722478.888278156,0,0.000000
1648722478.911363474,0,0.000000
1648722478.934131719,0,0.000000
1648722478.955899618,0,0.000000
1648722478.979669270,0,0.008000
1648722479.001199972,1,0.017000
1648722479.024278278,2,0.016000
1648722479.047511288,0,0.000000
1648722479.069948190,0,0.003000
1648722479.091317814,1,0.010000
1648722479.114572933,0,0.000000
1648722479.137499610,2,0.017000
1648722479.161134839,0,0.000000
1648722479.184134125,1,0.004000
1648722479.207917189,0,0.001000
1648722479.230957732,0,0.000000
1648722479.251691972,0,0.000000
1648722479.274718892,0,0.000000
1648722479.296057026,0,0.006000
1648722479.317959739,3,0.061000
1648722479.340249007,3,0.011000
1648722479.363898556,0,0.000000
1648722479.385767126,0,0.006000
1648722479.408597000,0,0.000000
1648722479.431797043,0,0.000000
1648722479.454058308,0,0.004000
1648722479.476059661,0,0.000000
1648722479.499319673,0,0.009000
1648722479.521223651,0,0.010000
1648722479.543851549,0,0.000000
1648722479.566589332,1,0.000000
1648722479.590427268,1,0.008000
1648722479.613401614,1,0.003000
1648722479.637478270,1,0.009000
1648722479.658928919,2,0.000000
1648722479.679914146,0,0.000000
1648722479.702532983,0,0.004000
1648722479.725944798,0,0.002000
1648722479.749542718,0,0.000000
1648722479.770084713,1,0.002000
1648722479.792208904,1,0.000000
1648722479.814493857,0,0.015000
1648722479.837213639,0,0.009000
1648722479.858830240,0,0.000000
1648722479.881778070,1,0.000000
1648722479.904786383,0,0.010000
1648722479.928167836,1,0.020000
1648722479.950486848,1,0.000000
1648722479.973975810,3,0.036000
1648722479.996919547,0,0.000000
1648722480.020968359,0,0.000000
1648722480.044566087,3,0.035000
1648722480.068338505,0,0.003000
1648722480.089853959,0,0.000000
1648722480.113025317,0,0.000000
1648722480.136020122,1,0.017000
1648722480.159047885,0,0.000000
1648722480.181015759,0,0.006000
1648722480.203840682,0,0.000000
1648722480.226946747,1,0.003000
1648722480.248728996,1,0.024000
1648722480.272105199,0,0.003000
1648722480.294557801,0,0.000000
1648722480.317227846,1,0.012000
1648722480.339926507,1,0.003000
1648722480.364366157,0,0.019000
1648722480.387924619,2,0.023000
1648722480.410136680,0,0.000000
1648722480.433763933,0,0.000000
1648722480.456623614,0,0.000000
1648722480.480833071,0,0.000000
1648722480.504179307,0,0.004000
1648722480.526795442,0,0.000000
1648722480.549915518,1,0.014000
1648722480.572666115,1,0.001000
1648722480.594679849,1,0.006000
1648722480.616905336,3,0.021000
1648722480.639569322,0,0.002000
1648722480.663630385,0,0.000000
1648722480.685724498,1,0.000000
1648722480.709289739,0,0.000000
1648722480.732378515,1,0.000000
1648722480.755980224,0,0.000000
1648722480.778620886,0,0.000000
1648722480.801968969,0,0.000000
1648722480.824145396,0,0.004000
1648722480.846557201,0,0.000000
1648722480.868641757,0,0.000000
1648722480.891411039,0,0.000000
1648722480.913593341,0,0.000000
1648722480.935366272,0,0.000000
1648722480.958765026,2,0.007000
1648722480.982070279,0,0.005000
1648722481.004673091,1,0.000000
1648722481.027056213,0,0.000000
1648722481.050858706,0,0.000000
1648722481.072811117,1,0.002000
1648722481.094975597,0,0.021000
1648722481.117653843,0,0.000000
1648722481.140470898,0,0.000000
1648722481.163963463,3,0.027000
1648722481.185974480,0,0.000000
1648722481.209411460,0,0.000000
1648722481.231721960,0,0.000000
1648722481.252540926,0,0.000000
1648722481.275897599,2,0.029000
1648722481.299255547,0,0.000000
1648722481.322672309,1,0.000000
1648722481.344275383,1,0.022000
1648722481.367237134,0,0.000000
1648722481.390937622,1,0.000000
1648722481.413468289,0,0.006000
1648722481.436287193,0,0.000000
1648722481.459633083,1,0.000000
1648722481.481808939,0,0.000000
1648722481.505079744,0,0.000000
1648722481.528410597,0,0.000000
1648722481.551263648,2,0.009000
1648722481.573243608,0,0.000000
1648722481.596102513,0,0.010000
1648722481.618044165,1,0.009000
1648722481.639782396,1,0.005000
1648722481.661485696,1,0.022000
1648722481.683237416,0,0.004000
1648722481.705476910,0,0.005000
1648722481.726460586,0,0.003000
1648722481.749259899,0,0.013000
1648722481.772050755,1,0.012000
1648722481.795540700,0,0.000000
1648722481.818982700,2,0.008000
1648722481.841333236,1,0.022000
1648722481.864539893,0,0.006000
1648722481.886921923,0,0.011000
1648722481.909954341,0,0.000000
1648722481.932207497,0,0.006000
1648722481.954696774,0,0.000000
1648722481.977314088,0,0.006000
1648722481.998026704,0,0.000000
1648722482.020538602,0,0.000000
1648722482.044217974,0,0.000000
1648722482.064902888,0,0.000000
1648722482.087219616,8,0.087000
1648722482.109084544,0,0.000000
1648722482.130758708,5,0.048000
1648722482.150810985,1,0.014000
1648722482.173969990,0,0.000000
1648722482.197007797,0,0.000000
1648722482.218434970,0,0.000000
1648722482.241132934,1,0.004000
1648722482.263260244,0,0.000000
1648722482.286086619,0,0.005000
1648722482.308438941,0,0.000000
1648722482.331106679,0,0.000000
1648722482.354061655,0,0.000000
1648722482.377433686,2,0.013000
1648722482.399382426,1,0.000000
1648722482.422088262,0,0.018000
1648722482.446500638,0,0.000000
1648722482.469240133,1,0.006000
1648722482.491377202,3,0.020000
1648722482.514170308,3,0.016000
1648722482.537571926,0,0.007000
1648722482.560790510,3,0.036000
1648722482.584436632,0,0.000000
1648722482.605644209,0,0.000000
1648722482.629260988,1,0.001000
1648722482.650755709,2,0.020000
1648722482.672725982,1,0.005000
1648722482.695441809,1,0.009000
1648722482.718389617,1,0.001000
1648722482.741684841,0,0.000000
1648722482.763332526,0,0.012000
1648722482.787085976,1,0.003000
1648722482.809726262,0,0.000000
1648722482.830473398,1,0.017000
1648722482.852822924,0,0.000000
1648722482.875787402,1,0.000000
1648722482.896323283,1,0.011000
1648722482.918420604,0,0.008000
1648722482.941264210,0,0.009000
1648722482.964362027,0,0.005000
1648722482.986935832,1,0.018000
1648722483.009161386,0,0.007000
1648722483.031389185,0,0.000000
1648722483.052899600,0,0.007000
1648722483.074774654,0,0.006000
1648722483.096711496,0,0.000000
1648722483.119327505,0,0.007000
1648722483.143244204,0,0.006000
1648722483.165427563,0,0.008000
1648722483.188306126,0,0.000000
1648722483.211490325,0,0.008000
1648722483.234054425,0,0.000000
1648722483.257802919,0,0.008000
1648722483.280206942,1,0.006000
1648722483.302712296,0,0.000000
1648722483.324489037,1,0.000000
1648722483.348712398,0,0.000000
1648722483.372293506,0,0.024000
1648722483.394208732,1,0.006000
1648722483.416374625,0,0.000000
1648722483.438724274,1,0.000000
1648722483.460108388,1,0.011000
1648722483.483147106,2,0.031000
1648722483.506196312,1,0.012000
1648722483.529725580,0,0.000000
1648722483.550073726,0,0.006000
1648722483.572111531,0,0.000000
1648722483.593912990,2,0.036000
1648722483.617469286,2,0.024000
1648722483.638037586,1,0.030000
1648722483.659978031,0,0.003000
1648722483.683268168,1,0.012000
1648722483.705091242,1,0.005000
1648722483.727336045,0,0.005000
1648722483.749344782,0,0.014000
1648722483.771556093,0,0.000000
1648722483.793737438,0,0.000000
1648722483.814362668,0,0.003000
1648722483.836702356,0,0.000000
1648722483.859285101,0,0.012000
1648722483.882279059,0,0.030000
1648722483.905172010,2,0.011000
1648722483.928539803,0,0.000000
1648722483.951385752,0,0.001000
1648722483.972681632,0,0.000000
1648722483.995388799,0,0.006000
1648722484.018157455,0,0.000000
1648722484.041504970,0,0.000000
1648722484.065017131,1,0.010000
1648722484.087863124,0,0.000000
1648722484.109597582,0,0.001000
1648722484.132487901,0,0.003000
1648722484.155113470,1,0.000000
1648722484.178357497,0,0.000000
1648722484.201173071,0,0.000000
1648722484.223753573,1,0.000000
1648722484.245652185,0,0.000000
1648722484.268888093,0,0.000000
1648722484.291927291,0,0.007000
1648722484.313443066,0,0.000000
1648722484.337197066,0,0.003000
1648722484.359151417,1,0.016000
1648722484.381488211,5,0.058000
1648722484.403678013,0,0.000000
1648722484.426262333,7,0.081000
1648722484.448427867,0,0.000000
1648722484.470460612,0,0.011000
1648722484.494167327,1,0.001000
1648722484.517422431,0,0.000000
1648722484.540398873,0,0.000000
1648722484.562489824,0,0.000000
1648722484.584492653,0,0.000000
1648722484.607613594,0,0.000000
1648722484.630276508,0,0.000000
1648722484.651766166,1,0.000000
1648722484.675052857,0,0.000000
1648722484.698318852,1,0.003000
1648722484.722308593,0,0.035000
1648722484.744403097,0,0.012000
1648722484.768043398,0,0.003000
1648722484.788923162,2,0.007000
1648722484.810622048,0,0.000000
1648722484.833962146,0,0.000000
1648722484.856147541,1,0.004000
1648722484.879825840,0,0.000000
1648722484.902136695,1,0.021000
1648722484.924887395,1,0.000000
1648722484.948661696,1,0.006000
1648722484.971095323,3,0.024000
1648722484.994150687,0,0.000000
1648722485.017390770,0,0.018000
1648722485.041020749,2,0.009000
1648722485.062820428,1,0.008000
1648722485.085998462,1,0.001000
1648722485.108724270,0,0.000000
1648722485.132588610,0,0.003000
1648722485.156049307,0,0.003000
1648722485.178850078,0,0.000000
1648722485.201070485,0,0.000000
1648722485.223758311,0,0.004000
1648722485.246999177,2,0.019000
1648722485.270079457,0,0.006000
1648722485.291726261,0,0.000000
1648722485.315486202,3,0.023000
1648722485.338864783,1,0.001000
1648722485.363225640,0,0.000000
1648722485.386373312,0,0.000000
1648722485.408543505,0,0.000000
1648722485.430972235,0,0.000000
1648722485.454413424,0,0.000000
1648722485.476961084,1,0.008000
1648722485.500256544,2,0.020000
1648722485.522843972,0,0.000000
1648722485.545475481,0,0.003000
1648722485.569056893,0,0.016000
1648722485.590773768,0,0.000000
1648722485.614639243,0,0.005000
1648722485.637252079,0,0.012000
1648722485.659044515,0,0.000000
1648722485.679269908,0,0.000000
1648722485.700475659,0,0.004000
1648722485.723673853,1,0.019000
1648722485.745376236,1,0.013000
1648722485.767947014,1,0.009000
1648722485.789759368,0,0.015000
1648722485.812204004,6,0.088000
1648722485.834185550,1,0.000000
1648722485.856469594,0,0.011000
1648722485.879709218,0,0.000000
1648722485.901967013,0,0.000000
1648722485.925964895,0,0.000000
1648722485.949575465,1,0.006000
1648722485.972109621,0,0.000000
1648722485.994675328,0,0.004000
1648722486.017954909,0,0.003000
1648722486.040229171,0,0.000000
1648722486.063326117,1,0.025000
1648722486.085762040,1,0.010000
1648722486.108877657,0,0.000000
1648722486.130395932,0,0.000000
1648722486.152820739,2,0.013000
1648722486.176695630,0,0.000000
1648722486.199927971,0,0.000000
1648722486.222216092,0,0.005000
1648722486.243584521,0,0.000000
1648722486.267282285,0,0.000000
1648722486.289449294,0,0.005000
1648722486.311985455,1,0.000000
1648722486.333524610,0,0.005000
1648722486.356204198,0,0.000000
1648722486.378406172,2,0.028000
1648722486.401351820,0,0.000000
1648722486.423230979,0,0.000000
1648722486.446347183,0,0.000000
1648722486.468395534,1,0.014000
1648722486.490484672,0,0.000000
1648722486.513689284,1,0.009000
1648722486.536200955,0,0.004000
1648722486.559676424,0,0.000000
1648722486.582074296,0,0.000000
1648722486.604506695,0,0.003000
1648722486.626912379,0,0.000000
1648722486.647993057,0,0.000000
1648722486.671012086,1,0.007000
1648722486.694492220,0,0.000000
1648722486.716783753,2,0.018000
1648722486.739578547,0,0.007000
1648722486.762359519,0,0.000000
1648722486.785120535,0,0.000000
1648722486.807426008,4,0.042000
1648722486.830342743,0,0.000000
1648722486.852552071,1,0.023000
1648722486.875347675,0,0.000000
1648722486.898405245,1,0.000000
1648722486.921017108,0,0.000000
1648722486.941526210,1,0.009000
1648722486.963115877,0,0.000000
1648722486.986084892,0,0.000000
1648722487.007751986,0,0.008000
1648722487.032464911,0,0.004000
1648722487.055274327,0,0.004000
1648722487.077097581,0,0.000000
1648722487.100044772,0,0.000000
1648722487.120636650,0,0.000000
1648722487.142926633,0,0.024000
1648722487.165874132,0,0.003000
1648722487.185881618,0,0.008000
1648722487.207138500,1,0.000000
1648722487.230071181,0,0.011000
1648722487.253002753,0,0.000000
1648722487.275823596,3,0.020000
1648722487.298395545,2,0.004000
1648722487.321099108,0,0.000000
1648722487.343887216,1,0.015000
1648722487.367727574,0,0.015000
1648722487.390865896,11,0.131000
1648722487.414089545,0,0.008000
1648722487.436369239,8,0.112000
1648722487.458571266,2,0.021000
1648722487.481494325,0,0.001000
1648722487.503929014,0,0.003000
1648722487.526894051,1,0.002000
1648722487.549365607,0,0.008000
1648722487.572751957,1,0.026000
1648722487.596297307,1,0.000000
1648722487.619128841,2,0.002000
1648722487.642619282,2,0.028000
1648722487.666017602,0,0.004000
1648722487.688958323,0,0.008000
1648722487.710923953,2,0.000000
1648722487.730810297,1,0.011000
1648722487.753080020,1,0.003000
1648722487.776578814,0,0.021000
1648722487.799018736,2,0.013000
1648722487.821078359,0,0.003000
1648722487.843564431,0,0.000000
1648722487.867416069,3,0.042000
1648722487.890220893,0,0.000000
1648722487.913052723,0,0.000000
1648722487.935820874,0,0.000000
1648722487.957886015,1,0.011000
1648722487.981047062,0,0.000000
1648722488.004754110,1,0.007000
1648722488.027894163,2,0.034000
1648722488.049039491,0,0.000000
1648722488.071994923,2,0.027000
1648722488.094107538,1,0.029000
1648722488.116904139,0,0.000000
1648722488.139213333,0,0.003000
1648722488.162885702,1,0.034000
1648722488.185743121,1,0.000000
1648722488.206745614,0,0.023000
1648722488.229278138,1,0.000000
1648722488.252581639,0,0.000000
1648722488.272225706,0,0.011000
1648722488.295798037,0,0.000000
1648722488.319167852,0,0.004000
1648722488.342102484,0,0.000000
1648722488.366158555,0,0.004000
1648722488.388902381,1,0.000000
1648722488.410444653,1,0.006000
1648722488.432291828,0,0.009000
1648722488.454947043,0,0.000000
1648722488.478313739,0,0.013000
1648722488.500258361,0,0.006000
1648722488.521998312,1,0.003000
1648722488.544411831,2,0.008000
1648722488.566704801,0,0.000000
1648722488.589064455,0,0.000000
1648722488.611241099,0,0.000000
1648722488.633751720,1,0.000000
1648722488.655998371,0,0.000000
1648722488.677234566,0,0.008000
1648722488.699296083,0,0.000000
1648722488.722571595,1,0.000000
1648722488.746196054,0,0.000000
1648722488.768761469,0,0.012000
1648722488.792453580,0,0.000000
1648722488.816477263,0,0.008000
1648722488.838544295,0,0.000000
1648722488.861745199,0,0.008000
1648722488.885666433,0,0.018000
1648722488.907594020,0,0.003000
1648722488.930648186,0,0.011000
1648722488.954495999,0,0.014000
1648722488.976677376,1,0.019000
1648722488.999999927,1,0.001000
1648722489.021977432,2,0.009000
1648722489.042332987,0,0.000000
1648722489.065378072,0,0.000000
1648722489.086986458,0,0.000000
1648722489.110947541,2,0.022000
1648722489.133097366,0,0.000000
1648722489.157955717,0,0.006000
1648722489.180992079,0,0.000000
1648722489.204270150,0,0.000000
1648722489.225049911,0,0.000000
1648722489.248577700,0,0.000000
1648722489.270987132,0,0.000000
1648722489.293782821,1,0.010000
1648722489.316902467,0,0.000000
1648722489.339824840,2,0.012000
1648722489.361910652,0,0.000000
1648722489.383908693,0,0.000000
1648722489.407020973,0,0.000000
1648722489.430079263,5,0.051000
1648722489.452714242,1,0.000000
1648722489.476267598,0,0.000000
1648722489.499453285,0,0.007000
1648722489.522925679,0,0.000000
1648722489.545684268,1,0.000000
1648722489.566784875,1,0.008000
1648722489.589805505,0,0.000000
1648722489.613464879,1,0.004000
1648722489.637105807,0,0.000000
1648722489.660691734,0,0.000000
1648722489.681985407,2,0.009000
1648722489.705471656,2,0.014000
1648722489.728187626,0,0.000000
1648722489.751865659,9,0.111000
1648722489.774703008,0,0.011000
1648722489.798982920,0,0.000000
1648722489.820297759,1,0.005000
1648722489.843464627,0,0.000000
1648722489.864447515,0,0.009000
1648722489.887563458,0,0.000000
1648722489.911337933,0,0.008000
1648722489.934182395,1,0.014000
1648722489.955545120,0,0.000000
1648722489.979745316,0,0.014000
1648722490.002782074,0,0.000000
1648722490.025116885,1,0.013000
1648722490.047376097,0,0.000000
1648722490.069750333,0,0.002000
1648722490.092089217,1,0.000000
1648722490.116658781,0,0.000000
1648722490.138393164,1,0.001000
1648722490.161312051,1,0.005000
1648722490.183531762,8,0.089000
1648722490.208156911,1,0.000000
1648722490.230473691,1,0.008000
1648722490.254120109,0,0.000000
1648722490.276033196,1,0.004000
1648722490.299371300,1,0.012000
1648722490.320029464,2,0.013000
1648722490.343529945,0,0.000000
1648722490.367478997,2,0.032000
1648722490.391626405,0,0.000000
1648722490.412396743,0,0.010000
1648722490.433196551,0,0.000000
1648722490.455446032,0,0.000000
1648722490.478235913,1,0.008000
1648722490.500851532,0,0.004000
1648722490.524215061,0,0.000000
1648722490.547963470,1,0.017000
1648722490.569534745,1,0.013000
1648722490.591889256,1,0.010000
1648722490.614431233,2,0.010000
1648722490.637169804,1,0.006000
1648722490.659266059,1,0.003000
1648722490.681781368,0,0.004000
1648722490.705747620,0,0.000000
1648722490.727652620,0,0.000000
1648722490.751901134,0,0.000000
1648722490.773181341,0,0.013000
1648722490.793493465,0,0.000000
1648722490.815875265,0,0.000000
1648722490.840181512,0,0.019000
1648722490.862999065,1,0.005000
1648722490.885371489,0,0.006000
1648722490.907175033,0,0.000000
1648722490.930648182,0,0.000000
1648722490.953733133,1,0.005000
1648722490.978108497,0,0.001000
1648722491.001180223,1,0.023000
1648722491.021930560,2,0.017000
1648722491.044327387,0,0.000000
1648722491.067320336,0,0.000000
1648722491.089543292,2,0.014000
1648722491.112202293,0,0.000000
1648722491.135868917,1,0.030000
1648722491.159265754,0,0.000000
1648722491.181499845,0,0.000000
1648722491.204610408,5,0.050000
1648722491.227499379,1,0.007000
1648722491.250414923,0,0.000000
1648722491.274449321,8,0.117000
1648722491.297590202,1,0.014000
1648722491.319171294,0,0.012000
1648722491.342436922,2,0.016000
1648722491.365277745,1,0.010000
1648722491.389950052,0,0.020000
1648722491.412129052,0,0.000000
1648722491.435063772,2,0.005000
1648722491.458647892,0,0.010000
1648722491.479826651,0,0.000000
1648722491.503492555,0,0.000000
1648722491.527025541,0,0.000000
1648722491.548216642,1,0.003000
1648722491.572102766,0,0.000000
1648722491.595355829,0,0.000000
1648722491.616409332,0,0.008000
1648722491.638978445,0,0.000000
1648722491.661524907,0,0.000000
1648722491.685168240,0,0.007000
1648722491.707338076,1,0.009000
1648722491.729734071,1,0.001000
1648722491.752960119,0,0.000000
1648722491.775201289,0,0.000000
1648722491.797522802,0,0.000000
1648722491.821364841,0,0.000000
1648722491.844020986,0,0.000000
1648722491.866300640,0,0.011000
1648722491.890143514,0,0.000000
1648722491.913299610,0,0.000000
1648722491.935827139,0,0.000000
1648722491.958760374,0,0.000000
1648722491.981836110,1,0.021000
1648722492.005000775,0,0.019000
1648722492.028226012,1,0.009000
1648722492.052404098,2,0.024000
1648722492.073258106,0,0.000000
1648722492.096335108,2,0.013000
1648722492.118452252,1,0.018000
1648722492.140207587,0,0.007000
1648722492.164453375,2,0.015000
1648722492.187323171,0,0.000000
1648722492.210117818,0,0.000000
1648722492.232995167,1,0.028000
1648722492.256098774,0,0.000000
1648722492.278700688,0,0.001000
1648722492.301854951,3,0.004000
1648722492.325576103,0,0.000000
1648722492.348993086,0,0.011000
1648722492.370987020,3,0.028000
1648722492.395369758,0,0.000000
1648722492.418551974,1,0.012000
1648722492.441339656,0,0.013000
1648722492.464313176,0,0.000000
1648722492.485541541,0,0.003000
1648722492.508931186,0,0.000000
1648722492.534195091,0,0.019000
1648722492.555918178,0,0.005000
1648722492.578984085,0,0.001000
1648722492.601256520,0,0.000000
1648722492.625131028,0,0.007000
1648722492.648607353,0,0.000000
1648722492.670548779,1,0.006000
1648722492.692046782,1,0.031000
1648722492.714022301,1,0.000000
1648722492.737835084,1,0.000000
1648722492.759160712,0,0.000000
1648722492.781818858,1,0.000000
1648722492.806155960,0,0.012000
1648722492.829111908,0,0.000000
1648722492.852460932,0,0.010000
1648722492.877026781,1,0.008000
1648722492.898439799,1,0.000000
1648722492.921517331,1,0.006000
1648722492.944463006,0,0.016000
1648722492.967685196,0,0.011000
1648722492.990757934,2,0.018000
1648722493.013923900,0,0.005000
1648722493.038282224,3,0.003000
1648722493.061481816,0,0.000000
1648722493.083958564,0,0.003000
1648722493.105848919,10,0.134000
1648722493.129374329,0,0.000000
1648722493.151581528,0,0.000000
1648722493.174907565,0,0.002000
1648722493.197131031,1,0.008000
1648722493.220517513,2,0.018000
1648722493.243940785,1,0.010000
1648722493.265447683,1,0.002000
1648722493.288002692,4,0.053000
1648722493.310214771,3,0.027000
1648722493.334086361,0,0.015000
1648722493.357316822,0,0.009000
1648722493.379187554,0,0.000000
1648722493.402283390,2,0.011000
1648722493.425379425,0,0.004000
1648722493.450045194,2,0.015000
1648722493.474321786,1,0.000000
1648722493.495980013,0,0.000000
1648722493.519389447,0,0.000000
1648722493.542201318,0,0.006000
1648722493.565557919,0,0.000000
1648722493.588878724,0,0.000000
1648722493.612347731,0,0.000000
1648722493.634979125,0,0.005000
1648722493.657585951,1,0.000000
1648722493.680058688,0,0.000000
1648722493.703749268,1,0.018000
1648722493.726823200,0,0.000000
1648722493.748975809,0,0.000000
1648722493.770929562,2,0.007000
1648722493.794760602,0,0.000000
1648722493.818089573,0,0.013000
1648722493.840986345,1,0.000000
1648722493.864694071,0,0.000000
1648722493.885888371,0,0.000000
1648722493.908901201,1,0.016000
1648722493.931620178,0,0.000000
1648722493.953313910,0,0.003000
1648722493.975019677,0,0.000000
1648722493.999709221,1,0.007000
1648722494.021511056,1,0.000000
1648722494.043877715,0,0.000000
1648722494.067193697,1,0.017000
1648722494.089298101,2,0.021000
1648722494.112283281,0,0.003000
1648722494.135061871,4,0.047000
1648722494.156995474,0,0.000000
1648722494.178491312,0,0.010000
1648722494.201988596,0,0.009000
1648722494.223324854,0,0.007000
1648722494.246656003,0,0.008000
1648722494.268926597,0,0.007000
1648722494.291153402,0,0.000000
1648722494.312800675,1,0.000000
1648722494.335810357,0,0.000000
1648722494.357037801,1,0.014000
1648722494.378815023,1,0.005000
1648722494.401036190,0,0.014000
1648722494.423759543,0,0.000000
1648722494.445027621,0,0.007000
1648722494.468618878,0,0.000000
1648722494.492355698,0,0.015000
1648722494.515187744,0,0.000000
1648722494.537323061,1,0.004000
1648722494.560391065,0,0.000000
1648722494.582933756,3,0.010000
1648722494.606203924,0,0.000000
1648722494.628970961,0,0.000000
1648722494.651729475,0,0.000000
1648722494.675256517,2,0.011000
1648722494.698416642,1,0.000000
1648722494.720683290,0,0.000000
1648722494.742438900,1,0.016000
1648722494.763905400,0,0.005000
1648722494.789175896,0,0.000000
1648722494.811439128,1,0.003000
1648722494.833851830,0,0.000000
1648722494.857413332,0,0.000000
1648722494.880527818,0,0.004000
1648722494.902853043,0,0.007000
1648722494.925145535,0,0.000000
1648722494.948434088,0,0.012000
1648722494.971704106,0,0.000000
1648722494.994385237,0,0.000000
1648722495.016877985,1,0.010000
1648722495.040299057,2,0.022000
1648722495.063555269,0,0.000000
1648722495.085441993,1,0.008000
1648722495.108697065,0,0.000000
1648722495.131411232,0,0.000000
1648722495.152268200,2,0.010000
1648722495.175604759,3,0.055000
1648722495.199638310,0,0.003000
1648722495.222752032,4,0.046000
1648722495.244119453,0,0.000000
1648722495.268105621,1,0.010000
1648722495.291397996,4,0.047000
1648722495.313042270,0,0.000000
1648722495.335430715,0,0.010000
1648722495.357761608,0,0.007000
1648722495.381809242,0,0.000000
1648722495.404849855,1,0.016000
1648722495.427886431,0,0.019000
1648722495.449675833,1,0.014000
1648722495.471001687,1,0.021000
1648722495.493571567,0,0.000000
1648722495.517091808,0,0.001000
1648722495.540474958,0,0.005000
1648722495.563889932,3,0.043000
1648722495.588383467,0,0.007000
1648722495.611176198,0,0.000000
1648722495.633386868,0,0.000000
1648722495.655843735,0,0.019000
1648722495.677315140,0,0.000000
1648722495.700218443,0,0.005000
1648722495.723233444,0,0.000000
1648722495.745476118,0,0.004000
1648722495.768391281,4,0.046000
1648722495.791074477,0,0.018000
1648722495.815054461,0,0.003000
1648722495.837414380,2,0.017000
1648722495.859661304,0,0.014000
1648722495.882869810,0,0.000000
1648722495.904796931,1,0.004000
1648722495.927951536,0,0.003000
1648722495.948659997,1,0.013000
1648722495.970599449,2,0.026000
1648722495.993443493,1,0.011000
1648722496.016898577,0,0.004000
1648722496.039431842,2,0.037000
1648722496.062848973,0,0.000000
1648722496.085381487,3,0.022000
1648722496.108445408,2,0.036000
1648722496.132343390,0,0.000000
1648722496.156699987,0,0.019000
1648722496.177070057,0,0.000000
1648722496.199502472,0,0.001000
1648722496.220730420,0,0.000000
1648722496.244160095,1,0.018000
1648722496.267894175,0,0.000000
1648722496.291804475,1,0.008000
1648722496.313822477,2,0.019000
1648722496.336057775,0,0.000000
1648722496.359880366,0,0.007000
1648722496.383977002,1,0.000000
1648722496.407534904,0,0.011000
1648722496.430448546,0,0.000000
1648722496.453372647,0,0.003000
1648722496.476171773,0,0.000000
1648722496.498445532,0,0.000000
1648722496.522386457,1,0.000000
1648722496.544972509,2,0.019000
1648722496.567640020,0,0.011000
1648722496.591189391,0,0.000000
1648722496.614286129,0,0.008000
1648722496.636445277,0,0.000000
1648722496.657151057,0,0.021000
1648722496.676892596,0,0.000000
1648722496.699866190,0,0.000000
1648722496.721281694,1,0.022000
1648722496.745220373,0,0.000000
1648722496.766293808,1,0.000000
1648722496.789431678,2,0.002000
1648722496.812686695,0,0.000000
1648722496.835949017,0,0.001000
1648722496.859168423,0,0.000000
1648722496.881991328,0,0.000000
1648722496.904437629,1,0.001000
1648722496.925843036,0,0.003000
1648722496.949017676,0,0.000000
1648722496.973429211,0,0.013000
1648722496.997437389,0,0.000000
1648722497.020447153,0,0.005000
1648722497.042374829,0,0.003000
1648722497.067150800,1,0.002000
1648722497.090541162,1,0.000000
1648722497.112323218,0,0.013000
1648722497.134862132,2,0.008000
1648722497.155480441,1,0.021000
1648722497.179166381,0,0.000000
1648722497.202458792,4,0.025000
1648722497.225969203,0,0.000000
1648722497.246867104,0,0.000000
1648722497.270382962,4,0.024000
1648722497.294701256,0,0.005000
1648722497.318750151,0,0.013000
1648722497.341870717,1,0.000000
1648722497.364621609,1,0.004000
1648722497.388219430,0,0.018000
1648722497.411908578,0,0.003000
1648722497.434422362,2,0.016000
1648722497.457214093,0,0.000000
1648722497.481011679,0,0.006000
1648722497.504078632,0,0.008000
1648722497.527650084,0,0.010000
1648722497.551074079,0,0.000000
1648722497.575499777,0,0.000000
1648722497.597155340,0,0.000000
1648722497.621461885,0,0.000000
1648722497.644381111,0,0.001000
1648722497.666273411,1,0.025000
1648722497.690305380,0,0.009000
1648722497.712536979,0,0.009000
1648722497.734896461,1,0.000000
1648722497.757823004,1,0.008000
1648722497.781264817,0,0.000000
1648722497.804190919,1,0.000000
1648722497.825812167,4,0.052000
1648722497.848886496,0,0.000000
1648722497.872402028,1,0.000000
1648722497.895284140,0,0.000000
1648722497.918630881,0,0.000000
1648722497.941470826,1,0.000000
1648722497.964384669,1,0.007000
1648722497.986505053,1,0.000000
1648722498.008409241,0,0.007000
1648722498.031153232,0,0.005000
1648722498.053757351,1,0.003000
1648722498.075593155,1,0.000000
1648722498.097379166,0,0.009000
1648722498.121052749,1,0.000000
1648722498.143501554,1,0.007000
1648722498.165187101,1,0.034000
1648722498.189977802,0,0.009000
1648722498.211219005,0,0.001000
1648722498.233525291,0,0.000000
1648722498.255022607,1,0.009000
1648722498.276876730,0,0.000000
1648722498.299672487,0,0.000000
1648722498.321956355,1,0.006000
1648722498.344931096,0,0.000000
1648722498.367324579,0,0.008000
1648722498.389795390,0,0.000000
1648722498.411480132,0,0.003000
1648722498.434045419,1,0.021000
1648722498.457230375,0,0.000000
1648722498.478646867,0,0.013000
1648722498.500734182,3,0.023000
1648722498.523843209,0,0.000000
1648722498.547484271,0,0.000000
1648722498.570883171,0,0.000000
1648722498.594506898,1,0.008000
1648722498.615963920,0,0.000000
1648722498.638973248,1,0.010000
1648722498.662267272,1,0.000000
1648722498.685741601,0,0.000000
1648722498.708838132,5,0.055000
1648722498.732490023,0,0.005000
1648722498.755468443,2,0.011000
1648722498.778157240,0,0.000000
1648722498.800822358,0,0.000000
1648722498.823215026,0,0.000000
1648722498.847384135,1,0.005000
1648722498.871099252,0,0.008000
1648722498.894600892,0,0.000000
1648722498.917280066,1,0.007000
1648722498.940203035,0,0.000000
1648722498.961890087,2,0.025000
1648722498.985483596,0,0.000000
1648722499.008204736,0,0.000000
1648722499.030947581,0,0.033000
1648722499.053150199,2,0.007000
1648722499.076381960,0,0.000000
1648722499.098857184,1,0.008000
1648722499.121239341,0,0.000000
1648722499.143562132,1,0.017000
1648722499.165580127,2,0.000000
1648722499.188002324,0,0.003000
1648722499.212305332,0,0.003000
1648722499.234573077,0,0.000000
1648722499.256973119,2,0.001000
1648722499.278111337,1,0.000000
1648722499.301427243,2,0.018000
1648722499.323965839,0,0.000000
1648722499.345877172,1,0.005000
1648722499.369081844,1,0.027000
1648722499.390788164,0,0.000000
1648722499.413734302,1,0.000000
1648722499.435247562,1,0.000000
1648722499.457619683,0,0.000000
1648722499.480408640,0,0.000000
1648722499.502706045,0,0.000000
1648722499.525367448,0,0.014000
1648722499.548217603,4,0.001000
1648722499.571932636,0,0.000000
1648722499.592178244,5,0.065000
1648722499.616231908,1,0.001000
1648722499.636475792,2,0.037000
1648722499.660460449,1,0.006000
1648722499.684228530,0,0.010000
1648722499.706538251,1,0.003000
1648722499.729629554,0,0.000000
1648722499.752734623,0,0.000000
1648722499.777223045,1,0.025000
1648722499.799922563,0,0.000000
1648722499.821960718,1,0.018000
1648722499.844184006,0,0.019000
1648722499.867155847,1,0.001000
1648722499.889075785,0,0.002000
1648722499.912198041,0,0.013000
1648722499.935014989,3,0.014000
1648722499.956846733,0,0.000000
1648722499.980768113,0,0.007000
1648722500.003356150,0,0.000000
1648722500.026952866,0,0.017000
1648722500.049767553,0,0.000000
1648722500.072797402,0,0.000000
1648722500.096157891,1,0.028000
1648722500.117374575,0,0.001000
1648722500.139216859,0,0.014000
1648722500.162871680,1,0.003000
1648722500.186509270,0,0.000000
1648722500.207846583,0,0.017000
1648722500.231316883,0,0.010000
1648722500.254937917,1,0.000000
1648722500.276669108,1,0.001000
1648722500.298646854,3,0.016000
1648722500.318948579,0,0.000000
1648722500.342128559,3,0.045000
1648722500.365013932,0,0.005000
1648722500.387990189,0,0.000000
1648722500.410412273,0,0.004000
1648722500.433566245,0,0.000000
1648722500.454739676,1,0.009000
1648722500.476880397,1,0.000000
1648722500.499890436,0,0.003000
1648722500.522453800,1,0.008000
1648722500.543568169,0,0.015000
1648722500.566802379,1,0.012000
1648722500.588744778,0,0.001000
1648722500.612083877,1,0.006000
1648722500.635761161,0,0.000000
1648722500.659561342,0,0.018000
1648722500.683783875,1,0.000000
1648722500.705202204,0,0.010000
1648722500.726218371,0,0.000000
1648722500.748942171,2,0.022000
1648722500.772780947,1,0.017000
1648722500.795522973,0,0.000000
1648722500.818600550,0,0.000000
1648722500.841455992,0,0.000000
1648722500.865138411,0,0.005000
1648722500.889966795,0,0.026000
1648722500.912782641,3,0.021000
1648722500.935898376,0,0.002000
1648722500.958264622,0,0.000000
1648722500.979682261,1,0.034000
1648722501.003348993,5,0.040000
1648722501.026161618,0,0.003000
1648722501.050290882,1,0.000000
1648722501.073478334,0,0.012000
1648722501.096676184,0,0.000000
1648722501.118823213,3,0.055000
1648722501.140370884,0,0.007000
1648722501.163432933,0,0.000000
1648722501.184394009,4,0.039000
1648722501.208735793,0,0.000000
1648722501.231263060,1,0.001000
1648722501.253361312,1,0.012000
1648722501.276496759,1,0.001000
1648722501.299707396,1,0.000000
1648722501.323335917,2,0.001000
1648722501.346868767,2,0.001000
1648722501.369040762,1,0.003000
1648722501.392355035,0,0.003000
1648722501.415962564,0,0.000000
1648722501.438652621,1,0.000000
1648722501.462866452,0,0.000000
1648722501.486398577,3,0.007000
1648722501.509986143,0,0.000000
1648722501.532360274,0,0.000000
1648722501.556073865,0,0.009000
1648722501.579305252,0,0.008000
1648722501.602992886,0,0.000000
1648722501.626910721,0,0.000000
1648722501.647829950,0,0.010000
1648722501.670996696,2,0.014000
1648722501.693424274,1,0.000000
1648722501.716974792,0,0.000000
1648722501.740780122,1,0.000000
1648722501.765152817,0,0.000000
1648722501.789209717,1,0.000000
1648722501.812414660,0,0.010000
1648722501.835126011,0,0.000000
1648722501.858141789,5,0.049000
1648722501.881386327,0,0.000000
1648722501.904564071,0,0.000000
1648722501.926576682,1,0.000000
1648722501.950258999,0,0.000000
1648722501.973499853,0,0.005000
1648722501.996437346,2,0.023000
1648722502.019437378,0,0.000000
1648722502.041295642,1,0.015000
1648722502.063669574,1,0.027000
1648722502.088279154,0,0.000000
1648722502.111984041,5,0.054000
1648722502.134732513,0,0.001000
1648722502.158295169,0,0.000000
1648722502.181343645,1,0.005000
1648722502.203919956,1,0.000000
1648722502.226183187,0,0.000000
1648722502.248676966,1,0.009000
1648722502.270921594,0,0.000000
1648722502.294218547,1,0.000000
1648722502.318223141,0,0.000000
1648722502.341258805,0,0.000000
1648722502.360894217,2,0.018000
1648722502.383705804,0,0.000000
1648722502.408922517,0,0.003000
1648722502.432025882,0,0.000000
1648722502.455230835,2,0.022000
1648722502.479028591,1,0.015000
1648722502.502468848,0,0.000000
1648722502.525455394,3,0.026000
1648722502.547936150,1,0.020000
1648722502.571187309,0,0.000000
1648722502.594405751,0,0.000000
1648722502.618503197,0,0.001000
1648722502.642989199,0,0.000000
1648722502.665505134,3,0.043000
1648722502.688508374,0,0.006000
1648722502.711424693,1,0.007000
1648722502.734860163,0,0.005000
1648722502.757241213,1,0.000000
1648722502.780083972,1,0.007000
1648722502.801895536,0,0.000000
1648722502.824508306,2,0.000000
1648722502.848365146,1,0.001000
1648722502.870206278,1,0.006000
1648722502.893206313,0,0.000000
1648722502.917222530,0,0.000000
1648722502.941492667,1,0.008000
1648722502.964345208,2,0.021000
1648722502.985694818,6,0.062000
1648722503.009424763,1,0.014000
1648722503.029556991,1,0.010000
1648722503.050846841,0,0.000000
1648722503.074789008,1,0.027000
1648722503.098606471,1,0.000000
1648722503.121580885,1,0.016000
1648722503.141388680,0,0.000000
1648722503.163559101,2,0.005000
1648722503.185959208,0,0.000000
1648722503.211050828,2,0.011000
1648722503.235201752,0,0.000000
1648722503.257839839,1,0.000000
1648722503.281321888,1,0.021000
1648722503.304699665,1,0.005000
1648722503.325387761,1,0.010000
1648722503.348246596,1,0.026000
1648722503.371390387,1,0.000000
1648722503.393785972,2,0.003000
1648722503.416949604,1,0.002000
1648722503.438615156,3,0.011000
1648722503.462263283,0,0.000000
1648722503.484949178,0,0.001000
1648722503.507793419,0,0.000000
1648722503.531436279,0,0.000000
1648722503.553882786,0,0.000000
1648722503.577969945,0,0.004000
1648722503.602263156,0,0.000000
1648722503.624449063,0,0.000000
1648722503.646180843,2,0.004000
1648722503.669221580,1,0.000000
1648722503.693078828,0,0.000000
1648722503.715068143,1,0.012000
1648722503.737136542,0,0.003000
1648722503.759249939,2,0.012000
1648722503.781137291,1,0.006000
1648722503.804099346,1,0.016000
1648722503.826938586,0,0.000000
1648722503.850764448,1,0.014000
1648722503.873820857,0,0.029000
1648722503.896300168,0,0.004000
1648722503.919339013,0,0.000000
1648722503.941990752,0,0.021000
1648722503.964277696,0,0.000000
1648722503.987140565,0,0.000000
1648722504.009695739,0,0.011000
1648722504.031344281,1,0.006000
1648722504.051630832,1,0.012000
1648722504.073369729,0,0.000000
1648722504.098086670,0,0.000000
1648722504.121713814,0,0.002000
1648722504.146015449,0,0.000000
1648722504.168586864,1,0.007000
1648722504.189903222,0,0.000000
1648722504.212487952,0,0.000000
1648722504.235175203,0,0.003000
1648722504.258287188,0,0.000000
1648722504.281897979,0,0.011000
1648722504.301545960,0,0.001000
1648722504.323194770,1,0.001000
1648722504.345033052,1,0.000000
1648722504.367558927,0,0.000000
1648722504.391123339,0,0.000000
1648722504.414185519,2,0.000000
1648722504.437425087,0,0.006000
1648722504.460012610,0,0.000000
1648722504.483091462,0,0.017000
1648722504.506102493,1,0.000000
1648722504.529704924,0,0.000000
1648722504.552377892,1,0.006000
1648722504.573976732,0,0.025000
1648722504.596494140,0,0.006000
1648722504.618639042,1,0.000000
1648722504.641851223,0,0.000000
1648722504.664155725,1,0.008000
1648722504.686989328,1,0.001000
1648722504.708853173,2,0.023000
1648722504.731500774,0,0.012000
1648722504.754924185,0,0.000000
1648722504.777867354,0,0.000000
1648722504.800411590,1,0.012000
1648722504.821450186,1,0.000000
1648722504.844805384,0,0.015000
1648722504.868915261,0,0.000000
1648722504.890499927,0,0.000000
1648722504.913230734,0,0.000000
1648722504.935956601,0,0.005000
1648722504.958912173,0,0.000000
1648722504.980056580,2,0.006000
1648722505.002970934,0,0.004000
1648722505.024962980,0,0.000000
1648722505.046728063,0,0.003000
1648722505.068580751,1,0.000000
1648722505.091240751,0,0.000000
1648722505.113196821,1,0.000000
1648722505.135266435,0,0.001000
1648722505.156997636,0,0.015000
1648722505.179999488,1,0.011000
1648722505.203850415,0,0.006000
1648722505.226807691,0,0.004000
1648722505.248856311,1,0.000000
1648722505.272288439,0,0.005000
1648722505.295732884,0,0.001000
1648722505.319479652,1,0.005000
1648722505.340208234,1,0.014000
1648722505.363845968,0,0.000000
1648722505.385164846,1,0.001000
1648722505.408470689,1,0.004000
1648722505.431880470,1,0.014000
1648722505.454816088,0,0.004000
1648722505.478545545,0,0.006000
1648722505.501226367,0,0.000000
1648722505.523395220,1,0.007000
1648722505.543860314,0,0.000000
1648722505.566487243,0,0.001000
1648722505.586924717,0,0.005000
1648722505.609083653,2,0.012000
1648722505.634170057,0,0.000000
1648722505.655583848,1,0.020000
1648722505.679185833,2,0.039000
1648722505.702623602,1,0.000000
1648722505.724855221,0,0.009000
1648722505.745993661,0,0.000000
1648722505.768653981,0,0.000000
1648722505.791532179,0,0.000000
1648722505.815492418,2,0.023000
1648722505.838445854,0,0.000000
1648722505.860300876,0,0.000000
1648722505.880764820,9,0.091000
1648722505.902751380,0,0.000000
1648722505.928686546,2,0.015000
1648722505.952773346,5,0.036000
1648722505.975868730,0,0.011000
1648722505.999861225,0,0.005000
1648722506.021757949,0,0.017000
1648722506.044823051,1,0.000000
1648722506.067272153,1,0.012000
1648722506.088438676,0,0.002000
1648722506.110348468,1,0.007000
1648722506.132348521,2,0.015000
1648722506.154199189,0,0.000000
1648722506.176593243,0,0.000000
1648722506.199386161,1,0.007000
1648722506.222899547,0,0.014000
1648722506.244395378,1,0.011000
1648722506.267087855,0,0.000000
1648722506.290023665,0,0.000000
1648722506.312215350,1,0.011000
1648722506.335024676,0,0.004000
1648722506.357951607,0,0.000000
1648722506.378017674,1,0.008000
1648722506.400743759,1,0.015000
1648722506.423738018,1,0.007000
1648722506.448330735,0,0.000000
1648722506.471963457,0,0.017000
1648722506.493443985,1,0.011000
1648722506.515618239,0,0.000000
1648722506.536154804,0,0.013000
1648722506.560049067,0,0.014000
1648722506.582152590,1,0.000000
1648722506.604993110,0,0.004000
1648722506.627413716,0,0.000000
1648722506.650450607,4,0.064000
1648722506.670957793,0,0.000000
1648722506.694166106,0,0.000000
1648722506.717822327,0,0.000000
1648722506.738876343,2,0.006000
1648722506.761308650,0,0.004000
1648722506.784685812,1,0.009000
1648722506.806672022,0,0.000000
1648722506.829954135,0,0.005000
1648722506.853856950,0,0.007000
1648722506.876391254,0,0.000000
1648722506.898456582,0,0.000000
1648722506.923041363,0,0.031000
1648722506.946477882,0,0.000000
1648722506.968294413,0,0.010000
1648722506.991288040,0,0.000000
1648722507.013890825,2,0.009000
1648722507.037255510,1,0.014000
1648722507.059691069,0,0.016000
1648722507.080486858,0,0.003000
1648722507.102215045,0,0.000000
1648722507.123629047,0,0.013000
1648722507.145276239,0,0.000000
1648722507.168891191,0,0.000000
1648722507.192834301,0,0.000000
1648722507.215726348,0,0.000000
1648722507.238841792,0,0.000000
1648722507.259803474,0,0.000000
1648722507.281748356,3,0.025000
1648722507.303908182,0,0.000000
1648722507.327015795,1,0.000000
1648722507.350856725,1,0.014000
1648722507.373854562,1,0.000000
1648722507.396179759,0,0.000000
1648722507.417944653,1,0.006000
1648722507.441012820,0,0.000000
1648722507.463666398,0,0.000000
1648722507.486774426,0,0.001000
1648722507.508698628,1,0.022000
1648722507.531472863,0,0.000000
1648722507.555004260,1,0.008000
1648722507.577543351,3,0.021000
1648722507.600160769,0,0.000000
1648722507.622291622,0,0.000000
1648722507.644678582,0,0.034000
1648722507.667023829,4,0.002000
1648722507.690682195,0,0.000000
1648722507.714447721,2,0.002000
1648722507.738185810,1,0.024000
1648722507.758622500,1,0.000000
1648722507.780979892,0,0.000000
1648722507.804279083,0,0.006000
1648722507.827430720,1,0.000000
1648722507.850813063,0,0.000000
1648722507.873225639,0,0.009000
1648722507.895940347,0,0.000000
1648722507.919088176,3,0.034000
1648722507.941894753,0,0.000000
1648722507.965260727,2,0.035000
1648722507.987980585,1,0.010000
1648722508.011817566,0,0.000000
1648722508.035094212,3,0.044000
1648722508.058379735,0,0.000000
1648722508.081134764,0,0.000000
1648722508.102965929,2,0.022000
1648722508.126033962,0,0.000000
1648722508.150034004,0,0.000000
1648722508.171266978,0,0.003000
1648722508.194676085,0,0.000000
1648722508.218762938,2,0.003000
1648722508.241055028,0,0.000000
1648722508.264012663,1,0.010000
1648722508.286689331,1,0.000000
1648722508.309202471,0,0.000000
1648722508.331814984,0,0.000000
1648722508.353721549,0,0.000000
1648722508.377357944,0,0.000000
1648722508.400792979,0,0.007000
1648722508.424020157,0,0.019000
1648722508.446394765,0,0.003000
1648722508.469483651,1,0.014000
1648722508.491786399,0,0.001000
1648722508.515212102,0,0.000000
1648722508.538277336,0,0.000000
1648722508.559999213,0,0.016000
1648722508.583617448,0,0.005000
1648722508.606397190,2,0.035000
1648722508.628927778,0,0.000000
1648722508.651013581,0,0.004000
1648722508.674845926,0,0.000000
1648722508.695401682,0,0.000000
1648722508.717984601,0,0.000000
1648722508.742036686,2,0.001000
1648722508.764961304,1,0.012000
1648722508.787845352,0,0.017000
1648722508.811016070,2,0.012000
1648722508.834532866,0,0.004000
1648722508.858299154,1,0.007000
1648722508.879918931,0,0.001000
1648722508.902745917,1,0.001000
1648722508.926006404,0,0.000000
1648722508.950487269,1,0.018000
1648722508.973536040,0,0.024000
1648722508.996118995,0,0.000000
1648722509.018036028,1,0.000000
1648722509.040916408,0,0.001000
1648722509.062709183,0,0.001000
1648722509.084440018,1,0.001000
1648722509.108153154,1,0.004000
1648722509.131497119,1,0.011000
1648722509.155339319,0,0.000000
1648722509.179125187,2,0.024000
1648722509.202835071,0,0.006000
1648722509.225439410,0,0.005000
1648722509.247774488,0,0.000000
1648722509.270366183,0,0.000000
1648722509.293742132,0,0.003000
1648722509.315805398,1,0.012000
1648722509.336841483,2,0.006000
1648722509.359839530,1,0.000000
1648722509.384023663,1,0.018000
1648722509.408173943,0,0.000000
1648722509.428788160,0,0.000000
1648722509.451960698,0,0.000000
1648722509.473201575,0,0.024000
1648722509.495583191,1,0.004000
1648722509.516481744,0,0.000000
1648722509.538497753,0,0.000000
1648722509.561432649,3,0.034000
1648722509.583360212,0,0.000000
1648722509.605843017,0,0.000000
1648722509.627492117,0,0.000000
1648722509.650815039,3,0.025000
1648722509.674651658,0,0.007000
1648722509.696732856,1,0.003000
1648722509.720181112,2,0.017000
1648722509.744077793,0,0.000000
1648722509.767249394,0,0.008000
1648722509.790103514,1,0.006000
1648722509.813295303,1,0.005000
1648722509.836714781,0,0.016000
1648722509.860472122,0,0.000000
1648722509.883034038,0,0.003000
1648722509.905455720,0,0.000000
1648722509.929542415,0,0.000000
1648722509.952806852,0,0.000000
1648722509.976361332,1,0.009000
1648722510.001315787,1,0.002000
1648722510.024564526,0,0.000000
1648722510.046725475,0,0.000000
1648722510.069457806,0,0.012000
1648722510.093354341,2,0.032000
1648722510.115898012,0,0.006000
1648722510.138348057,0,0.000000
1648722510.162049827,1,0.000000
1648722510.185280315,0,0.005000
1648722510.207978148,0,0.000000
1648722510.231272343,0,0.000000
1648722510.253679325,2,0.007000
1648722510.277407948,0,0.000000
1648722510.301016979,0,0.001000
1648722510.323764730,0,0.000000
1648722510.347303135,2,0.015000
1648722510.369807564,0,0.001000
1648722510.392429910,2,0.006000
1648722510.416425389,0,0.000000
1648722510.439209402,1,0.004000
1648722510.461359933,2,0.012000
1648722510.483545232,0,0.000000
1648722510.505303439,2,0.032000
1648722510.528734089,0,0.009000
1648722510.551617913,0,0.000000
1648722510.574508661,1,0.009000
1648722510.595755548,0,0.008000
1648722510.618726563,0,0.005000
1648722510.642507198,0,0.008000
1648722510.665053443,0,0.000000
1648722510.687315373,0,0.006000
1648722510.709991412,0,0.016000
1648722510.733402637,1,0.009000
1648722510.757190033,0,0.000000
1648722510.780732629,0,0.000000
1648722510.804264564,1,0.024000
1648722510.826927839,0,0.000000
1648722510.850339619,0,0.003000
1648722510.872451498,3,0.039000
1648722510.896445352,1,0.018000
1648722510.918544364,1,0.010000
1648722510.942014201,2,0.035000
1648722510.964740732,1,0.021000
1648722510.988143355,0,0.000000
1648722511.011677002,1,0.011000
1648722511.033727501,1,0.001000
1648722511.057384705,1,0.011000
1648722511.080203666,0,0.006000
1648722511.103994710,1,0.006000
1648722511.124530915,0,0.000000
1648722511.148095652,3,0.029000
1648722511.170675373,0,0.000000
1648722511.194205272,0,0.000000
1648722511.217267827,4,0.031000
1648722511.240807601,0,0.000000
1648722511.263591050,0,0.000000
1648722511.285636639,1,0.000000
1648722511.307724423,0,0.000000
1648722511.331741335,5,0.029000
1648722511.355072928,0,0.000000
1648722511.375619609,0,0.000000
1648722511.399251684,0,0.003000
1648722511.422142999,1,0.001000
1648722511.444505744,2,0.012000
1648722511.468698444,1,0.000000
1648722511.490564711,0,0.000000
1648722511.513200581,0,0.000000
1648722511.535930922,0,0.013000
1648722511.557164003,0,0.000000
1648722511.580573804,0,0.000000
1648722511.603579779,0,0.000000
1648722511.625351880,0,0.000000
1648722511.648040349,0,0.000000
1648722511.670796055,1,0.018000
1648722511.693840334,1,0.004000
1648722511.715422990,0,0.000000
1648722511.738991080,0,0.000000
1648722511.760946641,0,0.000000
1648722511.783081812,0,0.000000
1648722511.805493855,0,0.014000
1648722511.827943107,1,0.011000
1648722511.850329612,1,0.021000
1648722511.872221527,0,0.013000
1648722511.895378153,0,0.000000
1648722511.918884810,1,0.008000
1648722511.941019931,0,0.009000
1648722511.962383883,1,0.018000
1648722511.984781140,0,0.013000
1648722512.008042959,1,0.012000
1648722512.032048413,0,0.000000
1648722512.056264674,3,0.038000
1648722512.079055352,2,0.016000
1648722512.101371305,0,0.000000
1648722512.125714133,5,0.062000
1648722512.148388604,1,0.001000
1648722512.172489501,1,0.008000
1648722512.193849994,0,0.000000
1648722512.216857582,0,0.000000
1648722512.238569272,0,0.000000
1648722512.262108232,0,0.010000
1648722512.284966261,1,0.018000
1648722512.307944371,0,0.001000
1648722512.331041516,0,0.000000
1648722512.353741145,0,0.000000
1648722512.377032495,0,0.005000
1648722512.400005251,3,0.038000
1648722512.421996361,1,0.000000
1648722512.444410220,3,0.015000
1648722512.468220783,0,0.000000
1648722512.493297480,1,0.008000
1648722512.515243310,1,0.019000
1648722512.536970000,0,0.023000
1648722512.561207118,0,0.011000
1648722512.583066530,2,0.023000
1648722512.607271229,0,0.000000
1648722512.629390888,0,0.008000
1648722512.651630260,2,0.008000
1648722512.674545102,0,0.000000
1648722512.697209801,0,0.007000
1648722512.719236882,0,0.000000
1648722512.738210042,1,0.015000
1648722512.761726533,0,0.000000
1648722512.784535712,0,0.000000
1648722512.805767487,0,0.007000
1648722512.828003626,0,0.000000
1648722512.850159687,1,0.003000
1648722512.873331911,0,0.000000
1648722512.895622977,0,0.000000
1648722512.919421450,4,0.047000
1648722512.943327829,0,0.000000
1648722512.965111307,1,0.018000
1648722512.985491160,1,0.000000
1648722513.007160416,0,0.000000
1648722513.030397228,1,0.010000
1648722513.054363723,2,0.041000
1648722513.076690903,1,0.013000
1648722513.101251394,0,0.000000
1648722513.123497533,1,0.025000
1648722513.146568582,0,0.000000
1648722513.168861291,0,0.003000
1648722513.191674117,0,0.000000
1648722513.215299872,0,0.000000
1648722513.238979372,0,0.000000
1648722513.262404852,1,0.003000
1648722513.285988698,0,0.004000
1648722513.307201786,0,0.000000
1648722513.329535236,1,0.015000
1648722513.352143784,0,0.003000
1648722513.373888904,1,0.004000
1648722513.396665401,1,0.000000
1648722513.420540440,0,0.000000
1648722513.443561146,2,0.020000
1648722513.466903295,0,0.000000
1648722513.490374452,2,0.010000
1648722513.511137446,0,0.009000
1648722513.534332076,0,0.000000
1648722513.557292692,2,0.014000
1648722513.579595693,0,0.006000
1648722513.603473765,0,0.000000
1648722513.626996638,0,0.002000
1648722513.649723408,1,0.007000
1648722513.672166817,0,0.001000
1648722513.696365822,0,0.003000
1648722513.721242125,0,0.006000
1648722513.743424237,2,0.009000
1648722513.765996117,0,0.000000
1648722513.788233528,0,0.019000
1648722513.811109028,2,0.022000
1648722513.833303899,1,0.003000
1648722513.855392995,0,0.000000
1648722513.878786930,0,0.000000
1648722513.899395005,0,0.000000
1648722513.922082741,0,0.000000
1648722513.945843703,1,0.009000
1648722513.968492985,0,0.020000
1648722513.990689726,0,0.001000
1648722514.013575525,1,0.025000
1648722514.036876482,0,0.008000
1648722514.060880184,0,0.010000
1648722514.083252206,1,0.026000
1648722514.105651331,0,0.000000
1648722514.127041400,2,0.011000
1648722514.148958103,0,0.000000
1648722514.173109357,1,0.024000
1648722514.196354087,1,0.000000
1648722514.218553866,1,0.017000
1648722514.242872591,1,0.026000
1648722514.267381268,0,0.000000
1648722514.291107840,0,0.014000
1648722514.312152737,0,0.030000
1648722514.335608222,0,0.006000
1648722514.359053071,0,0.000000
1648722514.380888732,0,0.015000
1648722514.401319240,0,0.000000
1648722514.423210219,0,0.000000
1648722514.444386454,1,0.013000
1648722514.468941706,0,0.000000
1648722514.491019163,0,0.000000
1648722514.512131780,0,0.000000
1648722514.536164259,0,0.000000
1648722514.557808590,0,0.000000
1648722514.580721230,1,0.011000
1648722514.602090113,1,0.014000
1648722514.625093103,1,0.000000
1648722514.650337104,3,0.039000
1648722514.673815485,2,0.010000
1648722514.696229866,0,0.000000
1648722514.717535589,1,0.006000
1648722514.740686804,0,0.000000
1648722514.763247877,1,0.003000
1648722514.785617580,1,0.000000
1648722514.807187791,1,0.014000
1648722514.829406307,1,0.000000
1648722514.853025631,0,0.000000
1648722514.876004727,1,0.000000
1648722514.898583220,1,0.010000
1648722514.921953769,0,0.000000
1648722514.945829118,0,0.000000
1648722514.967630082,0,0.000000
1648722514.990984528,1,0.016000
1648722515.014387686,0,0.000000
1648722515.037953813,1,0.006000
1648722515.060802659,0,0.000000
1648722515.083070575,1,0.000000
1648722515.105248472,1,0.000000
1648722515.128830933,0,0.000000
1648722515.152052888,0,0.000000
1648722515.175457772,0,0.012000
1648722515.198746317,0,0.001000
1648722515.221459557,0,0.000000
1648722515.244011649,2,0.019000
1648722515.266803678,2,0.038000
1648722515.288991863,0,0.000000
1648722515.312817960,0,0.000000
1648722515.337099837,0,0.003000
1648722515.360284828,0,0.000000
1648722515.382680418,0,0.007000
1648722515.406406068,0,0.003000
1648722515.429951741,1,0.015000
1648722515.451164703,1,0.012000
1648722515.475685389,0,0.000000
1648722515.498574481,0,0.004000
1648722515.521600047,0,0.000000
1648722515.543298108,0,0.008000
1648722515.565922184,0,0.000000
1648722515.589556000,2,0.028000
1648722515.612081761,2,0.024000
1648722515.633934333,0,0.000000
1648722515.657468523,1,0.002000
1648722515.681107616,0,0.000000
1648722515.704815519,0,0.000000
1648722515.726279226,1,0.012000
1648722515.749090367,0,0.003000
1648722515.772579953,0,0.000000
1648722515.795142056,3,0.011000
1648722515.818864342,0,0.002000
1648722515.839952564,0,0.000000
1648722515.860819960,0,0.000000
1648722515.882612231,0,0.000000
1648722515.905709236,0,0.021000
1648722515.928345699,0,0.000000
1648722515.949876666,0,0.016000
1648722515.974942540,3,0.011000
1648722515.998230809,0,0.000000
1648722516.022226388,0,0.000000
1648722516.045829235,0,0.003000
1648722516.067254083,1,0.004000
1648722516.090554579,1,0.014000
1648722516.114311921,0,0.000000
1648722516.137298234,2,0.012000
1648722516.161024672,0,0.001000
1648722516.183342821,2,0.007000
1648722516.205803576,0,0.000000
1648722516.228348543,0,0.005000
1648722516.251327131,0,0.000000
1648722516.272939778,0,0.000000
1648722516.295252364,0,0.000000
1648722516.316145871,1,0.011000
1648722516.338930041,0,0.000000
1648722516.361357247,2,0.015000
1648722516.383906760,0,0.000000
1648722516.406973547,0,0.001000
1648722516.430317832,0,0.001000
1648722516.452991409,0,0.001000
1648722516.475432725,0,0.001000
1648722516.496541130,0,0.001000
1648722516.519125937,0,0.001000
1648722516.542568113,0,0.001000
1648722516.565874981,0,0.001000
1648722516.587990860,0,0.001000
1648722516.609690319,0,0.001000
1648722516.633044308,0,0.001000
1648722516.654964406,0,0.001000
