1648717664.146415305,0,0.000000
1648717664.168344833,4,0.038000
1648717664.189087567,1,0.006000
1648717664.210888265,7,0.057000
1648717664.233454518,1,0.003000
1648717664.254918702,9,0.096000
1648717664.276608330,0,0.000000
1648717664.298853199,9,0.077000
1648717664.320264785,0,0.000000
1648717664.341348853,2,0.001000
1648717664.362925382,0,0.000000
1648717664.383437898,1,0.020000
1648717664.404256568,1,0.020000
1648717664.427437134,1,0.030000
1648717664.448075274,1,0.008000
1648717664.469403312,1,0.005000
1648717664.493280864,0,0.005000
1648717664.516590386,3,0.020000
1648717664.538249759,0,0.010000
1648717664.560842482,0,0.000000
1648717664.582932554,1,0.004000
1648717664.604568224,0,0.000000
1648717664.626895602,0,0.002000
1648717664.649358337,0,0.018000
1648717664.670300301,2,0.015000
1648717664.691589768,0,0.000000
1648717664.715473721,5,0.071000
1648717664.737433211,1,0.010000
1648717664.760289552,0,0.003000
1648717664.783359974,1,0.005000
1648717664.804449522,8,0.066000
1648717664.824368609,0,0.000000
1648717664.844487244,10,0.091000
1648717664.867034434,0,0.006000
1648717664.889499351,6,0.068000
1648717664.911094787,0,0.018000
1648717664.933896754,0,0.001000
1648717664.954401836,0,0.004000
1648717664.975373336,10,0.124000
1648717664.997590344,0,0.016000
1648717665.019386881,0,0.000000
1648717665.041863939,1,0.013000
1648717665.062911886,2,0.001000
1648717665.084910542,4,0.053000
1648717665.109312477,0,0.000000
1648717665.131061514,9,0.094000
1648717665.152986466,0,0.003000
1648717665.175262209,7,0.143000
1648717665.197131508,0,0.001000
1648717665.218316873,3,0.036000
1648717665.241646054,0,0.000000
1648717665.263444369,3,0.029000
1648717665.286638904,0,0.000000
1648717665.307451702,3,0.038000
1648717665.328245870,0,0.000000
1648717665.350760615,0,0.000000
1648717665.372508942,1,0.028000
1648717665.393351797,2,0.019000
1648717665.414180599,0,0.000000
1648717665.436300413,5,0.063000
1648717665.458142451,1,0.009000
1648717665.480041367,1,0.005000
1648717665.500900432,0,0.005000
1648717665.522669198,7,0.120000
1648717665.543181465,0,0.001000
1648717665.564704952,3,0.021000
1648717665.584573117,0,0.016000
1648717665.606958218,13,0.148000
1648717665.628698812,0,0.002000
1648717665.650167135,3,0.039000
1648717665.672896641,0,0.007000
1648717665.696012718,2,0.020000
1648717665.718872671,0,0.000000
1648717665.740356611,1,0.019000
1648717665.761976681,0,0.003000
1648717665.784397012,5,0.072000
1648717665.806875739,0,0.004000
1648717665.828173564,6,0.073000
1648717665.849549878,0,0.000000
1648717665.871406054,8,0.087000
1648717665.893488744,0,0.000000
1648717665.914715162,3,0.024000
1648717665.937254549,1,0.010000
1648717665.960402023,6,0.057000
1648717665.983110968,0,0.003000
1648717666.005112791,0,0.014000
1648717666.027224784,1,0.002000
1648717666.047650267,13,0.120000
1648717666.070400301,0,0.004000
1648717666.092411572,4,0.039000
1648717666.114274241,1,0.020000
1648717666.135807686,13,0.162000
1648717666.156363891,0,0.001000
1648717666.178398535,3,0.035000
1648717666.200781132,2,0.009000
1648717666.222156370,9,0.089000
1648717666.243306188,0,0.000000
1648717666.264996329,3,0.048000
1648717666.286495260,0,0.006000
1648717666.310892813,0,0.006000
1648717666.332403522,0,0.000000
1648717666.354046147,10,0.082000
1648717666.376368973,0,0.000000
1648717666.396994370,2,0.020000
1648717666.418109802,2,0.008000
1648717666.437837706,1,0.010000
1648717666.459678449,0,0.002000
1648717666.482184286,0,0.006000
1648717666.502559534,0,0.000000
1648717666.524044324,0,0.009000
1648717666.545429950,0,0.016000
1648717666.565521553,0,0.019000
1648717666.587615685,3,0.033000
1648717666.609018659,0,0.022000
1648717666.632897001,2,0.022000
1648717666.657182888,1,0.004000
1648717666.679883503,0,0.015000
1648717666.700328304,5,0.070000
1648717666.720623597,1,0.004000
1648717666.740942133,5,0.036000
1648717666.762320027,0,0.001000
1648717666.785733747,5,0.051000
1648717666.805931143,1,0.010000
1648717666.826789930,5,0.057000
1648717666.848668386,0,0.000000
1648717666.870143900,7,0.066000
1648717666.892067427,0,0.007000
1648717666.913790365,0,0.011000
1648717666.934784560,0,0.000000
1648717666.957628761,1,0.016000
1648717666.980423565,0,0.000000
1648717667.001114811,4,0.048000
1648717667.022720528,1,0.003000
1648717667.045119661,4,0.044000
1648717667.067109971,0,0.000000
1648717667.088347233,1,0.009000
1648717667.110570148,0,0.001000
1648717667.133197265,1,0.000000
1648717667.153919402,1,0.019000
1648717667.176196282,3,0.035000
1648717667.198924198,0,0.000000
1648717667.220154088,0,0.000000
1648717667.242641095,0,0.000000
1648717667.264573897,0,0.023000
1648717667.283792624,3,0.026000
1648717667.305467795,0,0.003000
1648717667.327957114,2,0.050000
1648717667.349115257,2,0.017000
1648717667.371014475,0,0.000000
1648717667.394097774,4,0.051000
1648717667.415936089,2,0.025000
1648717667.436285534,0,0.013000
1648717667.456877281,6,0.057000
1648717667.477806254,0,0.000000
1648717667.497364064,7,0.077000
1648717667.518969298,0,0.000000
1648717667.540979098,0,0.024000
1648717667.564314778,2,0.013000
1648717667.586979100,0,0.000000
1648717667.606598736,0,0.000000
1648717667.628141500,11,0.116000
1648717667.648458309,0,0.000000
1648717667.670791922,7,0.157000
1648717667.691823472,0,0.008000
1648717667.711719427,5,0.088000
1648717667.734502438,0,0.000000
1648717667.757631566,2,0.019000
1648717667.779993493,0,0.000000
1648717667.802544240,2,0.040000
1648717667.825178706,1,0.004000
1648717667.847954450,1,0.005000
1648717667.869407284,0,0.000000
1648717667.890500382,0,0.000000
1648717667.912830645,7,0.080000
1648717667.934995041,0,0.000000
1648717667.957353054,9,0.090000
1648717667.977163088,0,0.000000
1648717667.999075888,6,0.110000
1648717668.021610814,1,0.014000
1648717668.042510372,0,0.000000
1648717668.064337504,0,0.000000
1648717668.086324600,0,0.000000
1648717668.109571580,0,0.000000
1648717668.131405756,1,0.000000
1648717668.153208887,0,0.000000
1648717668.176992346,0,0.000000
1648717668.196319572,8,0.097000
1648717668.217457096,0,0.000000
1648717668.239643290,11,0.134000
1648717668.261044125,0,0.004000
1648717668.283918277,10,0.097000
1648717668.305048507,0,0.000000
1648717668.325248838,6,0.112000
1648717668.348560171,0,0.006000
1648717668.369192877,0,0.012000
1648717668.393470179,0,0.000000
1648717668.415414698,3,0.024000
1648717668.436689845,1,0.023000
1648717668.456868715,0,0.000000
1648717668.479281319,2,0.025000
1648717668.500915667,1,0.000000
1648717668.523170546,3,0.017000
1648717668.542360437,0,0.000000
1648717668.564153747,2,0.010000
1648717668.585394526,1,0.004000
1648717668.609359027,3,0.042000
1648717668.630569030,2,0.046000
1648717668.650581135,0,0.005000
1648717668.671147715,1,0.001000
1648717668.693468496,1,0.001000
1648717668.715810008,0,0.004000
1648717668.738656226,0,0.011000
1648717668.759985316,7,0.059000
1648717668.781977090,2,0.008000
1648717668.803274220,0,0.005000
1648717668.825727179,0,0.000000
1648717668.847152084,4,0.024000
1648717668.868841131,0,0.000000
1648717668.888455870,5,0.042000
1648717668.910210438,0,0.016000
1648717668.931466211,5,0.056000
1648717668.953739392,0,0.000000
1648717668.973721723,3,0.032000
1648717668.996184863,0,0.000000
1648717669.016982182,4,0.035000
1648717669.039950724,0,0.003000
1648717669.061030456,4,0.040000
1648717669.084660208,0,0.000000
1648717669.106559014,1,0.006000
1648717669.127945000,0,0.000000
1648717669.151597088,3,0.017000
1648717669.174040026,1,0.001000
1648717669.195099010,6,0.069000
1648717669.215616396,0,0.000000
1648717669.236660377,6,0.052000
1648717669.259499764,0,0.000000
1648717669.281043335,2,0.039000
1648717669.304433207,0,0.000000
1648717669.325668236,0,0.000000
1648717669.345413225,0,0.000000
1648717669.368880644,0,0.002000
1648717669.388250851,5,0.056000
1648717669.409283016,0,0.000000
1648717669.431052276,6,0.098000
1648717669.453149165,0,0.000000
1648717669.474522894,9,0.103000
1648717669.497585653,0,0.000000
1648717669.520800143,10,0.112000
1648717669.541605611,0,0.007000
1648717669.561649806,13,0.143000
1648717669.584095670,2,0.002000
1648717669.605948997,12,0.123000
1648717669.627971144,0,0.000000
1648717669.651347875,0,0.000000
1648717669.673869702,0,0.010000
1648717669.695723109,0,0.000000
1648717669.716971733,0,0.016000
1648717669.738278847,0,0.000000
1648717669.763072122,3,0.034000
1648717669.783431158,1,0.004000
1648717669.804479547,0,0.000000
1648717669.825124240,4,0.032000
1648717669.846933803,0,0.001000
1648717669.867013911,6,0.047000
1648717669.888343011,0,0.000000
1648717669.909435752,4,0.059000
1648717669.932880304,0,0.000000
1648717669.954809017,4,0.039000
1648717669.976481896,0,0.011000
1648717669.999264378,10,0.135000
1648717670.022205743,1,0.007000
1648717670.042031629,7,0.077000
1648717670.064047266,0,0.000000
1648717670.085481213,6,0.046000
1648717670.108480275,0,0.000000
1648717670.131127668,4,0.046000
1648717670.151301349,0,0.000000
1648717670.173194854,8,0.049000
1648717670.195898515,0,0.005000
1648717670.217366921,0,0.009000
1648717670.238070282,0,0.004000
1648717670.260980866,3,0.048000
1648717670.280539374,0,0.000000
1648717670.302690899,1,0.023000
1648717670.324924236,0,0.000000
1648717670.346005338,1,0.009000
1648717670.367577102,0,0.006000
1648717670.390204533,0,0.000000
1648717670.411125150,0,0.003000
1648717670.434282923,0,0.000000
1648717670.453916212,0,0.000000
1648717670.475588552,3,0.015000
1648717670.497745774,0,0.000000
1648717670.519107738,0,0.000000
1648717670.540905105,1,0.003000
1648717670.561770858,1,0.029000
1648717670.582871740,0,0.000000
1648717670.606201042,2,0.026000
1648717670.627150809,6,0.083000
1648717670.648272832,0,0.001000
1648717670.668925424,1,0.008000
1648717670.690203176,5,0.082000
1648717670.710826512,0,0.000000
1648717670.734016836,0,0.000000
1648717670.754695344,0,0.000000
1648717670.777011519,2,0.032000
1648717670.797683819,4,0.022000
1648717670.818613085,1,0.007000
1648717670.840627618,0,0.008000
1648717670.861678862,1,0.000000
1648717670.882297761,7,0.075000
1648717670.904250309,0,0.000000
1648717670.926442952,5,0.044000
1648717670.947838840,0,0.000000
1648717670.968582642,0,0.000000
1648717670.989546712,0,0.000000
1648717671.011738177,3,0.019000
1648717671.033337571,0,0.000000
1648717671.056023716,5,0.050000
1648717671.078432713,1,0.010000
1648717671.100171066,0,0.011000
1648717671.121535517,0,0.000000
1648717671.143079083,2,0.031000
1648717671.164296316,1,0.008000
1648717671.185723969,1,0.017000
1648717671.206869146,10,0.109000
1648717671.228155893,0,0.000000
1648717671.250129573,0,0.011000
1648717671.271033277,3,0.024000
1648717671.293924131,2,0.009000
1648717671.315907118,1,0.007000
1648717671.337111022,0,0.000000
1648717671.360149548,5,0.058000
1648717671.380367334,0,0.000000
1648717671.402207397,0,0.000000
1648717671.421957025,0,0.004000
1648717671.443353423,0,0.018000
1648717671.465308071,1,0.009000
1648717671.488040401,3,0.018000
1648717671.509362720,0,0.000000
1648717671.530172092,5,0.064000
1648717671.552400897,0,0.000000
1648717671.574113021,1,0.017000
1648717671.594044135,0,0.013000
1648717671.615877835,0,0.000000
1648717671.637380930,0,0.010000
1648717671.659639761,2,0.029000
1648717671.680200934,0,0.016000
1648717671.702536452,0,0.000000
1648717671.724684751,0,0.003000
1648717671.745896134,0,0.007000
1648717671.767998150,6,0.029000
1648717671.787942649,0,0.000000
1648717671.810249273,4,0.050000
1648717671.832164393,2,0.019000
1648717671.854561054,6,0.068000
1648717671.873174152,1,0.008000
1648717671.895723926,8,0.081000
1648717671.917143931,0,0.000000
1648717671.938419893,0,0.012000
1648717671.959174714,0,0.011000
1648717671.980211348,2,0.015000
1648717672.002003270,5,0.044000
1648717672.024963524,0,0.000000
1648717672.045871968,4,0.039000
1648717672.067003404,2,0.018000
1648717672.088904556,3,0.023000
1648717672.110623883,1,0.012000
1648717672.132021026,0,0.000000
1648717672.153966748,1,0.011000
1648717672.173810605,0,0.000000
1648717672.196242000,4,0.047000
1648717672.217228780,0,0.000000
1648717672.237798626,1,0.021000
1648717672.259806265,1,0.020000
1648717672.281293909,0,0.000000
1648717672.301384796,10,0.118000
1648717672.322460341,0,0.000000
1648717672.342766475,0,0.000000
1648717672.364079552,1,0.000000
1648717672.385160977,0,0.011000
1648717672.408536774,0,0.000000
1648717672.430770625,0,0.000000
1648717672.450897663,3,0.015000
1648717672.472082691,0,0.000000
1648717672.492969995,3,0.033000
1648717672.515042603,0,0.014000
1648717672.537234032,14,0.162000
1648717672.559283087,0,0.000000
1648717672.580256419,1,0.007000
1648717672.600372799,2,0.014000
1648717672.620321432,3,0.039000
1648717672.641954467,0,0.014000
1648717672.663138301,0,0.001000
1648717672.684229836,12,0.112000
1648717672.705113158,0,0.009000
1648717672.726382562,0,0.009000
1648717672.748800571,0,0.000000
1648717672.770485320,1,0.014000
1648717672.792562124,0,0.000000
1648717672.814771055,1,0.007000
1648717672.836873322,0,0.000000
1648717672.858761168,0,0.013000
1648717672.881032912,0,0.000000
1648717672.901906910,8,0.100000
1648717672.924335159,3,0.002000
1648717672.945209799,1,0.034000
1648717672.968470893,0,0.000000
1648717672.991500080,0,0.001000
1648717673.013485510,11,0.101000
1648717673.036489277,0,0.000000
1648717673.058838573,0,0.024000
1648717673.080113509,2,0.045000
1648717673.102741379,0,0.004000
1648717673.124418788,1,0.000000
1648717673.145732866,0,0.003000
1648717673.168193899,1,0.011000
1648717673.188759164,0,0.002000
1648717673.212027103,0,0.008000
1648717673.231329112,10,0.099000
1648717673.254830461,0,0.001000
1648717673.274606400,5,0.095000
1648717673.297276113,0,0.000000
1648717673.319847461,0,0.000000
1648717673.342376164,0,0.000000
1648717673.363508768,0,0.000000
1648717673.384699347,6,0.051000
1648717673.407091684,1,0.001000
1648717673.430372654,0,0.000000
1648717673.452104303,0,0.000000
1648717673.471942226,6,0.066000
1648717673.493141204,0,0.000000
1648717673.515189588,9,0.082000
1648717673.537166785,1,0.000000
1648717673.558608422,4,0.020000
1648717673.579933258,0,0.000000
1648717673.601996870,10,0.092000
1648717673.624585155,0,0.000000
1648717673.646028578,9,0.110000
1648717673.668576577,1,0.002000
1648717673.688281211,14,0.156000
1648717673.710701586,1,0.001000
1648717673.733115637,5,0.065000
1648717673.755232632,0,0.000000
1648717673.777315445,0,0.000000
1648717673.801889261,2,0.025000
1648717673.823062746,3,0.042000
1648717673.844349486,0,0.013000
1648717673.867033601,0,0.000000
1648717673.889481777,1,0.000000
1648717673.910075431,0,0.000000
1648717673.930389118,0,0.005000
1648717673.952283574,7,0.116000
1648717673.972502080,0,0.000000
1648717673.994789325,9,0.106000
1648717674.017338449,0,0.025000
1648717674.040188466,0,0.000000
1648717674.061716146,1,0.009000
1648717674.085380354,0,0.003000
1648717674.107271778,0,0.000000
1648717674.128744195,0,0.000000
1648717674.150829075,1,0.045000
1648717674.171279864,0,0.000000
1648717674.192819081,13,0.121000
1648717674.213302061,0,0.001000
1648717674.235862741,0,0.000000
1648717674.258908971,5,0.061000
1648717674.281725949,0,0.000000
1648717674.303196674,2,0.000000
1648717674.325445130,0,0.000000
1648717674.348543618,0,0.000000
1648717674.369958244,0,0.005000
1648717674.391893364,3,0.005000
1648717674.413259335,0,0.000000
1648717674.435199057,1,0.001000
1648717674.457529646,0,0.000000
1648717674.480255426,0,0.001000
1648717674.502275625,1,0.004000
1648717674.522019235,1,0.000000
1648717674.543029302,0,0.001000
1648717674.563881675,0,0.000000
1648717674.586146419,0,0.000000
1648717674.607036887,3,0.014000
1648717674.627819841,0,0.000000
1648717674.647332365,3,0.000000
1648717674.667639753,8,0.139000
1648717674.689912815,0,0.004000
1648717674.710995068,2,0.018000
1648717674.732371157,2,0.021000
1648717674.754730140,0,0.000000
1648717674.774772285,10,0.127000
1648717674.796875216,1,0.004000
1648717674.819457665,2,0.059000
1648717674.840076536,0,0.000000
1648717674.863101259,11,0.127000
1648717674.884749916,0,0.000000
1648717674.907087324,4,0.038000
1648717674.927892180,0,0.013000
1648717674.948832637,12,0.174000
1648717674.968927638,0,0.000000
1648717674.989880538,7,0.071000
1648717675.011069971,0,0.000000
1648717675.034391360,4,0.067000
1648717675.054969597,0,0.002000
1648717675.077274425,2,0.010000
1648717675.097340622,1,0.003000
1648717675.118313212,1,0.000000
1648717675.140143048,0,0.000000
1648717675.161905420,0,0.000000
1648717675.184210538,0,0.009000
1648717675.205473357,2,0.012000
1648717675.227804651,0,0.000000
1648717675.248840612,1,0.000000
1648717675.269937989,1,0.042000
1648717675.291432981,1,0.000000
1648717675.313226490,5,0.076000
1648717675.335621257,1,0.026000
1648717675.357013917,0,0.000000
1648717675.379861522,3,0.042000
1648717675.401620425,0,0.008000
1648717675.423136125,1,0.017000
1648717675.444574254,0,0.000000
1648717675.466185726,0,0.000000
1648717675.488430676,1,0.000000
1648717675.510751650,2,0.025000
1648717675.532928289,0,0.006000
1648717675.554815247,0,0.026000
1648717675.576187281,0,0.000000
1648717675.599100831,3,0.036000
1648717675.619974137,2,0.024000
1648717675.639986327,1,0.006000
1648717675.660692112,0,0.000000
1648717675.685060457,5,0.040000
1648717675.707955046,1,0.028000
1648717675.730100828,3,0.049000
1648717675.752743867,0,0.000000
1648717675.774616717,5,0.031000
1648717675.796456225,1,0.004000
1648717675.818224074,11,0.117000
1648717675.838894331,0,0.000000
1648717675.859251532,0,0.008000
1648717675.879596671,0,0.000000
1648717675.902769339,0,0.015000
1648717675.922792934,0,0.000000
1648717675.943206043,0,0.000000
1648717675.964042920,0,0.028000
1648717675.984581980,0,0.000000
1648717676.006888357,2,0.031000
1648717676.027363591,1,0.000000
1648717676.049249445,0,0.020000
1648717676.071009083,10,0.110000
1648717676.091729146,0,0.010000
1648717676.115286590,11,0.152000
1648717676.137374288,0,0.000000
1648717676.158786625,3,0.040000
1648717676.181180575,1,0.005000
1648717676.203530631,0,0.000000
1648717676.224768421,0,0.000000
1648717676.246680596,0,0.000000
1648717676.267130238,0,0.000000
1648717676.288932721,0,0.000000
1648717676.311065457,1,0.038000
1648717676.333729094,0,0.000000
1648717676.355319968,0,0.008000
1648717676.376871676,0,0.016000
1648717676.400096612,2,0.032000
1648717676.421102814,0,0.008000
1648717676.442701697,0,0.023000
1648717676.464311127,0,0.000000
1648717676.486947734,5,0.050000
1648717676.507910056,0,0.000000
1648717676.530271939,0,0.000000
1648717676.552983635,0,0.000000
1648717676.576183949,4,0.028000
1648717676.597637093,0,0.000000
1648717676.619161533,0,0.007000
1648717676.641369850,0,0.000000
1648717676.661984048,0,0.000000
1648717676.679974818,0,0.004000
1648717676.703771082,1,0.001000
1648717676.725120330,5,0.041000
1648717676.746010010,1,0.000000
1648717676.767360038,0,0.000000
1648717676.788295945,0,0.014000
1648717676.810257357,0,0.000000
1648717676.832729057,0,0.004000
1648717676.854679517,0,0.000000
1648717676.874068856,7,0.088000
1648717676.895128563,0,0.000000
1648717676.915427613,0,0.000000
1648717676.935096062,0,0.015000
1648717676.957848756,0,0.001000
1648717676.981371569,4,0.028000
1648717677.003623554,0,0.000000
1648717677.026230749,0,0.000000
1648717677.049207024,7,0.054000
1648717677.070123276,0,0.011000
1648717677.093237016,4,0.043000
1648717677.115288624,3,0.024000
1648717677.136493721,1,0.012000
1648717677.158081903,2,0.022000
1648717677.179646359,1,0.008000
1648717677.200911197,4,0.053000
1648717677.222081570,2,0.005000
1648717677.243190235,8,0.052000
1648717677.263418799,2,0.006000
1648717677.285824003,7,0.083000
1648717677.306783256,0,0.000000
1648717677.327124706,1,0.033000
1648717677.348807481,1,0.004000
1648717677.369215310,2,0.021000
1648717677.390771159,0,0.005000
1648717677.413818195,5,0.039000
1648717677.436371199,0,0.000000
1648717677.458244605,1,0.018000
1648717677.479395265,0,0.000000
1648717677.500321549,2,0.044000
1648717677.522480959,0,0.000000
1648717677.542868355,0,0.000000
1648717677.564225721,2,0.017000
1648717677.587739698,1,0.000000
1648717677.609431246,0,0.003000
1648717677.631310698,1,0.018000
1648717677.651776577,1,0.000000
1648717677.674823532,4,0.058000
1648717677.696345248,0,0.007000
1648717677.718920020,0,0.004000
1648717677.739209599,0,0.000000
1648717677.761352570,1,0.000000
1648717677.781803821,0,0.000000
1648717677.803583230,0,0.000000
1648717677.827239146,0,0.000000
1648717677.849430220,8,0.080000
1648717677.871463416,0,0.000000
1648717677.893745453,4,0.049000
1648717677.914820349,0,0.007000
1648717677.938088148,13,0.133000
1648717677.960730383,0,0.000000
1648717677.981130837,7,0.108000
1648717678.004281780,0,0.008000
1648717678.025746245,13,0.119000
1648717678.047557929,0,0.000000
1648717678.068292183,11,0.135000
1648717678.091001329,0,0.000000
1648717678.111239774,6,0.073000
1648717678.132842973,0,0.010000
1648717678.154370930,0,0.014000
1648717678.174839715,2,0.006000
1648717678.197609529,0,0.000000
1648717678.219024456,0,0.000000
1648717678.240201657,0,0.000000
1648717678.259262987,1,0.025000
1648717678.279944153,0,0.000000
1648717678.301493373,1,0.006000
1648717678.322590211,0,0.006000
1648717678.344261638,0,0.000000
1648717678.366998251,6,0.073000
1648717678.387409874,0,0.009000
1648717678.409001644,8,0.122000
1648717678.429562535,0,0.000000
1648717678.452230129,10,0.129000
1648717678.473189341,0,0.000000
1648717678.493639006,1,0.024000
1648717678.513216552,0,0.008000
1648717678.534162431,2,0.023000
1648717678.556251503,0,0.000000
1648717678.578572273,0,0.000000
1648717678.599390957,0,0.000000
1648717678.621215871,0,0.000000
1648717678.641113031,0,0.000000
1648717678.661789691,0,0.009000
1648717678.683770698,2,0.030000
1648717678.703539565,0,0.006000
1648717678.723963170,9,0.092000
1648717678.745690940,0,0.000000
1648717678.767396229,2,0.031000
1648717678.787342122,0,0.004000
1648717678.809322453,6,0.056000
1648717678.830593272,0,0.001000
1648717678.850380066,0,0.006000
1648717678.872294773,1,0.013000
1648717678.892138754,0,0.000000
1648717678.913266278,4,0.036000
1648717678.933605254,2,0.011000
1648717678.953980409,0,0.010000
1648717678.975254009,0,0.000000
1648717678.997361904,2,0.022000
1648717679.019317139,3,0.031000
1648717679.041141320,0,0.010000
1648717679.060099853,1,0.001000
1648717679.080169638,1,0.008000
1648717679.101904267,1,0.008000
1648717679.122410618,11,0.119000
1648717679.144151643,0,0.000000
1648717679.165202422,2,0.027000
1648717679.185829091,0,0.013000
1648717679.207462995,0,0.002000
1648717679.228471029,0,0.000000
1648717679.250545843,0,0.007000
1648717679.271146919,9,0.107000
1648717679.292625055,2,0.004000
1648717679.314875101,7,0.075000
1648717679.335363590,0,0.000000
1648717679.357555545,3,0.035000
1648717679.378318815,0,0.015000
1648717679.398986260,0,0.000000
1648717679.419691027,12,0.121000
1648717679.438643025,0,0.001000
1648717679.459370731,0,0.001000
1648717679.478895296,0,0.000000
1648717679.500882532,0,0.000000
1648717679.519973316,1,0.000000
1648717679.539455850,0,0.000000
1648717679.562662855,0,0.000000
1648717679.582015631,0,0.000000
1648717679.602572295,0,0.000000
1648717679.622990716,11,0.103000
1648717679.644007011,0,0.000000
1648717679.665361491,4,0.060000
1648717679.687317247,1,0.002000
1648717679.709470947,4,0.038000
1648717679.730837791,0,0.000000
1648717679.751555239,0,0.000000
1648717679.770908312,0,0.000000
1648717679.791650383,0,0.000000
1648717679.810635326,4,0.046000
1648717679.832900181,0,0.000000
1648717679.855001950,3,0.014000
1648717679.875464584,0,0.000000
1648717679.898055889,1,0.000000
1648717679.919153264,0,0.001000
1648717679.942164437,8,0.081000
1648717679.963892321,0,0.000000
1648717679.984032807,0,0.003000
1648717680.005132352,0,0.000000
1648717680.027836355,1,0.006000
1648717680.046120425,2,0.026000
1648717680.067442418,0,0.000000
1648717680.088780234,3,0.042000
1648717680.108597440,0,0.000000
1648717680.131049106,0,0.025000
1648717680.151358757,0,0.001000
1648717680.172878914,1,0.000000
1648717680.194427790,10,0.130000
1648717680.215791580,1,0.001000
1648717680.236702287,4,0.024000
1648717680.256775626,0,0.007000
1648717680.278208338,0,0.008000
1648717680.298963160,12,0.124000
1648717680.318777894,0,0.000000
1648717680.339167658,0,0.004000
1648717680.360261535,0,0.000000
1648717680.381262723,1,0.027000
1648717680.401664289,0,0.000000
1648717680.423494787,0,0.010000
1648717680.444927533,1,0.032000
1648717680.465930705,1,0.000000
1648717680.488229962,5,0.032000
1648717680.510339104,0,0.000000
1648717680.532259438,3,0.035000
1648717680.553151911,0,0.000000
1648717680.574887512,0,0.000000
1648717680.596147513,1,0.015000
1648717680.617191114,0,0.000000
1648717680.639358397,0,0.000000
1648717680.662687145,0,0.003000
1648717680.682347927,0,0.004000
1648717680.703870669,0,0.002000
1648717680.724914840,0,0.012000
1648717680.747463252,0,0.000000
1648717680.770254965,0,0.044000
1648717680.791033772,0,0.008000
1648717680.812340719,8,0.105000
1648717680.833088960,0,0.003000
1648717680.853332040,0,0.003000
1648717680.873621151,0,0.005000
1648717680.894139827,0,0.009000
1648717680.914286331,0,0.013000
1648717680.935471974,1,0.015000
1648717680.956231785,0,0.021000
1648717680.978616772,8,0.075000
1648717680.998357372,1,0.013000
1648717681.019641402,5,0.027000
1648717681.040793662,1,0.000000
1648717681.062194918,7,0.101000
1648717681.084116482,0,0.007000
1648717681.106094227,5,0.069000
1648717681.126899958,1,0.001000
1648717681.148793558,3,0.031000
1648717681.168777873,0,0.000000
1648717681.189203809,1,0.023000
1648717681.209867339,4,0.049000
1648717681.230442897,0,0.000000
1648717681.250389984,8,0.072000
1648717681.271077439,1,0.014000
1648717681.291184987,0,0.005000
1648717681.311664848,0,0.000000
1648717681.332014303,0,0.000000
1648717681.354200922,0,0.006000
1648717681.374964529,2,0.001000
1648717681.394351747,1,0.010000
1648717681.415049993,1,0.013000
1648717681.437107284,0,0.000000
1648717681.455490074,0,0.000000
1648717681.475987612,0,0.000000
1648717681.497141542,3,0.025000
1648717681.517080052,5,0.060000
1648717681.538081305,1,0.008000
1648717681.558266407,4,0.028000
1648717681.580770207,0,0.000000
1648717681.602343018,0,0.001000
1648717681.622226838,6,0.046000
1648717681.641895247,0,0.000000
1648717681.661438473,0,0.015000
1648717681.681912701,0,0.000000
1648717681.703277135,1,0.008000
1648717681.725397513,1,0.007000
1648717681.746791352,0,0.003000
1648717681.768066936,5,0.147000
1648717681.789904720,2,0.013000
1648717681.813181383,1,0.006000
1648717681.835317199,1,0.012000
1648717681.856960153,11,0.134000
1648717681.877343637,0,0.000000
1648717681.898270014,13,0.127000
1648717681.919581316,0,0.000000
1648717681.940089136,3,0.024000
1648717681.959782026,0,0.000000
1648717681.982835221,0,0.000000
1648717682.002635064,1,0.010000
1648717682.022601131,1,0.002000
1648717682.043380806,9,0.103000
1648717682.064362499,0,0.004000
1648717682.085102778,9,0.102000
1648717682.107139120,0,0.000000
1648717682.126403738,4,0.059000
1648717682.147194265,1,0.001000
1648717682.169415243,5,0.058000
1648717682.192461445,0,0.000000
1648717682.214007716,0,0.000000
1648717682.234231518,0,0.000000
1648717682.257025080,1,0.015000
1648717682.278694660,0,0.004000
1648717682.300181885,0,0.000000
1648717682.320309591,10,0.099000
1648717682.341745486,0,0.000000
1648717682.363122853,10,0.103000
1648717682.384316013,0,0.000000
1648717682.403067473,2,0.014000
1648717682.423343191,1,0.014000
1648717682.442805485,0,0.000000
1648717682.464276018,7,0.060000
1648717682.485834203,0,0.000000
1648717682.508694132,0,0.000000
1648717682.528198012,0,0.000000
1648717682.548505533,0,0.007000
1648717682.569022867,1,0.011000
1648717682.588248098,1,0.009000
1648717682.608735381,3,0.059000
1648717682.629958860,0,0.003000
1648717682.649509113,0,0.012000
1648717682.668318036,10,0.114000
1648717682.689468374,0,0.000000
1648717682.711962115,10,0.122000
1648717682.733754659,0,0.000000
1648717682.754736958,9,0.066000
1648717682.777047346,0,0.000000
1648717682.798608542,5,0.045000
1648717682.818705372,0,0.000000
1648717682.840206556,0,0.000000
1648717682.860542553,0,0.000000
1648717682.880586440,0,0.005000
1648717682.901415051,0,0.005000
1648717682.920376303,1,0.020000
1648717682.942635033,1,0.001000
1648717682.963953574,0,0.000000
1648717682.986335654,0,0.000000
1648717683.004883849,4,0.050000
1648717683.025323058,1,0.000000
1648717683.045538596,1,0.014000
1648717683.067641049,4,0.035000
1648717683.087843926,0,0.000000
1648717683.108039518,7,0.088000
1648717683.130073955,0,0.008000
1648717683.150934077,3,0.043000
1648717683.173452516,0,0.000000
1648717683.194731211,0,0.006000
1648717683.215089730,0,0.000000
1648717683.234372505,0,0.000000
1648717683.254586758,4,0.046000
1648717683.274730783,0,0.000000
1648717683.295877517,2,0.021000
1648717683.316322920,0,0.004000
1648717683.336761029,0,0.000000
1648717683.357925374,8,0.063000
1648717683.379232764,0,0.000000
1648717683.400990338,6,0.058000
1648717683.422170053,0,0.000000
1648717683.444829865,8,0.103000
1648717683.467228184,0,0.000000
1648717683.486982817,0,0.004000
1648717683.508485120,3,0.065000
1648717683.529565018,0,0.001000
1648717683.550048045,3,0.036000
1648717683.568064340,0,0.011000
1648717683.590257322,3,0.033000
1648717683.611778761,0,0.003000
1648717683.632150013,0,0.000000
1648717683.652266164,4,0.023000
1648717683.673777491,0,0.019000
1648717683.695408343,1,0.010000
1648717683.715144872,2,0.016000
1648717683.735383489,0,0.000000
1648717683.755766657,6,0.136000
1648717683.777995872,0,0.000000
1648717683.798021058,8,0.082000
1648717683.819697516,0,0.000000
1648717683.839119979,6,0.075000
1648717683.859300464,1,0.017000
1648717683.880541906,0,0.000000
1648717683.901638688,13,0.125000
1648717683.921373164,0,0.000000
1648717683.940554273,3,0.034000
1648717683.961158806,5,0.056000
1648717683.980497524,0,0.000000
1648717684.000875421,5,0.067000
1648717684.022124868,0,0.000000
1648717684.043645986,5,0.056000
1648717684.064402706,1,0.032000
1648717684.085433120,2,0.011000
1648717684.107316209,1,0.000000
1648717684.128902285,0,0.000000
1648717684.150842329,10,0.126000
1648717684.171237600,0,0.007000
1648717684.190288244,10,0.105000
1648717684.212557424,0,0.000000
1648717684.233157643,1,0.010000
1648717684.253284164,0,0.000000
1648717684.274246436,0,0.000000
1648717684.295569451,4,0.044000
1648717684.317370507,0,0.012000
1648717684.337569118,1,0.026000
1648717684.358378831,0,0.000000
1648717684.378729893,0,0.007000
1648717684.399026758,6,0.046000
1648717684.418984271,0,0.001000
1648717684.439890694,8,0.074000
1648717684.459907557,0,0.000000
1648717684.479655196,0,0.001000
1648717684.501326278,1,0.000000
1648717684.524770930,0,0.006000
1648717684.544670192,11,0.110000
1648717684.566997155,0,0.000000
1648717684.589382987,0,0.000000
1648717684.612731884,0,0.004000
1648717684.633024486,11,0.138000
1648717684.654225422,0,0.000000
1648717684.673863948,7,0.059000
1648717684.694819172,0,0.006000
1648717684.716793206,0,0.000000
1648717684.737598307,0,0.005000
1648717684.758576628,1,0.001000
1648717684.781756836,2,0.018000
1648717684.802910558,1,0.000000
1648717684.824830842,0,0.013000
1648717684.847706652,0,0.001000
1648717684.869933847,3,0.044000
1648717684.890991243,0,0.004000
1648717684.913014347,1,0.006000
1648717684.934958364,0,0.000000
1648717684.955119309,2,0.026000
1648717684.977151634,0,0.000000
1648717684.997647848,0,0.000000
1648717685.017604869,4,0.038000
1648717685.038200554,0,0.000000
1648717685.060408700,5,0.065000
1648717685.078927591,0,0.000000
1648717685.099126665,0,0.000000
1648717685.117385206,1,0.012000
1648717685.138973624,0,0.000000
1648717685.159558802,1,0.007000
1648717685.180823579,4,0.057000
1648717685.202395714,0,0.000000
1648717685.222853303,10,0.110000
1648717685.243266110,0,0.000000
1648717685.264958862,1,0.016000
1648717685.284792050,0,0.000000
1648717685.305816619,0,0.000000
1648717685.325886425,5,0.052000
1648717685.346390114,0,0.000000
1648717685.367638002,9,0.072000
1648717685.389226522,0,0.000000
1648717685.410257343,0,0.013000
1648717685.430671956,7,0.102000
1648717685.452284335,0,0.000000
1648717685.473856148,0,0.000000
1648717685.494746095,1,0.000000
1648717685.516958797,4,0.011000
1648717685.537553089,1,0.008000
1648717685.559134744,0,0.000000
1648717685.579347456,6,0.060000
1648717685.601429716,0,0.000000
1648717685.621733718,5,0.036000
1648717685.641169685,0,0.007000
1648717685.662305051,3,0.041000
1648717685.682682589,1,0.012000
1648717685.703360831,0,0.000000
1648717685.723794052,2,0.029000
1648717685.745359690,0,0.000000
1648717685.765490537,2,0.034000
1648717685.786699947,0,0.000000
1648717685.808472124,0,0.001000
1648717685.829586289,5,0.057000
1648717685.850280191,0,0.000000
1648717685.871457613,7,0.082000
1648717685.890842550,0,0.000000
1648717685.912921487,9,0.085000
1648717685.934427452,0,0.000000
1648717685.955422860,2,0.053000
1648717685.977298365,0,0.000000
1648717685.996221102,0,0.000000
1648717686.015331506,5,0.049000
1648717686.036378258,0,0.000000
1648717686.057394302,1,0.000000
1648717686.079584959,0,0.000000
1648717686.101295625,3,0.015000
1648717686.122246353,7,0.065000
1648717686.142761872,0,0.000000
1648717686.164365169,2,0.022000
1648717686.186613742,0,0.004000
1648717686.207188732,1,0.016000
1648717686.227571999,0,0.000000
1648717686.249561137,2,0.038000
1648717686.270226161,0,0.000000
1648717686.289370216,0,0.005000
1648717686.309048936,0,0.000000
1648717686.329288558,0,0.000000
1648717686.351568125,0,0.000000
1648717686.372487322,1,0.002000
1648717686.393118714,0,0.004000
1648717686.413943548,6,0.021000
1648717686.436164680,1,0.008000
1648717686.455326121,4,0.036000
1648717686.477313502,0,0.011000
1648717686.499243284,0,0.009000
1648717686.519301178,0,0.000000
1648717686.539740594,0,0.000000
1648717686.560660049,4,0.059000
1648717686.580757119,0,0.000000
1648717686.601452338,1,0.003000
1648717686.622763865,0,0.000000
1648717686.642738866,0,0.000000
1648717686.662906920,4,0.062000
1648717686.684167019,0,0.000000
1648717686.705676201,5,0.068000
1648717686.727114890,0,0.000000
1648717686.749216931,7,0.077000
1648717686.770903814,0,0.008000
1648717686.791499555,6,0.055000
1648717686.813102278,0,0.000000
1648717686.833682852,0,0.001000
1648717686.855907764,0,0.000000
1648717686.877346444,0,0.000000
1648717686.899091384,4,0.043000
1648717686.920708267,0,0.001000
1648717686.940883770,4,0.040000
1648717686.960761685,0,0.013000
1648717686.981498423,3,0.039000
1648717687.003223829,10,0.118000
1648717687.024478949,2,0.000000
1648717687.046878034,9,0.082000
1648717687.068396260,0,0.000000
1648717687.089908014,10,0.088000
1648717687.111389906,0,0.012000
1648717687.132266650,3,0.034000
1648717687.153093406,0,0.005000
1648717687.174784159,10,0.105000
1648717687.195408710,0,0.000000
1648717687.216203110,4,0.041000
1648717687.236417243,0,0.011000
1648717687.258089086,1,0.016000
1648717687.279365919,1,0.018000
1648717687.301460340,1,0.009000
1648717687.321133444,4,0.061000
1648717687.342132393,1,0.006000
1648717687.361994770,2,0.004000
1648717687.382647380,0,0.000000
1648717687.403212850,0,0.000000
1648717687.424190830,12,0.134000
1648717687.445089166,0,0.000000
1648717687.466694629,7,0.066000
1648717687.488910242,0,0.000000
1648717687.509265624,3,0.069000
1648717687.530772758,0,0.010000
1648717687.551319340,0,0.009000
1648717687.571172545,1,0.011000
1648717687.592929749,0,0.000000
1648717687.613276577,3,0.025000
1648717687.633845031,0,0.000000
1648717687.655770728,0,0.000000
1648717687.676023479,3,0.120000
1648717687.695883422,0,0.000000
1648717687.716822466,10,0.113000
1648717687.738241488,0,0.000000
1648717687.758816096,3,0.049000
1648717687.781106580,0,0.004000
1648717687.802496150,1,0.017000
1648717687.821601387,1,0.000000
1648717687.843158878,3,0.036000
1648717687.864657205,0,0.000000
1648717687.886434244,2,0.024000
1648717687.907799617,0,0.000000
1648717687.928914886,1,0.004000
1648717687.950099927,9,0.095000
1648717687.969039777,1,0.013000
1648717687.989258840,6,0.070000
1648717688.012090418,0,0.007000
1648717688.030454495,0,0.000000
1648717688.053036095,1,0.003000
1648717688.076379703,0,0.000000
1648717688.098503279,0,0.006000
1648717688.121107653,4,0.066000
1648717688.142544358,0,0.000000
1648717688.163403579,0,0.004000
1648717688.183624125,0,0.000000
1648717688.205138342,3,0.023000
1648717688.226430643,2,0.015000
1648717688.246136976,0,0.000000
1648717688.267094749,0,0.000000
1648717688.289333858,2,0.036000
1648717688.309451396,0,0.000000
1648717688.331291927,0,0.005000
1648717688.350243555,0,0.000000
1648717688.369951186,0,0.000000
1648717688.391753959,1,0.021000
1648717688.412134390,0,0.000000
1648717688.432412885,0,0.000000
1648717688.451629133,7,0.054000
1648717688.472651548,0,0.000000
1648717688.494548689,3,0.011000
1648717688.514543703,0,0.000000
1648717688.534493981,0,0.019000
1648717688.555746265,2,0.018000
1648717688.576415608,0,0.003000
1648717688.596931230,8,0.086000
1648717688.616719560,0,0.000000
1648717688.636874130,0,0.000000
1648717688.656710008,1,0.008000
1648717688.678204556,0,0.012000
1648717688.699237064,0,0.002000
1648717688.720969282,1,0.000000
1648717688.742286472,5,0.034000
1648717688.763592818,0,0.008000
1648717688.785254904,4,0.063000
1648717688.805675041,14,0.152000
1648717688.825560534,0,0.000000
1648717688.848207334,6,0.062000
1648717688.869797048,0,0.016000
1648717688.890289200,0,0.000000
1648717688.912129737,2,0.017000
1648717688.931103857,1,0.001000
1648717688.950990778,0,0.001000
1648717688.972725323,1,0.006000
1648717688.994172376,2,0.051000
1648717689.014458719,0,0.000000
1648717689.034915229,0,0.000000
1648717689.053996327,9,0.109000
1648717689.074958451,0,0.000000
1648717689.093521537,0,0.001000
1648717689.113944769,5,0.055000
1648717689.133916486,0,0.000000
1648717689.152309158,0,0.011000
1648717689.173195319,2,0.006000
1648717689.194439099,1,0.000000
1648717689.214921743,6,0.078000
1648717689.234739942,0,0.007000
1648717689.254501956,0,0.000000
1648717689.277166986,1,0.027000
1648717689.295875828,0,0.016000
1648717689.317886680,3,0.034000
1648717689.338933227,0,0.000000
1648717689.358038205,4,0.025000
1648717689.378011618,1,0.018000
1648717689.397045225,0,0.000000
1648717689.417455531,3,0.030000
1648717689.439426305,3,0.048000
1648717689.459330796,0,0.000000
1648717689.481065534,1,0.036000
1648717689.500994247,0,0.000000
1648717689.522235267,0,0.009000
1648717689.542455390,0,0.000000
1648717689.564538935,2,0.003000
1648717689.584522032,3,0.043000
1648717689.607546822,10,0.118000
1648717689.626231853,0,0.000000
1648717689.646075879,0,0.012000
1648717689.665045790,0,0.010000
1648717689.686858717,0,0.000000
1648717689.706661619,5,0.046000
1648717689.728958757,0,0.010000
1648717689.749438780,6,0.140000
1648717689.771793285,0,0.000000
1648717689.793029834,10,0.111000
1648717689.812813913,1,0.014000
1648717689.833629139,0,0.000000
1648717689.855228529,0,0.001000
1648717689.876930835,1,0.018000
1648717689.897000268,0,0.000000
1648717689.917943060,0,0.001000
1648717689.938063388,8,0.091000
1648717689.960158021,0,0.000000
1648717689.981233410,4,0.037000
1648717690.001397746,0,0.000000
1648717690.022719633,0,0.001000
1648717690.044261010,2,0.006000
1648717690.064903180,0,0.003000
1648717690.085356524,3,0.023000
1648717690.104454881,0,0.000000
1648717690.125894124,0,0.013000
1648717690.145663228,0,0.000000
1648717690.166773887,1,0.007000
1648717690.186861444,6,0.035000
1648717690.208324250,0,0.000000
1648717690.228138762,1,0.026000
1648717690.248811695,0,0.009000
1648717690.270123383,0,0.015000
1648717690.291995988,0,0.000000
1648717690.314497124,1,0.016000
1648717690.334287013,11,0.100000
1648717690.355091888,0,0.000000
1648717690.377381094,2,0.020000
1648717690.398251030,0,0.002000
1648717690.419765620,0,0.000000
1648717690.440764576,0,0.000000
1648717690.463184709,0,0.000000
1648717690.485233483,5,0.036000
1648717690.506424805,0,0.000000
1648717690.526920237,1,0.036000
1648717690.546703007,13,0.133000
1648717690.568040144,0,0.009000
1648717690.587215386,2,0.006000
1648717690.608683311,2,0.010000
1648717690.628192215,3,0.048000
1648717690.648235372,0,0.000000
1648717690.670180608,4,0.037000
1648717690.691381812,0,0.000000
1648717690.712120390,5,0.072000
1648717690.731827817,0,0.000000
1648717690.753518398,1,0.020000
1648717690.774761827,0,0.001000
1648717690.795487037,1,0.001000
1648717690.815877120,2,0.163000
1648717690.837524111,0,0.008000
1648717690.858848973,7,0.052000
1648717690.880137956,1,0.007000
1648717690.901347763,2,0.000000
1648717690.924408984,0,0.000000
1648717690.945077725,0,0.004000
1648717690.966543412,2,0.001000
1648717690.987011038,0,0.000000
1648717691.009049202,0,0.029000
1648717691.031078765,3,0.022000
1648717691.052947151,0,0.000000
1648717691.073838132,0,0.000000
1648717691.095650740,4,0.053000
1648717691.118077764,0,0.000000
1648717691.139203613,0,0.022000
1648717691.162112070,2,0.001000
1648717691.182325855,7,0.087000
1648717691.204059157,0,0.004000
1648717691.225664118,8,0.090000
1648717691.247365992,1,0.000000
1648717691.266227224,1,0.000000
1648717691.286933703,0,0.000000
1648717691.309170954,0,0.000000
1648717691.329202614,0,0.003000
1648717691.351040470,0,0.000000
1648717691.371056435,6,0.148000
1648717691.393566589,0,0.000000
1648717691.415800892,0,0.003000
1648717691.436711603,0,0.001000
1648717691.457842386,6,0.079000
1648717691.478217769,0,0.011000
1648717691.499490019,2,0.001000
1648717691.519472816,3,0.035000
1648717691.541614358,0,0.000000
1648717691.563778297,5,0.043000
1648717691.585741532,0,0.004000
1648717691.608369940,2,0.038000
1648717691.628472430,0,0.000000
1648717691.650428416,4,0.049000
1648717691.671680772,0,0.008000
1648717691.692681999,0,0.000000
1648717691.713068662,0,0.000000
1648717691.734291740,0,0.001000
1648717691.753858227,2,0.019000
1648717691.775600352,0,0.000000
1648717691.795107485,0,0.010000
1648717691.817343229,1,0.004000
1648717691.839443603,2,0.018000
1648717691.861664389,5,0.051000
1648717691.881046990,0,0.000000
1648717691.902347290,4,0.062000
1648717691.922916700,0,0.000000
1648717691.944463925,0,0.000000
1648717691.965885641,0,0.000000
1648717691.987097908,2,0.030000
1648717692.008151531,0,0.000000
1648717692.029310570,0,0.000000
1648717692.049138800,4,0.051000
1648717692.070322112,0,0.000000
1648717692.093222451,0,0.000000
1648717692.115030912,0,0.008000
1648717692.136479897,4,0.059000
1648717692.155217269,0,0.000000
1648717692.177137121,1,0.027000
1648717692.197442428,1,0.007000
1648717692.219679917,0,0.000000
1648717692.238299828,6,0.077000
1648717692.259295926,0,0.000000
1648717692.279918485,1,0.023000
1648717692.302474019,4,0.050000
1648717692.323206968,0,0.005000
1648717692.344398267,10,0.108000
1648717692.365160444,0,0.010000
1648717692.385881137,2,0.051000
1648717692.406253472,0,0.000000
1648717692.427278159,0,0.000000
1648717692.450059969,0,0.000000
1648717692.472786375,6,0.070000
1648717692.494220182,0,0.008000
1648717692.517150617,4,0.029000
1648717692.538923752,0,0.000000
1648717692.561099231,4,0.019000
1648717692.581849000,0,0.003000
1648717692.602065682,0,0.000000
1648717692.622027125,0,0.000000
1648717692.642580192,7,0.131000
1648717692.662433116,1,0.001000
1648717692.683398387,8,0.084000
1648717692.704207661,0,0.003000
1648717692.724255638,0,0.024000
1648717692.745331719,4,0.035000
1648717692.765780596,0,0.001000
1648717692.787855216,0,0.011000
1648717692.810202111,0,0.001000
1648717692.831192642,8,0.104000
1648717692.852029483,0,0.008000
1648717692.874792796,8,0.086000
1648717692.896509412,0,0.006000
1648717692.917949795,5,0.053000
1648717692.938096513,0,0.000000
1648717692.958865698,3,0.029000
1648717692.980569019,0,0.000000
1648717693.002946177,0,0.026000
1648717693.024375314,0,0.000000
1648717693.046592231,6,0.040000
1648717693.067668476,0,0.000000
1648717693.089580807,10,0.105000
1648717693.110198590,0,0.001000
1648717693.129570583,1,0.009000
1648717693.150710565,3,0.040000
1648717693.170581785,1,0.004000
1648717693.191776623,2,0.025000
1648717693.211847169,0,0.000000
1648717693.233152183,4,0.035000
1648717693.253243091,0,0.000000
1648717693.274564933,2,0.019000
1648717693.296189804,3,0.038000
1648717693.318282495,0,0.000000
1648717693.338502046,4,0.025000
1648717693.360321146,0,0.000000
1648717693.381328353,4,0.041000
1648717693.402596456,1,0.023000
1648717693.424008950,0,0.000000
1648717693.447242883,1,0.018000
1648717693.467442502,0,0.000000
1648717693.486971281,0,0.000000
1648717693.507387282,0,0.000000
1648717693.528297289,6,0.052000
1648717693.549820628,4,0.058000
1648717693.568913597,0,0.000000
1648717693.589922939,8,0.103000
1648717693.612265234,1,0.000000
1648717693.632297127,2,0.025000
1648717693.654576962,0,0.000000
1648717693.677450487,0,0.000000
1648717693.696903318,7,0.077000
1648717693.718813339,1,0.000000
1648717693.740423464,7,0.047000
1648717693.761544638,1,0.017000
1648717693.781331235,0,0.019000
1648717693.803039749,6,0.161000
1648717693.822767079,0,0.000000
1648717693.844677088,11,0.130000
1648717693.866640769,0,0.000000
1648717693.887394562,2,0.024000
1648717693.907664986,0,0.000000
1648717693.929564365,3,0.017000
1648717693.950036644,6,0.062000
1648717693.970109791,0,0.017000
1648717693.990596748,7,0.050000
1648717694.011223000,0,0.000000
1648717694.034183166,3,0.058000
1648717694.054362886,0,0.000000
1648717694.075511017,0,0.000000
1648717694.096442736,11,0.118000
1648717694.117732473,0,0.000000
1648717694.138104228,5,0.081000
1648717694.159467240,0,0.000000
1648717694.179383035,0,0.007000
1648717694.200244142,3,0.034000
1648717694.219758560,0,0.000000
1648717694.239348737,8,0.092000
1648717694.261104674,0,0.012000
1648717694.280337580,0,0.000000
1648717694.301901690,9,0.085000
1648717694.323474031,0,0.000000
1648717694.343999212,0,0.000000
1648717694.366065059,2,0.025000
1648717694.386487970,0,0.000000
1648717694.406945775,4,0.060000
1648717694.428080253,0,0.000000
1648717694.447766967,2,0.002000
1648717694.469142914,0,0.000000
1648717694.491124901,0,0.000000
1648717694.511976894,0,0.000000
1648717694.533816650,0,0.000000
1648717694.555319989,2,0.020000
1648717694.576927295,0,0.001000
1648717694.598476236,8,0.077000
1648717694.619566012,1,0.001000
1648717694.636418226,0,0.000000
1648717694.656605457,2,0.013000
1648717694.676252790,6,0.093000
1648717694.696324569,0,0.000000
1648717694.717433125,3,0.024000
1648717694.736906472,0,0.003000
1648717694.757536482,1,0.007000
1648717694.776944940,2,0.015000
1648717694.797455085,0,0.011000
1648717694.815870100,5,0.059000
1648717694.837007090,0,0.000000
1648717694.857472310,0,0.000000
1648717694.878250514,7,0.142000
1648717694.899241826,0,0.000000
1648717694.919472742,2,0.039000
1648717694.940941762,0,0.000000
1648717694.963046989,5,0.047000
1648717694.983287727,1,0.011000
1648717695.004319820,1,0.020000
1648717695.025845129,4,0.035000
1648717695.047420614,1,0.000000
1648717695.067821465,2,0.025000
1648717695.090215733,0,0.001000
1648717695.111863440,2,0.011000
1648717695.132047686,1,0.008000
1648717695.152761184,0,0.010000
1648717695.172167418,1,0.009000
1648717695.194802807,1,0.004000
1648717695.214598951,12,0.126000
1648717695.235003177,1,0.015000
1648717695.255344662,0,0.000000
1648717695.274269549,5,0.047000
1648717695.295739243,0,0.003000
1648717695.318011607,5,0.098000
1648717695.338327792,0,0.011000
1648717695.358386396,5,0.050000
1648717695.380085131,1,0.002000
1648717695.403057626,4,0.040000
1648717695.425311092,1,0.004000
1648717695.445358249,0,0.000000
1648717695.466572933,0,0.019000
1648717695.488021779,0,0.003000
1648717695.509270726,1,0.000000
1648717695.530476689,1,0.007000
1648717695.549489952,1,0.004000
1648717695.567553829,8,0.072000
1648717695.588342663,0,0.000000
1648717695.608294123,5,0.059000
1648717695.628414163,0,0.000000
1648717695.648736099,0,0.000000
1648717695.667755820,7,0.059000
1648717695.688053077,0,0.003000
1648717695.711316030,4,0.072000
1648717695.731510011,0,0.006000
1648717695.753325152,3,0.029000
1648717695.773153928,0,0.000000
1648717695.795267571,3,0.033000
1648717695.816497859,0,0.000000
1648717695.838761070,2,0.021000
1648717695.860790009,0,0.000000
1648717695.882683121,1,0.010000
1648717695.903955149,0,0.002000
1648717695.926779858,4,0.047000
1648717695.947956706,0,0.004000
1648717695.967999817,0,0.005000
1648717695.989643802,1,0.000000
1648717696.010413324,0,0.000000
1648717696.032892255,0,0.000000
1648717696.054483964,0,0.001000
1648717696.074449825,9,0.094000
1648717696.095088692,0,0.000000
1648717696.116839438,5,0.028000
1648717696.138626412,0,0.000000
1648717696.160486830,4,0.039000
1648717696.182554312,0,0.000000
1648717696.202234568,1,0.008000
1648717696.223994105,0,0.004000
1648717696.245016830,1,0.033000
1648717696.267031798,0,0.000000
1648717696.288073004,0,0.000000
1648717696.308372688,11,0.110000
1648717696.330088032,0,0.000000
1648717696.351337065,4,0.042000
1648717696.371835071,0,0.000000
1648717696.393829231,7,0.084000
1648717696.413984402,0,0.000000
1648717696.435779804,0,0.000000
1648717696.456603115,3,0.022000
1648717696.477727621,0,0.000000
1648717696.497771384,3,0.039000
1648717696.518238687,0,0.005000
1648717696.540435002,0,0.006000
1648717696.561170630,0,0.000000
1648717696.583406389,0,0.000000
1648717696.603275959,6,0.036000
1648717696.624328862,0,0.000000
1648717696.645398860,1,0.035000
1648717696.666927443,0,0.000000
1648717696.687439945,0,0.004000
1648717696.707219280,0,0.000000
1648717696.729322387,0,0.008000
1648717696.749650453,4,0.070000
1648717696.771080159,0,0.000000
1648717696.791361062,1,0.015000
1648717696.813120450,0,0.000000
1648717696.834053691,1,0.014000
1648717696.854927538,4,0.071000
1648717696.875505284,0,0.000000
1648717696.895273085,1,0.019000
1648717696.915365776,1,0.012000
1648717696.935801184,4,0.023000
1648717696.957326036,2,0.016000
1648717696.978360731,0,0.000000
1648717696.999155364,4,0.034000
1648717697.019691076,0,0.000000
1648717697.040258308,0,0.000000
1648717697.060031514,3,0.019000
1648717697.080679541,0,0.000000
1648717697.102337894,10,0.120000
1648717697.123136451,0,0.000000
1648717697.144537607,0,0.004000
1648717697.164610560,0,0.000000
1648717697.185282687,1,0.018000
1648717697.205357296,9,0.094000
1648717697.225051726,0,0.012000
1648717697.246349710,0,0.019000
1648717697.265975294,0,0.005000
1648717697.285916166,0,0.004000
1648717697.306086792,1,0.009000
1648717697.326972156,0,0.000000
1648717697.348958325,0,0.000000
1648717697.367481369,2,0.008000
1648717697.388598116,0,0.000000
1648717697.407426719,1,0.016000
1648717697.425659052,3,0.050000
1648717697.445477479,0,0.010000
1648717697.464649913,2,0.006000
1648717697.485849181,0,0.018000
1648717697.506543508,1,0.010000
1648717697.526269609,6,0.072000
1648717697.548694601,0,0.000000
1648717697.568537936,9,0.081000
1648717697.590202828,2,0.021000
1648717697.610155808,1,0.008000
1648717697.632356942,0,0.009000
1648717697.654504926,0,0.000000
1648717697.675855050,1,0.008000
1648717697.695994721,4,0.022000
1648717697.716141059,0,0.000000
1648717697.736827141,8,0.084000
1648717697.756502940,0,0.002000
1648717697.778140570,0,0.000000
1648717697.798246361,0,0.000000
1648717697.820757946,0,0.000000
1648717697.840436059,10,0.099000
1648717697.862607113,0,0.004000
1648717697.884246816,3,0.037000
1648717697.905908925,0,0.000000
1648717697.925003119,4,0.035000
1648717697.945158018,1,0.000000
1648717697.965308571,0,0.008000
1648717697.985754278,10,0.118000
1648717698.006643999,0,0.000000
1648717698.026375754,2,0.012000
1648717698.048092321,0,0.000000
1648717698.073014612,3,0.022000
1648717698.092770295,0,0.009000
1648717698.114234724,0,0.004000
1648717698.135246459,11,0.142000
1648717698.154732965,0,0.000000
1648717698.176253278,5,0.024000
1648717698.197885060,0,0.000000
1648717698.219048777,0,0.000000
1648717698.238844855,13,0.119000
1648717698.260229827,0,0.007000
1648717698.280047287,0,0.000000
1648717698.299577642,0,0.004000
1648717698.320214930,2,0.000000
1648717698.340332053,5,0.075000
1648717698.360809888,0,0.000000
1648717698.383463520,6,0.050000
1648717698.403213869,2,0.018000
1648717698.423434251,0,0.000000
1648717698.444165032,4,0.053000
1648717698.465398584,0,0.008000
1648717698.485972087,0,0.005000
1648717698.507025737,1,0.024000
1648717698.527734305,0,0.006000
1648717698.548535078,4,0.068000
1648717698.569878251,0,0.012000
1648717698.589725659,0,0.015000
1648717698.609772197,0,0.000000
1648717698.631337808,0,0.004000
1648717698.652301091,1,0.015000
1648717698.673334088,1,0.000000
1648717698.693959274,3,0.022000
1648717698.714846758,0,0.000000
1648717698.735229011,2,0.025000
1648717698.757302019,0,0.000000
1648717698.779897943,5,0.091000
1648717698.800717235,0,0.000000
1648717698.823457650,5,0.046000
1648717698.844256579,1,0.000000
1648717698.865256842,3,0.044000
1648717698.885985791,0,0.000000
1648717698.906428931,1,0.012000
1648717698.925964849,10,0.118000
1648717698.946939654,0,0.000000
1648717698.968037397,5,0.071000
1648717698.988188635,1,0.007000
1648717699.008126545,0,0.000000
1648717699.027986170,6,0.114000
1648717699.049189844,0,0.004000
1648717699.069923249,2,0.031000
1648717699.092264011,0,0.000000
1648717699.113202655,1,0.001000
1648717699.134489423,1,0.006000
1648717699.156583023,2,0.035000
1648717699.177450050,0,0.000000
1648717699.198256834,0,0.008000
1648717699.218444674,8,0.093000
1648717699.238930450,0,0.000000
1648717699.260092336,7,0.059000
1648717699.281692370,0,0.000000
1648717699.302328848,0,0.022000
1648717699.322051890,4,0.065000
1648717699.342470584,2,0.010000
1648717699.362355488,3,0.026000
1648717699.382845860,1,0.004000
1648717699.404319287,0,0.000000
1648717699.424508510,1,0.000000
1648717699.446233727,0,0.000000
1648717699.467637643,10,0.109000
1648717699.488457729,0,0.000000
1648717699.508648708,3,0.028000
1648717699.528353075,0,0.002000
1648717699.550259374,0,0.000000
1648717699.571705449,3,0.030000
1648717699.591220287,1,0.014000
1648717699.612894891,10,0.118000
1648717699.634295897,0,0.000000
1648717699.656123348,9,0.095000
1648717699.679523939,0,0.000000
1648717699.700388760,5,0.076000
1648717699.719838089,0,0.000000
1648717699.740508939,0,0.000000
1648717699.760995446,4,0.039000
1648717699.780963397,0,0.000000
1648717699.802973419,10,0.074000
1648717699.823033037,1,0.000000
1648717699.843257547,1,0.005000
1648717699.864728794,0,0.000000
1648717699.886474749,0,0.011000
1648717699.906553601,6,0.056000
1648717699.928248355,1,0.034000
1648717699.947053125,0,0.008000
1648717699.968568400,3,0.033000
1648717699.989164167,1,0.000000
1648717700.011194435,7,0.058000
1648717700.033255705,5,0.046000
1648717700.053914654,0,0.000000
1648717700.073109435,9,0.054000
1648717700.095061667,0,0.001000
1648717700.117800073,6,0.042000
1648717700.136774796,0,0.000000
1648717700.156601736,3,0.023000
1648717700.177536469,2,0.001000
1648717700.198677609,0,0.000000
1648717700.219202362,8,0.082000
1648717700.238980409,0,0.000000
1648717700.258817117,0,0.000000
1648717700.280251074,0,0.000000
1648717700.301558624,0,0.001000
1648717700.321012068,5,0.056000
1648717700.341767669,0,0.002000
1648717700.361305949,0,0.000000
1648717700.383761162,0,0.000000
1648717700.404944685,1,0.000000
1648717700.426336573,5,0.064000
1648717700.445930587,0,0.004000
1648717700.467101950,11,0.151000
1648717700.487471989,1,0.000000
1648717700.506205788,0,0.000000
1648717700.526871616,1,0.023000
1648717700.548001736,0,0.000000
1648717700.567584609,6,0.083000
1648717700.589340839,0,0.000000
1648717700.609905750,0,0.000000
1648717700.630724180,0,0.006000
1648717700.652066886,1,0.013000
1648717700.673536286,13,0.136000
1648717700.693294561,0,0.000000
1648717700.715832957,10,0.105000
1648717700.736561791,0,0.004000
1648717700.757877006,11,0.119000
1648717700.780059533,0,0.000000
1648717700.801691783,12,0.127000
1648717700.823203755,0,0.000000
1648717700.844490260,2,0.022000
1648717700.865283505,0,0.000000
1648717700.885797594,1,0.000000
1648717700.907274938,2,0.018000
1648717700.929472092,0,0.000000
1648717700.952165820,0,0.016000
1648717700.974986489,4,0.059000
1648717700.996937740,0,0.000000
1648717701.018645229,8,0.091000
1648717701.040531264,5,0.028000
1648717701.059474596,0,0.009000
1648717701.080712754,6,0.120000
1648717701.103601261,0,0.000000
1648717701.125834300,6,0.059000
1648717701.148150648,0,0.000000
1648717701.169938189,0,0.045000
1648717701.190665869,1,0.022000
1648717701.211581757,7,0.104000
1648717701.232276175,0,0.013000
1648717701.253915571,7,0.084000
1648717701.275788403,0,0.000000
1648717701.297737489,3,0.024000
1648717701.318794055,0,0.000000
1648717701.340738928,3,0.022000
1648717701.360486273,0,0.001000
1648717701.381771391,0,0.000000
1648717701.403288451,0,0.000000
1648717701.425406563,0,0.001000
1648717701.446449548,0,0.000000
1648717701.466509468,0,0.000000
1648717701.488567246,7,0.094000
1648717701.509826411,0,0.000000
1648717701.531108413,4,0.041000
1648717701.551455468,0,0.000000
1648717701.571261754,0,0.011000
1648717701.592285197,0,0.004000
1648717701.612639323,2,0.001000
1648717701.632356330,6,0.055000
1648717701.652430883,1,0.016000
1648717701.673705991,0,0.000000
1648717701.694402397,5,0.081000
1648717701.716282059,1,0.001000
1648717701.735150082,0,0.000000
1648717701.753649021,1,0.045000
1648717701.774867354,0,0.007000
1648717701.796051144,1,0.001000
1648717701.817090942,0,0.003000
1648717701.838497420,0,0.000000
1648717701.861137929,6,0.056000
1648717701.882292542,0,0.001000
1648717701.904182365,7,0.084000
1648717701.925360286,0,0.005000
1648717701.946862505,3,0.021000
1648717701.969277838,0,0.000000
1648717701.991833623,1,0.013000
1648717702.011143186,1,0.021000
1648717702.032564821,0,0.000000
1648717702.053117223,0,0.000000
1648717702.074765278,0,0.000000
1648717702.095643146,10,0.124000
1648717702.117841901,1,0.030000
1648717702.138036557,7,0.087000
1648717702.157887624,0,0.000000
1648717702.179955544,0,0.000000
1648717702.201245293,0,0.005000
1648717702.222014748,1,0.011000
1648717702.241686525,13,0.140000
1648717702.261945836,2,0.001000
1648717702.283228769,7,0.082000
1648717702.305087647,0,0.000000
1648717702.327203450,12,0.163000
1648717702.348999274,0,0.000000
1648717702.369977298,3,0.048000
1648717702.391125266,0,0.016000
1648717702.412180513,3,0.008000
1648717702.433142164,0,0.000000
1648717702.453038164,0,0.007000
1648717702.473062726,1,0.018000
1648717702.493868651,0,0.016000
1648717702.512480549,3,0.064000
1648717702.535249944,0,0.000000
1648717702.556171482,6,0.076000
1648717702.577465648,0,0.000000
1648717702.596814783,0,0.001000
1648717702.616949469,6,0.072000
1648717702.636081880,0,0.001000
1648717702.657120934,1,0.000000
1648717702.676388390,0,0.000000
1648717702.697273774,0,0.005000
1648717702.717830527,10,0.114000
1648717702.738325854,0,0.000000
1648717702.758859825,3,0.024000
1648717702.781006991,1,0.001000
1648717702.802756709,7,0.071000
1648717702.825140485,0,0.002000
1648717702.845276173,2,0.000000
1648717702.865572142,0,0.000000
1648717702.886659352,0,0.004000
1648717702.908368700,5,0.032000
1648717702.927463178,0,0.005000
1648717702.948952866,2,0.000000
1648717702.970117780,0,0.000000
1648717702.989134978,0,0.013000
1648717703.009760864,10,0.117000
1648717703.030952505,1,0.001000
1648717703.049114601,0,0.010000
1648717703.070196170,1,0.023000
1648717703.091209976,0,0.001000
1648717703.113922128,4,0.063000
1648717703.135196793,0,0.000000
1648717703.155623694,0,0.000000
1648717703.176958056,13,0.129000
1648717703.197395152,0,0.000000
1648717703.218309940,0,0.000000
1648717703.239340843,3,0.031000
1648717703.260157939,1,0.000000
1648717703.280975246,10,0.096000
1648717703.301125219,0,0.000000
1648717703.321393648,4,0.069000
1648717703.341498703,0,0.000000
1648717703.364468257,4,0.028000
1648717703.385640430,0,0.000000
1648717703.407158154,0,0.000000
1648717703.426643998,5,0.066000
1648717703.446420872,0,0.017000
1648717703.467434694,6,0.057000
1648717703.487810731,0,0.000000
1648717703.508364731,4,0.014000
1648717703.529787913,0,0.000000
1648717703.552287347,3,0.059000
1648717703.572294699,0,0.000000
1648717703.591944506,0,0.000000
1648717703.608946103,0,0.000000
1648717703.628247004,7,0.168000
1648717703.649110944,1,0.001000
1648717703.671174303,15,0.120000
1648717703.692793360,0,0.018000
1648717703.713013137,4,0.034000
1648717703.733883329,0,0.004000
1648717703.756328548,4,0.055000
1648717703.777102369,0,0.005000
1648717703.799587903,1,0.000000
1648717703.820434149,1,0.006000
1648717703.840120184,2,0.001000
1648717703.860612123,0,0.003000
1648717703.882158007,0,0.000000
1648717703.901988505,10,0.116000
1648717703.922706159,0,0.000000
1648717703.943596995,5,0.040000
1648717703.965112045,0,0.000000
1648717703.986073325,0,0.000000
1648717704.006331535,0,0.000000
1648717704.027439084,0,0.000000
1648717704.047558739,0,0.014000
1648717704.068510685,0,0.000000
1648717704.089427474,2,0.023000
1648717704.110173712,0,0.000000
1648717704.131376746,0,0.012000
1648717704.152141320,4,0.028000
1648717704.171391174,1,0.014000
1648717704.192473973,0,0.000000
1648717704.212301271,10,0.086000
1648717704.232914019,0,0.001000
1648717704.253414198,2,0.036000
1648717704.274182398,0,0.000000
1648717704.294944435,2,0.024000
1648717704.316242941,0,0.000000
1648717704.335622563,0,0.002000
1648717704.357261174,0,0.006000
1648717704.379034577,0,0.000000
1648717704.398541807,9,0.089000
1648717704.419193564,0,0.000000
1648717704.439379123,2,0.033000
1648717704.458582364,2,0.017000
1648717704.479127634,0,0.000000
1648717704.499110611,7,0.069000
1648717704.521492025,0,0.002000
1648717704.542926983,0,0.000000
1648717704.561169237,0,0.000000
1648717704.582430949,0,0.020000
1648717704.601586794,0,0.008000
1648717704.620993409,0,0.000000
1648717704.641148569,0,0.000000
1648717704.661031946,11,0.126000
1648717704.681883046,0,0.005000
1648717704.702646268,8,0.085000
1648717704.723087040,0,0.000000
1648717704.744192638,0,0.011000
1648717704.763619265,9,0.101000
1648717704.784339614,0,0.000000
1648717704.805059303,0,0.009000
1648717704.824031417,3,0.042000
1648717704.845153363,0,0.000000
1648717704.867685691,9,0.102000
1648717704.890140576,3,0.000000
1648717704.910949852,3,0.005000
1648717704.931931847,0,0.000000
1648717704.952136485,0,0.009000
1648717704.971384857,10,0.110000
1648717704.993391580,0,0.022000
1648717705.014069331,7,0.099000
1648717705.034561246,0,0.000000
1648717705.054742444,4,0.036000
1648717705.075818051,4,0.038000
1648717705.096087872,0,0.010000
1648717705.116908949,8,0.077000
1648717705.138014212,0,0.000000
1648717705.160238606,3,0.032000
1648717705.181139076,0,0.007000
1648717705.202150739,0,0.000000
1648717705.220609251,1,0.009000
1648717705.240742684,0,0.000000
1648717705.261903659,5,0.045000
1648717705.281972055,0,0.009000
1648717705.301503691,0,0.001000
1648717705.322219367,10,0.091000
1648717705.343755248,0,0.000000
1648717705.363047892,1,0.004000
1648717705.385074876,0,0.005000
1648717705.405132377,0,0.015000
1648717705.424953028,3,0.013000
1648717705.445852891,1,0.007000
1648717705.466847330,1,0.000000
1648717705.486106244,0,0.000000
1648717705.507324953,1,0.011000
1648717705.527399476,7,0.082000
1648717705.549205083,1,0.011000
1648717705.570685522,1,0.000000
1648717705.591155436,0,0.000000
1648717705.613354949,0,0.000000
1648717705.635484511,0,0.005000
1648717705.656994989,0,0.000000
1648717705.676434777,10,0.112000
1648717705.697349822,2,0.023000
1648717705.718657261,3,0.062000
1648717705.738974432,1,0.002000
1648717705.762477349,10,0.114000
1648717705.783604696,1,0.008000
1648717705.803792058,2,0.004000
1648717705.824589123,2,0.018000
1648717705.846051138,1,0.000000
1648717705.867443479,1,0.004000
1648717705.888048298,0,0.000000
1648717705.907873471,3,0.037000
1648717705.929240738,0,0.000000
1648717705.950895801,2,0.025000
1648717705.970444578,0,0.000000
1648717705.991836922,1,0.000000
1648717706.011509816,3,0.030000
1648717706.033710942,0,0.000000
1648717706.054161585,0,0.000000
1648717706.075399074,0,0.000000
1648717706.095658300,7,0.073000
1648717706.117946424,2,0.024000
1648717706.139375607,5,0.065000
1648717706.159229764,0,0.000000
1648717706.181163444,6,0.060000
1648717706.201349197,0,0.004000
1648717706.222350430,7,0.100000
1648717706.244095525,0,0.001000
1648717706.265858169,0,0.005000
1648717706.286510733,0,0.000000
1648717706.307408856,0,0.000000
1648717706.327091470,3,0.056000
1648717706.349187542,0,0.000000
1648717706.368049947,0,0.011000
1648717706.388073812,5,0.059000
1648717706.409235509,0,0.000000
1648717706.430097314,3,0.023000
1648717706.450134599,0,0.000000
1648717706.470497820,0,0.000000
1648717706.490171960,2,0.024000
1648717706.511751250,0,0.000000
1648717706.532051703,2,0.026000
1648717706.550425495,0,0.000000
1648717706.572015035,2,0.007000
1648717706.593165508,0,0.000000
1648717706.613412225,0,0.000000
1648717706.633075222,9,0.103000
1648717706.654429611,0,0.000000
1648717706.675710506,2,0.015000
1648717706.695043940,0,0.000000
1648717706.716255120,0,0.000000
1648717706.736211545,5,0.055000
1648717706.757315774,0,0.000000
1648717706.776048642,0,0.007000
1648717706.797491132,0,0.000000
1648717706.818148544,0,0.006000
1648717706.840050103,3,0.048000
1648717706.861016725,0,0.000000
1648717706.881229504,12,0.118000
1648717706.903133710,0,0.000000
1648717706.924505636,1,0.021000
1648717706.945564556,2,0.005000
1648717706.965903914,1,0.008000
1648717706.986594376,9,0.098000
1648717707.007251347,0,0.000000
1648717707.027921561,5,0.055000
1648717707.048412175,1,0.007000
1648717707.069169010,3,0.067000
1648717707.091510685,0,0.012000
1648717707.110548563,0,0.000000
1648717707.130444420,2,0.013000
1648717707.150135122,0,0.007000
1648717707.169972923,2,0.007000
1648717707.190259874,3,0.034000
1648717707.211749866,0,0.005000
1648717707.230720105,3,0.024000
1648717707.252887634,0,0.000000
1648717707.273083935,0,0.001000
1648717707.293519286,0,0.000000
1648717707.315919124,2,0.019000
1648717707.336300193,0,0.000000
1648717707.358000576,1,0.015000
1648717707.380043880,0,0.002000
1648717707.402059482,0,0.000000
1648717707.423683090,0,0.014000
1648717707.445751618,0,0.022000
1648717707.465926086,0,0.000000
1648717707.489687771,3,0.053000
1648717707.513014873,2,0.002000
1648717707.533304882,0,0.000000
1648717707.553914915,0,0.000000
1648717707.575447289,0,0.000000
1648717707.596497133,4,0.034000
1648717707.616931109,2,0.008000
1648717707.637948328,1,0.000000
1648717707.657155934,0,0.000000
1648717707.678215856,0,0.000000
1648717707.699687136,1,0.034000
1648717707.719888793,0,0.000000
1648717707.741211524,1,0.011000
1648717707.762942900,0,0.015000
1648717707.784490239,6,0.072000
1648717707.805026058,0,0.000000
1648717707.827102597,15,0.124000
1648717707.848507653,0,0.000000
1648717707.868342601,1,0.009000
1648717707.889741771,0,0.000000
1648717707.912209349,0,0.014000
1648717707.932687155,0,0.000000
1648717707.954829568,2,0.034000
1648717707.976811966,0,0.000000
1648717707.997198081,0,0.000000
1648717708.017914823,3,0.025000
1648717708.040078461,0,0.000000
1648717708.061364207,5,0.032000
1648717708.082953829,0,0.001000
1648717708.103295718,8,0.077000
1648717708.124051191,0,0.000000
1648717708.145271453,0,0.016000
1648717708.164837000,3,0.040000
1648717708.184271190,1,0.009000
1648717708.205948253,10,0.093000
1648717708.228119397,0,0.001000
1648717708.248579561,0,0.004000
1648717708.268163134,0,0.000000
1648717708.288382455,0,0.016000
1648717708.309740267,2,0.109000
1648717708.331322236,0,0.005000
1648717708.353454593,0,0.000000
1648717708.374223236,1,0.036000
1648717708.393919096,1,0.011000
1648717708.415844997,7,0.076000
1648717708.435645765,1,0.000000
1648717708.457309001,5,0.050000
1648717708.478066051,1,0.001000
1648717708.499270070,0,0.000000
1648717708.521071746,0,0.006000
1648717708.541153099,0,0.000000
1648717708.562081665,1,0.014000
1648717708.582980935,1,0.001000
1648717708.602256689,5,0.062000
1648717708.623972728,0,0.000000
1648717708.644767653,4,0.041000
1648717708.667104157,0,0.000000
1648717708.687645759,2,0.010000
1648717708.710044071,2,0.014000
1648717708.732431643,0,0.000000
1648717708.753799295,2,0.009000
1648717708.772907327,6,0.072000
1648717708.793131702,0,0.001000
1648717708.815165654,1,0.020000
1648717708.836701249,0,0.000000
1648717708.858249855,5,0.049000
1648717708.878488218,0,0.000000
1648717708.900044335,0,0.008000
1648717708.921135821,0,0.000000
1648717708.941355474,0,0.030000
1648717708.962442968,5,0.078000
1648717708.983024765,0,0.000000
1648717709.004677300,5,0.070000
1648717709.026985560,0,0.000000
1648717709.047943429,2,0.030000
1648717709.068282426,0,0.000000
1648717709.087713030,1,0.005000
1648717709.109744457,3,0.045000
1648717709.131706243,1,0.000000
1648717709.152800161,7,0.088000
1648717709.173438363,0,0.003000
1648717709.196004265,9,0.098000
1648717709.216388602,0,0.000000
1648717709.238433284,8,0.070000
1648717709.260190884,0,0.000000
1648717709.280228710,0,0.009000
1648717709.301010065,11,0.138000
1648717709.321895641,0,0.004000
1648717709.343785110,3,0.024000
1648717709.363640915,0,0.000000
1648717709.385106716,1,0.006000
1648717709.406913109,7,0.081000
1648717709.426259910,0,0.000000
1648717709.446094487,4,0.035000
1648717709.468395130,0,0.010000
1648717709.489860383,2,0.015000
1648717709.509045794,0,0.000000
1648717709.528479453,0,0.000000
1648717709.548242339,7,0.081000
1648717709.570411069,0,0.000000
1648717709.592274268,0,0.000000
1648717709.614845492,1,0.000000
1648717709.635430728,0,0.000000
1648717709.657758499,0,0.000000
1648717709.678408542,4,0.053000
1648717709.701170096,0,0.022000
1648717709.721996048,4,0.049000
1648717709.743055730,1,0.005000
1648717709.763356399,10,0.096000
1648717709.784214197,0,0.000000
1648717709.805142600,3,0.032000
1648717709.827915016,0,0.000000
1648717709.849381895,1,0.000000
1648717709.869793293,2,0.010000
1648717709.890364522,2,0.011000
1648717709.910654032,7,0.109000
1648717709.930893669,0,0.000000
1648717709.951985471,1,0.011000
1648717709.972817415,2,0.014000
1648717709.992610725,0,0.000000
1648717710.012915567,12,0.138000
1648717710.034972370,0,0.000000
1648717710.055064363,2,0.041000
1648717710.075778998,0,0.000000
1648717710.095795068,1,0.017000
1648717710.117463916,3,0.033000
1648717710.137613122,0,0.000000
1648717710.158102432,9,0.067000
1648717710.179457508,0,0.001000
1648717710.200649358,0,0.000000
1648717710.220317420,0,0.000000
1648717710.241617317,0,0.000000
1648717710.263408549,0,0.000000
1648717710.283599252,0,0.000000
1648717710.304596379,0,0.011000
1648717710.324956597,0,0.000000
1648717710.345998097,0,0.000000
1648717710.364303125,3,0.050000
1648717710.385286689,0,0.001000
1648717710.403845129,0,0.000000
1648717710.423335203,6,0.083000
1648717710.443128786,0,0.000000
1648717710.463659021,6,0.056000
1648717710.484553364,1,0.022000
1648717710.504059338,0,0.000000
1648717710.525100774,3,0.059000
1648717710.546092670,0,0.000000
1648717710.568129308,4,0.049000
1648717710.589893349,0,0.000000
1648717710.610712043,0,0.000000
1648717710.632761913,0,0.000000
1648717710.654025513,0,0.000000
1648717710.674807033,12,0.105000
1648717710.695472606,0,0.000000
1648717710.716624518,2,0.022000
1648717710.736938630,0,0.000000
1648717710.756576504,0,0.001000
1648717710.777972882,5,0.083000
1648717710.798661916,0,0.017000
1648717710.818304281,5,0.052000
1648717710.839435618,5,0.068000
1648717710.859678942,0,0.007000
1648717710.881175474,10,0.084000
1648717710.901844657,1,0.013000
1648717710.922832510,4,0.034000
1648717710.944563388,0,0.004000
1648717710.967332559,4,0.057000
1648717710.987705990,1,0.000000
1648717711.007580486,0,0.000000
1648717711.027509048,3,0.041000
1648717711.049157583,1,0.001000
1648717711.069760651,2,0.017000
1648717711.088965865,0,0.000000
1648717711.110859497,1,0.023000
1648717711.132605742,0,0.001000
1648717711.153945605,1,0.010000
1648717711.174939205,2,0.027000
1648717711.195910819,0,0.000000
1648717711.218023643,0,0.013000
1648717711.237730918,13,0.140000
1648717711.258170290,0,0.008000
1648717711.278689016,3,0.028000
1648717711.298532099,0,0.001000
1648717711.319805017,0,0.000000
1648717711.339710635,3,0.015000
1648717711.359425246,0,0.000000
1648717711.380942943,0,0.000000
1648717711.400456943,2,0.047000
1648717711.420859143,0,0.000000
1648717711.444617450,0,0.000000
1648717711.464958218,0,0.000000
1648717711.486722094,0,0.001000
1648717711.504394690,7,0.084000
1648717711.522956312,0,0.000000
1648717711.543288165,1,0.003000
1648717711.564000815,11,0.140000
1648717711.584634855,1,0.029000
1648717711.605984501,8,0.076000
1648717711.626712650,1,0.002000
1648717711.649222123,5,0.031000
1648717711.671204731,0,0.004000
1648717711.692122223,3,0.008000
1648717711.712414994,4,0.060000
1648717711.732255256,0,0.000000
1648717711.753662412,0,0.019000
1648717711.774475628,0,0.000000
1648717711.795425468,1,0.008000
1648717711.815014914,0,0.015000
1648717711.835245517,0,0.000000
1648717711.857269802,2,0.016000
1648717711.878190765,0,0.000000
1648717711.897182418,1,0.031000
1648717711.917137557,1,0.004000
1648717711.938434679,0,0.000000
1648717711.957775646,4,0.167000
1648717711.979472095,0,0.000000
1648717711.998743842,4,0.054000
1648717712.019900624,0,0.000000
1648717712.041397727,1,0.020000
1648717712.063912965,0,0.013000
1648717712.084919153,0,0.001000
1648717712.105493471,11,0.119000
1648717712.125807478,0,0.000000
1648717712.148309187,0,0.000000
1648717712.168376485,0,0.003000
1648717712.189299837,0,0.000000
1648717712.211008008,1,0.000000
1648717712.231822880,2,0.030000
1648717712.252248231,0,0.003000
1648717712.273729389,1,0.000000
1648717712.294071101,0,0.000000
1648717712.315148858,0,0.000000
1648717712.334617701,1,0.007000
1648717712.355487822,0,0.000000
1648717712.376285935,0,0.000000
1648717712.396153400,9,0.101000
1648717712.416526948,0,0.000000
1648717712.437617586,12,0.119000
1648717712.460091158,0,0.000000
1648717712.480941657,0,0.000000
1648717712.501601843,0,0.000000
1648717712.523443471,2,0.012000
1648717712.543288752,1,0.005000
1648717712.562697140,0,0.000000
1648717712.583339827,11,0.126000
1648717712.605589364,0,0.000000
1648717712.627095182,1,0.019000
1648717712.647066295,2,0.024000
1648717712.667872612,2,0.016000
1648717712.688670631,4,0.046000
1648717712.710254422,0,0.016000
1648717712.731451429,4,0.020000
1648717712.752599959,0,0.006000
1648717712.775553973,0,0.004000
1648717712.794185094,4,0.121000
1648717712.815036464,0,0.008000
1648717712.836533313,1,0.034000
1648717712.856148497,2,0.001000
1648717712.877980401,2,0.005000
1648717712.897030456,0,0.000000
1648717712.917615167,0,0.000000
1648717712.939012237,2,0.010000
1648717712.959977655,1,0.011000
1648717712.982146065,9,0.115000
1648717713.001867900,0,0.000000
1648717713.023298511,0,0.005000
1648717713.042609209,0,0.001000
1648717713.062454072,0,0.000000
1648717713.083323772,6,0.073000
1648717713.104731434,0,0.004000
1648717713.123445937,0,0.000000
1648717713.144000143,11,0.108000
1648717713.163215883,0,0.001000
1648717713.183848623,2,0.011000
1648717713.202084962,7,0.148000
1648717713.222893327,0,0.000000
1648717713.243233700,3,0.019000
1648717713.264421673,0,0.000000
1648717713.286149727,7,0.073000
1648717713.307000932,0,0.000000
1648717713.328258852,3,0.070000
1648717713.349991754,0,0.004000
1648717713.371720636,0,0.000000
1648717713.392027476,9,0.103000
1648717713.412136918,0,0.000000
1648717713.434058159,7,0.086000
1648717713.456296368,0,0.001000
1648717713.475995701,4,0.054000
1648717713.496363993,0,0.000000
1648717713.515391199,1,0.010000
1648717713.536343445,1,0.000000
1648717713.558033327,2,0.006000
1648717713.579291203,0,0.001000
1648717713.596757301,0,0.006000
1648717713.616971496,1,0.022000
1648717713.637888550,2,0.016000
1648717713.659074248,0,0.004000
1648717713.679077272,5,0.075000
1648717713.699207878,1,0.030000
1648717713.717308242,0,0.000000
1648717713.737788217,3,0.038000
1648717713.758096501,1,0.001000
1648717713.778567628,0,0.000000
1648717713.799825074,2,0.018000
1648717713.821643354,1,0.001000
1648717713.842628682,7,0.054000
1648717713.864014970,0,0.000000
1648717713.884744163,2,0.029000
1648717713.905795724,0,0.000000
1648717713.927918432,3,0.064000
1648717713.948394303,0,0.011000
1648717713.970177481,0,0.000000
1648717713.992588408,0,0.020000
1648717714.014765909,1,0.022000
1648717714.036444887,0,0.000000
1648717714.058528621,2,0.035000
1648717714.079001284,7,0.088000
1648717714.098631194,0,0.000000
1648717714.120405863,8,0.117000
1648717714.141688781,0,0.001000
1648717714.163052781,2,0.034000
1648717714.182700622,0,0.000000
1648717714.203731637,3,0.010000
1648717714.224622829,0,0.000000
1648717714.245943298,1,0.041000
1648717714.265550279,8,0.085000
1648717714.286809292,0,0.001000
1648717714.306425491,2,0.022000
1648717714.328215937,3,0.000000
1648717714.347853033,0,0.000000
1648717714.367489007,2,0.033000
1648717714.387611368,0,0.000000
1648717714.408438437,1,0.021000
1648717714.428992622,5,0.041000
1648717714.447785642,0,0.000000
1648717714.467278676,0,0.000000
1648717714.489404163,3,0.038000
1648717714.507375559,0,0.000000
1648717714.528972273,0,0.020000
1648717714.550188000,0,0.000000
1648717714.570421999,0,0.017000
1648717714.588713411,1,0.033000
1648717714.610315040,0,0.000000
1648717714.628308323,0,0.027000
1648717714.650276553,5,0.043000
1648717714.671211946,0,0.007000
1648717714.692443643,10,0.103000
1648717714.713444533,1,0.001000
1648717714.734582656,0,0.000000
1648717714.753743750,0,0.000000
1648717714.775645554,0,0.000000
1648717714.797245917,6,0.067000
1648717714.816811780,0,0.000000
1648717714.835248716,1,0.009000
1648717714.855474290,10,0.158000
1648717714.876249600,0,0.000000
1648717714.896419604,2,0.003000
1648717714.918039310,0,0.000000
1648717714.937878765,0,0.000000
1648717714.960005865,8,0.131000
1648717714.979992343,0,0.000000
1648717715.001124609,0,0.005000
1648717715.020905870,0,0.000000
1648717715.041276596,0,0.007000
1648717715.062998975,0,0.000000
1648717715.082081936,0,0.000000
1648717715.102151130,2,0.009000
1648717715.123337606,1,0.005000
1648717715.144053489,0,0.038000
1648717715.165017560,12,0.143000
1648717715.183671119,0,0.000000
1648717715.204091950,3,0.043000
1648717715.224136816,0,0.014000
1648717715.246108530,0,0.000000
1648717715.266569365,10,0.143000
1648717715.286791288,0,0.007000
1648717715.307171872,3,0.040000
1648717715.327919569,1,0.006000
1648717715.349814219,0,0.016000
1648717715.370033317,0,0.000000
1648717715.390990107,1,0.000000
1648717715.410251140,5,0.076000
1648717715.430176809,0,0.000000
1648717715.448716659,1,0.009000
1648717715.469272002,1,0.004000
1648717715.489064718,1,0.021000
1648717715.510955608,7,0.078000
1648717715.529863560,0,0.000000
1648717715.550038136,3,0.041000
1648717715.570945040,0,0.000000
1648717715.590041328,0,0.000000
1648717715.610476558,1,0.005000
1648717715.631203193,0,0.000000
1648717715.650852350,0,0.004000
1648717715.670043909,2,0.011000
1648717715.690685226,0,0.000000
1648717715.710724946,0,0.000000
1648717715.729791805,3,0.041000
1648717715.749605268,0,0.000000
1648717715.770022197,0,0.000000
1648717715.789914631,7,0.069000
1648717715.808518420,1,0.004000
1648717715.827146808,0,0.008000
1648717715.849048921,10,0.139000
1648717715.868204518,0,0.000000
1648717715.888229465,0,0.005000
1648717715.908804949,8,0.064000
1648717715.929225844,0,0.001000
1648717715.949336034,2,0.026000
1648717715.970464894,1,0.011000
1648717715.987833978,0,0.000000
1648717716.009396022,4,0.060000
1648717716.029160525,0,0.000000
1648717716.048665681,0,0.000000
1648717716.070381903,8,0.092000
1648717716.090444544,1,0.000000
1648717716.110447674,2,0.027000
1648717716.131196181,1,0.030000
1648717716.150032819,0,0.000000
1648717716.172218989,2,0.059000
1648717716.193264200,0,0.001000
1648717716.214962839,2,0.031000
1648717716.235132897,1,0.007000
1648717716.257140343,3,0.035000
1648717716.276366128,0,0.011000
1648717716.298107293,1,0.010000
1648717716.320211519,0,0.000000
1648717716.342167159,2,0.044000
1648717716.362043911,4,0.040000
1648717716.381787947,0,0.008000
1648717716.401001333,7,0.100000
1648717716.421688688,1,0.001000
1648717716.443055219,4,0.021000
1648717716.464119426,0,0.000000
1648717716.484030553,0,0.000000
1648717716.502629383,6,0.070000
1648717716.522943335,0,0.001000
1648717716.544202731,0,0.004000
1648717716.563403723,0,0.001000
1648717716.584117557,0,0.005000
1648717716.605065511,5,0.060000
1648717716.625061316,1,0.002000
1648717716.645137363,0,0.000000
1648717716.663563675,7,0.082000
1648717716.683906762,1,0.008000
1648717716.704956579,1,0.007000
1648717716.723534540,2,0.051000
1648717716.742992726,0,0.000000
1648717716.766561771,4,0.047000
1648717716.786770551,6,0.067000
1648717716.804854390,0,0.000000
1648717716.824939301,1,0.012000
1648717716.846195261,1,0.000000
1648717716.867556879,2,0.025000
1648717716.889030179,0,0.000000
1648717716.909007833,0,0.000000
1648717716.927569495,1,0.015000
1648717716.947429237,10,0.139000
1648717716.967620022,1,0.028000
1648717716.989008598,4,0.053000
1648717717.009342891,4,0.027000
1648717717.027582303,0,0.000000
1648717717.046224909,2,0.047000
1648717717.067026202,0,0.000000
1648717717.087756620,1,0.000000
1648717717.109052707,1,0.011000
1648717717.131464156,0,0.000000
1648717717.149695458,2,0.019000
1648717717.168498297,0,0.000000
1648717717.189045132,0,0.000000
1648717717.210059355,0,0.000000
1648717717.229082819,0,0.000000
1648717717.249409272,2,0.011000
1648717717.269648495,12,0.115000
1648717717.289737091,0,0.000000
1648717717.308580163,2,0.008000
1648717717.328889184,1,0.000000
1648717717.351196701,0,0.000000
1648717717.371195833,3,0.033000
1648717717.392638972,0,0.000000
1648717717.414469434,4,0.056000
1648717717.436190376,0,0.000000
1648717717.455802265,2,0.020000
1648717717.477675154,2,0.038000
1648717717.495344659,0,0.000000
1648717717.514871280,0,0.019000
1648717717.533229981,8,0.080000
1648717717.552475337,1,0.004000
1648717717.573257532,0,0.012000
1648717717.594313072,0,0.020000
1648717717.616623601,0,0.000000
1648717717.635433719,8,0.095000
1648717717.655432407,0,0.000000
1648717717.677098076,0,0.000000
1648717717.697489161,2,0.036000
1648717717.717162147,0,0.000000
1648717717.739564593,5,0.069000
1648717717.760038830,0,0.000000
1648717717.780113185,0,0.008000
1648717717.798994756,8,0.084000
1648717717.818834907,0,0.000000
1648717717.839441058,0,0.000000
1648717717.859874726,0,0.015000
1648717717.880819112,0,0.000000
1648717717.900966335,11,0.119000
1648717717.922023872,0,0.001000
1648717717.943047531,1,0.000000
1648717717.962177773,2,0.014000
1648717717.981466294,0,0.000000
1648717718.002073278,3,0.045000
1648717718.021476345,0,0.000000
1648717718.041618735,0,0.000000
1648717718.061282885,4,0.038000
1648717718.081901615,0,0.000000
1648717718.101078404,0,0.000000
1648717718.121003305,0,0.006000
1648717718.143360530,0,0.000000
1648717718.165403183,3,0.055000
1648717718.185739388,0,0.000000
1648717718.206766689,5,0.062000
1648717718.226280157,0,0.000000
1648717718.247221795,0,0.023000
1648717718.266969754,0,0.000000
1648717718.287344370,1,0.016000
1648717718.308108512,1,0.000000
1648717718.328954392,12,0.155000
1648717718.346858011,0,0.001000
1648717718.367986505,0,0.009000
1648717718.386667100,0,0.000000
1648717718.409041930,0,0.000000
1648717718.427641193,6,0.063000
1648717718.446747615,0,0.023000
1648717718.467934826,0,0.000000
1648717718.487789359,5,0.058000
1648717718.509084925,0,0.000000
1648717718.528073694,0,0.000000
1648717718.546496908,6,0.071000
1648717718.566245345,0,0.000000
1648717718.586071461,1,0.000000
1648717718.605995931,1,0.000000
1648717718.626797446,0,0.000000
1648717718.646668729,3,0.064000
1648717718.666849563,1,0.015000
1648717718.685551492,1,0.016000
1648717718.707830192,1,0.005000
1648717718.730160789,0,0.000000
1648717718.751277393,11,0.110000
1648717718.772179967,0,0.000000
1648717718.791136421,0,0.000000
1648717718.811467678,0,0.000000
1648717718.831916343,0,0.000000
1648717718.851927148,0,0.017000
1648717718.873040207,3,0.052000
1648717718.893792234,1,0.006000
1648717718.914369699,3,0.024000
1648717718.934559287,0,0.000000
1648717718.956600427,1,0.011000
1648717718.977756457,3,0.030000
1648717718.997785004,0,0.001000
1648717719.018652300,2,0.005000
1648717719.037617472,8,0.130000
1648717719.057278407,0,0.006000
1648717719.078240720,5,0.045000
1648717719.100249803,1,0.007000
1648717719.120595249,0,0.000000
1648717719.141380727,2,0.062000
1648717719.160244318,1,0.005000
1648717719.181758947,3,0.034000
1648717719.203026314,1,0.008000
1648717719.223611627,0,0.001000
1648717719.245584287,1,0.013000
1648717719.266539781,0,0.009000
1648717719.288425368,4,0.031000
1648717719.307320310,0,0.000000
1648717719.329005727,0,0.000000
1648717719.348554655,3,0.054000
1648717719.369019369,1,0.005000
1648717719.389885795,11,0.105000
1648717719.411173510,0,0.030000
1648717719.431913040,2,0.033000
1648717719.450712825,6,0.068000
1648717719.469288000,0,0.000000
1648717719.487982297,1,0.004000
1648717719.506151884,1,0.014000
1648717719.525961523,0,0.000000
1648717719.546990735,0,0.013000
1648717719.566902637,0,0.005000
1648717719.585201600,0,0.000000
1648717719.605907121,0,0.000000
1648717719.624785841,11,0.099000
1648717719.646221314,0,0.000000
1648717719.667383702,5,0.042000
1648717719.688306814,0,0.006000
1648717719.710105890,4,0.039000
1648717719.730178690,0,0.000000
1648717719.750541161,0,0.000000
1648717719.770002483,9,0.092000
1648717719.789878673,1,0.001000
1648717719.810097893,2,0.024000
1648717719.830971580,1,0.020000
1648717719.849856313,0,0.000000
1648717719.870339127,5,0.062000
1648717719.891068072,0,0.002000
1648717719.910450554,0,0.000000
1648717719.930772332,2,0.026000
1648717719.950787701,0,0.000000
1648717719.972141916,8,0.073000
1648717719.992271061,0,0.000000
1648717720.012296981,0,0.000000
1648717720.033878887,7,0.071000
1648717720.052727504,0,0.000000
1648717720.073691693,0,0.000000
1648717720.094938703,1,0.005000
1648717720.116143661,1,0.022000
1648717720.137718829,12,0.133000
1648717720.157094357,0,0.000000
1648717720.176131760,1,0.015000
1648717720.197487526,0,0.000000
1648717720.219699624,0,0.000000
1648717720.238744737,8,0.090000
1648717720.259294792,1,0.001000
1648717720.279162310,3,0.027000
1648717720.298769625,0,0.000000
1648717720.320931481,1,0.017000
1648717720.340175783,2,0.033000
1648717720.359231177,5,0.099000
1648717720.380006826,0,0.000000
1648717720.400342026,6,0.041000
1648717720.421573810,0,0.000000
1648717720.441135850,3,0.011000
1648717720.460983894,1,0.014000
1648717720.483355265,0,0.012000
1648717720.502119462,0,0.000000
1648717720.521484531,0,0.013000
1648717720.541236987,0,0.000000
1648717720.562217664,6,0.109000
1648717720.583435374,0,0.000000
1648717720.603906898,2,0.031000
1648717720.624279700,0,0.019000
1648717720.644679424,2,0.023000
1648717720.664639643,3,0.061000
1648717720.685199256,0,0.000000
1648717720.707188730,11,0.141000
1648717720.727454254,0,0.000000
1648717720.747657678,0,0.023000
1648717720.768215051,10,0.122000
1648717720.788303589,0,0.000000
1648717720.809934951,11,0.112000
1648717720.832076600,0,0.010000
1648717720.852956203,4,0.043000
1648717720.874303983,0,0.001000
1648717720.894865422,0,0.001000
1648717720.914403883,11,0.102000
1648717720.932430982,0,0.000000
1648717720.952447128,0,0.000000
1648717720.972447365,5,0.055000
1648717720.993699809,0,0.000000
1648717721.014062202,1,0.001000
1648717721.034917843,3,0.048000
1648717721.054003864,1,0.000000
1648717721.075606321,1,0.022000
1648717721.096392418,0,0.001000
1648717721.116078877,0,0.000000
1648717721.135466708,3,0.037000
1648717721.155244375,0,0.000000
1648717721.175825684,9,0.082000
1648717721.195708148,0,0.004000
1648717721.216404797,0,0.020000
1648717721.235781917,8,0.088000
1648717721.254502700,0,0.000000
1648717721.276189393,7,0.068000
1648717721.296971937,0,0.000000
1648717721.317900944,3,0.042000
1648717721.338396948,1,0.013000
1648717721.357916114,2,0.028000
1648717721.379095230,6,0.173000
1648717721.398572919,0,0.005000
1648717721.420352797,4,0.034000
1648717721.442228864,0,0.000000
1648717721.465290272,10,0.128000
1648717721.486609268,0,0.004000
1648717721.506004731,2,0.021000
1648717721.526860776,0,0.000000
1648717721.547530012,4,0.023000
1648717721.569091275,3,0.022000
1648717721.588031309,0,0.000000
1648717721.609451425,5,0.087000
1648717721.630168712,0,0.000000
1648717721.648760893,0,0.000000
1648717721.669812326,5,0.053000
1648717721.691090691,0,0.000000
1648717721.708930665,0,0.010000
1648717721.728105907,5,0.038000
1648717721.749850837,0,0.000000
1648717721.768547114,0,0.000000
1648717721.788034056,9,0.113000
1648717721.807068285,0,0.000000
1648717721.827399521,0,0.007000
1648717721.848425676,3,0.025000
1648717721.866932636,0,0.001000
1648717721.887295597,2,0.010000
1648717721.908395949,0,0.000000
1648717721.929833047,0,0.028000
1648717721.950539930,0,0.005000
1648717721.971451118,2,0.019000
1648717721.992230244,2,0.012000
1648717722.011408629,0,0.000000
1648717722.031017658,1,0.017000
1648717722.049433556,8,0.138000
1648717722.069897032,0,0.000000
1648717722.087629151,0,0.010000
1648717722.107481642,5,0.065000
1648717722.127153090,0,0.000000
1648717722.147885735,1,0.012000
1648717722.167839770,1,0.003000
1648717722.189096527,0,0.000000
1648717722.208636675,0,0.000000
1648717722.228221290,0,0.000000
1648717722.248913894,0,0.000000
1648717722.268673752,3,0.060000
1648717722.290235953,0,0.000000
1648717722.308558276,0,0.000000
1648717722.328189683,2,0.014000
1648717722.348154868,0,0.000000
1648717722.367012890,5,0.069000
1648717722.388484643,0,0.000000
1648717722.409543062,3,0.033000
1648717722.431493789,2,0.001000
1648717722.450381371,2,0.007000
1648717722.471608473,4,0.029000
1648717722.489361616,0,0.004000
1648717722.509677493,0,0.003000
1648717722.529510914,4,0.036000
1648717722.550769912,0,0.000000
1648717722.571596497,1,0.010000
1648717722.591937691,0,0.000000
1648717722.612988824,0,0.000000
1648717722.633762254,7,0.081000
1648717722.653759096,0,0.000000
1648717722.673703324,0,0.000000
1648717722.693980360,0,0.000000
1648717722.713308175,0,0.000000
1648717722.734440124,0,0.000000
1648717722.753544454,4,0.046000
1648717722.772090368,0,0.000000
1648717722.791650828,1,0.000000
1648717722.811217076,7,0.084000
1648717722.830835094,0,0.000000
1648717722.852168141,4,0.027000
1648717722.873408291,0,0.000000
1648717722.891669691,0,0.000000
1648717722.913979584,4,0.043000
1648717722.935779615,1,0.000000
1648717722.956701508,4,0.031000
1648717722.975239774,0,0.015000
1648717722.995596334,0,0.000000
1648717723.015712695,1,0.011000
1648717723.034748350,0,0.020000
1648717723.057023132,0,0.026000
1648717723.077746836,12,0.165000
1648717723.097058326,1,0.022000
1648717723.118183551,3,0.031000
1648717723.138762658,1,0.000000
1648717723.159978397,1,0.013000
1648717723.181721990,0,0.000000
1648717723.202098178,3,0.033000
1648717723.221785129,5,0.056000
1648717723.240051559,0,0.000000
1648717723.260308563,0,0.013000
1648717723.281451068,0,0.000000
1648717723.301898404,0,0.000000
1648717723.322159401,3,0.036000
1648717723.342143595,0,0.000000
1648717723.362547448,0,0.011000
1648717723.383759491,0,0.000000
1648717723.404432905,0,0.000000
1648717723.423339850,8,0.105000
1648717723.442298807,0,0.004000
1648717723.465185636,0,0.000000
1648717723.483884061,3,0.061000
1648717723.504384360,0,0.001000
1648717723.525879848,4,0.038000
1648717723.544890177,0,0.006000
1648717723.566433928,1,0.018000
1648717723.588105375,0,0.000000
1648717723.610761756,1,0.005000
1648717723.631724761,0,0.000000
1648717723.653073053,0,0.000000
1648717723.672680327,0,0.000000
1648717723.693644738,1,0.000000
1648717723.714387823,1,0.016000
1648717723.735561821,11,0.144000
1648717723.755691002,0,0.004000
1648717723.776735926,0,0.000000
1648717723.796859657,0,0.000000
1648717723.816168387,0,0.001000
1648717723.837542745,0,0.001000
1648717723.860071958,0,0.001000
1648717723.882733672,0,0.001000
