1648719948.897984398,0,0.000000
1648719948.920707317,8,0.130000
1648719948.944569674,0,0.000000
1648719948.965204002,0,0.000000
1648719948.988203951,0,0.000000
1648719949.011202906,1,0.019000
1648719949.033141630,1,0.000000
1648719949.056963658,1,0.004000
1648719949.079142063,13,0.117000
1648719949.101028428,0,0.003000
1648719949.123508132,0,0.000000
1648719949.146106072,1,0.007000
1648719949.169012438,0,0.034000
1648719949.191810265,0,0.024000
1648719949.214477094,0,0.000000
1648719949.236602628,10,0.118000
1648719949.259495953,15,0.205000
1648719949.283117109,0,0.021000
1648719949.304233216,0,0.001000
1648719949.325410848,2,0.007000
1648719949.345648557,3,0.030000
1648719949.368494992,0,0.004000
1648719949.391727694,3,0.022000
1648719949.415421207,0,0.000000
1648719949.436400087,3,0.001000
1648719949.458437234,0,0.000000
1648719949.481350506,12,0.149000
1648719949.503595839,1,0.002000
1648719949.524863917,0,0.001000
1648719949.548010966,0,0.001000
1648719949.569744578,0,0.001000
1648719949.592502463,10,0.116000
1648719949.614720743,11,0.086000
1648719949.637194247,5,0.049000
1648719949.661004514,0,0.014000
1648719949.684143609,0,0.001000
1648719949.706387675,2,0.002000
1648719949.728853626,11,0.148000
1648719949.752294114,3,0.058000
1648719949.774980173,13,0.136000
1648719949.797290529,4,0.017000
1648719949.820402143,0,0.000000
1648719949.844389731,0,0.004000
1648719949.867255401,0,0.000000
1648719949.891796026,0,0.001000
1648719949.915207890,0,0.000000
1648719949.938835449,9,0.112000
1648719949.960271874,14,0.176000
1648719949.985145326,10,0.100000
1648719950.008138564,17,0.180000
1648719950.031463807,11,0.165000
1648719950.054983838,14,0.146000
1648719950.077407427,0,0.000000
1648719950.098896578,3,0.007000
1648719950.120799458,1,0.007000
1648719950.143879867,13,0.166000
1648719950.165011048,5,0.063000
1648719950.188590161,3,0.030000
1648719950.212830274,2,0.024000
1648719950.234725949,0,0.000000
1648719950.257737518,0,0.000000
1648719950.281588983,0,0.015000
1648719950.303483850,0,0.019000
1648719950.325440827,9,0.078000
1648719950.349479430,9,0.110000
1648719950.372076899,0,0.000000
1648719950.393394669,0,0.008000
1648719950.415500897,2,0.019000
1648719950.438916008,10,0.112000
1648719950.461891045,10,0.112000
1648719950.483530965,4,0.067000
1648719950.506409318,3,0.075000
1648719950.528464570,0,0.000000
1648719950.551014861,4,0.054000
1648719950.572900451,16,0.204000
1648719950.596463619,15,0.147000
1648719950.620558120,9,0.128000
1648719950.643988356,10,0.107000
1648719950.667691847,2,0.018000
1648719950.690755941,0,0.000000
1648719950.713298443,0,0.000000
1648719950.735602438,1,0.019000
1648719950.756822071,14,0.146000
1648719950.779042999,14,0.176000
1648719950.801000370,6,0.083000
1648719950.823822985,0,0.000000
1648719950.847293711,0,0.000000
1648719950.870496879,0,0.000000
1648719950.893336470,0,0.013000
1648719950.917158296,3,0.042000
1648719950.937935307,3,0.027000
1648719950.962179415,0,0.008000
1648719950.985001877,0,0.000000
1648719951.006799140,0,0.003000
1648719951.029257012,0,0.000000
1648719951.052486429,0,0.000000
1648719951.076403240,0,0.005000
1648719951.099225535,9,0.123000
1648719951.121785964,3,0.000000
1648719951.144019354,0,0.004000
1648719951.166859510,1,0.014000
1648719951.191336984,0,0.000000
1648719951.213819310,1,0.011000
1648719951.237582151,0,0.000000
1648719951.261547125,0,0.015000
1648719951.285090543,1,0.001000
1648719951.308061307,16,0.150000
1648719951.331113895,10,0.081000
1648719951.354792895,0,0.002000
1648719951.378376526,0,0.000000
1648719951.401091516,0,0.000000
1648719951.424064753,0,0.000000
1648719951.446725819,0,0.000000
1648719951.467916668,0,0.000000
1648719951.490552192,0,0.000000
1648719951.514196921,6,0.089000
1648719951.537568715,9,0.060000
1648719951.561426557,15,0.157000
1648719951.585312722,1,0.008000
1648719951.608598956,0,0.000000
1648719951.629560644,0,0.003000
1648719951.652236312,5,0.164000
1648719951.674183563,1,0.023000
1648719951.695422239,1,0.000000
1648719951.718992909,0,0.005000
1648719951.741151601,1,0.007000
1648719951.764211364,2,0.044000
1648719951.786822726,6,0.095000
1648719951.810011906,10,0.134000
1648719951.834148754,0,0.002000
1648719951.855414852,0,0.014000
1648719951.879137236,2,0.000000
1648719951.901878871,0,0.012000
1648719951.925567105,0,0.007000
1648719951.949185024,0,0.000000
1648719951.972951502,2,0.027000
1648719951.994494054,15,0.165000
1648719952.015506287,0,0.000000
1648719952.036731505,0,0.004000
1648719952.061083104,0,0.000000
1648719952.082929044,0,0.000000
1648719952.105640306,13,0.149000
1648719952.127396270,0,0.000000
1648719952.151079823,3,0.017000
1648719952.174069740,0,0.000000
1648719952.196463047,0,0.006000
1648719952.218271184,10,0.123000
1648719952.239350992,3,0.039000
1648719952.262150190,1,0.013000
1648719952.285580055,0,0.000000
1648719952.309121547,0,0.000000
1648719952.332683145,0,0.000000
1648719952.356091883,0,0.000000
1648719952.378829907,1,0.010000
1648719952.401260437,15,0.161000
1648719952.422141740,0,0.006000
1648719952.444151723,0,0.000000
1648719952.466334479,1,0.011000
1648719952.489702997,1,0.007000
1648719952.512120428,11,0.133000
1648719952.534461330,13,0.106000
1648719952.558369914,2,0.020000
1648719952.579404300,1,0.001000
1648719952.602676941,1,0.000000
1648719952.623433682,7,0.109000
1648719952.646273340,11,0.160000
1648719952.669400214,5,0.053000
1648719952.691224676,2,0.000000
1648719952.715330384,2,0.016000
1648719952.739433627,0,0.000000
1648719952.760998359,7,0.109000
1648719952.782675592,9,0.129000
1648719952.806360652,8,0.081000
1648719952.829007298,9,0.104000
1648719952.851150926,2,0.021000
1648719952.873736007,0,0.000000
1648719952.896037193,2,0.059000
1648719952.918709396,12,0.161000
1648719952.941396910,9,0.130000
1648719952.965155933,11,0.122000
1648719952.989952816,1,0.037000
1648719953.012228276,0,0.005000
1648719953.034740975,0,0.000000
1648719953.057990980,0,0.000000
1648719953.080872804,1,0.007000
1648719953.104002612,13,0.138000
1648719953.125472076,3,0.035000
1648719953.147987642,5,0.036000
1648719953.172315460,1,0.001000
1648719953.192943287,0,0.015000
1648719953.217155022,0,0.000000
1648719953.241619296,1,0.000000
1648719953.263945560,1,0.020000
1648719953.286108439,18,0.179000
1648719953.309410541,8,0.097000
1648719953.333227379,2,0.016000
1648719953.355813828,0,0.000000
1648719953.377589246,0,0.000000
1648719953.400371371,8,0.087000
1648719953.422704284,2,0.035000
1648719953.445372141,0,0.000000
1648719953.467728782,0,0.000000
1648719953.490469117,0,0.000000
1648719953.513948347,3,0.040000
1648719953.535662450,6,0.095000
1648719953.559588380,11,0.173000
1648719953.580108636,0,0.001000
1648719953.602850239,0,0.022000
1648719953.627441646,0,0.005000
1648719953.649735609,0,0.000000
1648719953.670862120,0,0.000000
1648719953.693936963,7,0.119000
1648719953.716718900,2,0.003000
1648719953.739755410,0,0.017000
1648719953.762896487,0,0.000000
1648719953.785460149,0,0.000000
1648719953.807687127,0,0.000000
1648719953.831168831,0,0.000000
1648719953.854817646,0,0.000000
1648719953.878484246,0,0.000000
1648719953.902868231,6,0.056000
1648719953.923911506,10,0.122000
1648719953.946036103,1,0.005000
1648719953.968922222,1,0.006000
1648719953.992027958,0,0.000000
1648719954.013693925,1,0.008000
1648719954.037854160,10,0.132000
1648719954.059862604,12,0.185000
1648719954.082153534,8,0.075000
1648719954.103584823,1,0.008000
1648719954.124891414,0,0.000000
1648719954.146602867,7,0.098000
1648719954.167871459,16,0.181000
1648719954.191710227,9,0.085000
1648719954.214997741,6,0.028000
1648719954.237412977,1,0.001000
1648719954.259461310,0,0.000000
1648719954.284538387,0,0.017000
1648719954.307035843,0,0.000000
1648719954.328980145,7,0.069000
1648719954.352268047,1,0.015000
1648719954.375617772,0,0.023000
1648719954.398146373,2,0.023000
1648719954.419577643,0,0.000000
1648719954.441345769,0,0.000000
1648719954.465066811,4,0.053000
1648719954.488139715,9,0.109000
1648719954.511450469,3,0.029000
1648719954.530901173,0,0.000000
1648719954.553085752,0,0.000000
1648719954.577212638,2,0.017000
1648719954.600583799,0,0.019000
1648719954.623816506,0,0.004000
1648719954.647029184,5,0.083000
1648719954.667954278,0,0.006000
1648719954.690217482,1,0.010000
1648719954.713470354,0,0.009000
1648719954.735186996,0,0.000000
1648719954.758324089,6,0.028000
1648719954.780915605,7,0.094000
1648719954.803807706,2,0.008000
1648719954.825938767,2,0.057000
1648719954.848863416,0,0.003000
1648719954.871100069,0,0.006000
1648719954.893356826,0,0.004000
1648719954.916286768,0,0.000000
1648719954.937928320,1,0.018000
1648719954.960543813,15,0.203000
1648719954.981938751,10,0.127000
1648719955.004918281,0,0.005000
1648719955.026004701,0,0.006000
1648719955.049394609,0,0.000000
1648719955.072636471,0,0.000000
1648719955.096583404,4,0.036000
1648719955.119300459,2,0.022000
1648719955.144047524,14,0.143000
1648719955.165767657,7,0.082000
1648719955.189535244,1,0.025000
1648719955.210273402,1,0.008000
1648719955.233793810,0,0.000000
1648719955.257873337,1,0.012000
1648719955.281505218,3,0.030000
1648719955.304723257,5,0.081000
1648719955.326981643,13,0.148000
1648719955.350141271,15,0.148000
1648719955.373846188,1,0.031000
1648719955.395217473,0,0.000000
1648719955.418613974,0,0.009000
1648719955.442409899,0,0.011000
1648719955.463172670,0,0.001000
1648719955.485993271,10,0.207000
1648719955.508092817,8,0.086000
1648719955.532327997,15,0.164000
1648719955.553977061,17,0.166000
1648719955.577449969,5,0.039000
1648719955.600117352,0,0.030000
1648719955.623437353,2,0.032000
1648719955.646211263,3,0.030000
1648719955.668979931,0,0.000000
1648719955.692452999,1,0.017000
1648719955.713448427,8,0.108000
1648719955.735369456,10,0.127000
1648719955.758780646,2,0.048000
1648719955.781227083,0,0.000000
1648719955.802741024,0,0.000000
1648719955.824882453,0,0.012000
1648719955.848522888,0,0.001000
1648719955.869925238,13,0.221000
1648719955.892252385,8,0.068000
1648719955.915862993,12,0.099000
1648719955.940122060,11,0.134000
1648719955.963872956,8,0.076000
1648719955.987722639,7,0.059000
1648719956.010969187,0,0.014000
1648719956.033759177,0,0.009000
1648719956.055754389,5,0.083000
1648719956.077450227,1,0.000000
1648719956.100249085,0,0.000000
1648719956.122998141,0,0.000000
1648719956.147195183,0,0.000000
1648719956.169671673,0,0.000000
1648719956.192103204,2,0.018000
1648719956.215164275,10,0.167000
1648719956.237647765,3,0.025000
1648719956.259948106,0,0.000000
1648719956.283592572,3,0.013000
1648719956.307678874,0,0.003000
1648719956.330018148,0,0.000000
1648719956.350015975,10,0.110000
1648719956.373347535,12,0.131000
1648719956.396684615,4,0.032000
1648719956.417944661,1,0.000000
1648719956.442104044,0,0.000000
1648719956.463097129,0,0.000000
1648719956.486064560,1,0.023000
1648719956.507971288,14,0.149000
1648719956.530233301,8,0.089000
1648719956.553280859,2,0.021000
1648719956.576732448,0,0.000000
1648719956.599907063,1,0.007000
1648719956.621977578,9,0.096000
1648719956.643802442,2,0.035000
1648719956.666176388,1,0.012000
1648719956.688030927,1,0.016000
1648719956.710036050,10,0.143000
1648719956.733363686,11,0.120000
1648719956.756159172,8,0.081000
1648719956.779272227,1,0.006000
1648719956.802053778,2,0.000000
1648719956.823427506,1,0.014000
1648719956.845336801,2,0.030000
1648719956.866996550,10,0.118000
1648719956.888054316,4,0.024000
1648719956.912232005,0,0.000000
1648719956.934455647,0,0.006000
1648719956.955963433,0,0.000000
1648719956.979075836,0,0.000000
1648719957.000644213,0,0.005000
1648719957.022497566,10,0.103000
1648719957.045483501,1,0.000000
1648719957.067291717,0,0.000000
1648719957.090259859,0,0.000000
1648719957.111797293,9,0.105000
1648719957.133682997,0,0.005000
1648719957.156966527,4,0.053000
1648719957.180092236,0,0.008000
1648719957.202432591,0,0.006000
1648719957.224510601,0,0.006000
1648719957.245941590,9,0.116000
1648719957.267476589,3,0.023000
1648719957.290594152,0,0.020000
1648719957.313842762,1,0.026000
1648719957.336795940,2,0.018000
1648719957.359198104,0,0.000000
1648719957.381472701,0,0.005000
1648719957.404206276,0,0.000000
1648719957.427772164,0,0.011000
1648719957.451500790,1,0.003000
1648719957.474755895,0,0.000000
1648719957.498242173,14,0.190000
1648719957.520957319,13,0.151000
1648719957.544285183,1,0.016000
1648719957.566543594,0,0.000000
1648719957.590232446,2,0.026000
1648719957.612625224,0,0.000000
1648719957.637088438,1,0.028000
1648719957.660067479,1,0.033000
1648719957.682528329,12,0.197000
1648719957.704424866,2,0.032000
1648719957.726367612,0,0.000000
1648719957.749393772,0,0.012000
1648719957.771376055,0,0.009000
1648719957.794353998,2,0.026000
1648719957.817429225,5,0.065000
1648719957.838609384,9,0.075000
1648719957.861269373,0,0.000000
1648719957.882372629,1,0.000000
1648719957.904009067,2,0.006000
1648719957.926508070,7,0.103000
1648719957.950509785,8,0.090000
1648719957.973360857,13,0.151000
1648719957.996692931,1,0.025000
1648719958.017923331,0,0.000000
1648719958.041323614,4,0.039000
1648719958.063301302,18,0.188000
1648719958.086908616,2,0.052000
1648719958.108286095,0,0.000000
1648719958.131786549,0,0.007000
1648719958.153757276,8,0.095000
1648719958.175741681,8,0.094000
1648719958.198813067,9,0.129000
1648719958.221392938,9,0.079000
1648719958.245096554,1,0.005000
1648719958.268647667,0,0.005000
1648719958.292871042,0,0.005000
1648719958.314917887,0,0.012000
1648719958.337500021,0,0.000000
1648719958.362177906,0,0.000000
1648719958.385690522,0,0.000000
1648719958.408109995,2,0.043000
1648719958.430200899,6,0.043000
1648719958.451859043,0,0.000000
1648719958.474060112,0,0.004000
1648719958.496626822,5,0.057000
1648719958.519730636,8,0.075000
1648719958.541993286,9,0.094000
1648719958.565408408,1,0.013000
1648719958.586920608,2,0.032000
1648719958.608117182,0,0.001000
1648719958.631312357,0,0.000000
1648719958.655499157,2,0.021000
1648719958.677744804,0,0.000000
1648719958.700765745,4,0.062000
1648719958.723187605,2,0.019000
1648719958.744556868,2,0.014000
1648719958.767088329,0,0.001000
1648719958.788955271,0,0.002000
1648719958.811724531,14,0.152000
1648719958.835223433,13,0.122000
1648719958.858412948,5,0.041000
1648719958.881192853,0,0.005000
1648719958.903197539,0,0.002000
1648719958.925057683,3,0.033000
1648719958.947854508,7,0.083000
1648719958.971322684,4,0.053000
1648719958.993900664,0,0.001000
1648719959.016797596,0,0.000000
1648719959.038041923,0,0.001000
1648719959.059546988,5,0.071000
1648719959.082754847,13,0.164000
1648719959.105135242,1,0.000000
1648719959.127471860,0,0.001000
1648719959.150101699,0,0.000000
1648719959.173109418,6,0.116000
1648719959.194579636,0,0.000000
1648719959.217852674,11,0.143000
1648719959.239884068,2,0.016000
1648719959.261494637,0,0.000000
1648719959.285144602,2,0.031000
1648719959.308332672,0,0.000000
1648719959.331510959,0,0.008000
1648719959.354223786,0,0.000000
1648719959.377427743,8,0.098000
1648719959.401012785,1,0.010000
1648719959.422661566,0,0.009000
1648719959.445252036,0,0.000000
1648719959.468455164,0,0.000000
1648719959.491984687,10,0.095000
1648719959.515094093,8,0.079000
1648719959.538272825,1,0.014000
1648719959.558937044,0,0.000000
1648719959.581462281,0,0.004000
1648719959.604778140,17,0.162000
1648719959.627159873,5,0.047000
1648719959.649864577,0,0.000000
1648719959.671817254,1,0.010000
1648719959.694778617,0,0.001000
1648719959.717944939,0,0.001000
1648719959.740505579,10,0.096000
1648719959.763586984,8,0.084000
1648719959.786364523,0,0.000000
1648719959.808869346,0,0.000000
1648719959.829605465,8,0.090000
1648719959.851474468,8,0.095000
1648719959.874065586,6,0.047000
1648719959.897772264,2,0.018000
1648719959.921575350,2,0.036000
1648719959.944305440,0,0.006000
1648719959.966214941,0,0.000000
1648719959.987066675,2,0.000000
1648719960.010319511,3,0.034000
1648719960.033809726,0,0.004000
1648719960.054834470,0,0.000000
1648719960.077696362,0,0.016000
1648719960.101863849,2,0.010000
1648719960.124404972,0,0.000000
1648719960.146011846,0,0.000000
1648719960.170358369,13,0.139000
1648719960.193333417,0,0.014000
1648719960.216169480,3,0.012000
1648719960.237978581,0,0.001000
1648719960.260383355,0,0.000000
1648719960.282882872,0,0.000000
1648719960.306211743,0,0.000000
1648719960.328490883,12,0.148000
1648719960.351182512,0,0.022000
1648719960.372652536,0,0.000000
1648719960.396080616,0,0.006000
1648719960.419869687,0,0.001000
1648719960.441798201,9,0.094000
1648719960.464628138,10,0.157000
1648719960.488568943,9,0.094000
1648719960.512273336,9,0.109000
1648719960.535493276,3,0.037000
1648719960.559076820,0,0.000000
1648719960.582986089,0,0.000000
1648719960.606385469,0,0.000000
1648719960.629122277,6,0.070000
1648719960.651441320,14,0.141000
1648719960.675284225,1,0.001000
1648719960.699951683,1,0.007000
1648719960.720637248,0,0.027000
1648719960.743614437,1,0.023000
1648719960.767127969,7,0.092000
1648719960.789165523,0,0.015000
1648719960.810207368,0,0.007000
1648719960.831916481,0,0.000000
1648719960.854398134,0,0.000000
1648719960.877478331,5,0.141000
1648719960.900344184,13,0.151000
1648719960.922978328,0,0.000000
1648719960.945763964,0,0.000000
1648719960.966724155,10,0.108000
1648719960.987475197,6,0.107000
1648719961.011544770,1,0.001000
1648719961.034290885,1,0.006000
1648719961.056369751,0,0.000000
1648719961.079727984,1,0.000000
1648719961.101852609,8,0.056000
1648719961.123562846,13,0.137000
1648719961.146465202,0,0.000000
1648719961.166943988,0,0.023000
1648719961.188815941,1,0.017000
1648719961.212390147,0,0.000000
1648719961.234068170,0,0.000000
1648719961.256340085,0,0.002000
1648719961.280221955,0,0.000000
1648719961.302187129,2,0.000000
1648719961.324651959,5,0.034000
1648719961.346978875,0,0.000000
1648719961.369669980,0,0.000000
1648719961.393010537,0,0.000000
1648719961.416688018,7,0.059000
1648719961.440314103,11,0.117000
1648719961.463653424,3,0.011000
1648719961.486977313,2,0.015000
1648719961.509944761,0,0.002000
1648719961.531832210,0,0.011000
1648719961.555831050,1,0.006000
1648719961.577949863,3,0.050000
1648719961.601272556,0,0.011000
1648719961.624701538,0,0.000000
1648719961.647372047,0,0.000000
1648719961.669856207,0,0.010000
1648719961.692797158,3,0.114000
1648719961.714767400,6,0.080000
1648719961.737783705,0,0.003000
1648719961.759309234,0,0.000000
1648719961.782417564,2,0.021000
1648719961.804884656,1,0.010000
1648719961.829389485,12,0.164000
1648719961.850891503,10,0.113000
1648719961.874290272,2,0.024000
1648719961.896856407,1,0.023000
1648719961.920844475,0,0.003000
1648719961.941666058,0,0.000000
1648719961.964205649,4,0.029000
1648719961.986962661,0,0.004000
1648719962.011929503,14,0.159000
1648719962.034082461,3,0.030000
1648719962.056494240,0,0.001000
1648719962.077684704,0,0.000000
1648719962.100749533,1,0.001000
1648719962.123197484,0,0.000000
1648719962.146054379,6,0.044000
1648719962.169663901,3,0.028000
1648719962.191182188,0,0.000000
1648719962.212801768,11,0.121000
1648719962.235197203,8,0.082000
1648719962.259449139,7,0.074000
1648719962.282222832,1,0.007000
1648719962.304921985,0,0.000000
1648719962.325098146,0,0.000000
1648719962.348634360,0,0.000000
1648719962.370538805,1,0.013000
1648719962.394869580,17,0.200000
1648719962.417389605,2,0.029000
1648719962.440440044,2,0.045000
1648719962.462199339,0,0.000000
1648719962.483741332,9,0.082000
1648719962.505384014,11,0.141000
1648719962.528891626,0,0.000000
1648719962.550985216,0,0.000000
1648719962.574259299,10,0.095000
1648719962.595480463,3,0.032000
1648719962.617497964,0,0.000000
1648719962.641471030,0,0.001000
1648719962.664982243,7,0.086000
1648719962.688068517,13,0.148000
1648719962.709116764,0,0.000000
1648719962.728961176,0,0.000000
1648719962.751281735,1,0.019000
1648719962.774717381,9,0.079000
1648719962.797138042,0,0.003000
1648719962.819702226,3,0.011000
1648719962.843496209,1,0.001000
1648719962.865126407,0,0.000000
1648719962.888067535,0,0.015000
1648719962.910983791,9,0.093000
1648719962.932916057,1,0.014000
1648719962.954637117,0,0.000000
1648719962.978329393,1,0.000000
1648719962.999263972,0,0.000000
1648719963.023667589,12,0.176000
1648719963.044567403,12,0.124000
1648719963.067306952,1,0.006000
1648719963.088416958,0,0.000000
1648719963.112233686,0,0.000000
1648719963.135014220,0,0.000000
1648719963.157085003,2,0.005000
1648719963.180151962,11,0.115000
1648719963.202353338,0,0.007000
1648719963.224225139,1,0.013000
1648719963.245499388,1,0.072000
1648719963.268084389,12,0.151000
1648719963.291182643,1,0.010000
1648719963.314159839,0,0.000000
1648719963.337286757,0,0.000000
1648719963.361883269,0,0.000000
1648719963.384440060,0,0.000000
1648719963.407378891,0,0.000000
1648719963.426725814,7,0.099000
1648719963.448770009,2,0.022000
1648719963.472202684,2,0.001000
1648719963.495387863,0,0.000000
1648719963.519246673,3,0.025000
1648719963.541632878,8,0.101000
1648719963.565728482,10,0.104000
1648719963.587731705,0,0.000000
1648719963.609755734,0,0.000000
1648719963.633468263,2,0.022000
1648719963.654935735,13,0.105000
1648719963.679113100,10,0.102000
1648719963.700782723,0,0.000000
1648719963.721976419,0,0.000000
1648719963.743449657,0,0.000000
1648719963.767794905,12,0.190000
1648719963.789009488,18,0.164000
1648719963.812959341,9,0.080000
1648719963.835691061,0,0.006000
1648719963.856745889,0,0.000000
1648719963.879065560,9,0.187000
1648719963.901973481,1,0.014000
1648719963.924204452,2,0.026000
1648719963.946583371,1,0.001000
1648719963.968700162,13,0.157000
1648719963.990626518,0,0.007000
1648719964.013745632,0,0.020000
1648719964.036903762,0,0.000000
1648719964.059866398,0,0.000000
1648719964.083034070,0,0.005000
1648719964.105161650,0,0.000000
1648719964.128837691,7,0.060000
1648719964.150480685,18,0.163000
1648719964.171859160,2,0.037000
1648719964.194520877,0,0.000000
1648719964.216603624,0,0.000000
1648719964.239623995,0,0.000000
1648719964.262097045,13,0.189000
1648719964.284471357,2,0.032000
1648719964.306709558,0,0.000000
1648719964.329996335,2,0.011000
1648719964.352723810,0,0.000000
1648719964.375248333,3,0.023000
1648719964.398524916,11,0.154000
1648719964.422418900,10,0.109000
1648719964.446130066,7,0.050000
1648719964.470091186,1,0.011000
1648719964.491160206,0,0.002000
1648719964.515029000,0,0.000000
1648719964.537507910,0,0.000000
1648719964.560400454,1,0.013000
1648719964.582955647,16,0.180000
1648719964.606384888,6,0.050000
1648719964.629838925,2,0.007000
1648719964.651709217,0,0.000000
1648719964.672583183,9,0.104000
1648719964.696355719,10,0.091000
1648719964.718864589,10,0.117000
1648719964.742058111,1,0.025000
1648719964.764622463,1,0.019000
1648719964.787485814,0,0.000000
1648719964.808769567,0,0.007000
1648719964.831627402,0,0.000000
1648719964.853851432,0,0.000000
1648719964.876792481,0,0.024000
1648719964.899973757,13,0.208000
1648719964.922812088,7,0.065000
1648719964.945047133,1,0.001000
1648719964.966668671,0,0.000000
1648719964.990195990,0,0.000000
1648719965.011678653,1,0.043000
1648719965.032569390,0,0.001000
1648719965.056113058,0,0.000000
1648719965.078948058,1,0.006000
1648719965.102768749,0,0.000000
1648719965.126121037,10,0.116000
1648719965.147319113,11,0.128000
1648719965.170082334,14,0.130000
1648719965.193490309,6,0.068000
1648719965.216375828,0,0.000000
1648719965.236919783,0,0.000000
1648719965.257762495,2,0.011000
1648719965.281583016,1,0.001000
1648719965.303374880,0,0.000000
1648719965.324716819,0,0.000000
1648719965.349122911,4,0.060000
1648719965.371727801,8,0.046000
1648719965.392526758,1,0.013000
1648719965.415000486,2,0.006000
1648719965.438974287,0,0.000000
1648719965.461276761,0,0.000000
1648719965.484580605,0,0.001000
1648719965.508133511,6,0.059000
1648719965.531400111,6,0.026000
1648719965.552036810,0,0.000000
1648719965.573239871,8,0.092000
1648719965.594210051,7,0.070000
1648719965.616086270,2,0.021000
1648719965.639192437,0,0.018000
1648719965.661243068,8,0.101000
1648719965.683175491,3,0.039000
1648719965.706152345,3,0.023000
1648719965.729894093,0,0.000000
1648719965.750257456,1,0.008000
1648719965.773389221,1,0.000000
1648719965.796643651,12,0.125000
1648719965.819339218,0,0.004000
1648719965.840097817,0,0.000000
1648719965.860485129,12,0.140000
1648719965.881945249,10,0.102000
1648719965.904892859,1,0.011000
1648719965.929259847,1,0.038000
1648719965.952861811,0,0.002000
1648719965.975650372,2,0.007000
1648719965.997036529,0,0.000000
1648719966.019368287,0,0.011000
1648719966.043550331,0,0.007000
1648719966.066289111,14,0.170000
1648719966.089997118,10,0.097000
1648719966.113554723,0,0.000000
1648719966.136825121,3,0.008000
1648719966.160234774,0,0.000000
1648719966.183791176,0,0.000000
1648719966.206498156,0,0.000000
1648719966.228964598,12,0.125000
1648719966.250885817,5,0.052000
1648719966.274227856,0,0.000000
1648719966.296913831,0,0.000000
1648719966.319627192,0,0.006000
1648719966.342691668,10,0.141000
1648719966.365249757,10,0.095000
1648719966.388671933,0,0.000000
1648719966.408862385,1,0.039000
1648719966.431975132,4,0.056000
1648719966.455086852,17,0.153000
1648719966.479130141,9,0.104000
1648719966.501471380,2,0.007000
1648719966.523626440,0,0.000000
1648719966.545387218,6,0.092000
1648719966.566587583,12,0.135000
1648719966.589702663,13,0.125000
1648719966.611990590,5,0.056000
1648719966.635538069,0,0.000000
1648719966.656220821,0,0.007000
1648719966.678173067,0,0.031000
1648719966.701105111,1,0.030000
1648719966.723404472,0,0.000000
1648719966.747092448,1,0.001000
1648719966.770357063,1,0.015000
1648719966.793568093,0,0.059000
1648719966.814621146,12,0.137000
1648719966.839025000,3,0.038000
1648719966.861605465,0,0.000000
1648719966.881820723,8,0.106000
1648719966.904143007,11,0.103000
1648719966.926873261,2,0.019000
1648719966.949803833,0,0.000000
1648719966.973952979,0,0.000000
1648719966.997216612,0,0.021000
1648719967.017312611,11,0.115000
1648719967.039557465,0,0.004000
1648719967.062842512,0,0.004000
1648719967.086805865,0,0.001000
1648719967.109864563,0,0.000000
1648719967.132285661,3,0.049000
1648719967.154332016,5,0.056000
1648719967.176982725,0,0.000000
1648719967.199247102,2,0.011000
1648719967.221401749,9,0.125000
1648719967.242438757,3,0.017000
1648719967.265974636,3,0.040000
1648719967.289068962,0,0.000000
1648719967.310860410,0,0.000000
1648719967.334690882,1,0.004000
1648719967.357460859,6,0.085000
1648719967.379999870,1,0.030000
1648719967.400589041,0,0.000000
1648719967.423053485,0,0.000000
1648719967.446018577,0,0.000000
1648719967.469920517,9,0.073000
1648719967.491314088,2,0.054000
1648719967.514443883,0,0.004000
1648719967.536868097,0,0.007000
1648719967.560800962,1,0.000000
1648719967.585105693,0,0.006000
1648719967.607935733,0,0.000000
1648719967.630982117,0,0.000000
1648719967.654391815,3,0.046000
1648719967.676306993,1,0.000000
1648719967.699409893,1,0.014000
1648719967.722888565,0,0.007000
1648719967.744144363,1,0.005000
1648719967.767678482,7,0.048000
1648719967.789409921,1,0.000000
1648719967.812367254,0,0.001000
1648719967.835417523,5,0.036000
1648719967.858568529,8,0.053000
1648719967.880582782,0,0.000000
1648719967.902255117,0,0.000000
1648719967.924552550,17,0.164000
1648719967.946436553,7,0.107000
1648719967.971263905,3,0.028000
1648719967.993891865,0,0.000000
1648719968.016368497,0,0.000000
1648719968.037946618,0,0.000000
1648719968.061278129,12,0.094000
1648719968.084761262,13,0.154000
1648719968.106901286,11,0.141000
1648719968.129928964,3,0.047000
1648719968.152246873,0,0.005000
1648719968.176091543,1,0.011000
1648719968.200185247,1,0.018000
1648719968.221987120,0,0.009000
1648719968.245234199,0,0.000000
1648719968.268934228,1,0.000000
1648719968.290940838,0,0.010000
1648719968.310197509,0,0.000000
1648719968.332559457,0,0.000000
1648719968.355337109,1,0.003000
1648719968.378094287,0,0.000000
1648719968.402549122,0,0.000000
1648719968.424839304,0,0.000000
1648719968.448143007,18,0.187000
1648719968.470242653,1,0.000000
1648719968.492575663,11,0.114000
1648719968.515152951,2,0.038000
1648719968.537506258,0,0.000000
1648719968.560583091,0,0.000000
1648719968.582728087,11,0.156000
1648719968.607091194,10,0.089000
1648719968.628999013,0,0.001000
1648719968.648431637,0,0.011000
1648719968.673739686,2,0.037000
1648719968.697134306,10,0.099000
1648719968.720255871,0,0.000000
1648719968.742554971,0,0.000000
1648719968.764957035,0,0.000000
1648719968.787273015,0,0.000000
1648719968.810352614,0,0.000000
1648719968.833846063,0,0.000000
1648719968.857089628,0,0.000000
1648719968.879433772,6,0.079000
1648719968.900645365,1,0.002000
1648719968.922103569,1,0.029000
1648719968.944378514,0,0.000000
1648719968.967437443,0,0.000000
1648719968.990582942,14,0.129000
1648719969.012959796,9,0.114000
1648719969.036974064,10,0.107000
1648719969.061328874,6,0.086000
1648719969.083702536,0,0.011000
1648719969.105928372,0,0.000000
1648719969.129215773,11,0.126000
1648719969.150907041,2,0.019000
1648719969.173648353,0,0.000000
1648719969.197037067,8,0.079000
1648719969.218763825,3,0.049000
1648719969.243268897,6,0.070000
1648719969.266939097,3,0.040000
1648719969.287748766,0,0.000000
1648719969.308099705,8,0.084000
1648719969.329524510,5,0.056000
1648719969.353226774,1,0.002000
1648719969.374881154,2,0.012000
1648719969.399580032,0,0.000000
1648719969.420940782,13,0.133000
1648719969.442120103,0,0.003000
1648719969.465387388,0,0.004000
1648719969.488400045,0,0.001000
1648719969.511044556,2,0.013000
1648719969.532202055,10,0.099000
1648719969.553984314,0,0.000000
1648719969.576215362,0,0.000000
1648719969.599227946,0,0.003000
1648719969.621744427,7,0.116000
1648719969.642194206,9,0.082000
1648719969.665713722,0,0.000000
1648719969.689411250,2,0.028000
1648719969.712289306,0,0.000000
1648719969.734605560,0,0.002000
1648719969.757867066,7,0.078000
1648719969.779887604,10,0.181000
1648719969.803302293,1,0.037000
1648719969.825532556,0,0.000000
1648719969.848869356,0,0.005000
1648719969.871249764,0,0.000000
1648719969.893704249,0,0.000000
1648719969.917312593,12,0.159000
1648719969.938462260,1,0.010000
1648719969.959429576,1,0.010000
1648719969.983849749,0,0.000000
1648719970.005475892,0,0.000000
1648719970.028683488,0,0.000000
1648719970.051118023,13,0.143000
1648719970.073917191,7,0.043000
1648719970.097008540,3,0.044000
1648719970.120371119,0,0.009000
1648719970.143964442,0,0.024000
1648719970.166141917,6,0.075000
1648719970.186873278,2,0.020000
1648719970.209787864,0,0.000000
1648719970.232255087,0,0.000000
1648719970.254869610,0,0.002000
1648719970.277242830,2,0.028000
1648719970.299211092,5,0.073000
1648719970.323393394,9,0.116000
1648719970.346599010,7,0.071000
1648719970.368056824,0,0.000000
1648719970.390963598,0,0.000000
1648719970.413495143,0,0.011000
1648719970.435947388,0,0.004000
1648719970.458852424,12,0.106000
1648719970.481166748,6,0.029000
1648719970.503317743,1,0.010000
1648719970.526078780,1,0.009000
1648719970.546997972,10,0.072000
1648719970.569360126,0,0.000000
1648719970.590532332,1,0.006000
1648719970.611734206,0,0.000000
1648719970.635352238,11,0.162000
1648719970.660259610,12,0.148000
1648719970.683040236,11,0.127000
1648719970.706349196,2,0.017000
1648719970.727690135,0,0.000000
1648719970.747820289,0,0.000000
1648719970.771866751,0,0.001000
1648719970.795005339,9,0.082000
1648719970.814403484,5,0.025000
1648719970.835537590,1,0.015000
1648719970.859230195,0,0.001000
1648719970.882876022,0,0.000000
1648719970.904876714,8,0.095000
1648719970.926958230,12,0.155000
1648719970.948096153,2,0.044000
1648719970.970723584,0,0.000000
1648719970.993790277,0,0.000000
1648719971.017422696,12,0.132000
1648719971.039241864,12,0.112000
1648719971.062709358,3,0.038000
1648719971.084240083,0,0.000000
1648719971.107089636,2,0.015000
1648719971.130331935,0,0.001000
1648719971.153999142,0,0.000000
1648719971.175640783,5,0.061000
1648719971.197759559,3,0.025000
1648719971.219942076,3,0.049000
1648719971.244623941,0,0.007000
1648719971.267087380,1,0.001000
1648719971.290826294,2,0.018000
1648719971.312289783,1,0.001000
1648719971.335079546,6,0.113000
1648719971.358432518,15,0.152000
1648719971.381702732,5,0.028000
1648719971.404248892,3,0.015000
1648719971.429220623,0,0.000000
1648719971.452541040,0,0.004000
1648719971.476933603,0,0.004000
1648719971.499593770,11,0.120000
1648719971.521343637,2,0.006000
1648719971.541390495,0,0.000000
1648719971.564188140,0,0.000000
1648719971.587073499,14,0.147000
1648719971.608614213,1,0.011000
1648719971.631190000,0,0.005000
1648719971.654389914,0,0.000000
1648719971.677838390,0,0.004000
1648719971.701182678,0,0.000000
1648719971.723421180,13,0.121000
1648719971.744976375,2,0.019000
1648719971.768871300,0,0.000000
1648719971.792763766,1,0.006000
1648719971.815371226,0,0.001000
1648719971.840121380,0,0.020000
1648719971.862976607,4,0.070000
1648719971.886159541,10,0.155000
1648719971.908090427,2,0.004000
1648719971.932332435,1,0.031000
1648719971.955545083,0,0.000000
1648719971.978747904,0,0.026000
1648719972.001380265,7,0.134000
1648719972.023577126,1,0.016000
1648719972.046329102,0,0.000000
1648719972.068872301,0,0.026000
1648719972.092790176,0,0.006000
1648719972.115143519,2,0.011000
1648719972.137817581,0,0.017000
1648719972.160859083,0,0.009000
1648719972.184253990,0,0.000000
1648719972.205734977,2,0.024000
1648719972.227103319,10,0.069000
1648719972.249928012,0,0.000000
1648719972.271398438,0,0.000000
1648719972.294591694,0,0.000000
1648719972.316478936,0,0.000000
1648719972.340276524,8,0.074000
1648719972.363389649,11,0.122000
1648719972.386092904,7,0.085000
1648719972.407616666,2,0.008000
1648719972.430003578,3,0.015000
1648719972.453442934,1,0.016000
1648719972.476973283,13,0.116000
1648719972.499223910,7,0.067000
1648719972.522410082,4,0.063000
1648719972.546046273,3,0.034000
1648719972.567343429,0,0.008000
1648719972.590792895,0,0.013000
1648719972.613973548,12,0.153000
1648719972.635946923,13,0.123000
1648719972.659344220,15,0.175000
1648719972.682792530,2,0.041000
1648719972.704235783,0,0.011000
1648719972.726915308,3,0.041000
1648719972.750481212,0,0.000000
1648719972.771892738,10,0.147000
1648719972.795442473,4,0.056000
1648719972.817578673,1,0.017000
1648719972.840454343,1,0.003000
1648719972.864537151,0,0.000000
1648719972.885873408,0,0.000000
1648719972.910181514,0,0.006000
1648719972.932369491,1,0.009000
1648719972.954510730,0,0.000000
1648719972.975493076,1,0.010000
1648719972.998695071,8,0.091000
1648719973.021455557,6,0.061000
1648719973.044436567,14,0.152000
1648719973.067558285,1,0.009000
1648719973.088705885,0,0.011000
1648719973.111426400,1,0.023000
1648719973.135776170,6,0.091000
1648719973.159091586,7,0.085000
1648719973.181836004,12,0.139000
1648719973.204004351,2,0.023000
1648719973.226166660,0,0.000000
1648719973.249695118,1,0.005000
1648719973.272880614,1,0.024000
1648719973.296534407,1,0.000000
1648719973.319093772,0,0.000000
1648719973.341541793,0,0.000000
1648719973.362102961,0,0.000000
1648719973.384677958,0,0.000000
1648719973.408232925,2,0.008000
1648719973.432709717,0,0.000000
1648719973.455992642,7,0.074000
1648719973.478322421,11,0.096000
1648719973.501581492,0,0.017000
1648719973.524836107,0,0.001000
1648719973.547183085,13,0.147000
1648719973.567817312,3,0.029000
1648719973.589138496,0,0.000000
1648719973.611394541,2,0.011000
1648719973.634626807,0,0.004000
1648719973.657210463,0,0.000000
1648719973.681282592,15,0.141000
1648719973.703469361,12,0.212000
1648719973.728401645,10,0.123000
1648719973.750992370,14,0.155000
1648719973.774285905,7,0.100000
1648719973.797235535,2,0.030000
1648719973.820201552,2,0.026000
1648719973.842444953,0,0.000000
1648719973.864193819,0,0.000000
1648719973.886122481,3,0.033000
1648719973.908286730,4,0.047000
1648719973.932329241,0,0.001000
1648719973.955410026,1,0.018000
1648719973.977931331,1,0.008000
1648719974.000121470,1,0.028000
1648719974.022588590,2,0.007000
1648719974.044984656,0,0.000000
1648719974.067254576,0,0.018000
1648719974.091070239,0,0.000000
1648719974.114153195,0,0.019000
1648719974.136721860,6,0.077000
1648719974.159545710,0,0.002000
1648719974.182913738,0,0.011000
1648719974.204963005,0,0.000000
1648719974.226894512,0,0.020000
1648719974.249599144,1,0.015000
1648719974.271481288,15,0.109000
1648719974.294045151,4,0.050000
1648719974.315109278,1,0.012000
1648719974.338154797,1,0.000000
1648719974.361696486,0,0.000000
1648719974.385550847,2,0.003000
1648719974.408684870,0,0.019000
1648719974.431178154,2,0.041000
1648719974.454697457,4,0.105000
1648719974.477545979,0,0.002000
1648719974.500978478,0,0.010000
1648719974.523864722,0,0.000000
1648719974.547552103,10,0.125000
1648719974.568996843,0,0.024000
1648719974.590292102,1,0.034000
1648719974.612367583,15,0.137000
1648719974.633066883,0,0.000000
1648719974.655476834,0,0.000000
1648719974.677609244,7,0.112000
1648719974.701004979,3,0.024000
1648719974.722978630,0,0.000000
1648719974.745715082,8,0.081000
1648719974.765498150,6,0.063000
1648719974.789175645,3,0.038000
1648719974.812750644,2,0.018000
1648719974.835550468,1,0.000000
1648719974.858574743,0,0.000000
1648719974.881085707,0,0.023000
1648719974.904007880,0,0.002000
1648719974.926657779,10,0.132000
1648719974.947936523,5,0.083000
1648719974.971399340,4,0.039000
1648719974.995449913,1,0.002000
1648719975.019564265,1,0.002000
1648719975.041509221,0,0.000000
1648719975.065523942,0,0.015000
1648719975.089648484,0,0.006000
1648719975.114017295,0,0.000000
1648719975.137373411,0,0.000000
1648719975.161615820,15,0.132000
1648719975.183582331,12,0.126000
1648719975.207488019,12,0.119000
1648719975.231960890,2,0.026000
1648719975.254571644,1,0.000000
1648719975.277928210,0,0.000000
1648719975.301733267,1,0.013000
1648719975.326010982,1,0.000000
1648719975.349017607,2,0.030000
1648719975.372501662,7,0.084000
1648719975.395650422,4,0.042000
1648719975.416696746,0,0.010000
1648719975.438695520,8,0.073000
1648719975.459855295,7,0.070000
1648719975.484266388,11,0.137000
1648719975.506850730,14,0.178000
1648719975.531235208,0,0.011000
1648719975.552416592,0,0.000000
1648719975.576318985,0,0.008000
1648719975.597287360,0,0.000000
1648719975.620039326,13,0.151000
1648719975.643448791,12,0.148000
1648719975.666537938,3,0.020000
1648719975.689127754,3,0.022000
1648719975.712006969,0,0.001000
1648719975.735731129,0,0.000000
1648719975.759614079,0,0.000000
1648719975.782983574,13,0.143000
1648719975.804393847,10,0.078000
1648719975.827704185,3,0.017000
1648719975.849185394,2,0.006000
1648719975.870792341,11,0.109000
1648719975.892460438,1,0.021000
1648719975.914477349,3,0.017000
1648719975.935928086,0,0.000000
1648719975.957160010,0,0.000000
1648719975.980424987,2,0.006000
1648719976.001845568,13,0.178000
1648719976.024377224,0,0.005000
1648719976.046914916,0,0.000000
1648719976.070358320,1,0.000000
1648719976.093582958,0,0.001000
1648719976.115197376,3,0.025000
1648719976.138287533,1,0.017000
1648719976.159954141,0,0.000000
1648719976.181742914,0,0.000000
1648719976.204203737,0,0.005000
1648719976.227436195,7,0.087000
1648719976.250712433,3,0.012000
1648719976.273547917,1,0.009000
1648719976.296523972,1,0.022000
1648719976.319940151,0,0.000000
1648719976.341468817,0,0.000000
1648719976.365666693,1,0.017000
1648719976.389406584,12,0.123000
1648719976.413444139,6,0.071000
1648719976.436508220,0,0.008000
1648719976.457027790,0,0.000000
1648719976.479118617,5,0.094000
1648719976.501393272,0,0.001000
1648719976.523196835,0,0.007000
1648719976.545830453,0,0.000000
1648719976.567808939,1,0.001000
1648719976.591043993,1,0.012000
1648719976.614234550,8,0.090000
1648719976.637055569,0,0.018000
1648719976.658563161,0,0.000000
1648719976.681644421,0,0.007000
1648719976.702401766,13,0.143000
1648719976.725936964,1,0.013000
1648719976.747136442,0,0.014000
1648719976.769084262,0,0.022000
1648719976.792121137,7,0.056000
1648719976.814758590,7,0.058000
1648719976.836841484,2,0.032000
1648719976.858827935,1,0.002000
1648719976.881960492,0,0.000000
1648719976.904917986,0,0.000000
1648719976.928426429,0,0.000000
1648719976.949904237,0,0.000000
1648719976.973590427,6,0.057000
1648719976.996941977,6,0.095000
1648719977.019627372,10,0.122000
1648719977.044141458,1,0.000000
1648719977.067215777,1,0.004000
1648719977.090679455,0,0.001000
1648719977.112987617,1,0.001000
1648719977.134943578,12,0.197000
1648719977.158020134,16,0.147000
1648719977.181087315,7,0.071000
1648719977.205063419,2,0.022000
1648719977.228121646,0,0.006000
1648719977.251584657,0,0.000000
1648719977.273310219,12,0.149000
1648719977.296866598,5,0.070000
1648719977.319646588,0,0.007000
1648719977.342338877,0,0.000000
1648719977.365962250,0,0.000000
1648719977.388556110,2,0.014000
1648719977.411428740,1,0.040000
1648719977.433341614,12,0.112000
1648719977.455996278,8,0.096000
1648719977.479552507,0,0.010000
1648719977.502554078,0,0.000000
1648719977.526018237,0,0.000000
1648719977.548292287,1,0.012000
1648719977.571317693,8,0.107000
1648719977.593615409,0,0.000000
1648719977.617927278,1,0.035000
1648719977.641956310,0,0.000000
1648719977.661666150,1,0.002000
1648719977.683550993,7,0.085000
1648719977.703924798,0,0.000000
1648719977.724195859,0,0.000000
1648719977.746341259,0,0.000000
1648719977.769856970,6,0.077000
1648719977.791764360,0,0.007000
1648719977.812679202,0,0.000000
1648719977.834465595,0,0.000000
1648719977.855958458,0,0.000000
1648719977.879171229,0,0.003000
1648719977.901534949,3,0.028000
1648719977.924220019,1,0.011000
1648719977.947755254,0,0.000000
1648719977.971347586,8,0.076000
1648719977.994601509,5,0.082000
1648719978.019622750,10,0.124000
1648719978.042358193,1,0.000000
1648719978.065190847,1,0.006000
1648719978.088575085,0,0.000000
1648719978.111475344,0,0.010000
1648719978.133697775,0,0.024000
1648719978.156002849,7,0.062000
1648719978.179664899,1,0.000000
1648719978.203495115,9,0.067000
1648719978.224860565,0,0.023000
1648719978.245764024,0,0.000000
1648719978.269318746,2,0.030000
1648719978.292007443,9,0.146000
1648719978.315582894,11,0.128000
1648719978.337337379,0,0.016000
1648719978.359904352,0,0.000000
1648719978.382695269,0,0.000000
1648719978.406958465,0,0.000000
1648719978.428945654,6,0.101000
1648719978.451509709,8,0.083000
1648719978.473811837,0,0.003000
1648719978.497057624,0,0.000000
1648719978.519039346,0,0.007000
1648719978.540970864,7,0.063000
1648719978.562119837,5,0.047000
1648719978.585123820,0,0.001000
1648719978.606024376,0,0.000000
1648719978.629469943,1,0.017000
1648719978.651239647,16,0.163000
1648719978.673068121,0,0.000000
1648719978.695020404,0,0.011000
1648719978.717650442,1,0.001000
1648719978.741227137,0,0.010000
1648719978.764819620,4,0.055000
1648719978.786040914,2,0.033000
1648719978.809002611,0,0.000000
1648719978.829463518,5,0.098000
1648719978.852123622,10,0.139000
1648719978.874913801,9,0.116000
1648719978.897138719,3,0.031000
1648719978.920647984,0,0.004000
1648719978.942767784,0,0.000000
1648719978.967726950,3,0.022000
1648719978.988574704,2,0.004000
1648719979.011908220,0,0.000000
1648719979.033748611,0,0.000000
1648719979.057566057,0,0.000000
1648719979.079826690,0,0.000000
1648719979.103595765,1,0.011000
1648719979.128040106,0,0.023000
1648719979.151554219,2,0.001000
1648719979.175127950,0,0.000000
1648719979.198489718,2,0.007000
1648719979.221925186,1,0.008000
1648719979.245938500,0,0.000000
1648719979.267906980,12,0.095000
1648719979.291293494,9,0.070000
1648719979.314211167,7,0.049000
1648719979.337618370,2,0.002000
1648719979.360567399,0,0.000000
1648719979.382429369,0,0.012000
1648719979.407044629,1,0.015000
1648719979.431470095,1,0.006000
1648719979.454384661,12,0.122000
1648719979.478264769,0,0.001000
1648719979.499061816,0,0.015000
1648719979.521044472,9,0.080000
1648719979.544549116,10,0.092000
1648719979.568245676,4,0.075000
1648719979.592377932,8,0.071000
1648719979.613865214,0,0.005000
1648719979.636003144,1,0.028000
1648719979.656899185,2,0.046000
1648719979.678260767,13,0.144000
1648719979.700978425,0,0.000000
1648719979.724899017,4,0.034000
1648719979.747930660,0,0.007000
1648719979.772047465,0,0.002000
1648719979.794696147,0,0.012000
1648719979.816510463,2,0.014000
1648719979.838770702,10,0.150000
1648719979.862049643,0,0.000000
1648719979.885097973,1,0.000000
1648719979.907299265,14,0.202000
1648719979.929544489,5,0.078000
1648719979.952768067,3,0.015000
1648719979.975101446,0,0.000000
1648719979.997832511,0,0.000000
1648719980.020342786,1,0.017000
1648719980.042913012,14,0.120000
1648719980.064202595,3,0.018000
1648719980.085559798,0,0.000000
1648719980.108376349,6,0.083000
1648719980.130983056,15,0.167000
1648719980.153754157,11,0.136000
1648719980.177437342,2,0.016000
1648719980.199275993,4,0.024000
1648719980.222621523,2,0.011000
1648719980.246214456,0,0.000000
1648719980.269435270,0,0.000000
1648719980.292371284,3,0.038000
1648719980.315486595,8,0.061000
1648719980.338461999,0,0.004000
1648719980.359369950,0,0.000000
1648719980.382734772,0,0.005000
1648719980.405686465,0,0.000000
1648719980.428483715,11,0.149000
1648719980.451659439,6,0.039000
1648719980.472778099,0,0.000000
1648719980.495054043,0,0.012000
1648719980.518262551,0,0.000000
1648719980.539665751,12,0.162000
1648719980.563298891,11,0.128000
1648719980.585484478,1,0.000000
1648719980.609229705,1,0.005000
1648719980.631990795,0,0.001000
1648719980.653934451,11,0.123000
1648719980.674872053,0,0.018000
1648719980.697442789,1,0.000000
1648719980.718308361,1,0.010000
1648719980.740644039,1,0.013000
1648719980.762608693,1,0.003000
1648719980.784863544,0,0.000000
1648719980.807413791,1,0.000000
1648719980.831204952,0,0.000000
1648719980.853896351,0,0.007000
1648719980.876754814,0,0.000000
1648719980.897420792,2,0.040000
1648719980.921065598,0,0.000000
1648719980.944179407,0,0.000000
1648719980.966410418,0,0.000000
1648719980.990224283,0,0.000000
1648719981.013022901,1,0.017000
1648719981.036137255,6,0.105000
1648719981.058928127,7,0.094000
1648719981.082371224,9,0.090000
1648719981.106106386,8,0.067000
1648719981.126956136,0,0.021000
1648719981.149706266,0,0.000000
1648719981.172795038,0,0.000000
1648719981.195376969,2,0.009000
1648719981.217263724,15,0.162000
1648719981.238127433,5,0.064000
1648719981.260698019,0,0.000000
1648719981.284306805,0,0.028000
1648719981.306367890,1,0.013000
1648719981.329329338,1,0.022000
1648719981.351814966,4,0.063000
1648719981.373560132,4,0.010000
1648719981.395215140,0,0.005000
1648719981.417936620,2,0.011000
1648719981.439367427,11,0.147000
1648719981.462275833,16,0.181000
1648719981.485152973,3,0.065000
1648719981.505901164,0,0.013000
1648719981.528683642,0,0.005000
1648719981.551575011,1,0.033000
1648719981.574996963,14,0.164000
1648719981.597614634,0,0.000000
1648719981.620123211,4,0.057000
1648719981.643376456,0,0.018000
1648719981.664859589,0,0.000000
1648719981.688969662,0,0.000000
1648719981.710773137,1,0.023000
1648719981.732100217,9,0.123000
1648719981.754532730,0,0.000000
1648719981.776537553,0,0.023000
1648719981.799288898,0,0.010000
1648719981.821259427,2,0.023000
1648719981.841409993,10,0.088000
1648719981.863444066,0,0.000000
1648719981.885621564,0,0.000000
1648719981.908231598,2,0.030000
1648719981.931724340,0,0.000000
1648719981.956113943,0,0.025000
1648719981.978024449,0,0.000000
1648719982.000265218,0,0.001000
1648719982.024408930,9,0.088000
1648719982.046155594,1,0.006000
1648719982.066830277,0,0.001000
1648719982.089623699,0,0.000000
1648719982.111272313,0,0.000000
1648719982.133735457,4,0.061000
1648719982.157187286,2,0.021000
1648719982.178190039,0,0.000000
1648719982.200996438,0,0.011000
1648719982.223506888,14,0.176000
1648719982.244000314,1,0.011000
1648719982.266041199,0,0.000000
1648719982.289927915,1,0.000000
1648719982.313205859,1,0.007000
1648719982.335633206,11,0.091000
1648719982.357590336,0,0.000000
1648719982.379362132,0,0.000000
1648719982.401462556,1,0.027000
1648719982.423228312,0,0.011000
1648719982.446593320,9,0.083000
1648719982.470414132,7,0.104000
1648719982.492800276,0,0.000000
1648719982.513506336,1,0.008000
1648719982.536858153,0,0.000000
1648719982.559571188,4,0.070000
1648719982.582536489,5,0.050000
1648719982.605557977,0,0.000000
1648719982.629697074,3,0.007000
1648719982.651502090,0,0.000000
1648719982.673459944,0,0.000000
1648719982.696361859,8,0.103000
1648719982.716882720,0,0.015000
1648719982.738096165,2,0.005000
1648719982.761741843,0,0.000000
1648719982.783308480,0,0.000000
1648719982.805943469,11,0.133000
1648719982.829329059,4,0.039000
1648719982.852500278,1,0.003000
1648719982.874100922,0,0.000000
1648719982.895943747,9,0.116000
1648719982.916713822,7,0.072000
1648719982.939624404,0,0.000000
1648719982.960906386,1,0.002000
1648719982.983091034,8,0.097000
1648719983.006030972,0,0.000000
1648719983.027222586,0,0.007000
1648719983.048548432,12,0.131000
1648719983.071373159,5,0.037000
1648719983.094090291,1,0.000000
1648719983.116964580,0,0.013000
1648719983.139324688,15,0.128000
1648719983.161386704,0,0.000000
1648719983.184388277,1,0.011000
1648719983.207303049,8,0.093000
1648719983.227199734,0,0.000000
1648719983.249264993,0,0.000000
1648719983.270961339,1,0.003000
1648719983.293881316,1,0.018000
1648719983.317507774,11,0.144000
1648719983.339910715,6,0.076000
1648719983.362357695,0,0.004000
1648719983.384891920,0,0.006000
1648719983.408323812,0,0.000000
1648719983.430900202,12,0.190000
1648719983.451076173,7,0.091000
1648719983.474865722,7,0.078000
1648719983.496987086,0,0.000000
1648719983.520253601,12,0.126000
1648719983.543599482,6,0.058000
1648719983.566256772,3,0.003000
1648719983.588468218,0,0.001000
1648719983.611292392,0,0.017000
1648719983.633401234,5,0.046000
1648719983.657035450,12,0.112000
1648719983.680817427,0,0.000000
1648719983.702079982,0,0.000000
1648719983.723436514,0,0.000000
1648719983.747081968,0,0.006000
1648719983.768414021,2,0.022000
1648719983.792234386,1,0.014000
1648719983.813936648,5,0.050000
1648719983.836782721,4,0.018000
1648719983.860719715,1,0.025000
1648719983.883795220,0,0.006000
1648719983.908413023,5,0.067000
1648719983.931893292,0,0.000000
1648719983.952986544,3,0.013000
1648719983.976848261,0,0.000000
1648719984.000650087,6,0.105000
1648719984.022607959,8,0.142000
1648719984.045104690,2,0.046000
1648719984.066963792,2,0.031000
1648719984.090281993,0,0.011000
1648719984.112364438,0,0.000000
1648719984.135296360,15,0.169000
1648719984.159248138,1,0.019000
1648719984.180425788,0,0.023000
1648719984.203555171,1,0.013000
1648719984.223845117,12,0.130000
1648719984.246269660,2,0.004000
1648719984.269464771,0,0.000000
1648719984.292313281,0,0.000000
1648719984.313883374,12,0.084000
1648719984.336505248,0,0.000000
1648719984.358567470,0,0.000000
1648719984.381786333,0,0.008000
1648719984.405988444,0,0.005000
1648719984.428506944,0,0.000000
1648719984.451096733,0,0.000000
1648719984.474953972,0,0.001000
1648719984.498033002,10,0.142000
1648719984.520315257,7,0.152000
1648719984.544005853,0,0.000000
1648719984.565320414,1,0.024000
1648719984.588954754,0,0.000000
1648719984.610873081,10,0.184000
1648719984.633573710,3,0.032000
1648719984.654417360,0,0.004000
1648719984.677752158,1,0.000000
1648719984.699780329,4,0.053000
1648719984.721773906,13,0.117000
1648719984.744415318,6,0.082000
1648719984.767246513,2,0.029000
1648719984.789662560,0,0.001000
1648719984.812803751,0,0.000000
1648719984.835076997,3,0.015000
1648719984.857384080,3,0.090000
1648719984.879881495,4,0.016000
1648719984.902246660,0,0.016000
1648719984.924089943,12,0.149000
1648719984.945468330,3,0.022000
1648719984.966436548,3,0.054000
1648719984.989969237,0,0.001000
1648719985.011529409,3,0.003000
1648719985.034045190,0,0.000000
1648719985.057524760,2,0.084000
1648719985.078987876,9,0.114000
1648719985.102667551,14,0.117000
1648719985.124237180,2,0.021000
1648719985.148076948,1,0.007000
1648719985.171148670,1,0.012000
1648719985.194370755,0,0.007000
1648719985.216003983,11,0.096000
1648719985.238331345,2,0.010000
1648719985.258924393,0,0.005000
1648719985.282012730,1,0.011000
1648719985.303254454,7,0.059000
1648719985.325052612,0,0.000000
1648719985.347605935,3,0.023000
1648719985.370590471,0,0.000000
1648719985.392680069,0,0.000000
1648719985.415305532,2,0.017000
1648719985.438823015,10,0.099000
1648719985.459122127,3,0.024000
1648719985.481036251,0,0.000000
1648719985.503893099,0,0.000000
1648719985.527447240,0,0.000000
1648719985.550297938,0,0.000000
1648719985.571314058,10,0.121000
1648719985.594353484,11,0.102000
1648719985.615768473,2,0.011000
1648719985.639203481,0,0.005000
1648719985.663207645,0,0.000000
1648719985.684295035,0,0.005000
1648719985.706967558,0,0.000000
1648719985.731186692,0,0.002000
1648719985.753396779,9,0.116000
1648719985.775121430,4,0.057000
1648719985.796615718,0,0.000000
1648719985.819115791,0,0.015000
1648719985.840970236,14,0.174000
1648719985.862448699,3,0.020000
1648719985.885331319,0,0.000000
1648719985.906699222,0,0.000000
1648719985.929975168,0,0.000000
1648719985.951686571,1,0.011000
1648719985.973731934,1,0.004000
1648719985.996444525,0,0.000000
1648719986.018322977,0,0.008000
1648719986.040986069,5,0.102000
1648719986.063759834,8,0.126000
1648719986.087408051,12,0.140000
1648719986.109621648,0,0.000000
1648719986.131437190,0,0.000000
1648719986.153549351,0,0.000000
1648719986.176094063,7,0.051000
1648719986.199251247,1,0.028000
1648719986.222002813,0,0.011000
1648719986.244821530,1,0.006000
1648719986.266948178,1,0.019000
1648719986.289197117,1,0.013000
1648719986.312637882,7,0.074000
1648719986.334865638,2,0.025000
1648719986.358910025,0,0.000000
1648719986.379973394,0,0.000000
1648719986.402891481,0,0.019000
1648719986.426851486,0,0.000000
1648719986.450707499,15,0.154000
1648719986.473135567,2,0.033000
1648719986.495041168,0,0.000000
1648719986.516000929,0,0.000000
1648719986.539462975,7,0.083000
1648719986.561877127,0,0.000000
1648719986.584925894,0,0.000000
1648719986.608581868,0,0.009000
1648719986.630179901,1,0.027000
1648719986.653113566,0,0.000000
1648719986.675636994,9,0.096000
1648719986.698204255,11,0.101000
1648719986.721142309,2,0.023000
1648719986.744564099,1,0.011000
1648719986.767034672,0,0.000000
1648719986.790445360,0,0.000000
1648719986.812547131,1,0.000000
1648719986.835473537,15,0.171000
1648719986.857953258,3,0.061000
1648719986.881184793,0,0.012000
1648719986.902553157,0,0.000000
1648719986.923893711,0,0.000000
1648719986.946610452,8,0.146000
1648719986.968819286,7,0.099000
1648719986.991913452,2,0.028000
1648719987.014103595,0,0.000000
1648719987.036730108,1,0.005000
1648719987.059740664,0,0.004000
1648719987.080369407,11,0.102000
1648719987.103880711,13,0.159000
1648719987.126847661,9,0.122000
1648719987.150185925,0,0.000000
1648719987.171847421,2,0.019000
1648719987.194660789,0,0.000000
1648719987.217994924,0,0.000000
1648719987.239611120,12,0.142000
1648719987.262553939,6,0.061000
1648719987.283583015,0,0.000000
1648719987.305941389,0,0.000000
1648719987.327798934,0,0.007000
1648719987.350383182,14,0.144000
1648719987.373241245,0,0.011000
1648719987.394044557,2,0.007000
1648719987.416321795,6,0.054000
1648719987.437077303,14,0.133000
1648719987.460607030,8,0.094000
1648719987.483864666,3,0.026000
1648719987.508476950,0,0.000000
1648719987.530304605,1,0.002000
1648719987.554361851,1,0.001000
1648719987.576403527,4,0.087000
1648719987.599489330,7,0.060000
1648719987.623194215,9,0.070000
1648719987.643600010,0,0.005000
1648719987.665950842,2,0.004000
1648719987.687238810,7,0.070000
1648719987.709686462,2,0.023000
1648719987.732569146,1,0.002000
1648719987.755358938,0,0.000000
1648719987.778248430,1,0.011000
1648719987.801496140,2,0.006000
1648719987.825023399,17,0.169000
1648719987.847811488,6,0.100000
1648719987.870748266,1,0.012000
1648719987.891616848,0,0.000000
1648719987.913558590,9,0.161000
1648719987.935702135,0,0.000000
1648719987.956816107,0,0.010000
1648719987.980602745,2,0.016000
1648719988.003671278,2,0.001000
1648719988.026311363,11,0.125000
1648719988.048959258,5,0.022000
1648719988.072620465,0,0.022000
1648719988.094728173,0,0.000000
1648719988.118370046,0,0.000000
1648719988.141434520,2,0.002000
1648719988.165055312,9,0.105000
1648719988.187132362,0,0.003000
1648719988.208470323,0,0.000000
1648719988.230981724,2,0.031000
1648719988.253843365,0,0.000000
1648719988.276949940,9,0.125000
1648719988.298341248,0,0.000000
1648719988.321336562,1,0.004000
1648719988.343986561,0,0.002000
1648719988.364164991,7,0.092000
1648719988.385487375,9,0.099000
1648719988.409218312,9,0.110000
1648719988.431135993,0,0.000000
1648719988.454550927,0,0.000000
1648719988.477849879,7,0.093000
1648719988.499565279,8,0.106000
1648719988.522452014,12,0.137000
1648719988.544694146,1,0.004000
1648719988.566111546,0,0.008000
1648719988.589092941,0,0.011000
1648719988.613238247,1,0.023000
1648719988.635205955,11,0.131000
1648719988.656492505,1,0.035000
1648719988.680153387,0,0.007000
1648719988.702781208,2,0.012000
1648719988.722170687,0,0.000000
1648719988.745328741,13,0.137000
1648719988.769343507,14,0.167000
1648719988.792444900,0,0.020000
1648719988.815180345,0,0.000000
1648719988.838358592,0,0.000000
1648719988.862060505,12,0.098000
1648719988.884445823,14,0.139000
1648719988.906669898,6,0.129000
1648719988.930768355,9,0.091000
1648719988.953680098,0,0.001000
1648719988.976029753,0,0.000000
1648719988.998478302,0,0.000000
1648719989.021817881,15,0.185000
1648719989.043527476,0,0.000000
1648719989.067675276,1,0.023000
1648719989.090605759,0,0.003000
1648719989.112542258,0,0.006000
1648719989.136915879,0,0.000000
1648719989.160417141,13,0.151000
1648719989.182934968,6,0.055000
1648719989.205767890,4,0.012000
1648719989.228191735,1,0.000000
1648719989.253151530,1,0.001000
1648719989.276024514,12,0.123000
1648719989.298099023,1,0.000000
1648719989.320250819,0,0.004000
1648719989.342871569,0,0.000000
1648719989.365492745,0,0.000000
1648719989.389722108,0,0.000000
1648719989.412900212,8,0.079000
1648719989.434496741,13,0.159000
1648719989.457907160,1,0.006000
1648719989.480050188,1,0.006000
1648719989.503058200,0,0.005000
1648719989.525575895,12,0.152000
1648719989.549510899,2,0.048000
1648719989.570969275,3,0.060000
1648719989.595215321,0,0.000000
1648719989.616596628,0,0.000000
1648719989.639409008,6,0.079000
1648719989.662934508,8,0.105000
1648719989.686495603,0,0.010000
1648719989.708868636,3,0.045000
1648719989.732620559,0,0.015000
1648719989.755917915,0,0.000000
1648719989.777474477,7,0.117000
1648719989.799374984,2,0.002000
1648719989.822093234,0,0.000000
1648719989.845058155,0,0.000000
1648719989.868075765,7,0.093000
1648719989.889693219,9,0.083000
1648719989.912303303,2,0.010000
1648719989.934407192,0,0.000000
1648719989.958781577,0,0.001000
1648719989.980852197,6,0.077000
1648719990.002715230,0,0.006000
1648719990.025469195,1,0.002000
1648719990.048267776,0,0.001000
1648719990.070960222,0,0.000000
1648719990.095102103,1,0.024000
1648719990.117059681,13,0.113000
1648719990.141012340,4,0.036000
1648719990.163139005,0,0.000000
1648719990.185713681,0,0.000000
1648719990.208210205,0,0.000000
1648719990.230465920,10,0.110000
1648719990.252550998,4,0.070000
1648719990.275305784,1,0.003000
1648719990.298903668,0,0.000000
1648719990.320186410,0,0.005000
1648719990.343315728,1,0.028000
1648719990.365957749,10,0.167000
1648719990.388740492,8,0.105000
1648719990.413159672,0,0.004000
1648719990.434832404,3,0.042000
1648719990.457098292,0,0.000000
1648719990.479360111,0,0.001000
1648719990.502586365,1,0.001000
1648719990.525447345,9,0.121000
1648719990.548111011,8,0.125000
1648719990.571094891,6,0.083000
1648719990.594546415,1,0.001000
1648719990.616476434,0,0.000000
1648719990.639351327,12,0.153000
1648719990.660985753,0,0.011000
1648719990.683160164,0,0.000000
1648719990.707547716,0,0.006000
1648719990.729188159,0,0.000000
1648719990.750905676,1,0.020000
1648719990.774327738,11,0.085000
1648719990.795947298,8,0.101000
1648719990.819846228,8,0.068000
1648719990.841375792,0,0.004000
1648719990.863955713,1,0.009000
1648719990.884973983,7,0.084000
1648719990.907701310,7,0.079000
1648719990.930644804,1,0.014000
1648719990.954194095,0,0.000000
1648719990.975168779,0,0.000000
1648719990.994875103,9,0.070000
1648719991.016337834,2,0.037000
1648719991.038247347,1,0.016000
1648719991.061823443,0,0.000000
1648719991.083743338,16,0.137000
1648719991.106235976,11,0.143000
1648719991.129773671,2,0.016000
1648719991.151157412,1,0.005000
1648719991.174508594,0,0.000000
1648719991.198981138,0,0.000000
1648719991.220199291,0,0.000000
1648719991.243270360,12,0.168000
1648719991.264694462,2,0.027000
1648719991.286097074,0,0.000000
1648719991.309251670,0,0.001000
1648719991.331776467,1,0.003000
1648719991.354008122,0,0.012000
1648719991.377435220,8,0.086000
1648719991.400678615,4,0.044000
1648719991.425153080,1,0.009000
1648719991.446175778,0,0.000000
1648719991.467703406,12,0.113000
1648719991.491415755,1,0.010000
1648719991.514689968,0,0.000000
1648719991.538672242,1,0.006000
1648719991.560313003,1,0.010000
1648719991.583637551,0,0.023000
1648719991.606508050,12,0.178000
1648719991.628698773,4,0.028000
1648719991.650677949,0,0.004000
1648719991.673279289,0,0.001000
1648719991.695924515,1,0.007000
1648719991.719378617,0,0.000000
1648719991.743022595,17,0.177000
1648719991.764938384,0,0.000000
1648719991.787363439,0,0.000000
1648719991.809568764,0,0.000000
1648719991.832635689,0,0.008000
1648719991.856830122,0,0.000000
1648719991.879856829,1,0.005000
1648719991.902868629,0,0.012000
1648719991.926609394,13,0.202000
1648719991.948667282,15,0.161000
1648719991.971904071,1,0.002000
1648719991.994441013,0,0.012000
1648719992.017248548,0,0.000000
1648719992.039610449,3,0.011000
1648719992.060501308,12,0.117000
1648719992.082798833,1,0.036000
1648719992.105688873,1,0.000000
1648719992.127560974,1,0.027000
1648719992.150464400,0,0.004000
1648719992.174537237,10,0.087000
1648719992.195804098,3,0.022000
1648719992.217494403,0,0.000000
1648719992.240468482,0,0.000000
1648719992.263070009,1,0.030000
1648719992.284489902,13,0.120000
1648719992.307235356,8,0.081000
1648719992.330025824,3,0.034000
1648719992.352792386,2,0.003000
1648719992.376981460,0,0.000000
1648719992.398778363,9,0.125000
1648719992.421407986,4,0.030000
1648719992.444009234,2,0.026000
1648719992.467232609,2,0.032000
1648719992.490566949,1,0.014000
1648719992.514738651,1,0.000000
1648719992.537224677,0,0.000000
1648719992.559919839,4,0.063000
1648719992.580729058,1,0.003000
1648719992.603485853,0,0.000000
1648719992.625956114,0,0.000000
1648719992.649992421,0,0.016000
1648719992.672858507,13,0.134000
1648719992.694071561,0,0.020000
1648719992.716938392,0,0.005000
1648719992.739100832,0,0.000000
1648719992.760398004,0,0.001000
1648719992.783449674,3,0.004000
1648719992.806592360,11,0.113000
1648719992.830027064,7,0.110000
1648719992.853564017,1,0.006000
1648719992.877218481,1,0.017000
1648719992.898096568,0,0.000000
1648719992.920615184,12,0.139000
1648719992.944052047,13,0.151000
1648719992.967926038,14,0.141000
1648719992.991345738,10,0.082000
1648719993.014015954,2,0.002000
1648719993.037796176,1,0.031000
1648719993.060232249,0,0.000000
1648719993.082762400,1,0.017000
1648719993.105910549,0,0.000000
1648719993.127232460,15,0.156000
1648719993.150661261,12,0.155000
1648719993.174132461,8,0.103000
1648719993.196893985,3,0.015000
1648719993.219591168,0,0.000000
1648719993.241721837,1,0.011000
1648719993.264083156,1,0.011000
1648719993.286239319,11,0.151000
1648719993.310217518,9,0.161000
1648719993.332831146,4,0.045000
1648719993.354527528,1,0.006000
1648719993.377281300,0,0.000000
1648719993.401003165,0,0.000000
1648719993.423732353,2,0.019000
1648719993.445457470,16,0.172000
1648719993.468749479,5,0.069000
1648719993.490388517,0,0.007000
1648719993.512528388,2,0.000000
1648719993.536006102,0,0.000000
1648719993.556983215,3,0.000000
1648719993.578857864,3,0.047000
1648719993.600490657,0,0.014000
1648719993.623855354,0,0.000000
1648719993.644978014,4,0.036000
1648719993.665477500,6,0.058000
1648719993.686963339,1,0.001000
1648719993.710386019,0,0.014000
1648719993.733334785,0,0.000000
1648719993.754520525,0,0.001000
1648719993.778279314,0,0.000000
1648719993.800472176,2,0.013000
1648719993.822974804,0,0.000000
1648719993.846877562,0,0.009000
1648719993.871774003,0,0.001000
1648719993.894841386,0,0.001000
1648719993.916959771,0,0.000000
1648719993.941113646,0,0.000000
1648719993.964100814,2,0.069000
1648719993.987474763,4,0.020000
1648719994.011541359,1,0.010000
1648719994.034831755,6,0.135000
1648719994.057079708,14,0.145000
1648719994.080976215,0,0.002000
1648719994.102715654,0,0.000000
1648719994.127104631,0,0.000000
1648719994.150829317,0,0.001000
1648719994.172478233,5,0.074000
1648719994.196886956,4,0.060000
1648719994.220388419,13,0.182000
1648719994.243010465,0,0.011000
1648719994.265196137,1,0.016000
1648719994.288099013,0,0.000000
1648719994.311929236,0,0.000000
1648719994.335260846,1,0.000000
1648719994.357569480,0,0.000000
1648719994.380753235,0,0.002000
1648719994.403466301,0,0.006000
1648719994.425903276,0,0.000000
1648719994.447833505,7,0.083000
1648719994.469066882,0,0.007000
1648719994.492629549,1,0.033000
1648719994.514721645,0,0.000000
1648719994.539088635,2,0.010000
1648719994.562722352,0,0.004000
1648719994.585443856,10,0.211000
1648719994.607834362,18,0.210000
1648719994.632149484,2,0.043000
1648719994.654952445,1,0.008000
1648719994.677795402,1,0.013000
1648719994.702934586,0,0.012000
1648719994.723939492,0,0.015000
1648719994.746106400,5,0.048000
1648719994.768141918,12,0.113000
1648719994.789757169,2,0.016000
1648719994.812136967,1,0.033000
1648719994.836397773,0,0.000000
1648719994.859010825,0,0.016000
1648719994.881883337,9,0.096000
1648719994.904945456,12,0.156000
1648719994.928729788,1,0.042000
1648719994.952134330,2,0.014000
1648719994.975431212,0,0.004000
1648719994.998528680,0,0.000000
1648719995.021480566,2,0.034000
1648719995.045061828,10,0.161000
1648719995.068364185,4,0.030000
1648719995.092137411,0,0.000000
1648719995.113385259,0,0.001000
1648719995.135764366,2,0.014000
1648719995.159244039,7,0.112000
1648719995.182962615,17,0.185000
1648719995.205561158,10,0.131000
1648719995.228067340,1,0.022000
1648719995.250362733,0,0.000000
1648719995.272958987,0,0.000000
1648719995.296145744,0,0.000000
1648719995.317787003,16,0.166000
1648719995.339466037,9,0.094000
1648719995.361471928,1,0.004000
1648719995.383208054,0,0.032000
1648719995.405561120,0,0.000000
1648719995.429256802,0,0.000000
1648719995.452601067,2,0.011000
1648719995.475361020,3,0.055000
1648719995.498249321,8,0.086000
1648719995.519734600,1,0.011000
1648719995.542580165,0,0.000000
1648719995.565240062,0,0.000000
1648719995.588338011,6,0.067000
1648719995.609357876,0,0.022000
1648719995.632462390,0,0.000000
1648719995.655775563,1,0.000000
1648719995.679008144,2,0.014000
1648719995.701383925,14,0.137000
1648719995.724643884,9,0.117000
1648719995.746612070,1,0.001000
1648719995.770895573,0,0.000000
1648719995.792093870,0,0.000000
1648719995.814817804,0,0.000000
1648719995.837258000,0,0.000000
1648719995.860057934,9,0.110000
1648719995.882080202,12,0.084000
1648719995.904668001,1,0.000000
1648719995.925548545,0,0.000000
1648719995.947810270,0,0.000000
1648719995.969437231,2,0.031000
1648719995.993221083,6,0.086000
1648719996.015325185,16,0.167000
1648719996.038771549,7,0.100000
1648719996.060778853,0,0.006000
1648719996.082587008,0,0.020000
1648719996.104996293,0,0.000000
1648719996.128649650,0,0.000000
1648719996.149846026,5,0.088000
1648719996.172954163,6,0.082000
1648719996.194192560,1,0.000000
1648719996.217004777,0,0.000000
1648719996.239431713,1,0.000000
1648719996.263561943,7,0.103000
1648719996.286971558,11,0.154000
1648719996.309082467,0,0.000000
1648719996.330426465,0,0.000000
1648719996.350829976,6,0.085000
1648719996.372377940,0,0.000000
1648719996.392848017,2,0.013000
1648719996.414141579,1,0.000000
1648719996.436552707,12,0.201000
1648719996.457324778,8,0.114000
1648719996.480709219,0,0.000000
1648719996.502425292,1,0.000000
1648719996.526213910,0,0.000000
1648719996.551376117,1,0.013000
1648719996.572628059,1,0.010000
1648719996.593060735,6,0.084000
1648719996.614737139,2,0.014000
1648719996.635125500,0,0.008000
1648719996.657148087,9,0.116000
1648719996.677748745,0,0.000000
1648719996.700038341,0,0.000000
1648719996.722680963,9,0.103000
1648719996.743944466,8,0.083000
1648719996.765900308,0,0.000000
1648719996.789234488,2,0.024000
1648719996.812400024,0,0.000000
1648719996.833285465,10,0.114000
1648719996.855362041,0,0.006000
1648719996.877274036,4,0.042000
1648719996.901073392,0,0.000000
1648719996.923540810,0,0.000000
1648719996.946427710,0,0.007000
1648719996.968596741,2,0.047000
1648719996.992469915,12,0.109000
1648719997.014090433,0,0.000000
1648719997.036916391,0,0.000000
1648719997.058421535,0,0.012000
1648719997.080688078,7,0.070000
1648719997.104275100,4,0.040000
1648719997.127878822,0,0.005000
1648719997.150608482,1,0.018000
1648719997.173551037,1,0.006000
1648719997.196299099,0,0.004000
1648719997.217812903,6,0.104000
1648719997.241124649,3,0.035000
1648719997.263003564,0,0.000000
1648719997.285266735,0,0.000000
1648719997.308419498,3,0.093000
1648719997.329272850,15,0.162000
1648719997.352104429,8,0.102000
1648719997.375948492,1,0.009000
1648719997.397840493,2,0.001000
1648719997.420546692,0,0.000000
1648719997.443376849,0,0.013000
1648719997.466531960,5,0.083000
1648719997.489874359,11,0.117000
1648719997.511271298,0,0.000000
1648719997.534296578,1,0.000000
1648719997.557555879,0,0.000000
1648719997.579856011,0,0.001000
1648719997.603329987,11,0.141000
1648719997.624905288,1,0.000000
1648719997.647503104,3,0.010000
1648719997.671663069,0,0.000000
1648719997.694362480,0,0.000000
1648719997.717149449,0,0.000000
1648719997.740014601,0,0.000000
1648719997.763108201,5,0.069000
1648719997.786052685,6,0.025000
1648719997.808708182,0,0.005000
1648719997.830819055,0,0.000000
1648719997.853628265,0,0.000000
1648719997.876821416,12,0.225000
1648719997.899612729,1,0.003000
1648719997.922208399,0,0.012000
1648719997.943564100,14,0.152000
1648719997.964640718,6,0.093000
1648719997.987740530,1,0.006000
1648719998.010561437,0,0.000000
1648719998.032793861,0,0.006000
1648719998.055702447,15,0.197000
1648719998.077351238,3,0.020000
1648719998.099636015,2,0.018000
1648719998.122979606,0,0.000000
1648719998.144964108,0,0.000000
1648719998.168827924,0,0.000000
1648719998.191862196,0,0.007000
1648719998.215452936,1,0.000000
1648719998.238918937,14,0.133000
1648719998.258885195,9,0.117000
1648719998.282856505,0,0.000000
1648719998.305132634,0,0.003000
1648719998.326339469,1,0.000000
1648719998.348619275,14,0.139000
1648719998.372201920,10,0.089000
1648719998.394324706,4,0.030000
1648719998.417373180,2,0.036000
1648719998.439409078,0,0.016000
1648719998.462047199,0,0.001000
1648719998.484667276,3,0.077000
1648719998.506508098,5,0.048000
1648719998.528880133,0,0.008000
1648719998.551387490,1,0.003000
1648719998.574756007,0,0.000000
1648719998.597793286,1,0.020000
1648719998.620528019,0,0.000000
1648719998.643860183,0,0.000000
1648719998.666743429,11,0.123000
1648719998.689506428,13,0.185000
1648719998.712748290,13,0.122000
1648719998.735464991,1,0.028000
1648719998.758352058,0,0.000000
1648719998.781359969,0,0.000000
1648719998.806369155,2,0.046000
1648719998.826867493,8,0.109000
1648719998.849868270,0,0.000000
1648719998.873169582,0,0.006000
1648719998.896757207,0,0.000000
1648719998.916946182,1,0.013000
1648719998.939336571,0,0.014000
1648719998.960821794,2,0.019000
1648719998.983227085,0,0.005000
1648719999.004454194,0,0.005000
1648719999.025439383,15,0.173000
1648719999.048332063,12,0.137000
1648719999.071273673,0,0.000000
1648719999.094166241,0,0.007000
1648719999.116337420,0,0.016000
1648719999.139529950,0,0.005000
1648719999.161435803,14,0.161000
1648719999.184454330,7,0.083000
1648719999.207553409,0,0.000000
1648719999.229777178,1,0.013000
1648719999.252779073,0,0.015000
1648719999.275911087,0,0.000000
1648719999.298590055,10,0.082000
1648719999.320598578,4,0.036000
1648719999.344483802,6,0.043000
1648719999.367496232,3,0.029000
1648719999.390103639,2,0.015000
1648719999.412509854,0,0.000000
1648719999.434033368,16,0.141000
1648719999.457020159,10,0.085000
1648719999.480554605,0,0.000000
1648719999.502528139,1,0.025000
1648719999.525544778,1,0.017000
1648719999.548951015,0,0.019000
1648719999.570316193,0,0.000000
1648719999.593744096,10,0.099000
1648719999.615635921,0,0.015000
1648719999.639059615,1,0.026000
1648719999.661359746,0,0.010000
1648719999.683564092,0,0.004000
1648719999.704905021,9,0.113000
1648719999.727995377,17,0.170000
1648719999.752171728,9,0.124000
1648719999.774525864,1,0.003000
1648719999.797643107,0,0.022000
1648719999.821066002,0,0.000000
1648719999.843488433,0,0.000000
1648719999.864458663,6,0.111000
1648719999.886818968,14,0.146000
1648719999.910444493,0,0.014000
1648719999.931018885,0,0.008000
1648719999.954557655,0,0.000000
1648719999.976572577,0,0.002000
1648720000.000222475,8,0.058000
1648720000.021022544,1,0.000000
1648720000.043224223,2,0.034000
1648720000.065272033,0,0.000000
1648720000.088064870,0,0.000000
1648720000.110706344,11,0.111000
1648720000.133537280,2,0.010000
1648720000.155879174,0,0.001000
1648720000.176184632,0,0.000000
1648720000.198498346,9,0.085000
1648720000.220955479,0,0.005000
1648720000.242465011,0,0.006000
1648720000.266182666,1,0.027000
1648720000.289609063,0,0.000000
1648720000.311750432,6,0.066000
1648720000.335302570,0,0.023000
1648720000.357173340,0,0.018000
1648720000.379640648,1,0.006000
1648720000.402243859,9,0.090000
1648720000.424408855,2,0.037000
1648720000.446032927,3,0.039000
1648720000.469086823,0,0.005000
1648720000.492047155,0,0.000000
1648720000.514290681,0,0.000000
1648720000.536488972,9,0.087000
1648720000.558295171,0,0.010000
1648720000.579004592,0,0.000000
1648720000.602738005,2,0.035000
1648720000.622785413,13,0.182000
1648720000.646151500,5,0.017000
1648720000.668108090,0,0.000000
1648720000.690072231,2,0.017000
1648720000.712832201,8,0.106000
1648720000.735384645,7,0.083000
1648720000.758738530,0,0.000000
1648720000.780943633,0,0.003000
1648720000.802170290,4,0.088000
1648720000.824020252,12,0.153000
1648720000.847860630,9,0.117000
1648720000.870487601,1,0.022000
1648720000.893674845,0,0.010000
1648720000.916095909,1,0.000000
1648720000.938713298,8,0.091000
1648720000.959889654,1,0.001000
1648720000.983754157,0,0.002000
1648720001.007763516,0,0.000000
1648720001.030421885,0,0.000000
1648720001.053496423,0,0.002000
1648720001.077001923,9,0.107000
1648720001.098485119,0,0.013000
1648720001.120933212,0,0.000000
1648720001.142377344,1,0.000000
1648720001.163913334,0,0.000000
1648720001.187141174,8,0.078000
1648720001.209338445,15,0.162000
1648720001.232273397,7,0.046000
1648720001.256846867,1,0.007000
1648720001.280248831,0,0.001000
1648720001.303080207,0,0.006000
1648720001.325653372,0,0.004000
1648720001.349737215,6,0.074000
1648720001.371503929,4,0.056000
1648720001.395561812,0,0.000000
1648720001.418256802,7,0.078000
1648720001.440696741,11,0.111000
1648720001.463978181,0,0.000000
1648720001.487532328,0,0.000000
1648720001.509938930,2,0.016000
1648720001.534362263,0,0.000000
1648720001.556569035,12,0.129000
1648720001.579450469,10,0.087000
1648720001.602802951,0,0.004000
1648720001.625051695,0,0.007000
1648720001.648531729,1,0.024000
1648720001.670499352,11,0.104000
1648720001.693772787,14,0.174000
1648720001.715620827,1,0.000000
1648720001.736878267,0,0.007000
1648720001.758420058,0,0.018000
1648720001.781012083,0,0.018000
1648720001.804350438,9,0.073000
1648720001.829005862,2,0.010000
1648720001.851193038,2,0.008000
1648720001.875210806,1,0.014000
1648720001.897249260,0,0.000000
1648720001.920567220,3,0.066000
1648720001.943822158,5,0.102000
1648720001.967058182,0,0.021000
1648720001.989864846,0,0.000000
1648720002.010429786,0,0.000000
1648720002.034277723,0,0.010000
1648720002.057289834,13,0.138000
1648720002.079404060,1,0.011000
1648720002.101441817,1,0.001000
1648720002.123807339,0,0.000000
1648720002.145406729,8,0.100000
1648720002.168296275,6,0.077000
1648720002.191140933,3,0.025000
1648720002.212028313,2,0.020000
1648720002.234902212,0,0.001000
1648720002.256774837,1,0.020000
1648720002.279737900,11,0.137000
1648720002.300226293,0,0.000000
1648720002.322810393,0,0.006000
1648720002.346916241,1,0.030000
1648720002.368964887,0,0.000000
1648720002.390498979,7,0.095000
1648720002.412030071,5,0.052000
1648720002.432716065,0,0.017000
1648720002.455121788,0,0.001000
1648720002.479529701,0,0.000000
1648720002.501947421,0,0.000000
1648720002.524799102,5,0.067000
1648720002.546810509,0,0.000000
1648720002.569444698,0,0.000000
1648720002.592299648,2,0.022000
1648720002.613833820,9,0.091000
1648720002.634499741,0,0.000000
1648720002.658343210,0,0.000000
1648720002.679527086,4,0.051000
1648720002.704245991,8,0.077000
1648720002.726873234,7,0.093000
1648720002.749544684,1,0.011000
1648720002.769804865,0,0.011000
1648720002.791262774,12,0.150000
1648720002.813416121,9,0.071000
1648720002.834773520,0,0.000000
1648720002.858464690,0,0.000000
1648720002.880067206,0,0.015000
1648720002.903378883,1,0.000000
1648720002.928546590,2,0.030000
1648720002.950897310,4,0.042000
1648720002.972188676,0,0.000000
1648720002.994477781,1,0.009000
1648720003.017146626,0,0.007000
1648720003.040390467,1,0.089000
1648720003.063347560,0,0.010000
1648720003.083720037,1,0.001000
1648720003.107059731,0,0.000000
1648720003.130251361,0,0.003000
1648720003.152233062,9,0.155000
1648720003.175273086,13,0.127000
1648720003.196994629,5,0.040000
1648720003.220380254,0,0.000000
1648720003.243250336,0,0.000000
1648720003.266138577,5,0.094000
1648720003.287213319,1,0.001000
1648720003.309724788,0,0.000000
1648720003.333021481,1,0.008000
1648720003.354748827,14,0.119000
1648720003.376318957,1,0.039000
1648720003.399934586,0,0.011000
1648720003.422896180,0,0.002000
1648720003.443242389,0,0.015000
1648720003.467026500,5,0.057000
1648720003.489339553,5,0.071000
1648720003.512048249,0,0.009000
1648720003.535254826,0,0.000000
1648720003.558381645,0,0.000000
1648720003.579878987,2,0.008000
1648720003.603786924,8,0.109000
1648720003.626236301,8,0.069000
1648720003.648438066,1,0.004000
1648720003.670471125,0,0.008000
1648720003.692415561,0,0.004000
1648720003.715436177,1,0.014000
1648720003.737935893,3,0.032000
1648720003.758720851,0,0.000000
1648720003.782857663,1,0.002000
1648720003.805704427,3,0.000000
1648720003.827405570,1,0.005000
1648720003.850410343,0,0.000000
1648720003.873408178,4,0.029000
1648720003.894669871,0,0.001000
1648720003.916986027,10,0.077000
1648720003.939187820,5,0.031000
1648720003.961243376,1,0.023000
1648720003.985163327,2,0.017000
1648720004.007268057,1,0.036000
1648720004.029082425,5,0.026000
1648720004.051059016,1,0.032000
1648720004.073628230,1,0.001000
1648720004.096270861,0,0.028000
1648720004.118432558,0,0.000000
1648720004.140204450,0,0.000000
1648720004.162329960,1,0.007000
1648720004.184601963,6,0.090000
1648720004.207230995,2,0.012000
1648720004.229586655,1,0.001000
1648720004.252320686,0,0.005000
1648720004.274916665,0,0.009000
1648720004.296660992,17,0.198000
1648720004.319050571,6,0.053000
1648720004.342906891,2,0.046000
1648720004.365442945,0,0.000000
1648720004.388353450,0,0.000000
1648720004.411989409,0,0.000000
1648720004.435318273,12,0.160000
1648720004.459089288,5,0.059000
1648720004.482346540,0,0.000000
1648720004.505251773,0,0.000000
1648720004.528522647,0,0.000000
1648720004.551487066,1,0.006000
1648720004.573446055,14,0.165000
1648720004.596484438,0,0.001000
1648720004.619432958,2,0.011000
1648720004.642449851,0,0.008000
1648720004.664439981,6,0.104000
1648720004.684242893,11,0.129000
1648720004.706689909,7,0.087000
1648720004.729977496,2,0.007000
1648720004.752419013,0,0.015000
1648720004.776151528,1,0.015000
1648720004.797820021,3,0.024000
1648720004.820072901,11,0.193000
1648720004.841083366,14,0.161000
1648720004.864820339,0,0.016000
1648720004.885978438,0,0.000000
1648720004.907534971,0,0.001000
1648720004.929857695,14,0.173000
1648720004.950681170,5,0.054000
1648720004.973572466,6,0.046000
1648720004.997087444,0,0.016000
1648720005.019479122,0,0.009000
1648720005.042362332,0,0.000000
1648720005.065612146,1,0.018000
1648720005.089920364,0,0.000000
1648720005.112953506,0,0.000000
1648720005.135914423,0,0.007000
1648720005.157916631,16,0.184000
1648720005.179841912,2,0.019000
1648720005.202397599,0,0.000000
1648720005.225469279,0,0.000000
1648720005.248132311,0,0.000000
1648720005.270651762,0,0.000000
1648720005.293482914,8,0.110000
1648720005.315008652,1,0.011000
1648720005.337059433,3,0.026000
1648720005.359773111,0,0.000000
1648720005.382894529,0,0.000000
1648720005.405808147,0,0.000000
1648720005.428076638,0,0.000000
1648720005.451452043,13,0.121000
1648720005.474176694,10,0.117000
1648720005.496843744,3,0.017000
1648720005.519903453,0,0.006000
1648720005.542833520,1,0.018000
1648720005.564266845,1,0.019000
1648720005.585499109,6,0.070000
1648720005.608507985,2,0.028000
1648720005.631374625,0,0.000000
1648720005.654626532,0,0.000000
1648720005.677909838,12,0.135000
1648720005.699837310,3,0.023000
1648720005.723259521,1,0.001000
1648720005.747390782,0,0.000000
1648720005.769604586,0,0.000000
1648720005.792729171,1,0.003000
1648720005.815824640,1,0.023000
1648720005.837803378,12,0.112000
1648720005.858956575,0,0.009000
1648720005.881431197,0,0.006000
1648720005.904051326,0,0.017000
1648720005.927845726,12,0.125000
1648720005.949406003,7,0.080000
1648720005.971987617,1,0.013000
1648720005.992940320,1,0.004000
1648720006.014803594,0,0.010000
1648720006.037145414,1,0.020000
1648720006.060779367,9,0.186000
1648720006.082648088,8,0.070000
1648720006.105946963,1,0.005000
1648720006.127849873,0,0.001000
1648720006.147328861,12,0.113000
1648720006.169092024,6,0.086000
1648720006.190732992,0,0.000000
1648720006.212380364,0,0.000000
1648720006.234739830,5,0.064000
1648720006.257305793,9,0.102000
1648720006.279526571,0,0.000000
1648720006.301309605,0,0.000000
1648720006.323983877,0,0.004000
1648720006.347705922,8,0.116000
1648720006.369030055,0,0.018000
1648720006.390981925,1,0.019000
1648720006.415758631,0,0.000000
1648720006.439134730,9,0.094000
1648720006.460295009,12,0.093000
1648720006.482947161,2,0.004000
1648720006.504565452,0,0.026000
1648720006.527275816,1,0.002000
1648720006.549848219,0,0.000000
1648720006.573186071,0,0.000000
1648720006.595040847,0,0.010000
1648720006.617463422,7,0.102000
1648720006.638578294,2,0.000000
1648720006.660659567,0,0.000000
1648720006.682303424,0,0.006000
1648720006.705266323,5,0.046000
1648720006.727796103,3,0.016000
1648720006.749901737,0,0.011000
1648720006.774225288,0,0.000000
1648720006.797352848,0,0.000000
1648720006.818176075,9,0.107000
1648720006.840789144,0,0.014000
1648720006.862510108,0,0.017000
1648720006.886321095,0,0.005000
1648720006.909068149,0,0.016000
1648720006.932657274,0,0.018000
1648720006.953774279,0,0.000000
1648720006.977669911,2,0.012000
1648720007.002161411,0,0.000000
1648720007.024904167,4,0.082000
1648720007.046759505,10,0.118000
1648720007.069394130,0,0.002000
1648720007.090469079,0,0.004000
1648720007.113468142,8,0.144000
1648720007.134255964,10,0.095000
1648720007.158023576,6,0.049000
1648720007.180648552,2,0.038000
1648720007.203686871,0,0.013000
1648720007.224242615,6,0.080000
1648720007.247007489,9,0.072000
1648720007.269336301,1,0.003000
1648720007.291468779,4,0.027000
1648720007.313847329,0,0.000000
1648720007.336749192,7,0.087000
1648720007.356188314,13,0.117000
1648720007.378895067,0,0.000000
1648720007.399634711,2,0.000000
1648720007.420526233,6,0.158000
1648720007.443170063,9,0.090000
1648720007.464595023,0,0.000000
1648720007.487467109,2,0.024000
1648720007.509907657,0,0.000000
1648720007.531836223,0,0.000000
1648720007.555531231,9,0.152000
1648720007.577640360,15,0.149000
1648720007.600936839,0,0.008000
1648720007.623183354,0,0.000000
1648720007.645391834,0,0.000000
1648720007.667293147,2,0.010000
1648720007.689690231,13,0.134000
1648720007.712235859,8,0.096000
1648720007.733863754,0,0.012000
1648720007.755274950,0,0.000000
1648720007.779259384,1,0.019000
1648720007.800411182,4,0.036000
1648720007.822647526,0,0.000000
1648720007.845875592,0,0.000000
1648720007.868542125,0,0.004000
1648720007.891957999,0,0.000000
1648720007.914981277,9,0.091000
1648720007.936250507,4,0.046000
1648720007.958787644,0,0.000000
1648720007.981800669,0,0.000000
1648720008.003557357,0,0.000000
1648720008.026647989,13,0.165000
1648720008.049368127,12,0.130000
1648720008.072779309,8,0.093000
1648720008.095577915,0,0.014000
1648720008.118104162,0,0.000000
1648720008.141575606,8,0.099000
1648720008.162343833,15,0.167000
1648720008.185349542,2,0.006000
1648720008.207302819,0,0.000000
1648720008.229781555,2,0.022000
1648720008.251338721,10,0.108000
1648720008.275137674,11,0.164000
1648720008.298651614,8,0.044000
1648720008.321286632,1,0.011000
1648720008.344843227,0,0.000000
1648720008.365973007,3,0.038000
1648720008.388389618,10,0.111000
1648720008.410241160,1,0.007000
1648720008.432817362,0,0.000000
1648720008.455751171,0,0.000000
1648720008.478914868,0,0.000000
1648720008.503031789,0,0.000000
1648720008.523849500,6,0.083000
1648720008.545980252,10,0.112000
1648720008.568745859,10,0.113000
1648720008.591007590,0,0.002000
1648720008.613438697,6,0.060000
