1648719881.768614426,0,0.000000
1648719881.791378855,0,0.000000
1648719881.814167686,0,0.000000
1648719881.837660852,0,0.000000
1648719881.860415962,1,0.008000
1648719881.883213801,1,0.004000
1648719881.905253748,9,0.104000
1648719881.927688614,12,0.144000
1648719881.950177833,0,0.001000
1648719881.971757017,0,0.008000
1648719881.993184035,7,0.070000
1648719882.015281903,7,0.097000
1648719882.036953897,2,0.045000
1648719882.060347577,1,0.015000
1648719882.084969562,3,0.028000
1648719882.107764248,0,0.000000
1648719882.130787755,1,0.036000
1648719882.153321464,0,0.000000
1648719882.176007631,0,0.003000
1648719882.197192983,0,0.000000
1648719882.220243315,6,0.113000
1648719882.242431091,13,0.131000
1648719882.265238726,15,0.143000
1648719882.288336379,2,0.011000
1648719882.309670260,1,0.024000
1648719882.332849130,0,0.000000
1648719882.354668703,0,0.000000
1648719882.377124819,0,0.014000
1648719882.400264659,6,0.081000
1648719882.421414002,10,0.093000
1648719882.444718282,0,0.000000
1648719882.466053797,0,0.000000
1648719882.488404888,0,0.000000
1648719882.512351858,1,0.000000
1648719882.535843168,0,0.000000
1648719882.558932946,0,0.000000
1648719882.580071162,16,0.168000
1648719882.603915535,1,0.015000
1648719882.625030160,0,0.000000
1648719882.646198796,0,0.000000
1648719882.669858853,18,0.192000
1648719882.689846021,2,0.035000
1648719882.712434211,2,0.001000
1648719882.735271395,0,0.000000
1648719882.757786751,0,0.035000
1648719882.779181132,0,0.000000
1648719882.801984904,0,0.000000
1648719882.825078429,6,0.090000
1648719882.847387180,2,0.011000
1648719882.869121647,2,0.024000
1648719882.890692896,0,0.000000
1648719882.913093672,1,0.001000
1648719882.936117870,3,0.021000
1648719882.960790657,0,0.003000
1648719882.981506401,15,0.157000
1648719883.001681277,1,0.011000
1648719883.023998812,0,0.034000
1648719883.047985952,6,0.026000
1648719883.070712756,1,0.003000
1648719883.094671836,0,0.003000
1648719883.118277349,0,0.000000
1648719883.139114950,12,0.169000
1648719883.160458975,0,0.022000
1648719883.183016994,1,0.005000
1648719883.204900008,2,0.000000
1648719883.227048596,1,0.023000
1648719883.248389883,7,0.073000
1648719883.270437981,0,0.000000
1648719883.291492906,0,0.000000
1648719883.314605249,0,0.000000
1648719883.336134088,2,0.000000
1648719883.359255227,13,0.139000
1648719883.383441499,7,0.067000
1648719883.405114938,2,0.008000
1648719883.427537656,1,0.009000
1648719883.450755610,2,0.004000
1648719883.473807810,0,0.000000
1648719883.497267847,0,0.032000
1648719883.520896435,0,0.000000
1648719883.542085961,7,0.063000
1648719883.564367317,0,0.019000
1648719883.586046249,0,0.000000
1648719883.608701162,0,0.000000
1648719883.628882363,15,0.141000
1648719883.651212413,5,0.055000
1648719883.671591963,2,0.031000
1648719883.694352877,0,0.022000
1648719883.715419575,4,0.058000
1648719883.737675615,0,0.018000
1648719883.760880691,7,0.067000
1648719883.783481633,11,0.108000
1648719883.805669567,1,0.008000
1648719883.826431701,0,0.017000
1648719883.849790026,0,0.000000
1648719883.872040252,0,0.007000
1648719883.893460173,0,0.016000
1648719883.916776297,2,0.014000
1648719883.938227732,1,0.013000
1648719883.960749172,1,0.024000
1648719883.982295379,0,0.000000
1648719884.005151087,8,0.121000
1648719884.025657907,7,0.130000
1648719884.049270404,10,0.103000
1648719884.071613715,0,0.017000
1648719884.094966006,1,0.004000
1648719884.116007033,0,0.013000
1648719884.140199946,1,0.001000
1648719884.161043525,1,0.025000
1648719884.183587121,7,0.090000
1648719884.206960977,0,0.012000
1648719884.227951679,1,0.012000
1648719884.251548482,0,0.000000
1648719884.273925302,0,0.000000
1648719884.295969763,18,0.162000
1648719884.317179521,4,0.045000
1648719884.339418035,0,0.000000
1648719884.362378411,0,0.000000
1648719884.384626027,0,0.002000
1648719884.408027049,0,0.000000
1648719884.431112228,0,0.000000
1648719884.452167602,6,0.063000
1648719884.473505671,0,0.005000
1648719884.495328897,0,0.001000
1648719884.516217195,2,0.003000
1648719884.538072173,14,0.188000
1648719884.560166374,0,0.000000
1648719884.582708959,0,0.008000
1648719884.605648741,0,0.007000
1648719884.629142837,0,0.000000
1648719884.648832484,12,0.118000
1648719884.670522196,5,0.049000
1648719884.692940531,0,0.016000
1648719884.715235710,1,0.029000
1648719884.738192256,0,0.000000
1648719884.761474852,1,0.000000
1648719884.784617228,0,0.002000
1648719884.806922185,0,0.001000
1648719884.829988302,11,0.151000
1648719884.849648375,6,0.069000
1648719884.871478547,1,0.005000
1648719884.895985116,0,0.023000
1648719884.919752135,0,0.000000
1648719884.940643818,0,0.019000
1648719884.961852309,0,0.000000
1648719884.984958988,3,0.042000
1648719885.007644504,0,0.000000
1648719885.029074562,0,0.000000
1648719885.052352149,0,0.000000
1648719885.074897981,0,0.004000
1648719885.097464450,0,0.000000
1648719885.120174707,11,0.165000
1648719885.141396175,7,0.072000
1648719885.163739874,2,0.023000
1648719885.186828620,2,0.006000
1648719885.209390528,1,0.006000
1648719885.230661552,0,0.019000
1648719885.251365468,17,0.181000
1648719885.275391710,2,0.023000
1648719885.294909866,0,0.000000
1648719885.317587061,0,0.005000
1648719885.340771233,0,0.015000
1648719885.361266106,0,0.001000
1648719885.385196952,1,0.008000
1648719885.407224430,3,0.022000
1648719885.427836252,0,0.000000
1648719885.449922050,2,0.034000
1648719885.471305012,0,0.004000
1648719885.493876347,0,0.000000
1648719885.517293964,2,0.031000
1648719885.539655230,9,0.070000
1648719885.562905382,6,0.072000
1648719885.585542958,2,0.009000
1648719885.607226050,0,0.001000
1648719885.629742599,0,0.000000
1648719885.653127038,6,0.077000
1648719885.674748629,10,0.104000
1648719885.697276160,0,0.001000
1648719885.720161014,0,0.000000
1648719885.743718332,0,0.000000
1648719885.765775752,2,0.002000
1648719885.786946217,2,0.005000
1648719885.808692047,11,0.085000
1648719885.830710159,10,0.104000
1648719885.853787582,0,0.006000
1648719885.875357833,0,0.000000
1648719885.897570929,1,0.003000
1648719885.918811656,6,0.075000
1648719885.939342816,1,0.002000
1648719885.961959470,0,0.000000
1648719885.984137719,0,0.014000
1648719886.007651305,1,0.012000
1648719886.029998142,0,0.012000
1648719886.053711019,1,0.000000
1648719886.076234103,0,0.013000
1648719886.099380944,9,0.118000
1648719886.121293929,8,0.082000
1648719886.142650708,1,0.006000
1648719886.165450380,3,0.027000
1648719886.188063776,0,0.000000
1648719886.210149207,2,0.000000
1648719886.231589334,1,0.000000
1648719886.254865325,0,0.021000
1648719886.279034224,1,0.035000
1648719886.302731672,4,0.029000
1648719886.323844662,0,0.000000
1648719886.346809443,0,0.000000
1648719886.369550050,0,0.000000
1648719886.392482240,7,0.092000
1648719886.415386591,10,0.071000
1648719886.437176539,0,0.015000
1648719886.459986570,0,0.000000
1648719886.482039874,0,0.000000
1648719886.505269209,0,0.004000
1648719886.527379329,8,0.084000
1648719886.548826123,0,0.007000
1648719886.570608498,0,0.000000
1648719886.593495653,11,0.118000
1648719886.614740218,9,0.104000
1648719886.637343219,11,0.103000
1648719886.660079654,4,0.040000
1648719886.681795250,0,0.001000
1648719886.703823471,0,0.000000
1648719886.726580551,0,0.000000
1648719886.747786617,1,0.029000
1648719886.769387586,2,0.003000
1648719886.792013954,0,0.000000
1648719886.812336214,0,0.000000
1648719886.833978962,8,0.123000
1648719886.855663495,0,0.000000
1648719886.878483140,1,0.024000
1648719886.901315550,0,0.000000
1648719886.924166251,0,0.001000
1648719886.947361535,0,0.007000
1648719886.970547545,16,0.151000
1648719886.992198521,6,0.060000
1648719887.015009426,3,0.013000
1648719887.037871912,0,0.022000
1648719887.060252073,2,0.024000
1648719887.082953605,0,0.000000
1648719887.106061075,0,0.000000
1648719887.128729914,2,0.000000
1648719887.150452864,0,0.002000
1648719887.172042826,13,0.146000
1648719887.194462798,0,0.005000
1648719887.217620453,0,0.002000
1648719887.241787830,0,0.004000
1648719887.264616042,0,0.000000
1648719887.287871064,1,0.025000
1648719887.309722320,2,0.044000
1648719887.331533863,0,0.000000
1648719887.354913506,0,0.000000
1648719887.377454199,1,0.004000
1648719887.399986485,0,0.020000
1648719887.422706447,14,0.179000
1648719887.444483291,2,0.021000
1648719887.466296525,0,0.000000
1648719887.489791660,0,0.000000
1648719887.512389326,2,0.022000
1648719887.535474502,0,0.002000
1648719887.559209338,0,0.000000
1648719887.581822980,0,0.012000
1648719887.604173424,1,0.014000
1648719887.626537286,7,0.047000
1648719887.648764245,9,0.093000
1648719887.669967000,3,0.014000
1648719887.691279321,0,0.000000
1648719887.715127164,1,0.006000
1648719887.737448697,10,0.159000
1648719887.759475579,0,0.000000
1648719887.780864678,1,0.014000
1648719887.802934755,1,0.006000
1648719887.824936555,0,0.000000
1648719887.847930416,0,0.000000
1648719887.868786486,10,0.147000
1648719887.890934259,10,0.092000
1648719887.914080526,0,0.004000
1648719887.936657354,0,0.000000
1648719887.960009557,0,0.000000
1648719887.981168448,0,0.000000
1648719888.001955444,6,0.057000
1648719888.023028219,0,0.003000
1648719888.045291414,0,0.000000
1648719888.065143580,0,0.009000
1648719888.087640385,9,0.104000
1648719888.111404174,5,0.045000
1648719888.133868500,4,0.053000
1648719888.156989897,1,0.017000
1648719888.178374298,0,0.000000
1648719888.196883299,4,0.045000
1648719888.216989514,0,0.007000
1648719888.239475684,3,0.022000
1648719888.262102081,0,0.000000
1648719888.284872312,0,0.000000
1648719888.308155878,0,0.000000
1648719888.331988679,0,0.010000
1648719888.354113632,8,0.107000
1648719888.376692618,3,0.041000
1648719888.398794712,1,0.010000
1648719888.421333351,0,0.000000
1648719888.444814708,0,0.004000
1648719888.467848540,0,0.000000
1648719888.489545014,5,0.095000
1648719888.509996529,0,0.000000
1648719888.532463959,3,0.050000
1648719888.556296223,0,0.000000
1648719888.578093390,0,0.001000
1648719888.602401059,0,0.000000
1648719888.624908301,8,0.089000
1648719888.645777138,0,0.000000
1648719888.666455553,0,0.000000
1648719888.688524040,1,0.006000
1648719888.709001819,1,0.013000
1648719888.729905908,0,0.017000
1648719888.752825740,0,0.000000
1648719888.773905053,10,0.129000
1648719888.795401293,1,0.010000
1648719888.817459802,3,0.031000
1648719888.840436818,1,0.009000
1648719888.863476887,2,0.008000
1648719888.885690901,0,0.006000
1648719888.908872903,0,0.003000
1648719888.931393502,7,0.071000
1648719888.954415370,4,0.061000
1648719888.975717155,2,0.007000
1648719888.997559154,0,0.000000
1648719889.018007651,0,0.001000
1648719889.041942933,10,0.096000
1648719889.063957423,11,0.118000
1648719889.086201530,2,0.027000
1648719889.107931005,0,0.000000
1648719889.130896006,0,0.000000
1648719889.154244142,7,0.066000
1648719889.176865315,0,0.010000
1648719889.197599027,2,0.014000
1648719889.220103937,1,0.007000
1648719889.242709612,0,0.000000
1648719889.265875678,2,0.031000
1648719889.287946745,11,0.169000
1648719889.309509648,0,0.000000
1648719889.330686757,0,0.014000
1648719889.354650069,12,0.124000
1648719889.377112380,9,0.116000
1648719889.399928227,0,0.000000
1648719889.422768099,2,0.017000
1648719889.445586222,0,0.012000
1648719889.467077385,0,0.015000
1648719889.489843792,7,0.093000
1648719889.510484975,1,0.000000
1648719889.533138223,0,0.000000
1648719889.556009036,13,0.144000
1648719889.578244989,0,0.001000
1648719889.599455954,0,0.013000
1648719889.623671100,1,0.016000
1648719889.646277689,2,0.011000
1648719889.669075888,0,0.000000
1648719889.692811799,0,0.009000
1648719889.716652608,2,0.005000
1648719889.739651073,13,0.176000
1648719889.762473314,0,0.000000
1648719889.784783512,1,0.034000
1648719889.808205516,1,0.000000
1648719889.829821918,0,0.000000
1648719889.852014914,5,0.055000
1648719889.875125913,11,0.149000
1648719889.898106970,10,0.112000
1648719889.921028040,2,0.001000
1648719889.943445042,1,0.011000
1648719889.965945046,0,0.011000
1648719889.989309068,0,0.010000
1648719890.011044122,13,0.115000
1648719890.032011723,10,0.094000
1648719890.056148838,0,0.000000
1648719890.078164396,3,0.027000
1648719890.100967845,0,0.000000
1648719890.123014349,0,0.001000
1648719890.145325578,0,0.001000
1648719890.168215216,0,0.007000
1648719890.190682769,11,0.149000
1648719890.213228991,3,0.036000
1648719890.235129436,0,0.000000
1648719890.256802747,0,0.000000
1648719890.279722229,1,0.022000
1648719890.302876712,1,0.031000
1648719890.326259702,0,0.000000
1648719890.349788253,1,0.000000
1648719890.372162815,13,0.135000
1648719890.392912556,0,0.000000
1648719890.415090693,0,0.012000
1648719890.436951988,1,0.009000
1648719890.459648118,0,0.000000
1648719890.483416960,1,0.023000
1648719890.506864642,11,0.183000
1648719890.530031223,8,0.092000
1648719890.552742979,3,0.037000
1648719890.574671065,3,0.032000
1648719890.598158862,1,0.004000
1648719890.619233313,0,0.013000
1648719890.640347415,1,0.008000
1648719890.662895639,3,0.053000
1648719890.684477878,0,0.010000
1648719890.706476461,0,0.000000
1648719890.727952943,10,0.166000
1648719890.750814089,6,0.077000
1648719890.774085024,0,0.020000
1648719890.794998372,0,0.000000
1648719890.815928859,0,0.000000
1648719890.838683122,13,0.122000
1648719890.860683341,1,0.010000
1648719890.883166161,0,0.000000
1648719890.906311073,0,0.023000
1648719890.928938670,0,0.007000
1648719890.953083352,6,0.065000
1648719890.974542065,1,0.000000
1648719890.996474253,4,0.008000
1648719891.019568579,0,0.000000
1648719891.043432781,0,0.000000
1648719891.065123357,10,0.198000
1648719891.088544946,7,0.054000
1648719891.110778881,0,0.007000
1648719891.133977430,0,0.020000
1648719891.156254322,1,0.003000
1648719891.178892872,8,0.065000
1648719891.200346424,2,0.010000
1648719891.223036159,0,0.019000
1648719891.245521539,0,0.000000
1648719891.270087744,0,0.007000
1648719891.290714754,9,0.104000
1648719891.312367154,1,0.012000
1648719891.334475602,0,0.000000
1648719891.356611111,12,0.121000
1648719891.375693945,0,0.000000
1648719891.395562051,12,0.195000
1648719891.417917934,0,0.000000
1648719891.439868739,0,0.000000
1648719891.462991471,0,0.000000
1648719891.484726707,0,0.000000
1648719891.505924710,11,0.118000
1648719891.525273382,2,0.009000
1648719891.547703666,1,0.003000
1648719891.569868779,0,0.015000
1648719891.592179876,10,0.095000
1648719891.613661661,8,0.121000
1648719891.637509545,1,0.013000
1648719891.658863934,0,0.000000
1648719891.682037170,0,0.000000
1648719891.704266247,0,0.001000
1648719891.727625790,0,0.004000
1648719891.751288237,2,0.014000
1648719891.774559023,10,0.108000
1648719891.796738082,1,0.011000
1648719891.819797565,1,0.017000
1648719891.842734664,2,0.004000
1648719891.864315744,7,0.125000
1648719891.887884893,7,0.085000
1648719891.910434127,0,0.004000
1648719891.932369664,0,0.000000
1648719891.953158015,0,0.010000
1648719891.974965927,6,0.071000
1648719891.994399334,0,0.000000
1648719892.016844756,0,0.009000
1648719892.037867614,15,0.163000
1648719892.059481820,6,0.038000
1648719892.080670889,4,0.018000
1648719892.103239858,0,0.016000
1648719892.125832245,0,0.000000
1648719892.149058268,3,0.004000
1648719892.171042353,15,0.152000
1648719892.193281640,0,0.000000
1648719892.215104227,0,0.000000
1648719892.237910306,0,0.000000
1648719892.260268969,0,0.000000
1648719892.281724631,12,0.115000
1648719892.304290054,3,0.023000
1648719892.326725968,0,0.023000
1648719892.347716796,5,0.090000
1648719892.369011842,12,0.158000
1648719892.392272176,1,0.000000
1648719892.415632713,0,0.002000
1648719892.438765531,0,0.000000
1648719892.462090306,0,0.016000
1648719892.484016775,1,0.022000
1648719892.504875384,13,0.190000
1648719892.526624044,3,0.025000
1648719892.549247530,4,0.044000
1648719892.572208994,3,0.044000
1648719892.594985612,0,0.000000
1648719892.617817562,0,0.005000
1648719892.640069644,0,0.000000
1648719892.662981348,2,0.000000
1648719892.684877035,4,0.020000
1648719892.707866726,0,0.000000
1648719892.731246719,0,0.000000
1648719892.752642941,6,0.079000
1648719892.774824697,1,0.024000
1648719892.797742792,2,0.020000
1648719892.820745016,0,0.000000
1648719892.843850228,0,0.017000
1648719892.863694308,0,0.000000
1648719892.886319613,0,0.000000
1648719892.908631483,8,0.080000
1648719892.930917021,10,0.119000
1648719892.953477081,0,0.006000
1648719892.975830945,1,0.010000
1648719892.998284632,0,0.000000
1648719893.019257718,0,0.000000
1648719893.042838611,0,0.003000
1648719893.065023063,4,0.070000
1648719893.086714610,1,0.010000
1648719893.108030733,1,0.001000
1648719893.128820908,0,0.000000
1648719893.152868873,1,0.022000
1648719893.175707596,10,0.150000
1648719893.196177890,1,0.019000
1648719893.217487102,0,0.000000
1648719893.240705950,0,0.001000
1648719893.261990765,0,0.004000
1648719893.284254637,9,0.074000
1648719893.305872791,0,0.000000
1648719893.327768633,1,0.000000
1648719893.350361767,7,0.129000
1648719893.372579482,0,0.000000
1648719893.394349400,0,0.000000
1648719893.416640925,0,0.000000
1648719893.437192853,14,0.174000
1648719893.459462348,8,0.084000
1648719893.481902977,4,0.038000
1648719893.505132865,0,0.000000
1648719893.526563794,0,0.009000
1648719893.548828657,0,0.003000
1648719893.570437997,12,0.105000
1648719893.593149480,1,0.027000
1648719893.616432086,0,0.005000
1648719893.638243306,0,0.000000
1648719893.661640763,0,0.000000
1648719893.683971560,9,0.082000
1648719893.705882617,10,0.100000
1648719893.729268925,0,0.008000
1648719893.751847747,0,0.000000
1648719893.773613883,0,0.000000
1648719893.797305046,0,0.000000
1648719893.819523612,11,0.161000
1648719893.841719521,9,0.095000
1648719893.863248785,0,0.000000
1648719893.884378732,0,0.003000
1648719893.906567962,4,0.026000
1648719893.929460721,8,0.158000
1648719893.952750055,9,0.093000
1648719893.974853172,1,0.018000
1648719893.996739932,0,0.007000
1648719894.020591258,1,0.028000
1648719894.044056077,0,0.000000
1648719894.065952884,0,0.004000
1648719894.088158085,1,0.032000
1648719894.111139772,13,0.156000
1648719894.134915014,1,0.012000
1648719894.155542007,0,0.015000
1648719894.177272485,0,0.007000
1648719894.200506532,0,0.000000
1648719894.223239833,0,0.000000
1648719894.245959454,1,0.011000
1648719894.269561137,7,0.082000
1648719894.291006432,0,0.011000
1648719894.313341339,0,0.000000
1648719894.335703374,0,0.000000
1648719894.356735435,16,0.165000
1648719894.379065753,14,0.148000
1648719894.400946671,0,0.000000
1648719894.423904995,0,0.000000
1648719894.444331218,1,0.024000
1648719894.466529478,0,0.000000
1648719894.488308585,0,0.005000
1648719894.510305591,0,0.003000
1648719894.532837026,14,0.135000
1648719894.555448682,1,0.011000
1648719894.576536292,0,0.000000
1648719894.598923242,0,0.002000
1648719894.622609758,0,0.000000
1648719894.645054675,0,0.000000
1648719894.667010095,8,0.095000
1648719894.689314612,0,0.000000
1648719894.710252868,0,0.000000
1648719894.733031793,0,0.000000
1648719894.755543444,4,0.042000
1648719894.777920921,11,0.150000
1648719894.799142033,2,0.029000
1648719894.821804710,0,0.000000
1648719894.845306634,0,0.003000
1648719894.869411985,0,0.007000
1648719894.890765135,7,0.090000
1648719894.913729858,0,0.001000
1648719894.934742939,0,0.002000
1648719894.956340662,0,0.002000
1648719894.979940571,1,0.000000
1648719895.002068619,8,0.079000
1648719895.023891149,0,0.007000
1648719895.045428026,0,0.000000
1648719895.068328731,1,0.007000
1648719895.089881692,10,0.093000
1648719895.112413691,4,0.049000
1648719895.135235566,1,0.000000
1648719895.156461521,0,0.000000
1648719895.177970995,11,0.202000
1648719895.200352216,1,0.007000
1648719895.222205837,1,0.006000
1648719895.244586602,0,0.000000
1648719895.265437507,0,0.000000
1648719895.287986880,0,0.000000
1648719895.311308338,13,0.156000
1648719895.333039917,7,0.089000
1648719895.355308109,3,0.011000
1648719895.379393176,3,0.018000
1648719895.402376860,0,0.000000
1648719895.423984695,1,0.023000
1648719895.446296173,14,0.189000
1648719895.468536625,13,0.137000
1648719895.492447769,12,0.112000
1648719895.515792619,0,0.000000
1648719895.538987262,0,0.004000
1648719895.559817710,0,0.001000
1648719895.583996232,0,0.000000
1648719895.607126202,2,0.005000
1648719895.629236115,12,0.146000
1648719895.651632799,2,0.026000
1648719895.672656732,0,0.007000
1648719895.695451842,0,0.000000
1648719895.718437358,16,0.199000
1648719895.738717034,1,0.030000
1648719895.762521908,2,0.004000
1648719895.784047000,1,0.016000
1648719895.805381499,9,0.093000
1648719895.826384327,14,0.154000
1648719895.848281121,5,0.040000
1648719895.870430414,1,0.000000
1648719895.893431876,1,0.007000
1648719895.915744279,0,0.000000
1648719895.936693565,1,0.000000
1648719895.958746914,0,0.000000
1648719895.981856825,7,0.071000
1648719896.005246787,8,0.084000
1648719896.028919121,1,0.038000
1648719896.050677598,0,0.011000
1648719896.072564836,0,0.000000
1648719896.094841493,1,0.013000
1648719896.117324975,7,0.114000
1648719896.140575437,6,0.094000
1648719896.161245688,0,0.000000
1648719896.182278197,0,0.000000
1648719896.202134341,1,0.007000
1648719896.225130393,12,0.125000
1648719896.248344281,2,0.031000
1648719896.270434695,0,0.010000
1648719896.292020908,1,0.000000
1648719896.315711568,0,0.018000
1648719896.338810972,0,0.000000
1648719896.361238127,12,0.121000
1648719896.382612089,3,0.000000
1648719896.404034951,0,0.000000
1648719896.425964070,7,0.083000
1648719896.447137713,8,0.112000
1648719896.468622104,1,0.006000
1648719896.490719229,0,0.000000
1648719896.511234855,12,0.207000
1648719896.534548003,1,0.007000
1648719896.556592419,0,0.001000
1648719896.579445392,0,0.000000
1648719896.601086854,0,0.003000
1648719896.624411450,14,0.154000
1648719896.644406755,1,0.000000
1648719896.665944339,1,0.004000
1648719896.689583046,1,0.008000
1648719896.711647779,10,0.108000
1648719896.733057686,0,0.000000
1648719896.755383378,0,0.006000
1648719896.778172157,1,0.000000
1648719896.800070081,10,0.098000
1648719896.820426296,9,0.138000
1648719896.843043335,3,0.004000
1648719896.864072768,0,0.000000
1648719896.887700037,10,0.115000
1648719896.908824030,0,0.001000
1648719896.930452377,0,0.004000
1648719896.953573725,0,0.000000
1648719896.976670827,0,0.008000
1648719896.999663722,0,0.000000
1648719897.021488948,10,0.148000
1648719897.044674928,10,0.067000
1648719897.065796569,0,0.000000
1648719897.088868645,0,0.010000
1648719897.111382076,1,0.002000
1648719897.134560340,0,0.001000
1648719897.156913006,1,0.000000
1648719897.178973861,9,0.102000
1648719897.201657724,2,0.063000
1648719897.225285769,8,0.117000
1648719897.247592100,2,0.021000
1648719897.270312562,0,0.002000
1648719897.292643922,0,0.000000
1648719897.315449739,7,0.068000
1648719897.337564260,8,0.072000
1648719897.358147521,3,0.037000
1648719897.381418908,0,0.000000
1648719897.404833889,0,0.001000
1648719897.427762922,0,0.000000
1648719897.450971558,7,0.115000
1648719897.472963659,4,0.011000
1648719897.494548902,0,0.000000
1648719897.517206100,0,0.000000
1648719897.541012102,1,0.000000
1648719897.562919174,9,0.093000
1648719897.585199485,1,0.017000
1648719897.609487727,0,0.023000
1648719897.630189613,0,0.009000
1648719897.652005989,2,0.018000
1648719897.674248530,7,0.161000
1648719897.697665699,1,0.030000
1648719897.719040834,0,0.000000
1648719897.740202871,0,0.006000
1648719897.762904979,7,0.081000
1648719897.786116313,2,0.012000
1648719897.810119643,0,0.000000
1648719897.832678181,0,0.015000
1648719897.854571510,15,0.156000
1648719897.875953058,0,0.000000
1648719897.897465188,0,0.000000
1648719897.921076608,0,0.000000
1648719897.943483384,2,0.012000
1648719897.966429917,10,0.105000
1648719897.989308579,17,0.202000
1648719898.013177093,5,0.080000
1648719898.034535988,0,0.000000
1648719898.054883174,11,0.121000
1648719898.076253774,1,0.007000
1648719898.097998812,0,0.007000
1648719898.119639461,0,0.000000
1648719898.143290428,0,0.006000
1648719898.164987788,1,0.027000
1648719898.186827644,11,0.073000
1648719898.208509807,4,0.034000
1648719898.230735751,2,0.009000
1648719898.254008623,2,0.013000
1648719898.275778609,0,0.001000
1648719898.298257764,0,0.000000
1648719898.319862694,11,0.114000
1648719898.342465091,1,0.016000
1648719898.364468463,0,0.015000
1648719898.386379586,7,0.087000
1648719898.408433242,7,0.136000
1648719898.431209246,1,0.015000
1648719898.451723521,2,0.023000
1648719898.474774960,10,0.115000
1648719898.497580108,0,0.019000
1648719898.521103669,1,0.002000
1648719898.542990264,3,0.038000
1648719898.565445123,0,0.000000
1648719898.587417998,0,0.001000
1648719898.609976986,9,0.187000
1648719898.632883646,12,0.116000
1648719898.655712133,0,0.000000
1648719898.677170302,0,0.000000
1648719898.700107835,1,0.012000
1648719898.723525388,7,0.099000
1648719898.744506078,0,0.011000
1648719898.766458269,1,0.001000
1648719898.789794158,0,0.000000
1648719898.811911645,1,0.009000
1648719898.835353811,0,0.000000
1648719898.858054349,2,0.025000
1648719898.879946940,0,0.000000
1648719898.903240335,0,0.000000
1648719898.925910565,1,0.011000
1648719898.947341801,1,0.024000
1648719898.968449670,0,0.002000
1648719898.989999962,0,0.000000
1648719899.012554025,2,0.030000
1648719899.033906862,12,0.151000
1648719899.056189368,3,0.015000
1648719899.077114334,0,0.000000
1648719899.099397669,0,0.013000
1648719899.122135251,0,0.001000
1648719899.145967260,0,0.000000
1648719899.169570551,7,0.073000
1648719899.189352152,7,0.073000
1648719899.211951730,0,0.000000
1648719899.234919031,0,0.001000
1648719899.258905483,2,0.021000
1648719899.282481429,0,0.000000
1648719899.304277866,0,0.008000
1648719899.326179169,17,0.176000
1648719899.348768246,8,0.072000
1648719899.371845652,1,0.005000
1648719899.393363309,0,0.001000
1648719899.416400581,3,0.027000
1648719899.438096382,5,0.074000
1648719899.460249351,3,0.027000
1648719899.482497520,0,0.009000
1648719899.506132034,12,0.152000
1648719899.527776886,0,0.000000
1648719899.546852295,0,0.012000
1648719899.568459523,4,0.045000
1648719899.589649681,13,0.119000
1648719899.613265486,4,0.065000
1648719899.634935527,1,0.001000
1648719899.659063906,0,0.000000
1648719899.681501353,0,0.020000
1648719899.703635942,13,0.136000
1648719899.727095842,4,0.034000
1648719899.749059296,3,0.022000
1648719899.771877503,0,0.000000
1648719899.794227250,0,0.000000
1648719899.817117460,0,0.000000
1648719899.839744650,3,0.017000
1648719899.861443717,7,0.102000
1648719899.882806103,0,0.013000
1648719899.903961888,0,0.000000
1648719899.925979516,0,0.000000
1648719899.949698407,0,0.010000
1648719899.973446149,11,0.123000
1648719899.995702942,1,0.016000
1648719900.016932760,0,0.000000
1648719900.038792940,0,0.004000
1648719900.060982198,3,0.046000
1648719900.083635416,7,0.089000
1648719900.105467373,0,0.000000
1648719900.128745064,0,0.008000
1648719900.151600788,2,0.029000
1648719900.174077061,7,0.087000
1648719900.196876643,6,0.048000
1648719900.219243486,2,0.000000
1648719900.242773685,0,0.000000
1648719900.265837205,1,0.022000
1648719900.288875209,2,0.019000
1648719900.310059013,0,0.017000
1648719900.332743494,0,0.001000
1648719900.355568180,0,0.000000
1648719900.378416963,10,0.089000
1648719900.401669310,0,0.001000
1648719900.425792868,0,0.000000
1648719900.447706273,11,0.128000
1648719900.467828985,5,0.067000
1648719900.490776232,2,0.015000
1648719900.513274879,0,0.003000
1648719900.535438757,2,0.000000
1648719900.558317256,1,0.020000
1648719900.581985249,6,0.064000
1648719900.605476219,13,0.144000
1648719900.628743774,9,0.079000
1648719900.650836088,0,0.001000
1648719900.672695785,0,0.004000
1648719900.695103334,0,0.000000
1648719900.716591351,4,0.153000
1648719900.740306199,13,0.152000
1648719900.763115006,1,0.028000
1648719900.785690858,2,0.013000
1648719900.808738544,0,0.001000
1648719900.830692767,0,0.013000
1648719900.853247942,0,0.002000
1648719900.875506513,18,0.210000
1648719900.898094352,3,0.028000
1648719900.920811302,0,0.001000
1648719900.943099159,0,0.000000
1648719900.964819339,5,0.046000
1648719900.988693490,2,0.000000
1648719901.011920178,1,0.001000
1648719901.034256140,0,0.001000
1648719901.058074887,0,0.008000
1648719901.080262383,10,0.098000
1648719901.102134835,0,0.007000
1648719901.124940857,4,0.054000
1648719901.148112070,1,0.001000
1648719901.170239697,0,0.000000
1648719901.193400867,13,0.212000
1648719901.215183507,0,0.006000
1648719901.236727131,0,0.000000
1648719901.259995547,0,0.014000
1648719901.283227038,0,0.000000
1648719901.304619590,1,0.010000
1648719901.327502794,4,0.052000
1648719901.349092855,3,0.015000
1648719901.371154288,0,0.000000
1648719901.394532989,0,0.000000
1648719901.417143063,10,0.102000
1648719901.439270012,0,0.000000
1648719901.462079611,4,0.047000
1648719901.485158226,1,0.011000
1648719901.507456242,0,0.028000
1648719901.530291599,0,0.000000
1648719901.552868140,0,0.000000
1648719901.576921574,8,0.109000
1648719901.599928257,2,0.007000
1648719901.623577117,0,0.000000
1648719901.645004450,0,0.000000
1648719901.668197418,0,0.000000
1648719901.689083319,6,0.077000
1648719901.711618635,7,0.097000
1648719901.733693788,0,0.001000
1648719901.755911008,0,0.010000
1648719901.777300560,1,0.000000
1648719901.798946288,3,0.029000
1648719901.819703333,0,0.000000
1648719901.842565628,0,0.000000
1648719901.865831596,0,0.000000
1648719901.886983524,9,0.183000
1648719901.908030984,0,0.012000
1648719901.928919399,0,0.000000
1648719901.951137600,0,0.012000
1648719901.973429349,13,0.197000
1648719901.995650330,2,0.026000
1648719902.018510494,1,0.018000
1648719902.040628626,0,0.008000
1648719902.064583678,2,0.063000
1648719902.087141211,8,0.069000
1648719902.108949707,0,0.000000
1648719902.131947207,0,0.000000
1648719902.154076588,7,0.074000
1648719902.176463067,14,0.137000
1648719902.198734573,0,0.013000
1648719902.221876263,3,0.035000
1648719902.245578931,0,0.000000
1648719902.266450449,0,0.017000
1648719902.289852912,1,0.007000
1648719902.313378708,9,0.082000
1648719902.335730023,0,0.000000
1648719902.357727365,0,0.000000
1648719902.379585749,0,0.000000
1648719902.401820244,1,0.000000
1648719902.424720560,13,0.154000
1648719902.449066949,9,0.107000
1648719902.471697036,0,0.000000
1648719902.494064199,2,0.009000
1648719902.518449902,1,0.020000
1648719902.539977378,0,0.000000
1648719902.563047137,1,0.006000
1648719902.586139498,0,0.000000
1648719902.609359292,0,0.000000
1648719902.631565118,4,0.016000
1648719902.655034219,4,0.067000
1648719902.677404192,1,0.015000
1648719902.700228147,0,0.001000
1648719902.724058982,0,0.022000
1648719902.747962419,0,0.000000
1648719902.770056453,2,0.038000
1648719902.793403063,4,0.027000
1648719902.814414762,1,0.000000
1648719902.838758041,0,0.000000
1648719902.862263785,0,0.001000
1648719902.884472396,0,0.000000
1648719902.906660539,12,0.116000
1648719902.929027078,4,0.042000
1648719902.951259768,2,0.029000
1648719902.974301511,0,0.000000
1648719902.996316008,0,0.000000
1648719903.018249903,8,0.103000
1648719903.040829049,12,0.146000
1648719903.064319573,2,0.042000
1648719903.087598890,3,0.043000
1648719903.110753405,0,0.008000
1648719903.134155204,0,0.000000
1648719903.156986737,0,0.034000
1648719903.179866260,8,0.075000
1648719903.203160158,7,0.078000
1648719903.225881698,0,0.000000
1648719903.247992545,0,0.012000
1648719903.271358772,2,0.002000
1648719903.294827319,0,0.010000
1648719903.318144092,1,0.001000
1648719903.339373335,11,0.089000
1648719903.362357272,0,0.012000
1648719903.385786686,0,0.000000
1648719903.408598206,0,0.000000
1648719903.430976412,0,0.000000
1648719903.454095901,1,0.049000
1648719903.475805692,8,0.098000
1648719903.497827324,0,0.001000
1648719903.519866170,0,0.000000
1648719903.542101413,1,0.031000
1648719903.564988286,1,0.011000
1648719903.587444811,14,0.129000
1648719903.609479718,0,0.013000
1648719903.633650506,0,0.000000
1648719903.654845292,0,0.011000
1648719903.677378170,0,0.000000
1648719903.699861611,0,0.000000
1648719903.722451305,0,0.006000
1648719903.745139963,1,0.034000
1648719903.769222828,3,0.028000
1648719903.792020370,11,0.146000
1648719903.814682664,2,0.025000
1648719903.836586787,1,0.023000
1648719903.859225022,0,0.000000
1648719903.882185195,2,0.001000
1648719903.904357833,7,0.051000
1648719903.927101451,7,0.095000
1648719903.949919274,3,0.020000
1648719903.973132743,2,0.007000
1648719903.995541778,0,0.001000
1648719904.019418717,0,0.000000
1648719904.041808078,0,0.000000
1648719904.065879366,5,0.082000
1648719904.088614401,1,0.002000
1648719904.109916397,8,0.084000
1648719904.131747724,2,0.029000
1648719904.154141248,0,0.005000
1648719904.178305905,0,0.000000
1648719904.199593943,0,0.000000
1648719904.220737018,11,0.107000
1648719904.242940854,2,0.011000
1648719904.266887219,0,0.000000
1648719904.288678477,1,0.010000
1648719904.310018332,0,0.000000
1648719904.333667265,16,0.165000
1648719904.356400262,7,0.075000
1648719904.378790617,0,0.000000
1648719904.401150011,0,0.000000
1648719904.425021573,12,0.115000
1648719904.446464865,4,0.023000
1648719904.469450354,0,0.022000
1648719904.492172538,1,0.018000
1648719904.515464656,0,0.011000
1648719904.537656874,1,0.039000
1648719904.560781349,0,0.001000
1648719904.583427013,13,0.160000
1648719904.604295051,2,0.011000
1648719904.626319158,0,0.026000
1648719904.650070241,1,0.000000
1648719904.672813447,0,0.000000
1648719904.696009995,2,0.020000
1648719904.717480168,11,0.149000
1648719904.738936025,0,0.001000
1648719904.762044872,0,0.002000
1648719904.784210022,8,0.048000
1648719904.804418068,12,0.133000
1648719904.827264831,0,0.000000
1648719904.848939588,1,0.020000
1648719904.871442189,0,0.012000
1648719904.894190463,14,0.176000
1648719904.917123382,10,0.089000
1648719904.941421742,6,0.067000
1648719904.965462618,2,0.024000
1648719904.988157010,0,0.002000
1648719905.011951271,1,0.009000
1648719905.034869149,0,0.012000
1648719905.057970066,0,0.000000
1648719905.079026656,13,0.186000
1648719905.102441039,0,0.000000
1648719905.123027327,1,0.012000
1648719905.146457276,0,0.000000
1648719905.168483441,11,0.116000
1648719905.192128873,7,0.129000
1648719905.213367438,1,0.002000
1648719905.236313268,0,0.000000
1648719905.257713133,0,0.000000
1648719905.281315694,9,0.115000
1648719905.303978609,1,0.032000
1648719905.327531610,0,0.000000
1648719905.350224151,0,0.000000
1648719905.372694655,0,0.000000
1648719905.396110060,0,0.000000
1648719905.419135767,1,0.006000
1648719905.441491994,5,0.063000
1648719905.462447179,2,0.015000
1648719905.485980608,2,0.021000
1648719905.507577618,1,0.000000
1648719905.531224897,0,0.000000
1648719905.552675238,6,0.091000
1648719905.575980294,6,0.075000
1648719905.598974977,3,0.035000
1648719905.622129705,0,0.000000
1648719905.644426942,0,0.004000
1648719905.666116216,0,0.000000
1648719905.689132758,0,0.005000
1648719905.712163784,4,0.031000
1648719905.732712516,0,0.013000
1648719905.754026987,7,0.083000
1648719905.776037042,0,0.000000
1648719905.798234227,0,0.002000
1648719905.820905592,1,0.004000
1648719905.843152364,5,0.037000
1648719905.865027625,0,0.000000
1648719905.886669965,0,0.000000
1648719905.908969438,0,0.001000
1648719905.932599474,10,0.206000
1648719905.955450212,5,0.050000
1648719905.979011918,0,0.010000
1648719906.001233818,0,0.006000
1648719906.024658052,0,0.001000
1648719906.046087250,1,0.011000
1648719906.068777313,9,0.076000
1648719906.091448872,14,0.156000
1648719906.115184872,1,0.014000
1648719906.136922919,0,0.000000
1648719906.159722942,0,0.000000
1648719906.181949330,15,0.171000
1648719906.204855683,12,0.145000
1648719906.228234485,7,0.091000
1648719906.250115060,0,0.000000
1648719906.271936774,11,0.116000
1648719906.292438030,0,0.000000
1648719906.315282904,1,0.003000
1648719906.337434713,0,0.000000
1648719906.360597923,0,0.004000
1648719906.384864479,0,0.016000
1648719906.407941776,14,0.154000
1648719906.430502668,1,0.019000
1648719906.451762747,0,0.000000
1648719906.473010993,0,0.004000
1648719906.496981698,13,0.131000
1648719906.518700148,11,0.152000
1648719906.541921133,6,0.064000
1648719906.565254871,2,0.014000
1648719906.588024929,1,0.006000
1648719906.610234427,1,0.002000
1648719906.632840389,0,0.000000
1648719906.656361441,7,0.082000
1648719906.677235924,7,0.148000
1648719906.700401876,11,0.133000
1648719906.724413257,2,0.005000
1648719906.746327571,0,0.000000
1648719906.769961408,0,0.010000
1648719906.793133038,0,0.007000
1648719906.816156099,0,0.014000
1648719906.838407196,8,0.099000
1648719906.861988470,4,0.030000
1648719906.884843841,0,0.005000
1648719906.908606900,1,0.026000
1648719906.929347023,13,0.148000
1648719906.951460786,1,0.016000
1648719906.973342091,0,0.000000
1648719906.994650891,3,0.020000
1648719907.018066085,4,0.064000
1648719907.039490516,5,0.030000
1648719907.062636222,0,0.000000
1648719907.083436297,2,0.001000
1648719907.106578239,0,0.001000
1648719907.130343102,0,0.000000
1648719907.151998270,3,0.061000
1648719907.175378090,1,0.014000
1648719907.197586651,0,0.005000
1648719907.220511032,1,0.001000
1648719907.242175079,14,0.130000
1648719907.264445366,3,0.034000
1648719907.286236946,0,0.010000
1648719907.307486609,1,0.043000
1648719907.326533032,14,0.142000
1648719907.348176542,0,0.000000
1648719907.370120566,0,0.000000
1648719907.391615193,7,0.085000
1648719907.413485869,11,0.108000
1648719907.437165116,1,0.018000
1648719907.458446089,1,0.006000
1648719907.481978284,0,0.000000
1648719907.504912756,5,0.076000
1648719907.528231275,13,0.176000
1648719907.550928247,0,0.001000
1648719907.573073570,0,0.013000
1648719907.595849478,2,0.001000
1648719907.618246729,0,0.000000
1648719907.640373117,0,0.003000
1648719907.661974893,4,0.055000
1648719907.684487358,0,0.000000
1648719907.707198724,0,0.000000
1648719907.729738756,8,0.116000
1648719907.749361117,6,0.048000
1648719907.771711714,0,0.000000
1648719907.794461214,0,0.000000
1648719907.818062439,9,0.129000
1648719907.840385217,0,0.000000
1648719907.861273067,1,0.001000
1648719907.883419222,1,0.019000
1648719907.906693684,10,0.138000
1648719907.928304257,0,0.007000
1648719907.950842133,0,0.001000
1648719907.973892738,0,0.000000
1648719907.996939666,0,0.003000
1648719908.019004936,11,0.191000
1648719908.041872137,1,0.027000
1648719908.063423149,1,0.011000
1648719908.085432650,0,0.014000
1648719908.106964151,9,0.108000
1648719908.129281772,2,0.027000
1648719908.152972796,0,0.000000
1648719908.176138042,0,0.000000
1648719908.198546085,0,0.004000
1648719908.221742144,1,0.001000
1648719908.243921631,11,0.091000
1648719908.266334871,7,0.118000
1648719908.288846720,2,0.015000
1648719908.311536069,1,0.007000
1648719908.333453017,0,0.000000
1648719908.354065461,7,0.089000
1648719908.376282882,0,0.000000
1648719908.398983298,0,0.000000
1648719908.420309592,1,0.005000
1648719908.442507343,11,0.087000
1648719908.466096962,0,0.000000
1648719908.487956061,0,0.000000
1648719908.510742868,2,0.027000
1648719908.532216179,0,0.000000
1648719908.553446648,0,0.007000
1648719908.575034813,0,0.000000
1648719908.597433833,1,0.016000
1648719908.619424676,0,0.012000
1648719908.642364101,0,0.000000
1648719908.665430415,0,0.006000
1648719908.686376960,13,0.162000
1648719908.708093773,11,0.117000
1648719908.730205282,0,0.000000
1648719908.751935029,1,0.000000
1648719908.774442888,0,0.000000
1648719908.796911815,14,0.146000
1648719908.819287634,13,0.130000
1648719908.840418199,2,0.014000
1648719908.862938114,0,0.000000
1648719908.885493196,0,0.000000
1648719908.910109795,2,0.029000
1648719908.932393833,0,0.000000
1648719908.954216386,14,0.135000
1648719908.975366948,1,0.004000
1648719908.999120171,0,0.018000
1648719909.021593078,0,0.000000
1648719909.044677499,1,0.035000
1648719909.067999792,11,0.118000
1648719909.088962713,3,0.028000
1648719909.112265066,0,0.000000
1648719909.135710095,0,0.000000
1648719909.157159339,0,0.000000
1648719909.180372818,11,0.122000
1648719909.203429987,0,0.008000
1648719909.228337222,0,0.009000
1648719909.249614982,1,0.013000
1648719909.271193159,0,0.017000
1648719909.294602027,6,0.051000
1648719909.315842343,7,0.093000
1648719909.338028010,6,0.059000
1648719909.360973589,0,0.000000
1648719909.381891144,0,0.000000
1648719909.404774194,4,0.080000
1648719909.425474828,5,0.067000
1648719909.448382807,0,0.000000
1648719909.470426435,0,0.000000
1648719909.493920315,0,0.001000
1648719909.516925407,0,0.001000
1648719909.539583250,12,0.105000
1648719909.562621083,0,0.000000
1648719909.582897005,0,0.000000
1648719909.604315673,14,0.156000
1648719909.624916306,0,0.035000
1648719909.647711064,2,0.002000
1648719909.669808108,0,0.000000
1648719909.691998564,0,0.007000
1648719909.715582984,6,0.104000
1648719909.735771400,1,0.016000
1648719909.756800219,0,0.000000
1648719909.779819450,0,0.000000
1648719909.802860755,0,0.000000
1648719909.825368422,1,0.018000
1648719909.847325609,5,0.077000
1648719909.868770881,1,0.011000
1648719909.890636712,0,0.000000
1648719909.913667016,1,0.013000
1648719909.935768108,14,0.157000
1648719909.957082617,3,0.023000
1648719909.979185038,0,0.001000
1648719910.000421052,0,0.000000
1648719910.023568483,8,0.132000
1648719910.044710339,2,0.021000
1648719910.065807173,1,0.002000
1648719910.088059521,0,0.000000
1648719910.110599237,0,0.000000
1648719910.131344711,16,0.182000
1648719910.153736902,0,0.000000
1648719910.174763055,0,0.015000
1648719910.196746419,0,0.000000
1648719910.220473902,2,0.019000
1648719910.241745459,7,0.087000
1648719910.264404338,0,0.000000
1648719910.284978462,0,0.000000
1648719910.308438611,0,0.015000
1648719910.331414587,15,0.149000
1648719910.352878801,0,0.000000
1648719910.376009320,0,0.000000
1648719910.397153140,3,0.028000
1648719910.419156461,10,0.095000
1648719910.440969930,0,0.000000
1648719910.462841787,0,0.000000
1648719910.483767722,0,0.000000
1648719910.506558197,8,0.103000
1648719910.527760471,6,0.078000
1648719910.550953737,0,0.000000
1648719910.572248893,0,0.000000
1648719910.595601133,2,0.009000
1648719910.618451779,0,0.002000
1648719910.639702584,2,0.031000
1648719910.662475875,0,0.005000
1648719910.685487141,0,0.005000
1648719910.705756561,2,0.024000
1648719910.726015284,0,0.000000
1648719910.747830505,0,0.000000
1648719910.770023945,14,0.188000
1648719910.792762598,3,0.051000
1648719910.813933066,1,0.020000
1648719910.833648201,7,0.102000
1648719910.855655709,1,0.006000
1648719910.877085805,0,0.011000
1648719910.899739668,0,0.000000
1648719910.923116977,0,0.000000
1648719910.944469994,3,0.041000
1648719910.966997873,0,0.004000
1648719910.988270393,0,0.000000
1648719911.011068479,0,0.000000
1648719911.034391610,0,0.004000
1648719911.055410157,14,0.141000
1648719911.078443562,1,0.024000
1648719911.101195528,0,0.000000
1648719911.122899738,1,0.008000
1648719911.144642313,4,0.100000
1648719911.166653713,4,0.047000
1648719911.188236874,0,0.000000
1648719911.210208086,0,0.012000
1648719911.231790008,1,0.022000
1648719911.254052846,11,0.137000
1648719911.275842611,7,0.074000
1648719911.298686808,0,0.013000
1648719911.319763633,3,0.020000
1648719911.342377110,6,0.085000
1648719911.364499978,10,0.153000
1648719911.387253175,6,0.071000
1648719911.408964072,0,0.000000
1648719911.431717973,0,0.000000
1648719911.454350349,1,0.000000
1648719911.477332794,0,0.000000
1648719911.501049658,9,0.132000
1648719911.522389207,10,0.090000
1648719911.544980462,8,0.078000
1648719911.568916989,6,0.090000
1648719911.592886034,5,0.083000
1648719911.616382424,0,0.020000
1648719911.637869592,0,0.000000
1648719911.661552395,0,0.000000
1648719911.683108673,7,0.055000
1648719911.704306120,0,0.000000
1648719911.725270967,0,0.000000
1648719911.746241050,1,0.016000
1648719911.769313522,2,0.005000
1648719911.793393656,11,0.118000
1648719911.815289676,6,0.086000
1648719911.837896638,0,0.024000
1648719911.860921030,0,0.000000
1648719911.883143120,0,0.000000
1648719911.903060258,0,0.000000
1648719911.927047922,7,0.042000
1648719911.948345098,0,0.000000
1648719911.970964253,1,0.018000
1648719911.994106840,0,0.000000
1648719912.016980150,8,0.109000
1648719912.038375497,1,0.008000
1648719912.062349027,1,0.006000
1648719912.086026265,0,0.020000
1648719912.107488664,2,0.013000
1648719912.129094303,8,0.101000
1648719912.151700414,7,0.053000
1648719912.174991135,2,0.004000
1648719912.196304462,4,0.028000
1648719912.220268432,1,0.020000
1648719912.242285070,0,0.000000
1648719912.264704643,7,0.072000
1648719912.286177977,8,0.093000
1648719912.308293287,0,0.005000
1648719912.331244432,0,0.001000
1648719912.353689378,0,0.000000
1648719912.376235924,8,0.109000
1648719912.400118359,7,0.083000
1648719912.421075037,0,0.000000
1648719912.442383249,1,0.014000
1648719912.464910575,16,0.154000
1648719912.487464496,0,0.001000
1648719912.510543658,1,0.000000
1648719912.533383150,0,0.003000
1648719912.553605526,1,0.012000
1648719912.572959424,14,0.168000
1648719912.595919365,1,0.011000
1648719912.617397417,0,0.000000
1648719912.641126082,0,0.000000
1648719912.663738251,1,0.000000
1648719912.686096176,1,0.000000
1648719912.708485065,0,0.006000
1648719912.730394282,12,0.099000
1648719912.751803077,4,0.043000
1648719912.775269895,3,0.038000
1648719912.798208411,0,0.000000
1648719912.821425637,0,0.019000
1648719912.843037957,0,0.000000
1648719912.863309565,4,0.069000
1648719912.885951963,8,0.082000
1648719912.908595212,9,0.106000
1648719912.931334815,2,0.012000
1648719912.953550793,0,0.014000
1648719912.974586173,0,0.000000
1648719912.995848131,11,0.128000
1648719913.017997796,0,0.000000
1648719913.039018649,0,0.000000
1648719913.059681600,9,0.066000
1648719913.082607649,6,0.131000
1648719913.106523032,0,0.004000
1648719913.128043894,3,0.034000
1648719913.150358704,2,0.016000
1648719913.174165980,2,0.002000
1648719913.195358991,2,0.000000
1648719913.218257712,2,0.001000
1648719913.241066569,5,0.064000
1648719913.263465611,0,0.018000
1648719913.286549312,0,0.018000
1648719913.309489431,0,0.000000
1648719913.332435247,0,0.000000
1648719913.355362596,0,0.000000
1648719913.378825322,8,0.094000
1648719913.401213014,11,0.156000
1648719913.424082902,0,0.005000
1648719913.446727780,0,0.000000
1648719913.469528229,0,0.000000
1648719913.491904861,3,0.054000
1648719913.514499289,8,0.093000
1648719913.538218111,7,0.085000
1648719913.559427188,0,0.000000
1648719913.579496288,0,0.000000
1648719913.600428707,3,0.039000
1648719913.623135330,0,0.000000
1648719913.645772933,2,0.006000
1648719913.669059407,0,0.000000
1648719913.690427132,0,0.011000
1648719913.714311118,0,0.000000
1648719913.735574176,8,0.081000
1648719913.758782780,0,0.000000
1648719913.779741957,0,0.000000
1648719913.801529448,5,0.087000
1648719913.822882458,17,0.147000
1648719913.845478317,14,0.102000
1648719913.869159556,7,0.066000
1648719913.891241052,0,0.004000
1648719913.914157557,0,0.000000
1648719913.937918715,0,0.000000
1648719913.960789637,6,0.056000
1648719913.982548499,6,0.071000
1648719914.004902253,1,0.021000
1648719914.026117284,0,0.000000
1648719914.049025395,0,0.000000
1648719914.072027136,1,0.000000
1648719914.095320919,9,0.109000
1648719914.116955526,14,0.144000
1648719914.140945993,3,0.024000
1648719914.163963799,2,0.033000
1648719914.186966722,0,0.000000
1648719914.209635050,0,0.005000
1648719914.232162848,2,0.011000
1648719914.254427072,1,0.007000
1648719914.276928410,11,0.135000
1648719914.299215374,0,0.000000
1648719914.322582364,0,0.006000
1648719914.345765411,0,0.000000
1648719914.368981232,0,0.011000
1648719914.393180897,7,0.077000
1648719914.415801179,13,0.129000
1648719914.438706620,0,0.010000
1648719914.459753214,1,0.017000
1648719914.481931947,0,0.015000
1648719914.504417605,5,0.076000
1648719914.526030088,9,0.108000
1648719914.547912175,0,0.024000
1648719914.571122008,1,0.000000
1648719914.594738538,0,0.000000
1648719914.617508690,3,0.058000
1648719914.638801875,8,0.101000
1648719914.661893969,7,0.058000
1648719914.683325698,1,0.000000
1648719914.705015332,0,0.000000
1648719914.727461621,0,0.000000
1648719914.748948202,1,0.023000
1648719914.771357807,2,0.051000
1648719914.792845623,0,0.019000
1648719914.815269856,0,0.015000
1648719914.837576538,2,0.001000
1648719914.861535765,0,0.000000
1648719914.882546409,6,0.059000
1648719914.904370073,6,0.055000
1648719914.927676328,0,0.000000
1648719914.949786531,0,0.000000
1648719914.971237846,2,0.000000
1648719914.993915375,12,0.116000
1648719915.014935988,1,0.001000
1648719915.036703072,0,0.000000
1648719915.059937299,0,0.001000
1648719915.083652955,8,0.097000
1648719915.106713938,0,0.000000
1648719915.126344409,0,0.000000
1648719915.148762452,0,0.000000
1648719915.171173923,1,0.000000
1648719915.195187194,0,0.000000
1648719915.218916221,10,0.126000
1648719915.240293161,3,0.022000
1648719915.261564121,0,0.025000
1648719915.283384317,0,0.011000
1648719915.307007361,0,0.000000
1648719915.328354948,6,0.082000
1648719915.350371651,12,0.106000
1648719915.372604405,0,0.000000
1648719915.395033908,1,0.000000
1648719915.416466457,13,0.142000
1648719915.439869404,9,0.108000
1648719915.464294779,1,0.012000
1648719915.488311917,1,0.000000
1648719915.509703400,7,0.089000
1648719915.530492051,4,0.047000
1648719915.553510128,2,0.025000
1648719915.576407254,0,0.000000
1648719915.598919433,0,0.000000
1648719915.619902298,17,0.167000
1648719915.644043655,3,0.030000
1648719915.664692036,0,0.000000
1648719915.685862994,0,0.000000
1648719915.707860778,3,0.069000
1648719915.729535318,7,0.072000
1648719915.752475398,0,0.000000
1648719915.773071774,0,0.000000
1648719915.795568125,0,0.000000
1648719915.818884731,0,0.000000
1648719915.840352339,0,0.000000
1648719915.860261430,0,0.000000
1648719915.883802651,0,0.000000
1648719915.906687786,0,0.000000
1648719915.927644824,9,0.104000
1648719915.951168244,4,0.041000
1648719915.974184310,1,0.001000
1648719915.994929954,1,0.001000
1648719916.017873341,1,0.007000
1648719916.040786308,1,0.007000
1648719916.061772577,14,0.148000
1648719916.085258051,0,0.002000
1648719916.107039499,0,0.000000
1648719916.129502948,12,0.174000
1648719916.152324652,13,0.132000
1648719916.174696197,0,0.000000
1648719916.196490183,1,0.023000
1648719916.217624856,15,0.158000
1648719916.239886003,6,0.074000
1648719916.262217431,0,0.000000
1648719916.284362166,1,0.000000
1648719916.306367339,1,0.001000
1648719916.326455972,1,0.000000
1648719916.349870679,0,0.000000
1648719916.372434757,4,0.062000
1648719916.393963478,0,0.000000
1648719916.415080751,0,0.000000
1648719916.436627802,1,0.000000
1648719916.459403309,12,0.127000
1648719916.481324276,12,0.125000
1648719916.503401859,2,0.047000
1648719916.525456920,0,0.013000
1648719916.548789094,0,0.000000
1648719916.571236694,0,0.000000
1648719916.592657024,2,0.022000
1648719916.613815494,0,0.000000
1648719916.635376451,0,0.000000
1648719916.657894017,3,0.035000
1648719916.680877805,6,0.126000
1648719916.704293982,0,0.000000
1648719916.726759718,0,0.000000
1648719916.749742467,1,0.005000
1648719916.771390816,7,0.111000
1648719916.793536000,0,0.000000
1648719916.814942941,0,0.000000
1648719916.837621017,0,0.000000
1648719916.860335456,9,0.110000
1648719916.883419814,4,0.046000
1648719916.905246282,0,0.000000
1648719916.927979936,0,0.000000
1648719916.950240701,10,0.133000
1648719916.971270962,0,0.000000
1648719916.994637846,0,0.006000
1648719917.016868550,0,0.001000
1648719917.040636707,0,0.000000
1648719917.064177490,0,0.000000
1648719917.085921335,2,0.021000
1648719917.108547228,3,0.037000
1648719917.131173339,0,0.027000
1648719917.152735609,0,0.011000
1648719917.175187658,0,0.000000
1648719917.198972922,10,0.099000
1648719917.219850140,0,0.000000
1648719917.241091188,0,0.000000
1648719917.263225811,0,0.000000
1648719917.286125056,5,0.074000
1648719917.307710255,0,0.004000
1648719917.329053825,0,0.000000
1648719917.349967499,8,0.080000
1648719917.373037394,0,0.011000
1648719917.396802664,0,0.000000
1648719917.419362662,0,0.000000
1648719917.442798805,1,0.012000
1648719917.466107392,1,0.006000
1648719917.488856084,0,0.000000
1648719917.511760430,12,0.130000
1648719917.535006550,12,0.157000
1648719917.558050902,4,0.036000
1648719917.580770117,0,0.000000
1648719917.604012686,0,0.000000
1648719917.626707980,0,0.000000
1648719917.648879505,1,0.000000
1648719917.668312507,8,0.101000
1648719917.689721581,2,0.023000
1648719917.708635724,5,0.112000
1648719917.730916319,5,0.040000
1648719917.751798334,0,0.000000
1648719917.772127872,10,0.108000
1648719917.794771958,1,0.023000
1648719917.815078496,0,0.025000
1648719917.837325953,0,0.004000
1648719917.860112146,3,0.037000
1648719917.881131235,2,0.000000
1648719917.903720702,0,0.000000
1648719917.926749775,0,0.008000
1648719917.948497687,0,0.007000
1648719917.970691171,6,0.070000
1648719917.992856434,1,0.014000
1648719918.015462693,6,0.065000
1648719918.040165126,0,0.000000
1648719918.061435170,0,0.000000
1648719918.084226368,0,0.000000
1648719918.106506049,0,0.000000
1648719918.130132009,0,0.000000
1648719918.153752331,1,0.018000
1648719918.176907740,13,0.147000
1648719918.199082825,1,0.000000
1648719918.220071221,1,0.020000
1648719918.243335764,0,0.000000
1648719918.264537771,13,0.110000
1648719918.287185883,9,0.081000
1648719918.309710693,1,0.008000
1648719918.330434379,0,0.000000
1648719918.353980260,0,0.000000
1648719918.376224000,0,0.008000
1648719918.398689751,6,0.061000
1648719918.420593287,2,0.012000
1648719918.442618113,0,0.002000
1648719918.464265947,0,0.000000
1648719918.488533837,7,0.047000
1648719918.509015106,8,0.111000
1648719918.531505169,1,0.013000
1648719918.553484235,2,0.012000
1648719918.576126404,0,0.000000
1648719918.599324457,0,0.000000
1648719918.622871766,0,0.000000
1648719918.642791132,6,0.063000
1648719918.666137253,6,0.056000
1648719918.688827159,0,0.008000
1648719918.709783181,1,0.006000
1648719918.733498114,0,0.000000
1648719918.757525601,0,0.000000
1648719918.781404951,3,0.048000
1648719918.804957416,3,0.095000
1648719918.828306070,14,0.157000
1648719918.852055688,9,0.099000
1648719918.874781340,1,0.008000
1648719918.897883857,1,0.001000
1648719918.920234450,1,0.011000
1648719918.942788778,0,0.000000
1648719918.965768929,2,0.013000
1648719918.989486419,3,0.008000
1648719919.012871537,0,0.013000
1648719919.035741347,9,0.072000
1648719919.057734228,0,0.001000
1648719919.080436242,0,0.000000
1648719919.104195165,0,0.006000
1648719919.126368865,0,0.012000
1648719919.148197018,7,0.076000
1648719919.170877084,14,0.127000
1648719919.192962387,0,0.000000
1648719919.213626359,0,0.000000
1648719919.233952129,16,0.143000
1648719919.258048170,13,0.144000
1648719919.280750271,8,0.082000
1648719919.303618326,2,0.021000
1648719919.326546635,0,0.004000
1648719919.349532708,1,0.020000
1648719919.373202647,0,0.008000
1648719919.395084292,3,0.034000
1648719919.420173977,1,0.011000
1648719919.443705041,1,0.000000
1648719919.466088028,8,0.083000
1648719919.486970177,2,0.043000
1648719919.508997699,0,0.000000
1648719919.532231873,6,0.134000
1648719919.554058905,1,0.005000
1648719919.577653124,9,0.082000
1648719919.598845385,3,0.022000
1648719919.621838594,0,0.000000
1648719919.643918487,0,0.000000
1648719919.666426498,13,0.148000
1648719919.686820335,15,0.160000
1648719919.709626437,1,0.010000
1648719919.731836435,0,0.000000
1648719919.752423347,11,0.103000
1648719919.774059531,6,0.064000
1648719919.795952998,2,0.017000
1648719919.819065716,0,0.000000
1648719919.841226318,0,0.000000
1648719919.863247741,0,0.000000
1648719919.885212186,0,0.029000
1648719919.906091104,2,0.010000
1648719919.928149728,0,0.001000
1648719919.951480828,1,0.012000
1648719919.973618986,0,0.000000
1648719919.996281481,9,0.128000
1648719920.017017611,2,0.015000
1648719920.038627859,1,0.016000
1648719920.061357730,0,0.000000
1648719920.082285884,0,0.000000
1648719920.105199359,8,0.134000
1648719920.125963164,2,0.048000
1648719920.148968777,0,0.000000
1648719920.169870240,0,0.000000
1648719920.191967251,0,0.009000
1648719920.211890080,11,0.103000
1648719920.233976271,0,0.000000
1648719920.256128414,2,0.001000
1648719920.278983175,1,0.010000
1648719920.302153230,8,0.082000
1648719920.323733267,3,0.014000
1648719920.345970061,0,0.000000
1648719920.368926460,1,0.014000
1648719920.391869446,2,0.046000
1648719920.414072106,13,0.135000
1648719920.437448598,9,0.100000
1648719920.460374931,1,0.008000
1648719920.483721372,1,0.000000
1648719920.505361763,0,0.000000
1648719920.529589730,0,0.001000
1648719920.550932172,8,0.145000
1648719920.574149105,11,0.110000
1648719920.595174577,0,0.000000
1648719920.616421921,3,0.017000
1648719920.639497961,17,0.165000
1648719920.662934432,3,0.039000
1648719920.684603674,0,0.000000
1648719920.706351915,1,0.012000
1648719920.728814688,0,0.000000
1648719920.751326088,2,0.077000
1648719920.774178728,12,0.177000
1648719920.796388284,0,0.010000
1648719920.817217509,1,0.017000
1648719920.838946502,6,0.080000
1648719920.861340504,10,0.106000
1648719920.883377469,0,0.000000
1648719920.906231698,0,0.023000
1648719920.929994287,0,0.007000
1648719920.951523738,0,0.000000
1648719920.973574515,4,0.043000
1648719920.996472978,0,0.004000
1648719921.018527465,1,0.025000
1648719921.039356004,12,0.140000
1648719921.062259527,8,0.134000
1648719921.085994908,2,0.023000
1648719921.107495362,2,0.018000
1648719921.128649766,0,0.000000
1648719921.151769994,0,0.000000
1648719921.174458785,9,0.114000
1648719921.194971295,5,0.059000
1648719921.215987733,0,0.000000
1648719921.237935514,1,0.025000
1648719921.260442748,7,0.067000
1648719921.283278429,7,0.060000
1648719921.305610692,4,0.035000
1648719921.329902751,0,0.000000
1648719921.352138400,0,0.006000
1648719921.375696836,0,0.001000
1648719921.397236538,0,0.013000
1648719921.421650443,0,0.001000
1648719921.444870669,0,0.000000
1648719921.468203932,10,0.130000
1648719921.490467894,0,0.010000
1648719921.513885669,0,0.000000
1648719921.534774006,12,0.133000
1648719921.556050932,2,0.010000
1648719921.577443472,0,0.000000
1648719921.599420290,0,0.002000
1648719921.622846293,0,0.005000
1648719921.646216692,0,0.000000
1648719921.667770805,13,0.168000
1648719921.690851109,0,0.008000
1648719921.712398599,0,0.000000
1648719921.735226326,0,0.000000
1648719921.757608090,11,0.083000
1648719921.780110340,0,0.000000
1648719921.802540512,0,0.018000
1648719921.824651525,4,0.014000
1648719921.846511068,6,0.066000
1648719921.870605523,2,0.028000
1648719921.893963383,0,0.010000
1648719921.916685029,1,0.024000
1648719921.939249411,0,0.000000
1648719921.962658835,2,0.005000
1648719921.985288505,11,0.088000
1648719922.005975875,1,0.032000
1648719922.028484270,3,0.043000
1648719922.050663080,4,0.029000
1648719922.073480522,0,0.000000
1648719922.095145318,0,0.017000
1648719922.116845835,6,0.082000
1648719922.138957633,4,0.024000
1648719922.161399653,2,0.040000
1648719922.183588768,1,0.019000
1648719922.206049146,0,0.000000
1648719922.228128835,10,0.124000
1648719922.250031830,1,0.011000
1648719922.272277515,0,0.018000
1648719922.293786728,0,0.000000
1648719922.315777134,0,0.005000
1648719922.339159537,0,0.016000
1648719922.362884327,2,0.015000
1648719922.385980936,5,0.070000
1648719922.408498843,15,0.162000
1648719922.431802773,12,0.118000
1648719922.454986683,2,0.028000
1648719922.478424583,4,0.045000
1648719922.502101572,0,0.000000
1648719922.523799430,0,0.008000
1648719922.546793443,1,0.003000
1648719922.569138435,10,0.076000
1648719922.590924906,0,0.001000
1648719922.613213990,1,0.008000
1648719922.634096398,2,0.010000
1648719922.656431768,4,0.053000
1648719922.678022757,0,0.000000
1648719922.698703683,0,0.000000
1648719922.721287293,1,0.021000
1648719922.742711601,1,0.048000
1648719922.763267102,0,0.025000
1648719922.786089297,0,0.000000
1648719922.808496718,1,0.025000
1648719922.830635115,9,0.102000
1648719922.853282790,4,0.008000
1648719922.874998834,0,0.000000
1648719922.897689806,2,0.002000
1648719922.918166093,16,0.152000
1648719922.939425938,10,0.099000
1648719922.963047631,1,0.000000
1648719922.984821223,0,0.000000
1648719923.008464371,0,0.000000
1648719923.029336830,8,0.083000
1648719923.051774979,1,0.034000
1648719923.076044753,0,0.007000
1648719923.099533670,0,0.000000
1648719923.119950744,8,0.079000
1648719923.141469039,6,0.064000
1648719923.164815726,0,0.000000
1648719923.187539391,6,0.044000
1648719923.208522901,7,0.077000
1648719923.233150520,6,0.071000
1648719923.255758330,2,0.029000
1648719923.279926872,2,0.012000
1648719923.303001938,0,0.000000
1648719923.325923624,0,0.000000
1648719923.348486489,1,0.000000
1648719923.372067638,11,0.125000
1648719923.393791417,15,0.193000
1648719923.416677585,2,0.026000
1648719923.440368688,0,0.000000
1648719923.462236484,0,0.000000
1648719923.484965088,0,0.016000
1648719923.506198198,4,0.037000
1648719923.529381701,0,0.001000
1648719923.551802006,0,0.000000
1648719923.572836777,0,0.001000
1648719923.594711616,14,0.139000
1648719923.616866050,6,0.059000
1648719923.640207008,0,0.000000
1648719923.661862043,0,0.007000
1648719923.683706828,0,0.000000
1648719923.704507203,0,0.002000
1648719923.729216627,0,0.000000
1648719923.752350204,0,0.001000
1648719923.774197291,7,0.075000
1648719923.795018997,7,0.090000
1648719923.818177094,0,0.004000
1648719923.841774134,0,0.000000
1648719923.864926349,0,0.002000
1648719923.888473478,0,0.022000
1648719923.911473755,10,0.150000
1648719923.934713164,13,0.118000
1648719923.956456858,11,0.108000
1648719923.978714212,1,0.012000
1648719923.999610522,0,0.016000
1648719924.022244591,0,0.000000
1648719924.046807864,0,0.026000
1648719924.068306083,0,0.000000
1648719924.091257508,13,0.147000
1648719924.113881036,0,0.000000
1648719924.136257687,0,0.008000
1648719924.158141448,0,0.008000
1648719924.181794097,11,0.156000
1648719924.204908389,0,0.010000
1648719924.225472182,0,0.018000
1648719924.245716274,6,0.098000
1648719924.269563121,1,0.001000
1648719924.292324092,12,0.152000
1648719924.314495413,1,0.004000
1648719924.334667906,0,0.000000
1648719924.354785067,0,0.008000
1648719924.378986932,0,0.011000
1648719924.402766158,14,0.194000
1648719924.425448092,0,0.004000
1648719924.446724379,0,0.000000
1648719924.470459811,1,0.004000
1648719924.492899771,0,0.000000
1648719924.513845115,0,0.000000
1648719924.534283200,0,0.001000
1648719924.558539754,2,0.008000
1648719924.579078584,6,0.048000
1648719924.600367353,6,0.068000
1648719924.624245966,0,0.001000
1648719924.647059400,0,0.019000
1648719924.667811703,0,0.014000
1648719924.690115177,16,0.169000
1648719924.712484470,12,0.162000
1648719924.735167471,1,0.029000
1648719924.757935504,3,0.023000
1648719924.782020534,1,0.008000
1648719924.804226282,0,0.005000
1648719924.826549320,0,0.000000
1648719924.849245055,12,0.111000
1648719924.872391765,3,0.024000
1648719924.895899951,2,0.012000
1648719924.918002759,0,0.000000
1648719924.939744729,0,0.000000
1648719924.963342411,0,0.000000
1648719924.985833942,10,0.092000
1648719925.008146593,6,0.105000
1648719925.030649501,0,0.000000
1648719925.052862667,0,0.001000
1648719925.075247850,6,0.120000
1648719925.095970763,0,0.000000
1648719925.118393120,0,0.000000
1648719925.140468949,8,0.075000
1648719925.162782154,1,0.025000
1648719925.185009522,2,0.011000
1648719925.208044172,0,0.007000
1648719925.230331315,0,0.000000
1648719925.253013242,7,0.078000
1648719925.274073327,0,0.000000
1648719925.295788959,0,0.000000
1648719925.319671820,0,0.000000
1648719925.343083981,1,0.005000
1648719925.364361410,17,0.161000
1648719925.386156399,0,0.014000
1648719925.406345205,0,0.004000
1648719925.429395533,0,0.000000
1648719925.452023237,1,0.001000
1648719925.476599414,0,0.000000
1648719925.498468019,0,0.000000
1648719925.521362098,1,0.004000
1648719925.544149181,0,0.000000
1648719925.567024088,1,0.021000
1648719925.590018434,0,0.006000
1648719925.613735875,0,0.001000
1648719925.636233472,0,0.000000
1648719925.657668144,8,0.093000
1648719925.679907390,7,0.064000
1648719925.702683208,0,0.000000
1648719925.726485488,0,0.001000
1648719925.748091648,0,0.000000
1648719925.771290045,8,0.121000
1648719925.793679134,1,0.017000
1648719925.815929831,0,0.000000
1648719925.838373046,0,0.000000
1648719925.862604472,2,0.010000
1648719925.885920440,1,0.011000
1648719925.908737282,0,0.000000
1648719925.930803796,15,0.163000
1648719925.953421289,9,0.084000
1648719925.976476533,5,0.061000
1648719926.000118980,0,0.000000
1648719926.021695943,0,0.011000
1648719926.042486827,0,0.000000
1648719926.065375649,2,0.023000
1648719926.086024836,0,0.000000
1648719926.108184354,0,0.001000
1648719926.131056683,1,0.011000
1648719926.152059398,4,0.050000
1648719926.175403591,0,0.011000
1648719926.196484633,1,0.000000
1648719926.218920020,11,0.148000
1648719926.241996292,2,0.022000
1648719926.263953788,0,0.002000
1648719926.286630778,0,0.017000
1648719926.309673547,1,0.000000
1648719926.332258622,2,0.013000
1648719926.355731677,11,0.095000
1648719926.377833607,1,0.006000
1648719926.400673075,2,0.000000
1648719926.422635727,2,0.038000
1648719926.445015163,1,0.023000
1648719926.467553816,1,0.009000
1648719926.489550266,1,0.014000
1648719926.512281518,0,0.000000
1648719926.535134893,2,0.031000
1648719926.555794054,8,0.169000
1648719926.577564094,1,0.006000
1648719926.598526675,0,0.000000
1648719926.622493942,0,0.001000
1648719926.643209947,11,0.106000
1648719926.665089771,0,0.000000
1648719926.686796409,0,0.000000
1648719926.709569043,0,0.000000
1648719926.730941493,5,0.069000
1648719926.753892297,14,0.157000
1648719926.775937151,0,0.000000
1648719926.798669871,0,0.000000
1648719926.821742238,0,0.000000
1648719926.844834138,17,0.192000
1648719926.867235228,2,0.013000
1648719926.889792616,0,0.013000
1648719926.912276379,1,0.016000
1648719926.931782087,2,0.036000
1648719926.953836007,4,0.049000
1648719926.976978110,0,0.000000
1648719926.997232296,0,0.012000
1648719927.019772214,0,0.001000
1648719927.043396480,4,0.035000
1648719927.065020954,1,0.000000
1648719927.085870387,0,0.004000
1648719927.107850709,1,0.017000
1648719927.131480390,0,0.000000
1648719927.154410321,0,0.000000
1648719927.175704314,1,0.005000
1648719927.195110626,0,0.000000
1648719927.218614293,2,0.001000
1648719927.239685768,3,0.038000
1648719927.263198474,1,0.017000
1648719927.286150617,0,0.000000
1648719927.308493408,1,0.012000
1648719927.329645221,14,0.135000
1648719927.351893521,0,0.001000
1648719927.374239672,2,0.008000
1648719927.397288451,0,0.000000
1648719927.420768974,0,0.020000
1648719927.444742589,0,0.016000
1648719927.467015340,12,0.110000
1648719927.489760712,6,0.061000
1648719927.513712126,2,0.012000
1648719927.535068458,3,0.044000
1648719927.558096079,1,0.015000
1648719927.579775168,5,0.083000
1648719927.602795648,1,0.015000
1648719927.624297923,4,0.048000
1648719927.647689577,2,0.000000
1648719927.669682040,0,0.000000
1648719927.692063655,4,0.050000
1648719927.713547739,0,0.000000
1648719927.733650800,0,0.000000
1648719927.754987756,5,0.055000
1648719927.777174484,2,0.017000
1648719927.799055715,0,0.026000
1648719927.820721353,0,0.016000
1648719927.842893083,9,0.117000
1648719927.864222073,5,0.034000
1648719927.886509172,0,0.000000
1648719927.907231656,14,0.169000
1648719927.928939208,9,0.092000
1648719927.951850703,0,0.000000
1648719927.973783093,2,0.021000
1648719927.995332398,9,0.110000
1648719928.018182405,11,0.127000
1648719928.040533227,5,0.060000
1648719928.063247416,2,0.034000
1648719928.086314747,2,0.001000
1648719928.108769662,0,0.003000
1648719928.130482470,1,0.042000
1648719928.153594781,7,0.083000
1648719928.176346665,4,0.052000
1648719928.197845125,2,0.002000
1648719928.219485959,0,0.001000
1648719928.242585868,0,0.002000
1648719928.263475064,9,0.090000
1648719928.286699545,2,0.036000
1648719928.308285672,0,0.003000
1648719928.330776123,0,0.000000
1648719928.352896425,9,0.121000
1648719928.374222676,1,0.023000
1648719928.395444454,0,0.000000
1648719928.417397937,4,0.068000
1648719928.438944594,10,0.095000
1648719928.460888499,2,0.011000
1648719928.482977349,0,0.000000
1648719928.506053929,0,0.000000
1648719928.528369258,5,0.048000
1648719928.550447874,2,0.027000
1648719928.571614013,0,0.000000
1648719928.593888497,0,0.000000
1648719928.617668435,0,0.001000
1648719928.641756152,0,0.010000
1648719928.664432690,12,0.162000
1648719928.685956633,10,0.089000
1648719928.708985854,1,0.001000
1648719928.731135840,1,0.001000
1648719928.754322691,2,0.017000
1648719928.777440418,11,0.184000
1648719928.800931214,0,0.002000
1648719928.823205999,17,0.177000
1648719928.843552220,1,0.022000
1648719928.864959030,0,0.006000
1648719928.885713806,1,0.007000
1648719928.906386371,2,0.010000
1648719928.927308682,8,0.086000
1648719928.949564713,10,0.135000
1648719928.971479860,1,0.018000
1648719928.993464809,0,0.006000
1648719929.014980240,0,0.000000
1648719929.037936962,15,0.128000
1648719929.059356507,0,0.000000
1648719929.081750509,0,0.009000
1648719929.104488638,0,0.014000
1648719929.126866931,1,0.015000
1648719929.150547259,0,0.000000
1648719929.173272017,8,0.088000
1648719929.195999461,0,0.013000
1648719929.217663892,0,0.000000
1648719929.240428403,3,0.013000
1648719929.262222193,8,0.189000
1648719929.286217055,0,0.000000
1648719929.307176556,0,0.000000
1648719929.329759117,0,0.000000
1648719929.353467004,2,0.021000
1648719929.375575286,11,0.116000
1648719929.399580468,7,0.083000
1648719929.422323958,2,0.021000
1648719929.444605453,0,0.000000
1648719929.465840203,0,0.011000
1648719929.489980265,0,0.000000
1648719929.511700972,0,0.001000
1648719929.534656655,1,0.022000
1648719929.556421926,0,0.000000
1648719929.579258745,0,0.000000
1648719929.599775581,6,0.069000
1648719929.621918229,1,0.002000
1648719929.644131612,0,0.000000
1648719929.665095872,1,0.002000
1648719929.688352885,9,0.117000
1648719929.710234997,0,0.000000
1648719929.731134051,2,0.024000
1648719929.752877400,7,0.060000
1648719929.774827598,0,0.000000
1648719929.796360576,1,0.050000
1648719929.820085759,0,0.000000
1648719929.842576885,1,0.000000
1648719929.866031521,0,0.000000
1648719929.887617140,5,0.073000
1648719929.909705044,1,0.005000
1648719929.932742041,6,0.056000
1648719929.954195411,3,0.014000
1648719929.976199456,0,0.000000
1648719929.998976475,0,0.016000
1648719930.020903884,1,0.040000
1648719930.043272666,15,0.170000
1648719930.065702603,0,0.000000
1648719930.087556501,0,0.000000
1648719930.110580973,0,0.000000
1648719930.133539213,0,0.000000
1648719930.155208061,0,0.000000
1648719930.177091301,7,0.071000
1648719930.198681806,0,0.016000
1648719930.219773528,0,0.001000
1648719930.242231894,0,0.000000
1648719930.264838210,10,0.082000
1648719930.286130759,0,0.001000
1648719930.306472926,0,0.005000
1648719930.328287384,0,0.008000
1648719930.351107956,5,0.044000
1648719930.374507403,0,0.000000
1648719930.395611946,0,0.000000
1648719930.418777416,14,0.192000
1648719930.441007340,0,0.004000
1648719930.464182025,1,0.000000
1648719930.486233999,0,0.000000
1648719930.509404215,0,0.000000
1648719930.532436559,5,0.121000
1648719930.555344564,10,0.099000
1648719930.576924583,0,0.000000
1648719930.600089091,0,0.001000
1648719930.621530028,1,0.000000
1648719930.645039607,0,0.000000
1648719930.667943685,8,0.117000
1648719930.688948271,4,0.034000
1648719930.712134948,1,0.000000
1648719930.734094458,0,0.000000
1648719930.755520355,7,0.105000
1648719930.778848734,9,0.102000
1648719930.800600198,1,0.011000
1648719930.823269761,0,0.004000
1648719930.846051188,0,0.001000
1648719930.867405221,8,0.068000
1648719930.889657055,0,0.000000
1648719930.910713739,0,0.004000
1648719930.933410707,7,0.107000
1648719930.954151169,1,0.014000
1648719930.975426213,0,0.001000
1648719930.997962314,0,0.001000
1648719931.021031029,6,0.064000
1648719931.042358741,8,0.060000
1648719931.065284830,0,0.000000
1648719931.087363299,0,0.000000
1648719931.108509178,12,0.147000
1648719931.130544610,14,0.182000
1648719931.152996365,4,0.067000
1648719931.175027386,1,0.000000
1648719931.197737039,0,0.000000
1648719931.220182900,0,0.000000
1648719931.242737885,0,0.001000
1648719931.265002377,8,0.182000
1648719931.287353863,5,0.032000
1648719931.308615711,0,0.000000
1648719931.331754531,0,0.000000
1648719931.354162859,3,0.017000
1648719931.374762851,0,0.000000
1648719931.396747127,0,0.011000
1648719931.419556450,7,0.136000
1648719931.441581122,0,0.000000
1648719931.461604676,1,0.002000
1648719931.483991058,1,0.008000
1648719931.507654787,1,0.010000
1648719931.529361050,3,0.041000
1648719931.552506475,1,0.006000
1648719931.575061038,0,0.011000
1648719931.597231785,0,0.000000
1648719931.620533080,13,0.141000
1648719931.641043047,0,0.012000
1648719931.663011684,2,0.017000
1648719931.684967442,0,0.000000
1648719931.705537020,15,0.154000
1648719931.728654744,0,0.013000
1648719931.750302109,0,0.005000
1648719931.772323669,0,0.020000
1648719931.796226934,13,0.164000
1648719931.817990517,16,0.178000
1648719931.840898245,6,0.071000
1648719931.863781394,2,0.009000
1648719931.887358592,0,0.000000
1648719931.910897785,1,0.009000
1648719931.933618176,3,0.052000
1648719931.955317182,0,0.000000
1648719931.978096654,0,0.011000
1648719931.999555709,0,0.000000
1648719932.022037879,6,0.067000
1648719932.043508591,13,0.152000
1648719932.064633706,0,0.000000
1648719932.083973187,0,0.000000
1648719932.104973038,14,0.155000
1648719932.127295089,6,0.052000
1648719932.149590037,0,0.000000
1648719932.172485120,0,0.000000
1648719932.194132355,0,0.010000
1648719932.217308981,1,0.042000
1648719932.240456549,10,0.130000
1648719932.261594606,1,0.005000
1648719932.283792488,1,0.012000
1648719932.304826763,8,0.092000
1648719932.327871634,3,0.022000
1648719932.351539364,0,0.005000
1648719932.372980301,0,0.000000
1648719932.395806404,3,0.025000
1648719932.418886430,9,0.105000
1648719932.441992363,0,0.000000
1648719932.462712077,1,0.006000
1648719932.485566560,5,0.072000
1648719932.505788509,0,0.000000
1648719932.527423601,1,0.000000
1648719932.550119213,0,0.000000
1648719932.573591511,0,0.005000
1648719932.595817075,7,0.090000
1648719932.618053008,3,0.057000
1648719932.640236733,0,0.000000
1648719932.662651849,0,0.016000
1648719932.685622153,0,0.000000
1648719932.708165162,0,0.000000
1648719932.732233113,0,0.004000
1648719932.753025018,8,0.078000
1648719932.773039245,0,0.014000
1648719932.795030726,0,0.000000
1648719932.815218240,4,0.023000
1648719932.838886142,15,0.167000
1648719932.861329185,0,0.000000
1648719932.882470632,0,0.014000
1648719932.905224004,0,0.000000
1648719932.926563880,16,0.160000
1648719932.949228756,4,0.073000
1648719932.972445769,3,0.015000
1648719932.996241318,0,0.000000
1648719933.018066017,0,0.012000
1648719933.040908219,2,0.016000
1648719933.063877475,0,0.000000
1648719933.086958002,16,0.196000
1648719933.108526568,4,0.040000
1648719933.131686689,0,0.000000
1648719933.154269590,0,0.000000
1648719933.175840340,5,0.069000
1648719933.198344702,0,0.000000
1648719933.219920861,0,0.000000
1648719933.242506054,0,0.000000
1648719933.264435677,0,0.000000
1648719933.288012810,0,0.001000
1648719933.310370078,7,0.139000
1648719933.333353683,4,0.043000
1648719933.354456969,0,0.000000
1648719933.376998828,0,0.000000
1648719933.400553265,10,0.120000
1648719933.423133828,7,0.078000
1648719933.444641810,0,0.000000
1648719933.466868065,1,0.004000
1648719933.490867002,1,0.004000
1648719933.513716652,1,0.021000
1648719933.537130071,0,0.005000
1648719933.559450523,1,0.014000
1648719933.583575360,4,0.074000
1648719933.604880633,1,0.003000
1648719933.625460576,0,0.000000
1648719933.648570754,0,0.000000
1648719933.672064217,1,0.009000
1648719933.695131255,8,0.057000
1648719933.717004957,2,0.021000
1648719933.740021532,3,0.026000
1648719933.762245125,0,0.009000
1648719933.784821481,0,0.000000
1648719933.806865531,0,0.000000
1648719933.829956512,12,0.166000
1648719933.853122460,1,0.021000
1648719933.876291894,0,0.000000
1648719933.897366406,0,0.000000
1648719933.919771609,5,0.084000
1648719933.940859396,0,0.005000
1648719933.961666771,0,0.000000
1648719933.982160107,2,0.044000
1648719934.004402471,8,0.113000
1648719934.027566618,9,0.080000
1648719934.049453113,4,0.040000
1648719934.072442335,0,0.000000
1648719934.093885786,2,0.027000
1648719934.116311468,0,0.000000
1648719934.138077361,1,0.012000
1648719934.160843055,8,0.117000
1648719934.182194332,8,0.144000
1648719934.204526260,0,0.000000
1648719934.225430610,0,0.000000
1648719934.248464116,0,0.000000
1648719934.271732327,0,0.041000
1648719934.293932439,0,0.000000
1648719934.316559993,1,0.010000
1648719934.338133739,0,0.000000
1648719934.360850558,0,0.000000
1648719934.383906682,5,0.061000
1648719934.406653072,12,0.151000
1648719934.429503359,2,0.052000
1648719934.451939653,0,0.000000
1648719934.473415042,0,0.000000
1648719934.496222307,0,0.000000
1648719934.518030703,8,0.146000
1648719934.538808933,9,0.116000
1648719934.561231556,0,0.000000
1648719934.582529414,0,0.000000
1648719934.604792679,0,0.000000
1648719934.625052232,1,0.001000
1648719934.645446319,0,0.000000
1648719934.667006669,0,0.000000
1648719934.689507495,8,0.100000
1648719934.710775002,8,0.092000
1648719934.733030061,3,0.023000
1648719934.755042256,2,0.000000
1648719934.778142856,0,0.000000
1648719934.799844063,0,0.014000
1648719934.822484540,0,0.000000
1648719934.844792473,6,0.062000
1648719934.867646954,5,0.036000
1648719934.888451128,0,0.010000
1648719934.911944279,0,0.000000
1648719934.934423916,0,0.016000
1648719934.956971172,1,0.027000
1648719934.978531472,0,0.028000
1648719934.999438202,0,0.000000
1648719935.020273391,10,0.113000
1648719935.042673542,10,0.112000
1648719935.064168856,0,0.027000
1648719935.086350966,1,0.037000
1648719935.109014797,0,0.000000
1648719935.132548996,0,0.035000
1648719935.155086205,12,0.146000
1648719935.177585969,2,0.005000
1648719935.199185722,0,0.000000
1648719935.221101430,3,0.024000
1648719935.243353732,14,0.151000
1648719935.264554309,9,0.068000
1648719935.287745131,1,0.001000
1648719935.309275406,0,0.001000
1648719935.331025167,5,0.098000
1648719935.354407864,9,0.109000
1648719935.378164671,9,0.072000
1648719935.400484562,7,0.062000
1648719935.423555247,2,0.009000
1648719935.447146100,0,0.000000
1648719935.469947768,0,0.000000
1648719935.492749288,0,0.000000
1648719935.515033665,13,0.174000
1648719935.537556393,11,0.129000
1648719935.560067511,2,0.021000
1648719935.584203962,0,0.000000
1648719935.604771605,0,0.008000
1648719935.626590150,14,0.142000
1648719935.648861174,0,0.000000
1648719935.670098358,1,0.001000
1648719935.690840703,10,0.201000
1648719935.712938416,7,0.074000
1648719935.735874485,0,0.015000
1648719935.754979279,2,0.019000
1648719935.776748319,0,0.000000
1648719935.799334408,9,0.115000
1648719935.821470724,0,0.000000
1648719935.843424004,0,0.000000
1648719935.865298141,9,0.096000
1648719935.887298205,8,0.083000
1648719935.909018461,0,0.000000
1648719935.929740390,0,0.007000
1648719935.951252171,5,0.035000
1648719935.973181075,1,0.011000
1648719935.995093343,2,0.015000
1648719936.017784905,0,0.005000
1648719936.040202906,0,0.000000
1648719936.063046979,8,0.118000
1648719936.084837484,3,0.007000
1648719936.105890770,1,0.010000
1648719936.127970991,0,0.006000
1648719936.150309749,0,0.006000
1648719936.171599412,13,0.115000
1648719936.194235363,5,0.094000
1648719936.216263375,0,0.000000
1648719936.236473494,4,0.046000
1648719936.257346854,0,0.000000
1648719936.280316482,0,0.000000
1648719936.302778729,0,0.000000
1648719936.326460418,6,0.062000
1648719936.347361498,15,0.179000
1648719936.369308093,4,0.037000
1648719936.391416719,0,0.011000
1648719936.415470781,0,0.005000
1648719936.437103993,1,0.011000
1648719936.458946056,0,0.000000
1648719936.481541495,0,0.000000
1648719936.503934972,3,0.036000
1648719936.523804085,0,0.001000
1648719936.545491117,1,0.005000
1648719936.568021600,1,0.007000
1648719936.589686430,1,0.016000
1648719936.612098148,0,0.000000
1648719936.634503115,0,0.000000
1648719936.657061595,12,0.166000
1648719936.679799261,5,0.029000
1648719936.702085813,0,0.011000
1648719936.724474268,2,0.006000
1648719936.747456917,0,0.004000
1648719936.769294534,0,0.011000
1648719936.790642472,8,0.099000
1648719936.812022975,0,0.011000
1648719936.834624963,0,0.000000
1648719936.856292875,0,0.000000
1648719936.878646145,15,0.181000
1648719936.900536458,11,0.119000
1648719936.923783856,0,0.000000
1648719936.946346654,0,0.000000
1648719936.966972412,0,0.000000
1648719936.987524220,2,0.023000
1648719937.009397128,18,0.188000
1648719937.031902817,1,0.019000
1648719937.053496982,1,0.000000
1648719937.074396320,1,0.037000
1648719937.097756237,0,0.012000
1648719937.120767646,7,0.059000
1648719937.144002049,6,0.096000
1648719937.166245818,7,0.063000
1648719937.189947277,0,0.000000
1648719937.211348328,0,0.006000
1648719937.234414127,0,0.003000
1648719937.255441701,11,0.140000
1648719937.277608466,11,0.138000
1648719937.300293395,2,0.010000
1648719937.321869897,0,0.000000
1648719937.342694139,0,0.001000
1648719937.364757440,12,0.129000
1648719937.388313626,1,0.013000
1648719937.408811718,0,0.000000
1648719937.429730475,0,0.011000
1648719937.452397682,1,0.001000
1648719937.475335872,1,0.012000
1648719937.496197251,2,0.001000
1648719937.519545279,0,0.000000
1648719937.542100391,0,0.001000
1648719937.564567498,4,0.055000
1648719937.585686795,11,0.128000
1648719937.608830469,10,0.082000
1648719937.632089591,1,0.018000
1648719937.653520460,0,0.000000
1648719937.675015934,0,0.000000
1648719937.699133317,0,0.003000
1648719937.721569683,11,0.121000
1648719937.743481463,0,0.004000
1648719937.765504441,0,0.016000
1648719937.788573000,0,0.000000
1648719937.809408857,0,0.000000
1648719937.832837337,0,0.000000
1648719937.855716004,0,0.005000
1648719937.877868313,6,0.053000
1648719937.900441396,1,0.023000
1648719937.921174476,0,0.029000
1648719937.943446925,0,0.003000
1648719937.966033852,2,0.018000
1648719937.986533372,5,0.082000
1648719938.008848007,2,0.013000
1648719938.029025493,0,0.000000
1648719938.051923050,0,0.000000
1648719938.074400789,0,0.000000
1648719938.096888176,9,0.094000
1648719938.118451249,0,0.000000
1648719938.140896167,2,0.008000
1648719938.163858074,0,0.000000
1648719938.185537516,3,0.027000
1648719938.207403530,5,0.093000
1648719938.229849993,3,0.076000
1648719938.252107294,0,0.004000
1648719938.276446836,0,0.000000
1648719938.299192523,0,0.000000
1648719938.320703460,0,0.000000
1648719938.343565578,0,0.000000
1648719938.366486094,7,0.106000
1648719938.389849295,8,0.105000
1648719938.411911787,2,0.022000
1648719938.434900871,2,0.001000
1648719938.457739676,0,0.000000
1648719938.480644450,0,0.000000
1648719938.503532902,3,0.033000
1648719938.524320710,0,0.000000
1648719938.545347062,3,0.013000
1648719938.568093849,0,0.000000
1648719938.589079944,0,0.027000
1648719938.611412173,15,0.154000
1648719938.634258085,11,0.095000
1648719938.656593608,0,0.000000
1648719938.679509361,1,0.000000
1648719938.702105883,0,0.000000
1648719938.723196541,0,0.000000
1648719938.747458205,2,0.013000
1648719938.768622075,9,0.172000
1648719938.790912912,6,0.054000
1648719938.812770423,0,0.016000
1648719938.835814602,1,0.011000
1648719938.858022580,0,0.000000
1648719938.878918242,11,0.127000
1648719938.898956670,1,0.015000
1648719938.922234335,1,0.017000
1648719938.944288011,0,0.005000
1648719938.967241787,2,0.007000
1648719938.987848669,11,0.121000
1648719939.010519106,2,0.031000
1648719939.031344455,0,0.001000
1648719939.052464813,1,0.020000
1648719939.074601006,14,0.171000
1648719939.097734508,1,0.011000
1648719939.119631319,0,0.001000
1648719939.141881034,0,0.008000
1648719939.164125680,12,0.156000
1648719939.184943065,0,0.000000
1648719939.206414911,0,0.006000
1648719939.230000915,0,0.000000
1648719939.252908123,0,0.000000
1648719939.275661828,8,0.111000
1648719939.297403470,10,0.085000
1648719939.320156892,0,0.000000
1648719939.341375026,0,0.000000
1648719939.362383733,0,0.008000
1648719939.384981682,14,0.165000
1648719939.407214148,13,0.166000
1648719939.430472331,4,0.033000
1648719939.452774813,0,0.026000
1648719939.475714254,0,0.000000
1648719939.499136988,0,0.000000
1648719939.521509684,0,0.000000
1648719939.542219196,9,0.100000
1648719939.564377161,10,0.098000
1648719939.586387914,1,0.001000
1648719939.609205737,0,0.004000
1648719939.631421540,0,0.000000
1648719939.654221211,7,0.091000
1648719939.677334480,7,0.045000
1648719939.699237190,0,0.007000
1648719939.720018806,0,0.004000
1648719939.742585074,0,0.000000
1648719939.764955232,3,0.033000
1648719939.787806605,12,0.119000
1648719939.810155396,2,0.042000
1648719939.832439458,0,0.000000
1648719939.854672676,0,0.002000
1648719939.875715903,10,0.176000
1648719939.896950974,3,0.013000
1648719939.917920533,0,0.004000
1648719939.940263317,0,0.000000
1648719939.962887565,8,0.092000
1648719939.983542160,10,0.103000
1648719940.005554901,3,0.014000
1648719940.028511195,0,0.000000
1648719940.050554724,1,0.001000
1648719940.072657875,9,0.118000
1648719940.094275837,5,0.034000
1648719940.115710665,1,0.005000
1648719940.138844521,2,0.001000
1648719940.162399747,1,0.001000
1648719940.183297638,6,0.075000
1648719940.206678283,6,0.059000
1648719940.227850822,1,0.001000
1648719940.250201259,0,0.000000
1648719940.271759856,1,0.024000
1648719940.293574093,11,0.083000
1648719940.315676581,2,0.038000
1648719940.337380278,0,0.000000
1648719940.360102510,0,0.001000
1648719940.383946999,0,0.004000
1648719940.407175762,0,0.000000
1648719940.429317777,5,0.051000
1648719940.451273509,0,0.014000
1648719940.474215436,1,0.000000
1648719940.495768721,2,0.024000
1648719940.517755235,3,0.042000
1648719940.538440259,0,0.001000
1648719940.560085540,19,0.169000
1648719940.581876014,5,0.038000
1648719940.603874535,0,0.001000
1648719940.627903488,2,0.022000
1648719940.649604870,0,0.000000
1648719940.673210090,0,0.000000
1648719940.696089802,2,0.011000
1648719940.718662010,2,0.021000
1648719940.738951429,2,0.001000
1648719940.759493439,0,0.007000
1648719940.781915239,0,0.000000
1648719940.804409353,10,0.104000
1648719940.828220858,8,0.122000
1648719940.849195870,0,0.008000
1648719940.870589729,0,0.006000
1648719940.891860998,1,0.024000
1648719940.915295578,10,0.172000
1648719940.937018094,1,0.000000
1648719940.959076507,0,0.001000
1648719940.979390309,0,0.000000
1648719941.002066134,0,0.000000
1648719941.025368926,11,0.117000
1648719941.046198883,2,0.028000
1648719941.067902947,0,0.000000
1648719941.091187883,0,0.000000
1648719941.112666448,9,0.194000
1648719941.135189165,1,0.036000
1648719941.158191382,0,0.000000
1648719941.179943765,0,0.000000
1648719941.203038659,0,0.000000
1648719941.226547902,0,0.019000
1648719941.248028201,11,0.169000
1648719941.268767200,1,0.010000
1648719941.290615077,0,0.000000
1648719941.313873057,0,0.000000
1648719941.336109022,0,0.014000
1648719941.357126675,12,0.088000
1648719941.379161636,0,0.000000
1648719941.401204754,0,0.005000
1648719941.423532387,0,0.000000
1648719941.445889428,1,0.001000
1648719941.469174601,2,0.026000
1648719941.491010637,1,0.019000
