1648727632.112288294,1,0.023000
1648727632.134206393,4,0.026000
1648727632.155898881,3,0.047000
1648727632.179090791,2,0.021000
1648727632.200844358,3,0.023000
1648727632.221137608,8,0.110000
1648727632.244195743,0,0.016000
1648727632.266091619,2,0.045000
1648727632.289004735,4,0.062000
1648727632.310876990,10,0.110000
1648727632.332109631,4,0.057000
1648727632.353226614,5,0.065000
1648727632.375596056,7,0.091000
1648727632.398940173,5,0.086000
1648727632.420077591,3,0.020000
1648727632.442399439,7,0.068000
1648727632.464688575,0,0.008000
1648727632.486230177,3,0.051000
1648727632.508633713,2,0.009000
1648727632.530912810,11,0.087000
1648727632.551423828,3,0.039000
1648727632.573896402,3,0.046000
1648727632.596492656,2,0.023000
1648727632.618279819,3,0.013000
1648727632.641010798,4,0.042000
1648727632.663860529,3,0.026000
1648727632.686188829,4,0.036000
1648727632.707466939,1,0.034000
1648727632.730192797,10,0.127000
1648727632.752251737,9,0.058000
1648727632.774002601,17,0.199000
1648727632.794139455,15,0.202000
1648727632.816205650,7,0.070000
1648727632.839353416,4,0.008000
1648727632.861438981,3,0.047000
1648727632.882470034,1,0.036000
1648727632.903487595,4,0.024000
1648727632.923880519,6,0.077000
1648727632.946137156,5,0.045000
1648727632.964848823,0,0.000000
1648727632.985489819,5,0.070000
1648727633.007790688,4,0.044000
1648727633.029182611,3,0.034000
1648727633.050859720,5,0.042000
1648727633.073199405,4,0.078000
1648727633.095973201,5,0.041000
1648727633.116383440,4,0.046000
1648727633.137090447,0,0.034000
1648727633.160108578,2,0.019000
1648727633.181574791,2,0.015000
1648727633.203448695,3,0.032000
1648727633.224759909,0,0.000000
1648727633.245944004,9,0.142000
1648727633.267470977,7,0.084000
1648727633.289572847,1,0.016000
1648727633.310507987,2,0.025000
1648727633.331689112,4,0.052000
1648727633.354411036,2,0.031000
1648727633.374943068,5,0.086000
1648727633.396052444,0,0.000000
1648727633.419323730,4,0.013000
1648727633.439342437,3,0.057000
1648727633.461301518,1,0.024000
1648727633.482170611,3,0.016000
1648727633.505473157,1,0.060000
1648727633.525070749,4,0.066000
1648727633.545391521,4,0.029000
1648727633.564639150,4,0.045000
1648727633.587288709,3,0.063000
1648727633.608898698,1,0.019000
1648727633.631558113,5,0.063000
1648727633.654958695,5,0.078000
1648727633.677119228,0,0.019000
1648727633.699681139,4,0.016000
1648727633.721992397,2,0.024000
1648727633.741942865,2,0.021000
1648727633.764780893,0,0.000000
1648727633.786359075,3,0.021000
1648727633.807365361,3,0.023000
1648727633.829614283,2,0.032000
1648727633.851235105,1,0.006000
1648727633.873248615,3,0.023000
1648727633.891943362,2,0.027000
1648727633.913697663,2,0.006000
1648727633.936156784,0,0.000000
1648727633.957698326,2,0.011000
1648727633.980060019,1,0.015000
1648727634.001197048,6,0.074000
1648727634.023867922,6,0.066000
1648727634.044761533,4,0.041000
1648727634.067400362,2,0.014000
1648727634.087899589,4,0.072000
1648727634.109869721,4,0.021000
1648727634.130566874,3,0.046000
1648727634.153452077,9,0.106000
1648727634.174764123,2,0.022000
1648727634.196862235,1,0.006000
1648727634.217827742,5,0.071000
1648727634.239642741,6,0.050000
1648727634.262881286,3,0.039000
1648727634.283060866,0,0.043000
1648727634.305655947,4,0.030000
1648727634.324307624,4,0.051000
1648727634.345469456,7,0.044000
1648727634.367199418,3,0.056000
1648727634.389305002,0,0.001000
1648727634.410766015,2,0.029000
1648727634.432916117,0,0.019000
1648727634.454122854,2,0.024000
1648727634.475037783,4,0.010000
1648727634.496268647,3,0.032000
1648727634.515973293,1,0.011000
1648727634.536979537,14,0.183000
1648727634.558300080,13,0.168000
1648727634.578709185,5,0.059000
1648727634.601289133,5,0.054000
1648727634.623049810,2,0.014000
1648727634.646068674,4,0.071000
1648727634.667780993,4,0.092000
1648727634.688866829,0,0.000000
1648727634.708991902,0,0.032000
1648727634.729363766,4,0.030000
1648727634.749502515,3,0.020000
1648727634.772436602,2,0.019000
1648727634.794107777,3,0.034000
1648727634.816955324,2,0.047000
1648727634.838971025,6,0.092000
1648727634.861411650,2,0.046000
1648727634.882820479,1,0.034000
1648727634.904065232,4,0.036000
1648727634.926293496,8,0.085000
1648727634.945934931,4,0.021000
1648727634.968203486,0,0.000000
1648727634.988460766,18,0.194000
1648727635.010890139,9,0.096000
1648727635.031777167,4,0.035000
1648727635.054401387,0,0.010000
1648727635.075259854,0,0.000000
1648727635.095331344,5,0.039000
1648727635.117370112,5,0.030000
1648727635.137992806,4,0.040000
1648727635.159769218,8,0.090000
1648727635.181398536,9,0.119000
1648727635.202975712,2,0.035000
1648727635.222942002,5,0.076000
1648727635.244247356,3,0.085000
1648727635.267899422,7,0.085000
1648727635.289858864,2,0.008000
1648727635.311160658,1,0.000000
1648727635.330011505,3,0.028000
1648727635.351327293,0,0.022000
1648727635.370993061,1,0.012000
1648727635.392737038,15,0.195000
1648727635.413132265,12,0.167000
1648727635.432907921,6,0.046000
1648727635.452119195,3,0.035000
1648727635.474719307,0,0.043000
1648727635.494836190,4,0.040000
1648727635.516360016,4,0.033000
1648727635.536756695,3,0.035000
1648727635.558123170,2,0.025000
1648727635.579004499,11,0.088000
1648727635.601478960,10,0.106000
1648727635.621482190,2,0.040000
1648727635.644245813,2,0.026000
1648727635.664744543,4,0.024000
1648727635.685091835,2,0.021000
1648727635.707571423,2,0.025000
1648727635.727187371,4,0.029000
1648727635.748932027,4,0.067000
1648727635.771150350,1,0.014000
1648727635.791366739,4,0.055000
1648727635.813446890,4,0.048000
1648727635.834950435,4,0.040000
1648727635.856716892,4,0.041000
1648727635.876502807,8,0.128000
1648727635.900676162,7,0.102000
1648727635.922540347,6,0.054000
1648727635.942665994,3,0.054000
1648727635.964121730,2,0.023000
1648727635.984028020,7,0.085000
1648727636.007182881,3,0.057000
1648727636.028407446,1,0.047000
1648727636.050705575,2,0.034000
1648727636.071681386,3,0.036000
1648727636.094666766,3,0.031000
1648727636.115244635,7,0.055000
1648727636.137550807,3,0.029000
1648727636.158537751,5,0.061000
1648727636.179889870,4,0.053000
1648727636.201418428,5,0.062000
1648727636.222095092,5,0.049000
1648727636.242553662,4,0.046000
1648727636.263451725,2,0.054000
1648727636.283891645,7,0.046000
1648727636.305375393,1,0.026000
1648727636.327039932,7,0.070000
1648727636.348687425,4,0.047000
1648727636.369385788,7,0.052000
1648727636.391720360,4,0.069000
1648727636.412497165,6,0.076000
1648727636.432650380,1,0.058000
1648727636.453409148,2,0.036000
1648727636.474497296,2,0.032000
1648727636.496608324,2,0.010000
1648727636.517498598,1,0.009000
1648727636.539096185,0,0.005000
1648727636.561043989,5,0.023000
1648727636.582445687,0,0.007000
1648727636.603140063,5,0.061000
1648727636.625135668,2,0.049000
1648727636.647251234,4,0.059000
1648727636.669236602,4,0.022000
1648727636.691077581,5,0.064000
1648727636.712214219,3,0.046000
1648727636.735011411,5,0.064000
1648727636.756076944,5,0.069000
1648727636.777213923,5,0.069000
1648727636.797597772,4,0.027000
1648727636.816652948,2,0.023000
1648727636.838289483,2,0.007000
1648727636.857460341,2,0.032000
1648727636.878757597,3,0.083000
1648727636.900454188,2,0.011000
1648727636.922263067,3,0.030000
1648727636.942991459,1,0.013000
1648727636.963606322,10,0.075000
1648727636.983222041,8,0.091000
1648727637.003983951,4,0.035000
1648727637.025778831,3,0.010000
1648727637.046199416,2,0.013000
1648727637.067230275,3,0.039000
1648727637.087575238,6,0.100000
1648727637.108211301,1,0.047000
1648727637.127610002,6,0.075000
1648727637.148267310,6,0.030000
1648727637.168165157,4,0.053000
1648727637.188473428,4,0.017000
1648727637.211537169,10,0.147000
1648727637.231228367,10,0.081000
1648727637.251983505,4,0.052000
1648727637.275346238,7,0.083000
1648727637.296226195,3,0.043000
1648727637.316938024,1,0.001000
1648727637.338915839,1,0.014000
1648727637.359117977,4,0.050000
1648727637.379678882,4,0.031000
1648727637.399912064,2,0.014000
1648727637.419076208,5,0.048000
1648727637.441194000,4,0.026000
1648727637.462946766,1,0.000000
1648727637.484930384,3,0.035000
1648727637.508044888,3,0.022000
1648727637.530759692,5,0.059000
1648727637.552411673,7,0.057000
1648727637.575001150,2,0.053000
1648727637.596442471,14,0.174000
1648727637.616751502,12,0.107000
1648727637.638627356,5,0.054000
1648727637.660576450,2,0.031000
1648727637.681053237,1,0.000000
1648727637.700603196,2,0.009000
1648727637.723605885,1,0.011000
1648727637.745275723,1,0.009000
1648727637.768362582,5,0.069000
1648727637.790904746,6,0.062000
1648727637.810225406,3,0.017000
1648727637.831722989,8,0.061000
1648727637.851553298,3,0.020000
1648727637.870903271,2,0.049000
1648727637.891096006,5,0.079000
1648727637.913379602,5,0.060000
1648727637.934421732,4,0.032000
1648727637.957155312,2,0.031000
1648727637.976789842,4,0.064000
1648727637.996243036,5,0.080000
1648727638.019708681,6,0.071000
1648727638.039961362,2,0.012000
1648727638.060663601,1,0.011000
1648727638.083400236,6,0.083000
1648727638.105294775,7,0.075000
1648727638.127551057,0,0.016000
1648727638.149173775,3,0.029000
1648727638.171287092,5,0.058000
1648727638.192092736,0,0.000000
1648727638.214017788,1,0.011000
1648727638.235207476,4,0.024000
1648727638.253966482,2,0.024000
1648727638.274033173,3,0.054000
1648727638.297185486,6,0.040000
1648727638.318392444,2,0.021000
1648727638.337499770,4,0.021000
1648727638.359156010,2,0.016000
1648727638.381974137,0,0.023000
1648727638.404074953,5,0.079000
1648727638.423478789,7,0.078000
1648727638.445037011,3,0.014000
1648727638.465789990,2,0.036000
1648727638.486668955,7,0.062000
1648727638.505901754,8,0.106000
1648727638.525371055,9,0.097000
1648727638.548038015,1,0.004000
1648727638.569380802,6,0.063000
1648727638.588383979,5,0.057000
1648727638.609073138,4,0.030000
1648727638.629801890,1,0.031000
1648727638.650802824,3,0.017000
1648727638.673267224,5,0.054000
1648727638.695256969,3,0.035000
1648727638.714599028,0,0.010000
1648727638.735035339,11,0.128000
1648727638.754986518,15,0.145000
1648727638.774734932,6,0.089000
1648727638.794754428,4,0.053000
1648727638.814214349,3,0.013000
1648727638.834758785,6,0.037000
1648727638.856581570,7,0.077000
1648727638.876881106,1,0.000000
1648727638.898434697,1,0.017000
1648727638.920223261,3,0.028000
1648727638.940298743,5,0.093000
1648727638.962615689,7,0.050000
1648727638.983249194,3,0.062000
1648727639.003928819,10,0.141000
1648727639.025668436,5,0.056000
1648727639.046797112,5,0.036000
1648727639.065725359,6,0.081000
1648727639.087339623,4,0.057000
1648727639.106596057,0,0.033000
1648727639.125264715,9,0.093000
1648727639.147801144,11,0.122000
1648727639.169423761,5,0.067000
1648727639.190952489,3,0.064000
1648727639.210494644,10,0.112000
1648727639.233075274,8,0.099000
1648727639.254249176,5,0.069000
1648727639.275021164,2,0.012000
1648727639.294410932,2,0.028000
1648727639.314136344,6,0.062000
1648727639.334207661,11,0.145000
1648727639.357484978,6,0.077000
1648727639.381855891,2,0.060000
1648727639.402225380,2,0.000000
1648727639.424028350,3,0.024000
1648727639.444661106,2,0.029000
1648727639.463747236,3,0.081000
1648727639.484475800,3,0.035000
1648727639.505134917,6,0.043000
1648727639.526071720,3,0.030000
1648727639.549044127,1,0.012000
1648727639.570954160,0,0.017000
1648727639.591343314,6,0.068000
1648727639.615224017,5,0.051000
1648727639.636036623,4,0.049000
1648727639.656300113,2,0.043000
1648727639.678386030,0,0.013000
1648727639.698756158,2,0.047000
1648727639.718196257,2,0.038000
1648727639.739469797,3,0.046000
1648727639.763744090,3,0.032000
1648727639.782974711,2,0.019000
1648727639.803246545,1,0.023000
1648727639.825200894,1,0.021000
1648727639.847314610,7,0.069000
1648727639.868379979,6,0.054000
1648727639.891135910,3,0.029000
1648727639.910943041,2,0.071000
1648727639.933027801,5,0.030000
1648727639.952338050,0,0.007000
1648727639.972079476,4,0.037000
1648727639.990661285,2,0.055000
1648727640.010444359,4,0.027000
1648727640.031950475,4,0.013000
1648727640.055919892,2,0.023000
1648727640.078269091,6,0.080000
1648727640.098881039,3,0.038000
1648727640.119401540,6,0.087000
1648727640.139620985,2,0.028000
1648727640.159398471,4,0.023000
1648727640.181505113,8,0.052000
1648727640.204014726,9,0.074000
1648727640.223687792,1,0.035000
1648727640.244419931,4,0.057000
1648727640.267677853,12,0.104000
1648727640.288553960,2,0.029000
1648727640.310500125,2,0.041000
1648727640.332819748,3,0.017000
1648727640.354401932,3,0.046000
1648727640.374605279,2,0.024000
1648727640.394898272,4,0.044000
1648727640.415195763,9,0.128000
1648727640.435303702,4,0.040000
1648727640.454561812,4,0.041000
1648727640.477034072,4,0.038000
1648727640.498032539,5,0.076000
1648727640.520310797,3,0.032000
1648727640.543960124,2,0.022000
1648727640.562758988,4,0.032000
1648727640.584281493,5,0.091000
1648727640.607103730,0,0.000000
1648727640.628645491,3,0.061000
1648727640.651321052,4,0.037000
1648727640.673158254,5,0.056000
1648727640.696611417,0,0.027000
1648727640.717322385,6,0.088000
1648727640.738751201,0,0.016000
1648727640.759811546,9,0.085000
1648727640.782089665,8,0.076000
1648727640.805458863,1,0.004000
1648727640.828683372,4,0.052000
1648727640.849144835,3,0.034000
1648727640.870777261,4,0.024000
1648727640.891256153,17,0.185000
1648727640.914729354,15,0.202000
1648727640.937947122,7,0.068000
1648727640.958116404,1,0.006000
1648727640.977945640,2,0.034000
1648727640.999789643,2,0.040000
1648727641.021319084,4,0.041000
1648727641.042547073,6,0.046000
1648727641.063539891,3,0.019000
1648727641.085819573,1,0.018000
1648727641.106707685,4,0.065000
1648727641.128476325,6,0.059000
1648727641.150554809,2,0.007000
1648727641.173799644,0,0.004000
1648727641.195710299,4,0.009000
1648727641.216146215,0,0.000000
1648727641.238469036,2,0.027000
1648727641.259989720,5,0.073000
1648727641.283490018,7,0.104000
1648727641.303376280,4,0.020000
1648727641.323566127,5,0.056000
1648727641.343702148,1,0.028000
1648727641.365066144,2,0.027000
1648727641.386866073,3,0.038000
1648727641.407913085,2,0.028000
1648727641.431046499,6,0.066000
1648727641.450536814,1,0.025000
1648727641.474409269,18,0.221000
1648727641.494911726,16,0.197000
1648727641.516099134,4,0.049000
1648727641.538047876,3,0.026000
1648727641.557719906,1,0.030000
1648727641.578971081,4,0.025000
1648727641.599900641,3,0.045000
1648727641.621876253,4,0.042000
1648727641.643408998,3,0.018000
1648727641.662644561,1,0.017000
1648727641.685819395,3,0.057000
1648727641.705748488,0,0.027000
1648727641.726914335,0,0.000000
1648727641.748542484,2,0.034000
1648727641.768035235,0,0.016000
1648727641.791309232,9,0.079000
1648727641.811943715,8,0.055000
1648727641.830952185,7,0.066000
1648727641.851344184,6,0.107000
1648727641.871093957,6,0.057000
1648727641.893669378,5,0.060000
1648727641.913997596,2,0.033000
1648727641.936706429,3,0.022000
1648727641.955975369,4,0.039000
1648727641.975262824,9,0.071000
1648727641.996168330,2,0.026000
1648727642.018353113,8,0.075000
1648727642.038876516,4,0.061000
1648727642.059983749,6,0.071000
1648727642.080256121,7,0.041000
1648727642.102215346,2,0.018000
1648727642.124142418,3,0.077000
1648727642.143868035,0,0.001000
1648727642.166461102,3,0.023000
1648727642.185314481,2,0.001000
1648727642.205451734,5,0.061000
1648727642.225181454,3,0.033000
1648727642.245736114,3,0.050000
1648727642.268248139,0,0.002000
1648727642.288418476,1,0.005000
1648727642.310736701,7,0.079000
1648727642.331116586,5,0.076000
1648727642.352320580,2,0.037000
1648727642.373973592,5,0.063000
1648727642.395138830,6,0.067000
1648727642.415302237,2,0.023000
1648727642.435962307,12,0.144000
1648727642.456117703,11,0.127000
1648727642.479006031,7,0.072000
1648727642.499758811,4,0.030000
1648727642.521249183,4,0.029000
1648727642.544698170,1,0.013000
1648727642.566149778,3,0.037000
1648727642.587029757,8,0.083000
1648727642.609708284,6,0.081000
1648727642.629194815,2,0.026000
1648727642.651417975,3,0.057000
1648727642.673171114,1,0.005000
1648727642.691718282,2,0.034000
1648727642.712257153,1,0.019000
1648727642.733173206,1,0.024000
1648727642.756458413,1,0.060000
1648727642.776345480,0,0.025000
1648727642.796794669,3,0.026000
1648727642.817357742,11,0.114000
1648727642.837800382,11,0.117000
1648727642.859043547,6,0.073000
1648727642.878982054,5,0.050000
1648727642.898366271,2,0.059000
1648727642.918494144,4,0.064000
1648727642.940013970,1,0.010000
1648727642.960796375,2,0.035000
1648727642.980212506,1,0.034000
1648727643.000855131,1,0.030000
1648727643.023230129,2,0.031000
1648727643.042640916,4,0.033000
1648727643.063321607,1,0.000000
1648727643.084844143,0,0.001000
1648727643.106228478,6,0.051000
1648727643.126363885,4,0.041000
1648727643.146631076,1,0.004000
1648727643.165808256,4,0.050000
1648727643.189453665,5,0.061000
1648727643.211336031,4,0.019000
1648727643.232920024,10,0.106000
1648727643.252384778,10,0.108000
1648727643.273484970,1,0.016000
1648727643.296687381,5,0.049000
1648727643.318248907,3,0.049000
1648727643.338261708,27,0.331000
1648727643.358420359,29,0.343000
1648727643.380788589,19,0.227000
1648727643.402376041,6,0.051000
1648727643.423969855,2,0.009000
1648727643.444362379,4,0.058000
1648727643.465020146,5,0.035000
1648727643.487988840,0,0.013000
1648727643.509646403,1,0.000000
1648727643.531446606,3,0.044000
1648727643.553174380,3,0.057000
1648727643.576935505,6,0.111000
1648727643.595610977,5,0.046000
1648727643.616998689,3,0.033000
1648727643.640050693,2,0.046000
1648727643.660742292,6,0.058000
1648727643.681679604,1,0.025000
1648727643.701050861,4,0.019000
1648727643.723068423,0,0.000000
1648727643.743246994,3,0.012000
1648727643.764521289,4,0.034000
1648727643.786200221,2,0.040000
1648727643.809245494,1,0.057000
1648727643.830324525,3,0.069000
1648727643.851102371,3,0.027000
1648727643.872553230,0,0.032000
1648727643.893791457,5,0.056000
1648727643.915061183,2,0.013000
1648727643.937190044,4,0.047000
1648727643.956228829,6,0.023000
1648727643.979279666,5,0.054000
1648727644.001033487,6,0.061000
1648727644.021290302,2,0.040000
1648727644.042108570,3,0.019000
1648727644.065110831,3,0.036000
1648727644.085065543,1,0.005000
1648727644.105504349,0,0.014000
1648727644.126414320,2,0.025000
1648727644.147149496,6,0.063000
1648727644.167325932,6,0.047000
1648727644.188697851,0,0.012000
1648727644.210154089,12,0.161000
1648727644.232301320,18,0.208000
1648727644.252399997,9,0.117000
1648727644.273127911,3,0.040000
1648727644.295410636,3,0.030000
1648727644.315235877,3,0.030000
1648727644.334625606,6,0.082000
1648727644.356287084,2,0.037000
1648727644.378104916,2,0.043000
1648727644.398087333,0,0.002000
1648727644.421067191,1,0.011000
1648727644.442806509,2,0.028000
1648727644.463291106,3,0.060000
1648727644.484665386,8,0.078000
1648727644.506700169,4,0.031000
1648727644.528679382,4,0.004000
1648727644.548323651,0,0.065000
1648727644.568357012,3,0.040000
1648727644.587960256,3,0.036000
1648727644.612250467,2,0.030000
1648727644.633258252,8,0.075000
1648727644.655730686,3,0.037000
1648727644.676479033,3,0.039000
1648727644.696084053,4,0.022000
1648727644.716931595,2,0.013000
1648727644.737802156,10,0.081000
1648727644.759082748,15,0.166000
1648727644.779535849,9,0.161000
1648727644.800937649,4,0.043000
1648727644.820791858,5,0.022000
1648727644.843001497,0,0.000000
1648727644.862685539,3,0.009000
1648727644.884065110,3,0.022000
1648727644.906079581,3,0.027000
1648727644.929900535,0,0.009000
1648727644.950117398,9,0.090000
1648727644.971998238,5,0.054000
1648727644.992090478,5,0.058000
1648727645.015015614,3,0.030000
1648727645.035298219,4,0.074000
1648727645.056235633,11,0.154000
1648727645.075645128,10,0.118000
1648727645.095976437,3,0.049000
1648727645.118158856,2,0.023000
1648727645.139566457,0,0.000000
1648727645.160639939,4,0.048000
1648727645.182598609,4,0.068000
1648727645.205186172,5,0.071000
1648727645.225429991,3,0.027000
1648727645.247327220,0,0.000000
1648727645.269816041,4,0.047000
1648727645.291885400,6,0.054000
1648727645.312124165,6,0.052000
1648727645.333460740,2,0.031000
1648727645.353233188,4,0.014000
1648727645.375868799,2,0.011000
1648727645.396941622,2,0.004000
1648727645.419499137,1,0.033000
1648727645.440491400,18,0.177000
1648727645.461062597,12,0.147000
1648727645.481543637,5,0.049000
1648727645.503919685,3,0.043000
1648727645.524239046,2,0.023000
1648727645.544879256,1,0.030000
1648727645.567523673,3,0.039000
1648727645.587431332,8,0.059000
1648727645.610473412,5,0.089000
1648727645.630589104,5,0.071000
1648727645.650363222,4,0.034000
1648727645.670478790,7,0.070000
1648727645.691545077,4,0.020000
1648727645.712766248,3,0.006000
1648727645.734238391,2,0.041000
1648727645.755443198,0,0.000000
1648727645.777511355,0,0.030000
1648727645.799099516,2,0.058000
1648727645.821220433,3,0.065000
1648727645.841331043,5,0.040000
1648727645.862077478,3,0.023000
1648727645.882144707,5,0.051000
1648727645.903233636,4,0.056000
1648727645.922247699,7,0.077000
1648727645.942295111,9,0.072000
1648727645.963799574,2,0.033000
1648727645.984496000,3,0.012000
1648727646.004616887,7,0.110000
1648727646.025546893,8,0.100000
1648727646.045908165,3,0.047000
1648727646.065696401,7,0.063000
1648727646.087607630,6,0.040000
1648727646.109097307,6,0.077000
1648727646.129080534,9,0.091000
1648727646.150453932,3,0.035000
1648727646.170413232,1,0.011000
1648727646.189990939,3,0.032000
1648727646.209094162,5,0.029000
1648727646.229481502,1,0.026000
1648727646.249188236,2,0.034000
1648727646.271346712,5,0.067000
1648727646.291491061,5,0.047000
1648727646.312697825,1,0.000000
1648727646.334102573,2,0.028000
1648727646.352759514,9,0.119000
1648727646.374981390,5,0.074000
1648727646.396485462,2,0.016000
1648727646.418888648,1,0.012000
1648727646.438800328,3,0.025000
1648727646.460194622,6,0.057000
1648727646.483025260,2,0.035000
1648727646.502662362,1,0.004000
1648727646.523188304,7,0.085000
1648727646.543945553,8,0.084000
1648727646.564558182,1,0.011000
1648727646.586842014,11,0.159000
1648727646.607287475,7,0.094000
1648727646.629254187,3,0.058000
1648727646.652134494,7,0.045000
1648727646.673375613,2,0.033000
1648727646.694483885,5,0.041000
1648727646.715028948,4,0.045000
1648727646.734791288,3,0.056000
1648727646.753690001,6,0.051000
1648727646.773997819,3,0.033000
1648727646.794576195,3,0.053000
1648727646.815070948,4,0.059000
1648727646.836885404,3,0.038000
1648727646.857763701,5,0.072000
1648727646.880064742,3,0.050000
1648727646.901258617,1,0.011000
1648727646.920124513,4,0.048000
1648727646.940776554,6,0.060000
1648727646.959151945,4,0.032000
1648727646.981176230,65,0.821000
1648727647.002071213,64,0.785000
1648727647.023433774,48,0.600000
1648727647.044127422,30,0.354000
1648727647.064569325,18,0.221000
1648727647.086267880,8,0.105000
1648727647.105938632,2,0.000000
1648727647.126839548,3,0.024000
1648727647.147666163,2,0.008000
1648727647.166687745,3,0.030000
1648727647.187594261,4,0.039000
1648727647.210136658,2,0.020000
1648727647.232217746,0,0.004000
1648727647.253219004,4,0.030000
1648727647.273193628,2,0.014000
1648727647.295004573,3,0.039000
1648727647.315673338,11,0.103000
1648727647.336377850,7,0.117000
1648727647.357293361,5,0.047000
1648727647.378333226,7,0.072000
1648727647.400467559,7,0.070000
1648727647.421338935,3,0.033000
1648727647.442246715,3,0.025000
1648727647.463579525,0,0.010000
1648727647.484420053,13,0.168000
1648727647.505886728,10,0.137000
1648727647.526673332,5,0.072000
1648727647.548503849,6,0.035000
1648727647.568556324,2,0.044000
1648727647.590921784,1,0.018000
1648727647.610760547,4,0.037000
1648727647.630456585,4,0.023000
1648727647.651365721,2,0.017000
1648727647.672142101,4,0.025000
1648727647.693876602,6,0.049000
1648727647.716042310,2,0.025000
1648727647.735985185,8,0.071000
1648727647.758311847,2,0.032000
1648727647.778651944,1,0.034000
1648727647.799384926,8,0.113000
1648727647.819919557,5,0.061000
1648727647.841216993,1,0.032000
1648727647.862078088,6,0.046000
1648727647.880653623,3,0.062000
1648727647.901058489,3,0.030000
1648727647.922128025,1,0.014000
1648727647.940799687,1,0.008000
1648727647.961053287,0,0.000000
1648727647.982462902,6,0.027000
1648727648.004343154,1,0.052000
1648727648.026551500,6,0.081000
1648727648.048372162,4,0.071000
1648727648.069202362,5,0.038000
1648727648.091972284,5,0.040000
1648727648.110815826,4,0.070000
1648727648.130914874,5,0.051000
1648727648.152181734,2,0.029000
1648727648.172950854,2,0.020000
1648727648.194147706,2,0.049000
1648727648.214160875,6,0.083000
1648727648.235555281,8,0.082000
1648727648.255343685,1,0.000000
1648727648.276341993,5,0.017000
1648727648.297994701,7,0.079000
1648727648.317021362,1,0.000000
1648727648.337800050,5,0.058000
1648727648.357981280,3,0.038000
1648727648.379303393,3,0.025000
1648727648.398980562,1,0.014000
1648727648.419375751,3,0.054000
1648727648.437977492,3,0.041000
1648727648.456919463,3,0.013000
1648727648.477206461,2,0.019000
1648727648.497127322,0,0.000000
1648727648.517551294,5,0.082000
1648727648.537830063,5,0.054000
1648727648.557901129,2,0.029000
1648727648.579501417,3,0.028000
1648727648.601241661,1,0.011000
1648727648.623110642,3,0.049000
1648727648.645271715,1,0.001000
1648727648.664798328,4,0.075000
1648727648.686083553,5,0.074000
1648727648.706842828,0,0.032000
1648727648.729249958,4,0.023000
1648727648.749010249,5,0.042000
1648727648.770139103,4,0.061000
1648727648.791503326,0,0.007000
1648727648.811103139,11,0.105000
1648727648.831461029,10,0.092000
1648727648.851995724,6,0.061000
1648727648.873420312,2,0.026000
1648727648.893428215,5,0.046000
1648727648.913015104,2,0.012000
1648727648.935095378,5,0.071000
1648727648.955014085,5,0.042000
1648727648.975567563,12,0.146000
1648727648.997191915,7,0.105000
1648727649.019054894,3,0.024000
1648727649.041808580,3,0.049000
1648727649.062060919,1,0.001000
1648727649.082288249,0,0.020000
1648727649.105334837,0,0.000000
1648727649.126063665,4,0.045000
1648727649.147687932,2,0.041000
1648727649.168045129,4,0.035000
1648727649.189244242,2,0.032000
1648727649.208867848,8,0.064000
1648727649.229223946,4,0.041000
1648727649.250318098,2,0.050000
1648727649.272215902,2,0.037000
1648727649.294093488,9,0.133000
1648727649.314154471,7,0.072000
1648727649.334678890,0,0.000000
1648727649.355479009,4,0.051000
1648727649.377968818,4,0.039000
1648727649.398215579,5,0.073000
1648727649.420163854,0,0.000000
1648727649.441988517,3,0.029000
1648727649.463185506,3,0.031000
1648727649.483125999,29,0.345000
1648727649.504424344,21,0.226000
1648727649.524838664,9,0.104000
1648727649.547277986,3,0.042000
1648727649.568859086,6,0.106000
1648727649.590112306,6,0.067000
1648727649.610578068,2,0.037000
1648727649.632832988,4,0.020000
1648727649.656284392,2,0.000000
1648727649.677141692,6,0.099000
1648727649.698441728,3,0.048000
1648727649.719386875,3,0.057000
1648727649.742026991,9,0.096000
1648727649.763566793,5,0.065000
1648727649.782421808,2,0.014000
1648727649.804089553,3,0.034000
1648727649.823933174,3,0.024000
1648727649.845552487,3,0.051000
1648727649.865447963,3,0.013000
1648727649.886028652,8,0.056000
1648727649.906552457,1,0.016000
1648727649.929083536,6,0.059000
1648727649.950106262,3,0.059000
1648727649.970752888,3,0.047000
1648727649.990873762,2,0.024000
1648727650.011038855,7,0.082000
1648727650.033244618,2,0.059000
1648727650.053922387,10,0.134000
1648727650.075563980,15,0.167000
1648727650.095781748,1,0.009000
1648727650.116237696,3,0.021000
1648727650.137250442,4,0.079000
1648727650.158092605,4,0.020000
1648727650.178659764,5,0.073000
1648727650.199291147,2,0.012000
1648727650.222362384,2,0.015000
1648727650.244214189,6,0.073000
1648727650.266023587,2,0.015000
1648727650.288264951,3,0.018000
1648727650.310930967,3,0.021000
1648727650.333389681,3,0.034000
1648727650.355886382,3,0.000000
1648727650.377174377,2,0.007000
1648727650.398983172,8,0.070000
1648727650.418375814,2,0.029000
1648727650.442337843,2,0.029000
1648727650.463362917,2,0.011000
1648727650.485614747,2,0.024000
1648727650.505750600,13,0.126000
1648727650.527297010,9,0.122000
1648727650.550169745,3,0.094000
1648727650.570096186,3,0.024000
1648727650.591267534,3,0.045000
1648727650.610854577,2,0.028000
1648727650.631290729,5,0.046000
1648727650.651168371,9,0.101000
1648727650.672629318,7,0.067000
1648727650.692363602,2,0.029000
1648727650.711446428,0,0.017000
1648727650.732728803,3,0.062000
1648727650.752944372,5,0.048000
1648727650.773465129,4,0.047000
1648727650.794019094,2,0.035000
1648727650.813569287,7,0.074000
1648727650.834817297,5,0.057000
1648727650.856374272,3,0.041000
1648727650.877122999,0,0.000000
1648727650.899713664,2,0.041000
1648727650.920228080,3,0.067000
1648727650.938901304,3,0.035000
1648727650.959761094,13,0.210000
1648727650.983088169,8,0.093000
1648727651.004375594,5,0.046000
1648727651.025074598,2,0.044000
1648727651.045947157,0,0.016000
1648727651.065602482,3,0.026000
1648727651.084946469,2,0.024000
1648727651.104399277,3,0.010000
1648727651.124501336,9,0.117000
1648727651.145495423,1,0.006000
1648727651.167491707,2,0.022000
1648727651.187925195,10,0.117000
1648727651.206295694,5,0.082000
1648727651.229964964,1,0.027000
1648727651.250863450,0,0.000000
1648727651.272710020,6,0.049000
1648727651.293676595,3,0.056000
1648727651.314242631,5,0.055000
1648727651.336806548,5,0.035000
1648727651.356491823,2,0.039000
1648727651.376024378,5,0.076000
1648727651.397085017,3,0.031000
1648727651.418077801,1,0.001000
1648727651.438978153,3,0.023000
1648727651.460968486,2,0.019000
1648727651.481704815,7,0.117000
1648727651.500315231,11,0.129000
1648727651.521755087,5,0.039000
1648727651.540939857,0,0.000000
1648727651.560999010,2,0.059000
1648727651.581205109,2,0.031000
1648727651.600895906,6,0.062000
1648727651.621062296,5,0.024000
1648727651.644266945,5,0.037000
1648727651.665903012,3,0.047000
1648727651.684779557,8,0.081000
1648727651.705995850,1,0.033000
1648727651.727371224,14,0.174000
1648727651.748458867,11,0.114000
1648727651.769079568,5,0.046000
1648727651.789865175,3,0.049000
1648727651.812050180,1,0.017000
1648727651.832801751,5,0.067000
1648727651.854817729,1,0.060000
1648727651.875474435,2,0.015000
1648727651.894172198,6,0.068000
1648727651.914094192,3,0.017000
1648727651.934932959,3,0.048000
1648727651.957339599,0,0.000000
1648727651.976571384,4,0.027000
1648727651.998207770,5,0.059000
1648727652.019670695,2,0.015000
1648727652.039251430,0,0.020000
1648727652.061392680,3,0.040000
1648727652.083713947,3,0.029000
1648727652.105875533,10,0.102000
1648727652.124601299,8,0.129000
1648727652.145222713,1,0.014000
1648727652.166464063,3,0.065000
1648727652.186063830,7,0.069000
1648727652.205278455,3,0.037000
1648727652.227069418,2,0.042000
1648727652.247338339,2,0.024000
1648727652.267608912,2,0.042000
1648727652.290104437,3,0.044000
1648727652.311334978,4,0.034000
1648727652.332109349,3,0.015000
1648727652.356196934,0,0.004000
1648727652.376989678,2,0.007000
1648727652.395085658,3,0.019000
1648727652.416629224,6,0.076000
1648727652.434176349,4,0.035000
1648727652.455639974,1,0.007000
1648727652.476477340,3,0.033000
1648727652.497339169,0,0.019000
1648727652.520597606,2,0.005000
1648727652.542182024,2,0.012000
1648727652.564652011,0,0.000000
1648727652.585063350,0,0.011000
1648727652.604472814,1,0.001000
1648727652.627528416,1,0.010000
1648727652.648641649,1,0.016000
1648727652.669660592,3,0.027000
1648727652.691335015,14,0.179000
1648727652.713342472,16,0.188000
1648727652.735101377,6,0.067000
1648727652.757288291,3,0.058000
1648727652.780247622,2,0.012000
1648727652.801573844,1,0.010000
1648727652.823505372,3,0.037000
1648727652.844046081,1,0.042000
1648727652.867481066,5,0.071000
1648727652.889111039,7,0.073000
1648727652.908173963,5,0.100000
1648727652.929066989,5,0.078000
1648727652.952370272,0,0.000000
1648727652.973403018,3,0.033000
1648727652.995954472,2,0.033000
1648727653.016502315,7,0.064000
1648727653.035674710,5,0.062000
1648727653.056337602,2,0.048000
1648727653.078776757,0,0.011000
1648727653.099782540,3,0.036000
1648727653.118539626,3,0.019000
1648727653.139135900,0,0.009000
1648727653.159788887,5,0.073000
1648727653.180544668,1,0.034000
1648727653.202144572,0,0.002000
1648727653.222781757,7,0.071000
1648727653.245227748,7,0.084000
1648727653.265800472,1,0.022000
1648727653.286983120,8,0.069000
1648727653.308879594,4,0.023000
1648727653.330835069,2,0.033000
1648727653.352075784,4,0.032000
1648727653.374424246,4,0.045000
1648727653.394792677,2,0.027000
1648727653.415888197,3,0.027000
1648727653.435049059,2,0.019000
1648727653.457348551,1,0.017000
1648727653.479597391,2,0.019000
1648727653.500207397,2,0.025000
1648727653.520403891,2,0.039000
1648727653.540229266,4,0.058000
1648727653.559505742,7,0.113000
1648727653.580875103,4,0.070000
1648727653.602865469,5,0.042000
1648727653.622104097,1,0.019000
1648727653.642832380,4,0.049000
1648727653.663877020,1,0.032000
1648727653.683596005,1,0.015000
1648727653.702949925,1,0.042000
1648727653.722906461,0,0.010000
1648727653.742655599,5,0.049000
1648727653.764023415,1,0.046000
1648727653.785285184,5,0.043000
1648727653.807324674,4,0.054000
1648727653.827836760,3,0.022000
1648727653.849897051,15,0.186000
1648727653.870436610,15,0.199000
1648727653.891407810,8,0.083000
1648727653.912213904,0,0.000000
1648727653.931374190,4,0.023000
1648727653.952508540,3,0.024000
1648727653.973592142,3,0.052000
1648727653.994807241,0,0.009000
1648727654.013546425,1,0.000000
1648727654.034265316,8,0.072000
1648727654.055074011,8,0.084000
1648727654.076733408,2,0.036000
1648727654.098099370,7,0.072000
1648727654.119272380,6,0.082000
1648727654.140581449,3,0.041000
1648727654.162898572,0,0.000000
1648727654.184299860,5,0.050000
1648727654.204888131,3,0.049000
1648727654.223949264,8,0.107000
1648727654.243942021,6,0.082000
1648727654.265235133,1,0.005000
1648727654.286734322,1,0.031000
1648727654.307339304,1,0.015000
1648727654.328711231,0,0.001000
1648727654.348312293,5,0.043000
1648727654.368351078,5,0.042000
1648727654.390672525,3,0.013000
1648727654.410574625,3,0.020000
1648727654.430527501,4,0.056000
1648727654.450395107,5,0.028000
1648727654.471506211,7,0.079000
1648727654.490917578,5,0.050000
1648727654.511041052,1,0.016000
1648727654.530729828,4,0.046000
1648727654.552395422,4,0.051000
1648727654.571586294,5,0.110000
1648727654.594596247,1,0.028000
1648727654.615276261,4,0.055000
1648727654.637017408,0,0.017000
1648727654.657424169,3,0.037000
1648727654.675566183,3,0.038000
1648727654.696245205,4,0.049000
1648727654.717271308,1,0.028000
1648727654.737089553,2,0.010000
1648727654.756737018,5,0.047000
1648727654.777166921,9,0.094000
1648727654.796752155,6,0.113000
1648727654.819449307,4,0.040000
1648727654.839056052,8,0.082000
1648727654.859553660,6,0.102000
1648727654.879961919,4,0.048000
1648727654.897503538,1,0.018000
1648727654.919851341,0,0.000000
1648727654.941255755,3,0.026000
1648727654.963032130,2,0.014000
1648727654.985255457,2,0.017000
1648727655.006775069,5,0.045000
1648727655.028345592,0,0.003000
1648727655.048101079,2,0.016000
1648727655.069315542,10,0.086000
1648727655.089510865,4,0.092000
1648727655.111114722,1,0.000000
1648727655.130251071,8,0.072000
1648727655.150164402,7,0.082000
1648727655.171008950,6,0.055000
1648727655.190935627,6,0.056000
1648727655.210510986,1,0.006000
1648727655.230915129,2,0.028000
1648727655.251044841,4,0.037000
1648727655.270452130,7,0.049000
1648727655.290336721,4,0.062000
1648727655.309755787,0,0.004000
1648727655.331691350,5,0.071000
1648727655.351989721,11,0.159000
1648727655.372460717,6,0.073000
1648727655.392902890,2,0.026000
1648727655.412078840,2,0.007000
1648727655.433583159,3,0.042000
1648727655.454492796,4,0.052000
1648727655.475172834,7,0.076000
1648727655.496863435,0,0.001000
1648727655.517748316,0,0.000000
1648727655.539040967,2,0.038000
1648727655.559211066,1,0.025000
1648727655.580434766,13,0.136000
1648727655.603499799,5,0.071000
1648727655.625725234,1,0.001000
1648727655.648468078,12,0.147000
1648727655.670526951,14,0.146000
1648727655.693543443,6,0.094000
1648727655.714714211,4,0.035000
1648727655.734678105,1,0.004000
1648727655.755191928,2,0.035000
1648727655.775212060,0,0.021000
1648727655.795229752,2,0.033000
1648727655.816133287,3,0.023000
1648727655.836863936,2,0.005000
1648727655.857991502,2,0.025000
1648727655.879290930,4,0.023000
1648727655.899935921,5,0.031000
1648727655.921271220,0,0.001000
1648727655.943332379,3,0.024000
1648727655.962907373,5,0.066000
1648727655.982189137,6,0.066000
1648727656.003218940,3,0.034000
1648727656.025136678,4,0.061000
1648727656.047144499,2,0.024000
1648727656.070263421,6,0.079000
1648727656.089929049,3,0.014000
1648727656.109086118,1,0.034000
1648727656.129923295,3,0.034000
1648727656.149289262,2,0.038000
1648727656.167932428,3,0.040000
1648727656.188607647,6,0.058000
1648727656.207575437,2,0.064000
1648727656.228363567,2,0.023000
1648727656.249681958,15,0.190000
1648727656.269335941,13,0.177000
1648727656.288425013,5,0.052000
1648727656.309970973,0,0.000000
1648727656.330008874,1,0.025000
1648727656.350260231,3,0.023000
1648727656.371358118,1,0.001000
1648727656.391460259,5,0.041000
1648727656.411557083,4,0.032000
1648727656.434052446,3,0.020000
1648727656.454158167,3,0.042000
1648727656.476202413,2,0.030000
1648727656.497715764,11,0.127000
1648727656.518399031,16,0.203000
1648727656.539328905,10,0.124000
1648727656.561222915,3,0.068000
1648727656.581427979,4,0.038000
1648727656.603241283,2,0.000000
1648727656.624381067,10,0.122000
1648727656.645970571,11,0.132000
1648727656.666302632,6,0.078000
1648727656.687491493,2,0.012000
1648727656.710146803,3,0.049000
1648727656.731344063,3,0.027000
1648727656.752581279,3,0.039000
1648727656.774151436,4,0.025000
1648727656.793885258,4,0.029000
1648727656.814795248,3,0.014000
1648727656.835910695,3,0.033000
1648727656.856069683,4,0.028000
1648727656.876148492,1,0.023000
1648727656.895803876,3,0.031000
1648727656.917669228,0,0.012000
1648727656.938023371,3,0.072000
1648727656.958492021,4,0.047000
1648727656.978931733,2,0.019000
1648727656.999827977,3,0.023000
1648727657.023244816,1,0.021000
1648727657.041787471,3,0.013000
1648727657.064066864,3,0.033000
1648727657.085195216,2,0.022000
1648727657.107283162,2,0.048000
1648727657.128673148,7,0.088000
1648727657.148464641,1,0.009000
1648727657.172377927,7,0.068000
1648727657.193708444,6,0.043000
1648727657.214311098,1,0.001000
1648727657.233831498,3,0.039000
1648727657.254402893,6,0.044000
1648727657.274285805,6,0.042000
1648727657.294463253,3,0.066000
1648727657.314092015,3,0.046000
1648727657.335694503,4,0.024000
1648727657.356947226,4,0.043000
1648727657.376508069,1,0.039000
1648727657.397802409,4,0.026000
1648727657.418316822,4,0.035000
1648727657.436389212,6,0.035000
1648727657.459018106,0,0.000000
1648727657.479890526,1,0.029000
1648727657.501778003,3,0.029000
1648727657.522145876,4,0.038000
1648727657.541638503,0,0.014000
1648727657.562314646,7,0.087000
1648727657.585199994,8,0.066000
1648727657.604839675,0,0.000000
1648727657.626731719,2,0.034000
1648727657.648081321,1,0.003000
1648727657.672008950,2,0.017000
1648727657.692549584,9,0.096000
1648727657.714997698,7,0.108000
1648727657.735239909,0,0.009000
1648727657.756394572,3,0.066000
1648727657.776081962,2,0.019000
1648727657.799357975,6,0.058000
1648727657.820884968,2,0.014000
1648727657.841126928,0,0.042000
1648727657.862448473,6,0.074000
1648727657.882929169,3,0.026000
1648727657.902590814,3,0.024000
1648727657.922116993,3,0.018000
1648727657.941730162,2,0.029000
1648727657.962804640,1,0.020000
1648727657.983591868,0,0.003000
1648727658.004012772,1,0.011000
1648727658.023492411,12,0.113000
1648727658.046344932,9,0.108000
1648727658.065368024,5,0.054000
1648727658.084777651,0,0.024000
1648727658.104301239,2,0.024000
1648727658.124937946,11,0.111000
1648727658.144235832,12,0.095000
1648727658.165850177,4,0.072000
1648727658.186659912,3,0.001000
1648727658.207122039,6,0.091000
1648727658.228370124,7,0.100000
1648727658.248413100,5,0.058000
1648727658.268962500,1,0.018000
1648727658.289315093,2,0.000000
1648727658.310587070,1,0.009000
1648727658.330047081,4,0.053000
1648727658.351191502,1,0.011000
1648727658.373867408,5,0.044000
1648727658.393103299,4,0.043000
1648727658.415726293,3,0.038000
1648727658.436060167,6,0.062000
1648727658.458188524,4,0.049000
1648727658.479792321,4,0.039000
1648727658.500809812,4,0.026000
1648727658.519362627,2,0.018000
1648727658.539539731,1,0.000000
1648727658.561540376,12,0.146000
1648727658.582105533,5,0.074000
1648727658.602971221,1,0.026000
1648727658.622926953,6,0.094000
1648727658.643468606,9,0.103000
1648727658.663875385,3,0.046000
1648727658.684693846,4,0.054000
1648727658.704479621,0,0.006000
1648727658.727425661,2,0.000000
1648727658.747258824,0,0.023000
1648727658.767174921,0,0.014000
1648727658.787101459,1,0.000000
1648727658.807139911,1,0.005000
1648727658.826412515,2,0.043000
1648727658.846772929,2,0.016000
1648727658.867137297,2,0.035000
1648727658.886937892,7,0.092000
1648727658.908056601,6,0.070000
1648727658.928479813,1,0.021000
1648727658.947312074,1,0.008000
1648727658.968974903,1,0.028000
1648727658.988612194,1,0.015000
1648727659.010031253,8,0.084000
1648727659.031071235,2,0.022000
1648727659.052940699,1,0.006000
1648727659.074205979,2,0.026000
1648727659.094937717,3,0.048000
1648727659.115094711,1,0.022000
1648727659.136667539,7,0.048000
1648727659.158157568,2,0.028000
1648727659.179201095,5,0.052000
1648727659.200189016,1,0.051000
1648727659.221042067,3,0.030000
1648727659.241044629,5,0.058000
1648727659.260581975,4,0.011000
1648727659.282890479,1,0.011000
1648727659.303381236,1,0.004000
1648727659.323570558,1,0.025000
1648727659.345651938,4,0.055000
1648727659.366245856,1,0.045000
1648727659.386631005,2,0.008000
1648727659.408353949,3,0.011000
1648727659.429848360,3,0.011000
1648727659.450084882,1,0.004000
1648727659.469930847,1,0.022000
1648727659.488994465,5,0.034000
1648727659.510761680,11,0.116000
1648727659.531422931,9,0.085000
1648727659.552738124,3,0.023000
1648727659.573071914,2,0.044000
1648727659.593354816,3,0.048000
1648727659.612811921,0,0.004000
1648727659.634114236,1,0.012000
1648727659.654331905,15,0.168000
1648727659.675831074,14,0.148000
1648727659.695297245,2,0.028000
1648727659.715000705,9,0.146000
1648727659.737399246,6,0.072000
1648727659.757916177,0,0.013000
1648727659.778652461,5,0.079000
1648727659.797910879,8,0.074000
1648727659.819856828,4,0.029000
1648727659.841278723,2,0.038000
1648727659.863153718,0,0.000000
1648727659.882739551,8,0.061000
1648727659.902740616,3,0.024000
1648727659.923060379,3,0.000000
1648727659.943031177,2,0.042000
1648727659.963256783,4,0.049000
1648727659.984650515,6,0.040000
1648727660.006258524,2,0.030000
1648727660.027418798,6,0.091000
1648727660.049929188,9,0.097000
1648727660.071191773,1,0.001000
1648727660.091496789,1,0.014000
1648727660.112059431,3,0.026000
1648727660.134303806,8,0.100000
1648727660.153979829,11,0.111000
1648727660.175708871,10,0.117000
1648727660.197000438,3,0.050000
1648727660.217277970,2,0.025000
1648727660.237470238,1,0.009000
1648727660.259035725,1,0.015000
1648727660.280066741,3,0.024000
1648727660.303439953,0,0.002000
1648727660.324467518,4,0.045000
1648727660.345360104,4,0.035000
1648727660.367383042,2,0.017000
1648727660.388156655,6,0.080000
1648727660.407100550,7,0.070000
1648727660.426803373,4,0.046000
1648727660.447388782,0,0.005000
1648727660.470298949,4,0.026000
1648727660.492477070,4,0.029000
1648727660.511983467,3,0.023000
1648727660.534019619,7,0.070000
1648727660.556418534,5,0.057000
1648727660.577032344,5,0.034000
1648727660.598101932,3,0.060000
1648727660.615679318,5,0.050000
1648727660.637919407,1,0.025000
1648727660.659175380,2,0.025000
1648727660.681341935,3,0.048000
1648727660.701281515,1,0.035000
1648727660.721332842,0,0.000000
1648727660.739940464,2,0.015000
1648727660.761032942,3,0.019000
1648727660.780462358,3,0.055000
1648727660.801898211,0,0.018000
1648727660.823112018,5,0.070000
1648727660.844067538,5,0.067000
1648727660.863165828,4,0.048000
1648727660.885031601,5,0.057000
1648727660.906224322,5,0.087000
1648727660.926151431,3,0.017000
1648727660.945215256,3,0.033000
1648727660.965383468,1,0.019000
1648727660.985885987,3,0.045000
1648727661.007464204,3,0.040000
1648727661.028447240,2,0.035000
1648727661.048334792,1,0.004000
1648727661.067549863,16,0.185000
1648727661.089157113,10,0.113000
1648727661.110929585,6,0.083000
1648727661.130894182,3,0.031000
1648727661.151849476,3,0.013000
1648727661.172408340,7,0.072000
1648727661.195342675,2,0.046000
1648727661.216096927,2,0.047000
1648727661.237368180,3,0.052000
1648727661.258273400,2,0.015000
1648727661.278221930,1,0.010000
1648727661.298041055,3,0.021000
1648727661.318461165,3,0.039000
1648727661.339065528,9,0.094000
1648727661.360013573,4,0.052000
1648727661.379888580,2,0.036000
1648727661.399617787,0,0.000000
1648727661.420947010,0,0.014000
1648727661.442292980,2,0.031000
1648727661.463546115,1,0.037000
1648727661.482388137,10,0.086000
1648727661.504381955,6,0.052000
1648727661.524396509,8,0.107000
1648727661.545634633,12,0.105000
1648727661.566013811,4,0.044000
1648727661.586896497,6,0.075000
1648727661.608100086,5,0.039000
1648727661.630722362,2,0.017000
1648727661.650653165,5,0.048000
1648727661.671100890,2,0.034000
1648727661.691963309,1,0.023000
1648727661.713815532,11,0.133000
1648727661.734808744,7,0.084000
1648727661.757043482,3,0.028000
1648727661.777394667,3,0.011000
1648727661.798679508,2,0.027000
1648727661.820928895,8,0.132000
1648727661.840925761,7,0.116000
1648727661.862312426,5,0.059000
1648727661.885307166,2,0.024000
1648727661.905026540,8,0.097000
1648727661.927272835,4,0.056000
1648727661.948343200,1,0.022000
1648727661.969290844,5,0.051000
1648727661.992053676,5,0.060000
1648727662.011867559,4,0.030000
1648727662.031783364,1,0.009000
1648727662.054464068,2,0.007000
1648727662.075724877,0,0.017000
1648727662.096285965,2,0.013000
1648727662.117944805,2,0.017000
1648727662.137565470,3,0.007000
1648727662.157890704,3,0.027000
1648727662.180293034,3,0.051000
1648727662.200244619,1,0.010000
1648727662.219240899,2,0.012000
1648727662.239178094,3,0.053000
1648727662.261121309,3,0.043000
1648727662.281196195,3,0.047000
1648727662.301442721,2,0.016000
1648727662.320193660,6,0.077000
1648727662.343338892,2,0.007000
1648727662.363992718,4,0.020000
1648727662.384227987,1,0.042000
1648727662.404481942,6,0.092000
1648727662.423905992,4,0.070000
1648727662.446011903,0,0.000000
1648727662.467247079,5,0.048000
1648727662.488328620,2,0.018000
1648727662.510051636,6,0.124000
1648727662.531067945,9,0.084000
1648727662.553569072,5,0.061000
1648727662.573839409,1,0.005000
1648727662.594892823,1,0.006000
1648727662.614092969,0,0.000000
1648727662.635723020,1,0.058000
1648727662.658217103,2,0.021000
1648727662.679764250,2,0.011000
1648727662.700403851,28,0.316000
1648727662.721353275,23,0.267000
1648727662.744560751,14,0.160000
1648727662.766099159,8,0.085000
1648727662.787198838,2,0.029000
1648727662.807190351,9,0.086000
1648727662.826992961,9,0.125000
1648727662.850567543,3,0.026000
1648727662.873815040,4,0.086000
1648727662.894797749,4,0.039000
1648727662.915954310,0,0.000000
1648727662.936911351,4,0.052000
1648727662.958411104,4,0.034000
1648727662.980947630,4,0.046000
1648727663.002425411,1,0.031000
1648727663.023944481,2,0.017000
1648727663.044347653,2,0.027000
1648727663.063744235,0,0.000000
1648727663.083628570,2,0.018000
1648727663.104161595,4,0.020000
1648727663.122236708,8,0.101000
1648727663.143922486,5,0.072000
1648727663.164242996,0,0.001000
1648727663.184402547,1,0.041000
1648727663.206167386,3,0.047000
1648727663.227230212,4,0.059000
1648727663.248446753,4,0.053000
1648727663.270048704,5,0.045000
1648727663.289594549,5,0.060000
1648727663.308227964,2,0.053000
1648727663.331043588,4,0.030000
1648727663.350422772,2,0.057000
1648727663.369693644,3,0.046000
1648727663.391667275,3,0.030000
1648727663.413007545,0,0.000000
1648727663.436552285,3,0.021000
1648727663.457777299,5,0.048000
1648727663.479161470,6,0.049000
1648727663.498214954,0,0.000000
1648727663.518345272,2,0.018000
1648727663.537966906,0,0.012000
1648727663.559006653,4,0.042000
1648727663.579816480,4,0.054000
1648727663.602005100,2,0.005000
1648727663.623479619,1,0.018000
1648727663.644532521,6,0.084000
1648727663.667277175,5,0.047000
1648727663.688108586,1,0.004000
1648727663.710383702,2,0.059000
1648727663.732175640,3,0.057000
1648727663.753017438,12,0.146000
1648727663.775289701,21,0.253000
1648727663.799517882,14,0.133000
1648727663.821181711,2,0.031000
1648727663.842218158,2,0.008000
1648727663.862564693,0,0.000000
1648727663.881933976,7,0.090000
1648727663.904076111,6,0.068000
1648727663.925500136,2,0.043000
1648727663.947077983,9,0.094000
1648727663.967559623,6,0.059000
1648727663.987289597,5,0.033000
1648727664.006593090,4,0.042000
1648727664.027017068,1,0.022000
1648727664.047747622,0,0.000000
1648727664.069052955,2,0.031000
1648727664.088761521,5,0.057000
1648727664.110344073,1,0.018000
1648727664.130002607,3,0.030000
1648727664.149598302,0,0.015000
1648727664.169390492,2,0.022000
1648727664.190163966,2,0.036000
1648727664.211891636,0,0.000000
1648727664.232825785,1,0.060000
1648727664.254290423,16,0.176000
1648727664.275790416,14,0.196000
1648727664.296278133,2,0.023000
1648727664.316267494,0,0.000000
1648727664.336622985,1,0.013000
1648727664.358566762,1,0.023000
1648727664.379802948,5,0.060000
1648727664.400916902,3,0.027000
1648727664.420956163,3,0.035000
1648727664.442895827,5,0.050000
1648727664.464708577,2,0.010000
1648727664.484799622,2,0.035000
1648727664.505944442,4,0.034000
1648727664.525699125,0,0.031000
1648727664.544468845,2,0.021000
1648727664.565442004,7,0.081000
1648727664.586001875,4,0.046000
1648727664.605811856,3,0.032000
1648727664.626495459,2,0.035000
1648727664.648242392,4,0.049000
1648727664.669691629,2,0.064000
1648727664.690598482,5,0.072000
1648727664.710407236,7,0.066000
1648727664.730950850,1,0.009000
1648727664.749891668,1,0.023000
1648727664.771126789,3,0.035000
1648727664.792232149,1,0.000000
1648727664.811658676,4,0.024000
1648727664.834053618,3,0.023000
1648727664.853360089,2,0.042000
1648727664.873838506,2,0.037000
1648727664.894891022,2,0.000000
1648727664.915883785,6,0.037000
1648727664.938065712,2,0.018000
1648727664.959962645,1,0.022000
1648727664.979010794,2,0.023000
1648727665.000773594,0,0.011000
1648727665.020366056,1,0.021000
1648727665.041835181,0,0.005000
1648727665.062366867,0,0.002000
1648727665.082960430,6,0.059000
1648727665.103798063,4,0.071000
1648727665.123283535,4,0.037000
1648727665.145156709,0,0.003000
1648727665.164942998,4,0.058000
1648727665.185256088,3,0.034000
1648727665.204590368,3,0.023000
1648727665.224176865,3,0.032000
1648727665.244211174,1,0.028000
1648727665.262264728,4,0.024000
1648727665.281451989,1,0.028000
1648727665.303385656,7,0.062000
1648727665.324352083,3,0.069000
1648727665.344968539,4,0.044000
1648727665.363892457,3,0.023000
1648727665.384133478,5,0.058000
1648727665.404156540,0,0.003000
1648727665.424687412,18,0.210000
1648727665.445542454,18,0.226000
1648727665.465677581,9,0.106000
1648727665.486254968,7,0.114000
1648727665.505505286,4,0.093000
1648727665.526968016,1,0.011000
1648727665.548532598,0,0.022000
1648727665.569237001,1,0.026000
1648727665.590578213,1,0.019000
1648727665.611690567,4,0.041000
1648727665.631934795,4,0.037000
1648727665.653234855,5,0.042000
1648727665.676434125,7,0.054000
1648727665.696963488,4,0.042000
1648727665.717685444,0,0.023000
1648727665.740418689,0,0.003000
1648727665.760142356,3,0.023000
1648727665.781948474,1,0.020000
1648727665.802116550,2,0.012000
1648727665.825176507,2,0.024000
1648727665.846172081,2,0.004000
1648727665.866077620,0,0.000000
1648727665.886730752,0,0.000000
1648727665.908698343,10,0.132000
1648727665.929353496,10,0.116000
1648727665.950078941,4,0.012000
1648727665.971390638,4,0.059000
1648727665.991752493,4,0.043000
1648727666.011481475,11,0.089000
1648727666.030420486,8,0.082000
1648727666.051219729,4,0.028000
1648727666.071995549,4,0.052000
1648727666.093008701,6,0.042000
1648727666.112884144,2,0.026000
1648727666.134426780,5,0.040000
1648727666.155245229,2,0.017000
1648727666.174923980,2,0.067000
1648727666.194159674,2,0.006000
1648727666.216345431,5,0.051000
1648727666.236957773,6,0.054000
1648727666.257011776,4,0.017000
1648727666.275433887,1,0.014000
1648727666.295775266,2,0.018000
1648727666.315179628,3,0.012000
1648727666.335312823,9,0.081000
1648727666.354156557,7,0.083000
1648727666.372412910,2,0.009000
1648727666.392409309,3,0.054000
1648727666.414216178,1,0.023000
1648727666.433841193,6,0.060000
1648727666.454943308,4,0.056000
1648727666.478050453,2,0.034000
1648727666.498350614,5,0.055000
1648727666.518470419,4,0.075000
1648727666.539954495,2,0.011000
1648727666.561868173,7,0.101000
1648727666.581601497,5,0.041000
1648727666.602141194,4,0.037000
1648727666.623102096,2,0.046000
1648727666.642510196,3,0.016000
1648727666.664273179,6,0.046000
1648727666.683840785,2,0.059000
1648727666.702787010,5,0.059000
1648727666.723753846,5,0.093000
1648727666.743558674,2,0.025000
1648727666.764386638,0,0.015000
1648727666.784202051,0,0.001000
1648727666.805072149,3,0.033000
1648727666.825401705,2,0.019000
1648727666.848143079,0,0.006000
1648727666.868108942,1,0.042000
1648727666.889864137,3,0.036000
1648727666.911210201,10,0.135000
1648727666.932344353,12,0.108000
1648727666.953010200,3,0.027000
1648727666.974358614,5,0.020000
1648727666.995138313,1,0.000000
1648727667.015801608,0,0.007000
1648727667.037858482,1,0.023000
1648727667.057323523,6,0.037000
1648727667.078310701,2,0.039000
1648727667.097720450,6,0.056000
1648727667.118312609,5,0.065000
1648727667.140452337,0,0.018000
1648727667.159279319,11,0.117000
1648727667.181351044,4,0.062000
1648727667.201130889,1,0.009000
1648727667.221848352,3,0.035000
1648727667.244969247,0,0.028000
1648727667.265110298,3,0.028000
1648727667.286923184,0,0.003000
1648727667.308768795,1,0.017000
1648727667.329699718,4,0.020000
1648727667.350362184,4,0.030000
1648727667.370505415,3,0.023000
1648727667.392097078,2,0.053000
1648727667.410940688,7,0.050000
1648727667.431150869,1,0.018000
1648727667.453608548,1,0.037000
1648727667.473427119,5,0.062000
1648727667.496056623,4,0.019000
1648727667.517194216,5,0.015000
1648727667.539509828,2,0.012000
1648727667.559204916,11,0.122000
1648727667.579461573,12,0.110000
1648727667.600303226,8,0.072000
1648727667.623341635,4,0.036000
1648727667.644020307,4,0.053000
1648727667.664411479,5,0.031000
1648727667.684204154,4,0.056000
1648727667.703194446,5,0.056000
1648727667.724014136,11,0.142000
1648727667.744774506,8,0.090000
1648727667.764455142,5,0.081000
1648727667.783978035,2,0.061000
1648727667.804425772,4,0.007000
1648727667.825676984,3,0.027000
1648727667.845577418,4,0.048000
1648727667.867759205,8,0.078000
1648727667.889016051,6,0.108000
1648727667.909657401,2,0.071000
1648727667.930646892,3,0.039000
1648727667.952399732,1,0.028000
1648727667.975058320,4,0.085000
1648727667.997904866,4,0.051000
1648727668.017943548,3,0.030000
1648727668.039319247,5,0.047000
1648727668.060884908,0,0.000000
1648727668.081646000,2,0.033000
1648727668.103245962,1,0.017000
1648727668.122893690,8,0.065000
1648727668.145386289,1,0.018000
1648727668.165701661,10,0.129000
1648727668.185502545,10,0.128000
1648727668.205786211,2,0.039000
1648727668.225984672,2,0.012000
1648727668.247071884,4,0.026000
1648727668.266664378,4,0.042000
1648727668.287426439,5,0.042000
1648727668.308451870,1,0.057000
1648727668.328005504,0,0.000000
1648727668.348152656,2,0.038000
1648727668.370328332,1,0.021000
1648727668.389072377,2,0.056000
1648727668.409637399,3,0.035000
1648727668.429770733,1,0.001000
1648727668.449430558,4,0.059000
1648727668.469980688,2,0.031000
1648727668.491399680,6,0.047000
1648727668.511351237,7,0.078000
1648727668.531165846,4,0.028000
1648727668.551940033,5,0.045000
1648727668.571401605,7,0.076000
1648727668.592000027,2,0.036000
1648727668.613153233,6,0.058000
1648727668.635379152,5,0.075000
1648727668.656313727,8,0.058000
1648727668.675815640,7,0.075000
1648727668.696461037,6,0.085000
1648727668.716045728,6,0.057000
1648727668.737737301,6,0.046000
1648727668.758095178,2,0.024000
1648727668.777682952,4,0.017000
1648727668.796467546,3,0.010000
1648727668.816849793,5,0.025000
1648727668.836799231,7,0.039000
1648727668.856552686,2,0.036000
1648727668.878571485,11,0.121000
1648727668.898369699,10,0.098000
1648727668.919387609,5,0.019000
1648727668.942606188,12,0.124000
1648727668.963322315,25,0.304000
1648727668.983572808,15,0.216000
1648727669.006144728,5,0.084000
1648727669.026921743,3,0.071000
1648727669.048026931,3,0.040000
1648727669.067917792,4,0.061000
1648727669.088987854,3,0.045000
1648727669.109130758,2,0.030000
1648727669.129353068,7,0.075000
1648727669.151393580,4,0.046000
1648727669.172364821,2,0.009000
1648727669.191135978,2,0.042000
1648727669.213377408,2,0.014000
1648727669.233375059,4,0.060000
1648727669.254146314,21,0.247000
1648727669.276989869,15,0.159000
1648727669.297769048,6,0.074000
1648727669.318124422,2,0.038000
1648727669.339583202,3,0.029000
1648727669.361671820,5,0.052000
1648727669.381029696,3,0.042000
1648727669.401245689,3,0.011000
1648727669.420997562,5,0.054000
1648727669.442786766,1,0.028000
1648727669.461036187,2,0.024000
1648727669.482064177,7,0.062000
1648727669.502081288,0,0.004000
1648727669.522947721,3,0.017000
1648727669.544337359,6,0.050000
1648727669.565788755,3,0.051000
1648727669.587586914,2,0.013000
1648727669.608628161,6,0.050000
1648727669.628724908,4,0.049000
1648727669.649630522,2,0.024000
1648727669.672029781,4,0.053000
1648727669.693009807,5,0.057000
1648727669.712750479,4,0.052000
1648727669.733447614,2,0.001000
1648727669.754399046,3,0.061000
1648727669.777193558,2,0.056000
1648727669.802336949,2,0.012000
1648727669.823301590,2,0.037000
1648727669.844537714,3,0.051000
1648727669.866995851,1,0.007000
1648727669.889013186,0,0.000000
1648727669.909802781,9,0.105000
1648727669.933029287,10,0.102000
1648727669.953385176,2,0.034000
1648727669.974433342,3,0.052000
1648727669.994635886,2,0.006000
1648727670.018185163,1,0.026000
1648727670.037009786,24,0.302000
1648727670.059077497,23,0.302000
1648727670.080487829,8,0.123000
1648727670.102371611,2,0.032000
1648727670.123604567,3,0.036000
1648727670.144361152,4,0.019000
1648727670.166347879,4,0.035000
1648727670.188987414,2,0.019000
1648727670.211840534,0,0.007000
1648727670.232794758,2,0.053000
1648727670.255042133,4,0.068000
1648727670.276155919,4,0.039000
1648727670.296482068,2,0.036000
1648727670.317022281,7,0.073000
1648727670.338310154,9,0.050000
1648727670.359201614,3,0.025000
1648727670.381074543,2,0.028000
1648727670.402336428,4,0.051000
1648727670.425271490,3,0.044000
1648727670.446143908,5,0.056000
1648727670.468352682,2,0.022000
1648727670.488862300,6,0.059000
1648727670.510249444,6,0.066000
1648727670.532806487,4,0.063000
1648727670.556045329,4,0.045000
1648727670.575042922,2,0.012000
1648727670.597599476,3,0.013000
1648727670.619576693,3,0.053000
1648727670.641138102,2,0.024000
1648727670.661954497,3,0.022000
1648727670.684571293,5,0.059000
1648727670.705270785,5,0.058000
1648727670.725275886,2,0.026000
1648727670.747734650,7,0.059000
1648727670.768727638,2,0.013000
1648727670.789810422,3,0.018000
1648727670.811394727,4,0.036000
1648727670.831314745,2,0.015000
1648727670.853059361,0,0.007000
1648727670.875801126,5,0.066000
1648727670.897947439,7,0.035000
1648727670.919871524,5,0.046000
1648727670.941214083,2,0.024000
1648727670.962709232,0,0.000000
1648727670.983475814,4,0.036000
1648727671.004688605,4,0.022000
1648727671.026334921,3,0.018000
1648727671.048440283,1,0.035000
1648727671.069343572,10,0.127000
1648727671.090246891,5,0.066000
1648727671.112296937,1,0.027000
1648727671.133477104,1,0.010000
1648727671.154132267,6,0.075000
1648727671.176714901,1,0.024000
1648727671.197664456,4,0.027000
1648727671.219472496,6,0.052000
1648727671.242094981,0,0.018000
1648727671.264587753,6,0.055000
1648727671.286355238,9,0.074000
1648727671.310036774,2,0.039000
1648727671.331109084,1,0.015000
1648727671.352914354,5,0.078000
1648727671.373769571,3,0.059000
1648727671.395303015,4,0.041000
1648727671.416191584,15,0.212000
1648727671.438239370,11,0.134000
1648727671.461706164,2,0.045000
1648727671.484078862,6,0.055000
1648727671.505465983,0,0.011000
1648727671.525551932,1,0.006000
1648727671.547483090,3,0.030000
1648727671.569031932,1,0.022000
1648727671.590357121,0,0.011000
1648727671.611782798,4,0.062000
1648727671.634015743,0,0.013000
1648727671.654480619,6,0.090000
1648727671.675014080,7,0.069000
1648727671.697069734,6,0.050000
1648727671.717712867,5,0.050000
1648727671.739279968,0,0.000000
1648727671.762234430,2,0.049000
1648727671.783003257,4,0.024000
1648727671.806852336,3,0.039000
1648727671.827437610,0,0.029000
1648727671.849196598,4,0.018000
1648727671.871252636,1,0.013000
1648727671.893121987,2,0.014000
1648727671.915165780,2,0.032000
1648727671.936969348,1,0.030000
1648727671.959368550,3,0.014000
1648727671.981386610,0,0.034000
1648727672.002356603,2,0.035000
1648727672.025751965,3,0.019000
1648727672.046446020,4,0.042000
1648727672.069145294,1,0.039000
1648727672.091807774,1,0.016000
1648727672.113787121,11,0.115000
1648727672.136695387,10,0.138000
1648727672.159653542,0,0.053000
1648727672.183412462,7,0.025000
1648727672.202227191,4,0.026000
1648727672.224090558,1,0.017000
1648727672.246322816,4,0.057000
1648727672.267393615,5,0.047000
1648727672.289919368,1,0.016000
1648727672.311598371,3,0.022000
1648727672.333880979,13,0.183000
1648727672.356143494,10,0.115000
1648727672.377416630,5,0.025000
1648727672.399085970,2,0.032000
1648727672.419223701,2,0.007000
1648727672.438997333,2,0.016000
1648727672.462602347,4,0.039000
1648727672.482476086,5,0.061000
1648727672.505108026,2,0.031000
1648727672.527035588,4,0.036000
1648727672.549957224,2,0.019000
1648727672.573635644,3,0.049000
1648727672.594417909,0,0.000000
1648727672.616990219,3,0.014000
1648727672.640358974,14,0.161000
1648727672.663367601,5,0.081000
1648727672.685066283,2,0.056000
1648727672.709487818,2,0.036000
1648727672.733159673,0,0.023000
1648727672.754425621,2,0.042000
1648727672.776147244,4,0.045000
1648727672.797494053,2,0.032000
1648727672.817476278,4,0.060000
1648727672.840476349,10,0.134000
1648727672.861095239,8,0.069000
1648727672.885017805,4,0.028000
1648727672.905371881,3,0.018000
1648727672.926352469,2,0.030000
1648727672.948634342,19,0.192000
1648727672.970276006,23,0.266000
1648727672.992338049,12,0.152000
1648727673.013412829,4,0.041000
1648727673.036570970,3,0.016000
1648727673.059138915,5,0.088000
1648727673.078817906,1,0.016000
1648727673.099084137,1,0.005000
1648727673.120946106,13,0.138000
1648727673.142099957,7,0.086000
1648727673.163295029,1,0.013000
1648727673.182620608,6,0.057000
1648727673.203291949,7,0.078000
1648727673.225022075,2,0.010000
1648727673.244395835,0,0.000000
1648727673.264537398,8,0.111000
1648727673.285056465,8,0.119000
1648727673.307190059,4,0.055000
1648727673.328287091,5,0.061000
1648727673.348921653,2,0.025000
1648727673.369906587,4,0.060000
1648727673.390501212,2,0.019000
1648727673.412029552,0,0.004000
1648727673.432071926,0,0.000000
1648727673.454242172,2,0.008000
1648727673.474182407,1,0.018000
1648727673.495877523,4,0.062000
1648727673.519049399,5,0.085000
1648727673.539141657,1,0.001000
1648727673.558957824,4,0.038000
1648727673.578380994,5,0.044000
1648727673.601194805,6,0.070000
1648727673.624096749,5,0.074000
1648727673.644185649,4,0.024000
1648727673.663505378,2,0.024000
1648727673.685434508,0,0.007000
1648727673.706487472,1,0.018000
1648727673.727270037,3,0.037000
1648727673.749132557,2,0.017000
1648727673.768601667,4,0.029000
1648727673.788718676,5,0.048000
1648727673.810136872,3,0.035000
1648727673.832451711,3,0.030000
1648727673.855739069,2,0.045000
1648727673.876357699,2,0.032000
1648727673.898314547,3,0.031000
1648727673.921096412,1,0.001000
1648727673.944052939,0,0.006000
1648727673.964327563,4,0.029000
1648727673.985275747,5,0.021000
1648727674.007781419,2,0.046000
1648727674.028920788,8,0.078000
1648727674.049254626,6,0.080000
1648727674.071532304,3,0.033000
1648727674.093697708,1,0.017000
1648727674.114782553,5,0.052000
1648727674.137081847,4,0.039000
1648727674.157391356,4,0.027000
1648727674.180092336,3,0.038000
1648727674.202052680,2,0.017000
1648727674.223096867,0,0.008000
1648727674.245400852,3,0.023000
1648727674.267704648,2,0.024000
1648727674.290401393,0,0.000000
1648727674.312653156,0,0.019000
1648727674.334736307,3,0.073000
1648727674.356992127,7,0.079000
1648727674.378271373,6,0.071000
1648727674.401068009,3,0.048000
1648727674.422698419,4,0.039000
1648727674.442659301,5,0.084000
1648727674.465115673,5,0.058000
1648727674.485715515,2,0.018000
1648727674.507645007,4,0.051000
1648727674.527731922,3,0.061000
1648727674.550808038,0,0.000000
1648727674.573068147,5,0.041000
1648727674.594551460,3,0.070000
1648727674.615151960,6,0.084000
1648727674.637009764,8,0.083000
1648727674.658229480,3,0.047000
1648727674.679137804,0,0.000000
1648727674.701908440,2,0.018000
1648727674.724240238,3,0.036000
1648727674.745953932,2,0.034000
1648727674.767662489,4,0.043000
1648727674.789816506,2,0.010000
1648727674.811951862,1,0.031000
1648727674.833714335,2,0.021000
1648727674.855266174,2,0.004000
1648727674.877508726,2,0.012000
1648727674.899890963,2,0.044000
1648727674.921543669,1,0.021000
1648727674.943677753,6,0.079000
1648727674.966358955,3,0.043000
1648727674.987164110,0,0.000000
1648727675.009332243,1,0.000000
1648727675.031913005,3,0.053000
1648727675.053741609,4,0.044000
1648727675.076887121,6,0.049000
1648727675.098110992,6,0.057000
1648727675.122623230,2,0.025000
1648727675.142852194,2,0.000000
1648727675.164362346,1,0.004000
1648727675.186287877,2,0.021000
1648727675.208937641,0,0.005000
1648727675.230676330,5,0.028000
1648727675.252555578,2,0.030000
1648727675.274853268,0,0.000000
1648727675.298111982,1,0.001000
1648727675.322914235,2,0.023000
1648727675.344981725,2,0.031000
1648727675.365694198,4,0.053000
1648727675.386591250,3,0.016000
1648727675.408844551,3,0.070000
1648727675.430227778,2,0.016000
1648727675.450806101,3,0.051000
1648727675.475183737,3,0.011000
1648727675.496379357,3,0.052000
1648727675.517121996,1,0.002000
1648727675.540130818,4,0.066000
1648727675.563231983,0,0.000000
1648727675.585047454,2,0.031000
1648727675.606352370,0,0.000000
1648727675.628425730,1,0.023000
1648727675.651925226,1,0.008000
1648727675.675081393,2,0.052000
1648727675.696437844,9,0.119000
1648727675.720362750,7,0.061000
1648727675.741697928,6,0.088000
1648727675.763589529,1,0.021000
1648727675.784921135,0,0.000000
1648727675.806477578,4,0.061000
1648727675.828491869,4,0.023000
1648727675.849824413,2,0.031000
1648727675.870983265,0,0.016000
1648727675.892824260,3,0.032000
1648727675.914995214,2,0.011000
1648727675.936883876,4,0.055000
1648727675.957987210,17,0.219000
1648727675.980835989,11,0.117000
1648727676.004046481,4,0.022000
1648727676.024435873,1,0.049000
1648727676.046358100,0,0.001000
1648727676.068790938,2,0.006000
1648727676.089960541,1,0.015000
1648727676.112296529,3,0.040000
1648727676.134788543,3,0.014000
1648727676.155883631,3,0.029000
1648727676.177481092,7,0.047000
1648727676.198439760,0,0.009000
1648727676.220455978,2,0.023000
1648727676.241254433,2,0.014000
1648727676.262213954,1,0.052000
1648727676.284008295,5,0.047000
1648727676.306023154,2,0.043000
1648727676.327061349,2,0.020000
1648727676.347534751,2,0.021000
1648727676.368104570,2,0.006000
1648727676.388268963,1,0.008000
1648727676.408599729,1,0.001000
1648727676.430323853,3,0.041000
1648727676.452729149,5,0.062000
1648727676.474828423,2,0.033000
1648727676.494881131,3,0.030000
1648727676.516095257,1,0.032000
1648727676.537883403,2,0.026000
1648727676.559946893,1,0.015000
1648727676.580972910,3,0.020000
1648727676.601783102,1,0.011000
1648727676.623392854,2,0.014000
1648727676.646393969,4,0.018000
1648727676.666929565,0,0.007000
1648727676.688091897,11,0.133000
1648727676.709134754,7,0.077000
1648727676.730427587,8,0.043000
1648727676.752124310,9,0.083000
1648727676.774977682,15,0.184000
1648727676.797075948,7,0.058000
1648727676.817646829,4,0.055000
1648727676.839446406,3,0.037000
1648727676.859389699,1,0.005000
1648727676.880209564,0,0.000000
1648727676.901454061,11,0.106000
1648727676.923017707,12,0.161000
1648727676.943723038,3,0.029000
1648727676.966015491,3,0.032000
1648727676.986336630,9,0.100000
1648727677.009041965,9,0.123000
1648727677.030468513,2,0.020000
1648727677.052412403,0,0.010000
1648727677.073123786,4,0.026000
1648727677.093976085,2,0.033000
1648727677.115599244,2,0.013000
1648727677.138044326,4,0.033000
1648727677.158791354,5,0.084000
1648727677.181101752,3,0.046000
1648727677.205139335,1,0.010000
1648727677.226393862,1,0.019000
1648727677.247302127,0,0.010000
1648727677.269075356,5,0.073000
1648727677.290002435,6,0.073000
1648727677.311172433,3,0.048000
1648727677.333877703,4,0.031000
1648727677.357363332,3,0.035000
1648727677.380003078,0,0.016000
1648727677.403693769,3,0.021000
1648727677.424470756,1,0.028000
1648727677.445550177,0,0.004000
1648727677.469195969,2,0.052000
1648727677.490054498,2,0.019000
1648727677.512841897,1,0.007000
1648727677.534801087,2,0.034000
1648727677.554914390,0,0.000000
1648727677.577072882,4,0.025000
1648727677.599694487,5,0.065000
1648727677.619909507,6,0.046000
1648727677.639829476,0,0.009000
1648727677.662255202,3,0.052000
1648727677.685804740,2,0.036000
1648727677.708479931,3,0.030000
1648727677.729956551,5,0.093000
1648727677.749397574,0,0.016000
1648727677.771702551,6,0.070000
1648727677.793532125,7,0.056000
1648727677.814949493,1,0.036000
1648727677.835157056,5,0.042000
1648727677.856197267,1,0.014000
1648727677.877907531,4,0.024000
1648727677.898348359,2,0.036000
1648727677.920163781,3,0.037000
1648727677.941875915,4,0.037000
1648727677.965388117,6,0.053000
1648727677.986121112,3,0.054000
1648727678.008733926,1,0.045000
1648727678.029156108,13,0.124000
1648727678.051879924,88,1.028000
1648727678.073107624,83,1.021000
1648727678.095193665,65,0.745000
1648727678.116621068,39,0.495000
1648727678.139849668,19,0.259000
1648727678.161433475,9,0.128000
1648727678.183085391,3,0.038000
1648727678.205310062,0,0.012000
1648727678.228074247,2,0.023000
1648727678.249078917,3,0.023000
1648727678.270836813,1,0.018000
1648727678.291882658,0,0.023000
1648727678.311242774,2,0.025000
1648727678.332019732,0,0.000000
1648727678.354140247,7,0.053000
1648727678.375830189,1,0.000000
1648727678.397662325,2,0.027000
1648727678.419928659,4,0.028000
1648727678.439873536,3,0.044000
1648727678.460975828,4,0.047000
1648727678.484369274,4,0.051000
1648727678.503977209,4,0.041000
1648727678.524162566,4,0.052000
1648727678.545573713,4,0.068000
1648727678.567989232,2,0.018000
1648727678.589930306,1,0.014000
1648727678.612577022,4,0.036000
1648727678.636315816,2,0.022000
1648727678.657833368,5,0.048000
1648727678.678381038,1,0.021000
1648727678.701088625,4,0.039000
1648727678.722410347,1,0.026000
1648727678.744368212,2,0.026000
1648727678.766891170,4,0.029000
1648727678.787559409,0,0.000000
1648727678.808560018,9,0.072000
1648727678.829250592,5,0.046000
1648727678.850874350,0,0.019000
1648727678.870634203,4,0.037000
1648727678.893335167,2,0.030000
1648727678.915638688,2,0.013000
1648727678.937153226,5,0.070000
1648727678.960402755,2,0.052000
1648727678.982118477,2,0.007000
1648727679.005009315,3,0.014000
1648727679.030261747,4,0.022000
1648727679.050665082,5,0.065000
1648727679.071807383,5,0.034000
1648727679.092489135,2,0.023000
1648727679.112057273,5,0.051000
1648727679.135944316,7,0.069000
1648727679.155509461,22,0.255000
1648727679.178307219,15,0.163000
1648727679.200653578,7,0.078000
1648727679.221725575,3,0.047000
1648727679.240429256,2,0.010000
1648727679.262301476,4,0.045000
1648727679.284878224,3,0.037000
1648727679.305210803,4,0.077000
1648727679.328110442,6,0.023000
1648727679.348297744,4,0.052000
1648727679.370610158,3,0.030000
1648727679.392554214,0,0.000000
1648727679.413416097,4,0.030000
1648727679.435214396,3,0.026000
1648727679.457559668,3,0.035000
1648727679.478468123,2,0.028000
1648727679.498723984,2,0.037000
1648727679.519141510,4,0.031000
1648727679.539953742,2,0.023000
1648727679.561752536,2,0.043000
1648727679.582979035,2,0.034000
1648727679.603999646,4,0.032000
1648727679.626351287,3,0.022000
1648727679.648293974,2,0.033000
1648727679.668842366,2,0.033000
1648727679.691224635,1,0.014000
1648727679.713666839,3,0.057000
1648727679.735531128,5,0.077000
1648727679.757024624,5,0.061000
1648727679.777595335,13,0.178000
1648727679.799228807,9,0.121000
1648727679.821303459,6,0.051000
1648727679.840809639,6,0.055000
1648727679.864630501,0,0.018000
1648727679.885689262,1,0.015000
1648727679.907047676,0,0.000000
1648727679.929334024,7,0.083000
1648727679.950937311,3,0.026000
1648727679.974290021,2,0.053000
1648727679.994485106,0,0.001000
1648727680.016708204,3,0.026000
1648727680.037174404,1,0.003000
1648727680.059236222,0,0.006000
1648727680.079732952,5,0.060000
1648727680.101818233,0,0.004000
1648727680.123160218,3,0.039000
1648727680.144448547,2,0.004000
1648727680.166158300,22,0.237000
1648727680.188386421,16,0.184000
1648727680.210941282,4,0.032000
1648727680.233209672,0,0.007000
1648727680.254129255,2,0.025000
1648727680.274855422,3,0.016000
1648727680.297232259,3,0.016000
1648727680.319959494,4,0.024000
1648727680.341755952,3,0.054000
1648727680.363484896,1,0.034000
1648727680.384385017,5,0.062000
1648727680.404809899,0,0.001000
1648727680.425333150,4,0.012000
1648727680.447238802,1,0.000000
1648727680.470786868,1,0.026000
1648727680.492821880,0,0.000000
1648727680.512578516,1,0.011000
1648727680.535727913,0,0.000000
1648727680.558080292,2,0.012000
1648727680.578404151,2,0.028000
1648727680.602529549,4,0.034000
1648727680.624405369,2,0.025000
1648727680.644985560,3,0.010000
1648727680.667122484,3,0.052000
1648727680.690760730,10,0.152000
1648727680.712695876,4,0.080000
1648727680.735797484,1,0.010000
1648727680.759048449,8,0.078000
1648727680.780668114,5,0.066000
1648727680.800890764,2,0.027000
1648727680.822319821,2,0.033000
1648727680.844101850,1,0.034000
1648727680.865974183,4,0.053000
1648727680.887981383,2,0.029000
1648727680.910842634,1,0.008000
1648727680.932672510,1,0.003000
1648727680.953217888,7,0.077000
1648727680.974921833,3,0.040000
1648727680.996951889,1,0.004000
1648727681.017444062,1,0.022000
1648727681.040564789,7,0.092000
1648727681.063426341,7,0.079000
1648727681.085699514,2,0.024000
1648727681.108151999,3,0.026000
1648727681.129479854,0,0.000000
1648727681.151726145,0,0.011000
1648727681.173341305,4,0.070000
1648727681.195043743,2,0.008000
1648727681.216933863,0,0.029000
1648727681.238678836,3,0.015000
1648727681.259778939,5,0.036000
1648727681.284082222,2,0.051000
1648727681.304098401,0,0.008000
1648727681.324527326,0,0.004000
1648727681.347784572,1,0.021000
1648727681.369522685,7,0.092000
1648727681.390107330,7,0.074000
1648727681.410110808,0,0.000000
1648727681.431023032,1,0.013000
1648727681.452676049,2,0.017000
1648727681.475222517,3,0.038000
1648727681.495570061,2,0.027000
1648727681.517886222,4,0.031000
1648727681.543158210,1,0.054000
1648727681.566597540,6,0.061000
1648727681.586885244,4,0.060000
1648727681.606953510,3,0.036000
1648727681.630282085,3,0.046000
1648727681.652339285,11,0.104000
1648727681.673959544,8,0.105000
1648727681.695651671,4,0.043000
1648727681.716439608,6,0.062000
1648727681.738237509,0,0.011000
1648727681.760657730,2,0.022000
1648727681.781643395,2,0.031000
1648727681.803716737,0,0.014000
1648727681.826003374,2,0.048000
1648727681.847653539,8,0.089000
1648727681.870084959,10,0.110000
1648727681.891246080,3,0.040000
1648727681.910865987,0,0.003000
1648727681.932850934,3,0.048000
1648727681.953762144,0,0.000000
1648727681.975561094,1,0.034000
1648727681.998676315,1,0.000000
1648727682.020218264,1,0.042000
1648727682.043256584,0,0.001000
1648727682.064389862,4,0.056000
1648727682.087717290,3,0.044000
1648727682.109697301,2,0.030000
1648727682.130691159,1,0.012000
1648727682.151996793,3,0.026000
1648727682.173646391,5,0.044000
1648727682.195391401,2,0.021000
1648727682.217385669,0,0.048000
1648727682.240276673,7,0.043000
1648727682.259614038,5,0.024000
1648727682.281116874,1,0.035000
1648727682.302508849,3,0.021000
1648727682.321299219,1,0.010000
1648727682.342871198,7,0.094000
1648727682.365465182,7,0.096000
1648727682.388307615,3,0.037000
1648727682.410874700,3,0.016000
1648727682.432171373,0,0.000000
1648727682.453894186,1,0.004000
1648727682.475856266,1,0.004000
1648727682.496566347,2,0.042000
1648727682.520420407,6,0.047000
1648727682.543331161,8,0.069000
1648727682.565995363,8,0.097000
1648727682.587401181,4,0.043000
1648727682.608941596,1,0.030000
1648727682.631041654,1,0.012000
1648727682.652565762,3,0.010000
1648727682.673696134,1,0.013000
1648727682.695550050,0,0.000000
1648727682.718027190,6,0.072000
1648727682.738301341,2,0.015000
1648727682.758384132,3,0.018000
1648727682.780417342,2,0.048000
1648727682.803495798,3,0.022000
1648727682.825641100,3,0.014000
1648727682.845279851,2,0.031000
1648727682.866330860,3,0.011000
1648727682.886374496,3,0.060000
1648727682.908261742,5,0.050000
1648727682.928117193,2,0.008000
1648727682.948544116,2,0.040000
1648727682.971994126,0,0.000000
1648727682.995041099,1,0.012000
1648727683.016261442,8,0.107000
1648727683.037203370,15,0.169000
1648727683.059842293,8,0.094000
1648727683.081353654,4,0.040000
1648727683.103269544,4,0.033000
1648727683.126065491,1,0.035000
1648727683.149067394,0,0.000000
1648727683.171912571,3,0.030000
1648727683.193175704,0,0.017000
1648727683.214190147,1,0.034000
1648727683.234650378,3,0.049000
1648727683.256727993,0,0.000000
1648727683.277391708,3,0.024000
1648727683.299207937,3,0.014000
1648727683.320121741,0,0.001000
1648727683.341174451,6,0.067000
1648727683.364153920,6,0.082000
1648727683.386155180,1,0.008000
1648727683.406891168,0,0.007000
1648727683.428450216,3,0.042000
1648727683.450062272,6,0.070000
1648727683.471064765,2,0.038000
1648727683.494207990,2,0.046000
1648727683.516112977,6,0.064000
1648727683.537298726,2,0.012000
1648727683.560199303,2,0.024000
1648727683.581785602,1,0.019000
1648727683.603384025,2,0.018000
1648727683.625780580,2,0.011000
1648727683.647254967,3,0.061000
1648727683.668866568,5,0.070000
1648727683.689311218,6,0.059000
1648727683.711282316,2,0.040000
1648727683.733482681,1,0.015000
1648727683.754592775,0,0.036000
1648727683.774301918,4,0.031000
1648727683.797220392,6,0.065000
1648727683.817771665,0,0.010000
1648727683.840416342,3,0.024000
1648727683.861336705,3,0.042000
1648727683.883997812,4,0.062000
1648727683.905232762,8,0.090000
1648727683.927104469,6,0.083000
1648727683.948246515,1,0.009000
1648727683.969778529,1,0.016000
1648727683.990977453,1,0.015000
1648727684.014016121,4,0.027000
1648727684.036338122,3,0.026000
1648727684.059430772,2,0.017000
1648727684.080993361,3,0.005000
1648727684.104306237,0,0.000000
1648727684.126699271,0,0.000000
1648727684.148661643,2,0.015000
1648727684.170628761,8,0.106000
1648727684.190987193,6,0.078000
1648727684.212108378,0,0.032000
1648727684.233497428,5,0.029000
1648727684.253849821,1,0.028000
1648727684.276475327,3,0.023000
1648727684.298158190,5,0.070000
1648727684.319506870,4,0.049000
1648727684.341126628,0,0.019000
1648727684.362468908,3,0.047000
1648727684.385003416,1,0.008000
1648727684.407922429,2,0.035000
1648727684.430328480,8,0.084000
1648727684.450434232,1,0.010000
1648727684.470147317,4,0.042000
1648727684.490084420,4,0.040000
1648727684.510996182,1,0.017000
1648727684.533347577,2,0.037000
1648727684.556402422,8,0.060000
1648727684.577681861,1,0.025000
1648727684.599289263,2,0.025000
1648727684.622117716,1,0.030000
1648727684.643826707,4,0.043000
1648727684.665433673,2,0.003000
1648727684.685840501,3,0.031000
1648727684.708734330,0,0.019000
1648727684.729595239,3,0.041000
1648727684.752391402,0,0.013000
1648727684.773922108,5,0.051000
1648727684.795457809,6,0.055000
1648727684.817857932,2,0.032000
1648727684.840381055,1,0.022000
1648727684.861186200,3,0.034000
1648727684.884055970,0,0.021000
1648727684.906418462,2,0.023000
1648727684.928234591,0,0.026000
1648727684.952171510,0,0.011000
1648727684.972754903,3,0.035000
1648727684.993406318,4,0.041000
1648727685.015452896,3,0.028000
1648727685.037318748,0,0.008000
1648727685.058666258,1,0.010000
1648727685.082053631,5,0.029000
1648727685.101773390,0,0.005000
1648727685.123025214,1,0.002000
1648727685.144573674,4,0.045000
1648727685.167667805,2,0.004000
1648727685.189302987,2,0.045000
1648727685.210193645,3,0.029000
1648727685.231295431,3,0.016000
1648727685.254230237,0,0.000000
1648727685.277208698,3,0.010000
1648727685.298611263,1,0.000000
1648727685.320439807,2,0.028000
1648727685.342905107,1,0.023000
1648727685.365457590,3,0.019000
1648727685.387243363,4,0.043000
1648727685.410083648,3,0.031000
1648727685.431425038,5,0.045000
1648727685.453532566,4,0.036000
1648727685.477251272,9,0.110000
1648727685.497292553,6,0.071000
1648727685.518551916,3,0.045000
1648727685.539440835,13,0.167000
1648727685.562672832,9,0.083000
1648727685.583822816,7,0.063000
1648727685.603569886,3,0.006000
1648727685.624828761,1,0.007000
1648727685.645617134,2,0.063000
1648727685.666319137,1,0.032000
1648727685.689621571,2,0.012000
1648727685.708240876,3,0.032000
1648727685.729794440,1,0.012000
1648727685.750661943,6,0.069000
1648727685.771286190,6,0.050000
1648727685.794730236,2,0.019000
1648727685.816309956,3,0.039000
1648727685.837383651,0,0.004000
1648727685.859194678,0,0.003000
1648727685.882835821,4,0.037000
1648727685.905018923,2,0.058000
1648727685.926824564,5,0.039000
1648727685.949657890,6,0.015000
1648727685.970769163,2,0.070000
1648727685.990815302,2,0.000000
1648727686.011676959,0,0.023000
1648727686.033778799,5,0.033000
1648727686.054875344,10,0.129000
1648727686.076675617,10,0.117000
1648727686.100143666,1,0.001000
1648727686.121214426,3,0.055000
1648727686.140410628,6,0.054000
1648727686.161815383,2,0.046000
1648727686.182489958,0,0.004000
1648727686.201969223,2,0.017000
1648727686.224365538,2,0.030000
1648727686.246521465,2,0.032000
1648727686.267270315,1,0.020000
1648727686.291220295,4,0.034000
1648727686.312629075,6,0.100000
1648727686.333257105,1,0.002000
1648727686.353938495,0,0.011000
1648727686.374406292,5,0.046000
1648727686.395757832,5,0.084000
1648727686.415599848,0,0.004000
1648727686.437657926,0,0.022000
1648727686.460895737,5,0.067000
1648727686.483487758,4,0.018000
1648727686.505620743,2,0.031000
1648727686.526857368,5,0.058000
1648727686.548564941,6,0.052000
1648727686.571169989,1,0.017000
1648727686.591159106,4,0.032000
1648727686.614225035,2,0.024000
1648727686.635590644,0,0.000000
1648727686.657126213,2,0.000000
1648727686.678119845,2,0.017000
1648727686.699668777,3,0.020000
1648727686.721605023,0,0.000000
1648727686.743732467,3,0.028000
1648727686.766865207,1,0.008000
1648727686.787474758,4,0.006000
1648727686.809005901,7,0.058000
1648727686.830011424,2,0.047000
1648727686.853796212,4,0.030000
1648727686.876301053,3,0.051000
1648727686.898288716,2,0.044000
1648727686.919254234,7,0.112000
1648727686.942301307,6,0.064000
1648727686.963902705,2,0.004000
1648727686.986063027,2,0.040000
1648727687.009220327,1,0.000000
1648727687.030900448,5,0.080000
1648727687.052329151,1,0.014000
1648727687.074062013,0,0.018000
1648727687.097964416,1,0.000000
1648727687.119506875,1,0.013000
1648727687.141123511,6,0.044000
1648727687.163278917,4,0.038000
1648727687.185646482,0,0.008000
1648727687.207812220,7,0.057000
1648727687.229353583,4,0.051000
1648727687.249902121,1,0.007000
1648727687.270717910,4,0.064000
1648727687.291360634,6,0.056000
1648727687.314980898,4,0.048000
1648727687.335845550,4,0.015000
1648727687.357958268,4,0.045000
1648727687.379029775,0,0.008000
1648727687.401816411,5,0.034000
1648727687.424459816,5,0.027000
1648727687.445842099,2,0.033000
1648727687.469176493,4,0.030000
1648727687.489787403,4,0.050000
1648727687.510300177,3,0.026000
1648727687.533180232,1,0.000000
1648727687.557256615,3,0.004000
1648727687.579082758,12,0.122000
1648727687.599157418,5,0.049000
1648727687.620830840,3,0.020000
1648727687.643848223,0,0.000000
1648727687.666602798,0,0.001000
1648727687.688324868,0,0.000000
1648727687.712578330,1,0.019000
1648727687.734730424,8,0.072000
1648727687.756815054,1,0.017000
1648727687.778733082,6,0.065000
1648727687.800075128,5,0.071000
1648727687.822244443,3,0.013000
1648727687.845384878,3,0.033000
1648727687.869315307,4,0.048000
1648727687.892050298,5,0.057000
1648727687.912943154,5,0.053000
1648727687.934265333,2,0.023000
1648727687.956454801,6,0.072000
1648727687.978713055,3,0.047000
1648727687.999892050,3,0.030000
1648727688.020890177,4,0.019000
1648727688.043004201,3,0.034000
1648727688.064363443,2,0.018000
1648727688.086344733,3,0.038000
1648727688.108393310,0,0.006000
1648727688.127952136,17,0.190000
1648727688.148778726,16,0.204000
1648727688.171215066,3,0.050000
1648727688.192941751,2,0.035000
1648727688.214244602,1,0.011000
1648727688.235069378,6,0.059000
1648727688.258038140,2,0.043000
1648727688.278610419,1,0.016000
1648727688.300925649,3,0.037000
1648727688.323474486,3,0.015000
1648727688.344555147,1,0.016000
1648727688.365826626,2,0.023000
1648727688.388379506,1,0.029000
1648727688.410425312,5,0.066000
1648727688.433612859,14,0.153000
1648727688.456543190,8,0.092000
1648727688.477972634,3,0.035000
1648727688.499548906,8,0.104000
1648727688.520602965,6,0.069000
1648727688.541294793,2,0.043000
1648727688.563971829,2,0.006000
1648727688.584255250,2,0.014000
1648727688.606214591,3,0.035000
1648727688.626990384,4,0.025000
1648727688.649672774,5,0.034000
1648727688.669962267,4,0.048000
1648727688.692074948,4,0.041000
1648727688.712950313,1,0.017000
1648727688.734224703,0,0.000000
1648727688.757017828,7,0.061000
1648727688.778803176,2,0.057000
1648727688.800161620,2,0.029000
1648727688.822875948,1,0.032000
1648727688.844087609,2,0.016000
1648727688.865454078,4,0.009000
1648727688.888200420,1,0.051000
1648727688.910105557,3,0.034000
1648727688.931070375,0,0.000000
1648727688.952732766,4,0.026000
1648727688.975171743,3,0.010000
1648727688.995921796,3,0.043000
1648727689.018811784,3,0.033000
1648727689.041218828,7,0.071000
1648727689.062949008,4,0.071000
1648727689.084274226,3,0.029000
1648727689.104814047,6,0.051000
1648727689.127482470,3,0.026000
1648727689.150960152,4,0.047000
1648727689.171181156,3,0.028000
1648727689.191471242,4,0.045000
1648727689.214846551,3,0.043000
1648727689.234612961,2,0.005000
1648727689.254392760,7,0.114000
1648727689.276226029,8,0.096000
1648727689.299389578,6,0.085000
1648727689.318963751,0,0.027000
1648727689.339969219,4,0.011000
1648727689.361196478,4,0.026000
1648727689.382156702,1,0.013000
1648727689.403320485,8,0.064000
1648727689.424148624,10,0.122000
1648727689.445592647,3,0.011000
1648727689.468559862,2,0.019000
1648727689.489785836,5,0.065000
1648727689.511292525,2,0.022000
1648727689.533725836,9,0.108000
1648727689.552954519,13,0.160000
1648727689.574749766,8,0.139000
1648727689.597546542,1,0.012000
1648727689.618763700,2,0.017000
1648727689.639959954,1,0.003000
1648727689.662763449,3,0.044000
1648727689.683152498,2,0.018000
1648727689.705479785,12,0.176000
1648727689.726735436,20,0.231000
1648727689.749426628,8,0.119000
1648727689.771116233,3,0.060000
1648727689.794283470,3,0.000000
1648727689.816009348,2,0.064000
1648727689.838258906,5,0.069000
1648727689.859729044,1,0.008000
1648727689.878325359,5,0.054000
1648727689.897797343,3,0.039000
1648727689.920138967,4,0.025000
1648727689.941079973,1,0.010000
1648727689.962923693,2,0.067000
1648727689.985842509,0,0.006000
1648727690.007248935,2,0.034000
1648727690.029656551,5,0.078000
1648727690.049930015,1,0.020000
1648727690.070775767,6,0.099000
1648727690.093651329,7,0.079000
1648727690.114465259,4,0.032000
1648727690.136898661,1,0.034000
1648727690.159112692,0,0.012000
1648727690.181181404,1,0.009000
1648727690.204403083,5,0.034000
1648727690.224375957,6,0.016000
1648727690.245913433,2,0.026000
1648727690.266498671,3,0.035000
1648727690.289966208,1,0.000000
1648727690.311436277,4,0.047000
1648727690.333278070,6,0.036000
1648727690.356376042,4,0.037000
1648727690.379384835,0,0.025000
1648727690.401138733,3,0.024000
1648727690.422794399,2,0.025000
1648727690.443282804,6,0.066000
1648727690.463867032,5,0.061000
1648727690.484495373,2,0.009000
1648727690.506337546,2,0.005000
1648727690.525487112,3,0.035000
1648727690.548549725,5,0.043000
1648727690.568049788,3,0.036000
1648727690.590181659,4,0.026000
1648727690.611474379,1,0.054000
1648727690.634301861,6,0.059000
1648727690.656945265,1,0.008000
1648727690.676929262,4,0.050000
1648727690.699748401,2,0.010000
1648727690.719231267,1,0.005000
1648727690.739650682,1,0.023000
1648727690.761774293,6,0.070000
1648727690.784077463,8,0.072000
1648727690.803570368,2,0.038000
1648727690.825752189,4,0.037000
1648727690.847883829,3,0.047000
1648727690.866557367,1,0.013000
1648727690.888844043,4,0.060000
1648727690.910882812,0,0.000000
1648727690.934727184,7,0.119000
1648727690.955683290,3,0.048000
1648727690.977822120,1,0.021000
1648727690.999781912,2,0.037000
1648727691.021714729,1,0.000000
1648727691.043399722,3,0.031000
1648727691.064359698,2,0.006000
1648727691.085326258,4,0.034000
1648727691.105970613,1,0.006000
1648727691.127795518,3,0.022000
1648727691.148305724,2,0.032000
1648727691.167073508,5,0.049000
1648727691.189193091,2,0.034000
1648727691.210394219,0,0.000000
1648727691.232316501,4,0.040000
1648727691.251729348,4,0.065000
1648727691.274103111,7,0.076000
1648727691.298759769,6,0.055000
1648727691.321077393,6,0.052000
1648727691.340971549,0,0.011000
1648727691.362273178,3,0.034000
1648727691.383107610,0,0.000000
1648727691.407033637,4,0.084000
1648727691.427742776,2,0.040000
1648727691.448770807,5,0.043000
1648727691.470661571,3,0.028000
1648727691.493264209,1,0.040000
1648727691.514684098,0,0.013000
1648727691.535257063,3,0.053000
1648727691.556860303,2,0.040000
1648727691.578289601,3,0.041000
1648727691.598446066,0,0.003000
1648727691.619249446,5,0.073000
1648727691.642407714,4,0.052000
1648727691.662233289,3,0.012000
1648727691.683432864,1,0.018000
1648727691.704710296,1,0.014000
1648727691.728181646,4,0.010000
1648727691.749018153,4,0.027000
1648727691.770951732,1,0.044000
1648727691.793157027,5,0.028000
1648727691.815791721,1,0.030000
1648727691.837292871,2,0.023000
