1648717462.729786511,3,0.031000
1648717462.751615148,0,0.007000
1648717462.773828018,0,0.000000
1648717462.794334016,8,0.110000
1648717462.815723223,0,0.000000
1648717462.837969992,5,0.046000
1648717462.861887342,0,0.000000
1648717462.885460343,6,0.083000
1648717462.909081781,0,0.000000
1648717462.931298706,1,0.001000
1648717462.953625052,0,0.000000
1648717462.977954949,4,0.022000
1648717463.002079840,0,0.023000
1648717463.024991052,4,0.052000
1648717463.046687268,0,0.008000
1648717463.069897860,0,0.005000
1648717463.090418868,2,0.010000
1648717463.111103642,1,0.001000
1648717463.134408868,1,0.000000
1648717463.157665101,1,0.004000
1648717463.180041105,4,0.046000
1648717463.202358817,0,0.005000
1648717463.223263540,0,0.000000
1648717463.247169899,0,0.000000
1648717463.269057429,2,0.021000
1648717463.289557783,0,0.022000
1648717463.313477631,0,0.000000
1648717463.335969316,3,0.031000
1648717463.358852517,1,0.008000
1648717463.382764671,10,0.114000
1648717463.405769283,1,0.018000
1648717463.429464689,0,0.020000
1648717463.452004763,2,0.021000
1648717463.475056450,0,0.000000
1648717463.497812318,1,0.001000
1648717463.519875394,1,0.007000
1648717463.542601359,1,0.032000
1648717463.565501415,9,0.088000
1648717463.586463721,0,0.000000
1648717463.608380000,2,0.006000
1648717463.630064691,0,0.000000
1648717463.652776694,0,0.000000
1648717463.674857823,8,0.113000
1648717463.698467335,1,0.001000
1648717463.719030069,2,0.047000
1648717463.740742268,1,0.001000
1648717463.763424136,0,0.000000
1648717463.785055376,9,0.083000
1648717463.806498864,0,0.000000
1648717463.827553698,0,0.000000
1648717463.850658098,0,0.000000
1648717463.872584306,1,0.000000
1648717463.894678036,0,0.011000
1648717463.918306197,1,0.008000
1648717463.940262132,1,0.023000
1648717463.962940935,0,0.004000
1648717463.985717352,5,0.076000
1648717464.006174262,0,0.000000
1648717464.029310464,5,0.040000
1648717464.051321578,0,0.004000
1648717464.072018235,1,0.011000
1648717464.095993475,0,0.000000
1648717464.118489589,5,0.051000
1648717464.140641987,0,0.005000
1648717464.162227690,0,0.000000
1648717464.185054558,1,0.013000
1648717464.207677310,0,0.000000
1648717464.230671172,0,0.029000
1648717464.253493410,1,0.008000
1648717464.275415400,0,0.000000
1648717464.296667625,2,0.017000
1648717464.320118436,0,0.000000
1648717464.345173865,0,0.000000
1648717464.367587214,3,0.011000
1648717464.391541237,0,0.001000
1648717464.414699938,5,0.049000
1648717464.437994949,0,0.001000
1648717464.461379338,1,0.003000
1648717464.483156582,1,0.021000
1648717464.506137803,3,0.007000
1648717464.528383346,5,0.038000
1648717464.549664057,2,0.011000
1648717464.572349928,0,0.008000
1648717464.595468508,0,0.000000
1648717464.618980479,7,0.041000
1648717464.643293745,0,0.000000
1648717464.667412804,5,0.143000
1648717464.688583809,0,0.000000
1648717464.712038975,1,0.018000
1648717464.735868340,2,0.001000
1648717464.758361902,5,0.105000
1648717464.780666625,0,0.000000
1648717464.802928278,2,0.000000
1648717464.824433379,0,0.000000
1648717464.847044364,4,0.013000
1648717464.869651065,0,0.000000
1648717464.891926106,0,0.000000
1648717464.914542628,0,0.000000
1648717464.937899390,1,0.001000
1648717464.959650431,0,0.025000
1648717464.982632131,0,0.006000
1648717465.002962165,9,0.111000
1648717465.025688431,0,0.000000
1648717465.048835642,1,0.000000
1648717465.072753902,0,0.000000
1648717465.096307915,0,0.000000
1648717465.119901505,2,0.029000
1648717465.142922312,1,0.000000
1648717465.166343050,0,0.017000
1648717465.189882554,0,0.000000
1648717465.212501713,1,0.013000
1648717465.236356847,0,0.000000
1648717465.259594331,1,0.000000
1648717465.282073005,0,0.000000
1648717465.305135754,8,0.075000
1648717465.330063240,1,0.000000
1648717465.350960642,5,0.062000
1648717465.374197441,0,0.000000
1648717465.397556898,5,0.070000
1648717465.419232790,0,0.000000
1648717465.443981954,3,0.028000
1648717465.467961938,0,0.000000
1648717465.490017974,9,0.080000
1648717465.510350175,0,0.000000
1648717465.532829530,1,0.005000
1648717465.556228052,0,0.000000
1648717465.577913016,4,0.040000
1648717465.601635449,0,0.000000
1648717465.625073440,1,0.014000
1648717465.647024097,0,0.000000
1648717465.669378605,0,0.006000
1648717465.692900538,0,0.003000
1648717465.714484392,0,0.000000
1648717465.737953023,0,0.000000
1648717465.760904332,1,0.012000
1648717465.783732418,0,0.000000
1648717465.807080156,4,0.049000
1648717465.829498450,0,0.000000
1648717465.852460698,0,0.018000
1648717465.873926815,0,0.011000
1648717465.896874437,1,0.004000
1648717465.919084183,0,0.003000
1648717465.941159554,0,0.000000
1648717465.963710499,9,0.084000
1648717465.985505487,0,0.000000
1648717466.009037338,4,0.028000
1648717466.029505809,1,0.000000
1648717466.053601871,8,0.074000
1648717466.076210088,1,0.015000
1648717466.099481548,1,0.007000
1648717466.121322157,0,0.000000
1648717466.142469817,0,0.000000
1648717466.165339134,0,0.006000
1648717466.189133335,2,0.018000
1648717466.212870529,0,0.000000
1648717466.234635231,3,0.030000
1648717466.257604702,0,0.011000
1648717466.281034043,3,0.012000
1648717466.303433975,0,0.000000
1648717466.327261171,6,0.091000
1648717466.351839345,1,0.001000
1648717466.375102426,5,0.052000
1648717466.396837945,1,0.000000
1648717466.419595914,2,0.018000
1648717466.442472754,0,0.001000
1648717466.466105098,10,0.132000
1648717466.488067345,1,0.019000
1648717466.510464008,3,0.054000
1648717466.533094563,0,0.006000
1648717466.556108773,7,0.070000
1648717466.579950693,0,0.005000
1648717466.603507413,8,0.118000
1648717466.626853254,2,0.011000
1648717466.649830977,4,0.052000
1648717466.672733723,0,0.003000
1648717466.694171435,2,0.051000
1648717466.715302779,0,0.000000
1648717466.738173937,0,0.004000
1648717466.759875625,0,0.000000
1648717466.783596515,1,0.020000
1648717466.805504999,2,0.028000
1648717466.827349019,2,0.001000
1648717466.851533461,3,0.023000
1648717466.872953945,0,0.000000
1648717466.897237231,0,0.000000
1648717466.919608071,0,0.008000
1648717466.942028267,0,0.001000
1648717466.964536682,0,0.000000
1648717466.987005570,1,0.001000
1648717467.009485462,0,0.000000
1648717467.032339231,6,0.067000
1648717467.054830639,0,0.000000
1648717467.078122603,11,0.113000
1648717467.102116438,0,0.015000
1648717467.123892827,9,0.117000
1648717467.147368729,0,0.000000
1648717467.170164216,6,0.148000
1648717467.193243695,0,0.000000
1648717467.215078640,6,0.049000
1648717467.237495892,0,0.000000
1648717467.260112343,0,0.015000
1648717467.284329171,0,0.011000
1648717467.307591674,2,0.014000
1648717467.330722537,1,0.021000
1648717467.353230936,0,0.000000
1648717467.376776799,3,0.016000
1648717467.399280597,1,0.007000
1648717467.422654188,1,0.000000
1648717467.444750518,2,0.036000
1648717467.469273475,0,0.006000
1648717467.490430029,8,0.086000
1648717467.511654202,0,0.000000
1648717467.533312045,5,0.045000
1648717467.554863477,0,0.000000
1648717467.578378868,1,0.004000
1648717467.600400359,0,0.002000
1648717467.623418566,7,0.066000
1648717467.647368242,0,0.013000
1648717467.668914109,7,0.099000
1648717467.691401852,0,0.000000
1648717467.713391575,6,0.113000
1648717467.736332996,0,0.000000
1648717467.756967337,3,0.035000
1648717467.780752491,0,0.000000
1648717467.805283937,0,0.022000
1648717467.826809941,0,0.000000
1648717467.850459293,0,0.000000
1648717467.872215202,0,0.003000
1648717467.894091373,0,0.007000
1648717467.917699001,0,0.000000
1648717467.940220034,0,0.000000
1648717467.962038380,4,0.042000
1648717467.984022008,0,0.000000
1648717468.006384519,11,0.106000
1648717468.030701528,3,0.060000
1648717468.054484095,0,0.000000
1648717468.075601168,0,0.000000
1648717468.098979516,0,0.005000
1648717468.120532254,0,0.000000
1648717468.144229625,0,0.000000
1648717468.166740477,0,0.000000
1648717468.187586405,1,0.000000
1648717468.211383703,2,0.023000
1648717468.233883998,0,0.000000
1648717468.257773117,1,0.000000
1648717468.281067431,0,0.013000
1648717468.304292891,1,0.004000
1648717468.327851016,0,0.004000
1648717468.351942475,9,0.100000
1648717468.375069202,0,0.000000
1648717468.397321391,0,0.004000
1648717468.418316392,1,0.011000
1648717468.439468712,1,0.011000
1648717468.462488747,3,0.009000
1648717468.485724569,3,0.042000
1648717468.508786998,0,0.000000
1648717468.531605281,1,0.033000
1648717468.554474161,0,0.000000
1648717468.578211141,1,0.000000
1648717468.602035069,1,0.014000
1648717468.624859343,3,0.028000
1648717468.647495584,0,0.000000
1648717468.669438660,0,0.006000
1648717468.692651373,2,0.035000
1648717468.713570207,1,0.009000
1648717468.738372263,6,0.060000
1648717468.760246495,0,0.000000
1648717468.782448327,5,0.082000
1648717468.804909105,0,0.000000
1648717468.827330159,5,0.051000
1648717468.849382470,0,0.000000
1648717468.872153829,1,0.008000
1648717468.895174933,0,0.000000
1648717468.917462804,5,0.065000
1648717468.940759323,0,0.000000
1648717468.962453463,0,0.015000
1648717468.984382174,0,0.001000
1648717469.006684818,0,0.000000
1648717469.028444621,7,0.083000
1648717469.050904179,0,0.012000
1648717469.075101435,4,0.046000
1648717469.096993880,0,0.000000
1648717469.119537809,7,0.082000
1648717469.142534358,0,0.014000
1648717469.164269379,0,0.000000
1648717469.185946053,0,0.000000
1648717469.209743234,5,0.052000
1648717469.233403527,0,0.000000
1648717469.257614092,8,0.124000
1648717469.280572245,0,0.000000
1648717469.302925780,4,0.046000
1648717469.325607424,0,0.000000
1648717469.348683552,3,0.046000
1648717469.371950093,0,0.000000
1648717469.394903729,1,0.000000
1648717469.416238290,0,0.003000
1648717469.438954883,2,0.027000
1648717469.462650885,0,0.000000
1648717469.486136420,0,0.000000
1648717469.509010792,0,0.000000
1648717469.532205913,0,0.000000
1648717469.554133092,0,0.000000
1648717469.577386368,0,0.015000
1648717469.600571751,0,0.000000
1648717469.625128261,2,0.019000
1648717469.646629043,1,0.000000
1648717469.668754839,1,0.023000
1648717469.691179615,9,0.094000
1648717469.713966229,0,0.004000
1648717469.735961317,1,0.009000
1648717469.756977161,0,0.000000
1648717469.778499570,0,0.004000
1648717469.801585794,4,0.025000
1648717469.823413650,0,0.000000
1648717469.846952588,6,0.077000
1648717469.869379272,1,0.000000
1648717469.892000629,4,0.040000
1648717469.913437295,0,0.000000
1648717469.937618561,3,0.015000
1648717469.959360288,0,0.000000
1648717469.983340072,0,0.000000
1648717470.004050352,0,0.011000
1648717470.026711236,1,0.009000
1648717470.048939282,1,0.004000
1648717470.072169600,0,0.009000
1648717470.095028049,9,0.097000
1648717470.118225775,0,0.012000
1648717470.140636883,0,0.011000
1648717470.163608697,0,0.001000
1648717470.187340285,1,0.020000
1648717470.210215176,0,0.000000
1648717470.231824405,8,0.078000
1648717470.256369461,0,0.000000
1648717470.278327352,0,0.000000
1648717470.298897610,0,0.000000
1648717470.321997387,0,0.022000
1648717470.344401741,7,0.143000
1648717470.367884438,1,0.015000
1648717470.391981677,6,0.112000
1648717470.414089781,0,0.012000
1648717470.437994696,6,0.038000
1648717470.460964749,0,0.000000
1648717470.483441080,5,0.037000
1648717470.507351547,0,0.015000
1648717470.529276799,3,0.041000
1648717470.552099185,0,0.020000
1648717470.571917038,1,0.003000
1648717470.593340789,0,0.000000
1648717470.616577339,0,0.003000
1648717470.639642781,2,0.024000
1648717470.663245565,0,0.000000
1648717470.684830881,4,0.078000
1648717470.707385998,0,0.000000
1648717470.730983469,0,0.000000
1648717470.754543456,0,0.009000
1648717470.776374479,1,0.019000
1648717470.800151240,1,0.000000
1648717470.821318871,3,0.040000
1648717470.843127572,0,0.021000
1648717470.867379021,3,0.058000
1648717470.891532819,0,0.000000
1648717470.913162270,3,0.005000
1648717470.935830966,6,0.079000
1648717470.960668960,1,0.008000
1648717470.984242600,0,0.002000
1648717471.006502958,0,0.010000
1648717471.028381972,9,0.126000
1648717471.051318466,0,0.000000
1648717471.075576823,2,0.015000
1648717471.098719199,0,0.000000
1648717471.121874957,0,0.000000
1648717471.145034323,0,0.000000
1648717471.167008933,7,0.085000
1648717471.189865974,0,0.000000
1648717471.212486234,0,0.000000
1648717471.233408747,0,0.000000
1648717471.257285768,0,0.000000
1648717471.279107934,0,0.000000
1648717471.302838863,1,0.000000
1648717471.323778129,3,0.061000
1648717471.346557524,0,0.000000
1648717471.368343160,7,0.076000
1648717471.390873261,0,0.000000
1648717471.414055073,9,0.117000
1648717471.438350777,0,0.003000
1648717471.461523058,0,0.012000
1648717471.485778465,1,0.009000
1648717471.509613087,0,0.000000
1648717471.531186188,0,0.010000
1648717471.553341918,0,0.000000
1648717471.575799817,3,0.015000
1648717471.597526662,0,0.002000
1648717471.620240874,0,0.000000
1648717471.644156387,0,0.000000
1648717471.667418263,0,0.004000
1648717471.690289249,0,0.012000
1648717471.712571108,0,0.000000
1648717471.732912530,3,0.034000
1648717471.755175389,6,0.047000
1648717471.775906270,0,0.000000
1648717471.799613148,6,0.073000
1648717471.822461222,0,0.000000
1648717471.845347660,1,0.018000
1648717471.866888554,0,0.016000
1648717471.889968772,2,0.022000
1648717471.911886739,0,0.005000
1648717471.934504215,0,0.011000
1648717471.957429193,0,0.000000
1648717471.978939421,0,0.007000
1648717472.003465658,0,0.006000
1648717472.025676475,0,0.000000
1648717472.046816788,4,0.097000
1648717472.069703994,0,0.000000
1648717472.092958556,0,0.004000
1648717472.116183695,0,0.000000
1648717472.136950501,2,0.014000
1648717472.160542816,0,0.003000
1648717472.182256635,5,0.044000
1648717472.206987530,0,0.000000
1648717472.230623439,0,0.000000
1648717472.254362929,1,0.019000
1648717472.276029559,0,0.000000
1648717472.298131409,0,0.000000
1648717472.320134217,1,0.016000
1648717472.343313619,0,0.007000
1648717472.366065872,6,0.060000
1648717472.389916429,0,0.010000
1648717472.412555774,6,0.048000
1648717472.436092334,0,0.006000
1648717472.456409370,1,0.000000
1648717472.480563110,0,0.000000
1648717472.502340915,0,0.000000
1648717472.525202585,0,0.000000
1648717472.547928858,0,0.000000
1648717472.570682679,7,0.062000
1648717472.591644988,0,0.006000
1648717472.613171795,3,0.034000
1648717472.635058236,0,0.000000
1648717472.657973158,0,0.001000
1648717472.679060722,2,0.010000
1648717472.702020059,0,0.001000
1648717472.724880105,3,0.031000
1648717472.747393099,0,0.015000
1648717472.770469865,8,0.096000
1648717472.793910639,0,0.000000
1648717472.816183105,9,0.103000
1648717472.838685273,1,0.007000
1648717472.862311127,5,0.088000
1648717472.882886416,1,0.000000
1648717472.905909781,10,0.111000
1648717472.928698926,0,0.000000
1648717472.952594192,11,0.096000
1648717472.975873858,1,0.014000
1648717472.996191763,1,0.012000
1648717473.017896605,0,0.004000
1648717473.040758341,0,0.013000
1648717473.064504044,0,0.000000
1648717473.087775574,0,0.013000
1648717473.108876768,0,0.000000
1648717473.132029142,7,0.059000
1648717473.156320024,0,0.000000
1648717473.177946808,2,0.012000
1648717473.200360750,1,0.000000
1648717473.224086541,7,0.044000
1648717473.247243240,0,0.000000
1648717473.270174853,4,0.043000
1648717473.293491045,0,0.000000
1648717473.316821460,10,0.106000
1648717473.341104604,0,0.000000
1648717473.362786925,5,0.026000
1648717473.385839495,0,0.000000
1648717473.408843054,0,0.017000
1648717473.430143671,0,0.000000
1648717473.453754521,1,0.008000
1648717473.476274974,0,0.019000
1648717473.499462699,0,0.000000
1648717473.523047836,0,0.019000
1648717473.544903661,0,0.007000
1648717473.568941354,12,0.115000
1648717473.591028803,0,0.000000
1648717473.615416855,6,0.055000
1648717473.637404804,1,0.000000
1648717473.659466805,0,0.004000
1648717473.681656865,1,0.024000
1648717473.704276520,0,0.000000
1648717473.726776222,2,0.013000
1648717473.749550383,0,0.011000
1648717473.773171726,1,0.012000
1648717473.793825611,3,0.017000
1648717473.814213943,0,0.000000
1648717473.835510926,1,0.010000
1648717473.856814686,1,0.003000
1648717473.879789431,0,0.000000
1648717473.902538412,9,0.104000
1648717473.925206300,0,0.000000
1648717473.948558728,6,0.082000
1648717473.970897131,0,0.007000
1648717473.993015260,0,0.000000
1648717474.014679071,0,0.004000
1648717474.038504662,0,0.000000
1648717474.061917921,0,0.000000
1648717474.084703243,2,0.015000
1648717474.107397712,0,0.000000
1648717474.131681382,0,0.019000
1648717474.153509432,0,0.015000
1648717474.174733850,0,0.001000
1648717474.197405368,5,0.069000
1648717474.221375742,0,0.000000
1648717474.244890394,0,0.000000
1648717474.268550848,0,0.000000
1648717474.291862535,1,0.016000
1648717474.315083282,2,0.020000
1648717474.338000412,4,0.063000
1648717474.358246123,1,0.000000
1648717474.380135248,2,0.006000
1648717474.402973271,0,0.004000
1648717474.423385385,0,0.000000
1648717474.446702599,3,0.024000
1648717474.469361663,0,0.000000
1648717474.492618686,10,0.081000
1648717474.515999748,0,0.000000
1648717474.539322289,5,0.029000
1648717474.561264713,1,0.000000
1648717474.583210221,8,0.087000
1648717474.607173393,0,0.000000
1648717474.629003498,2,0.027000
1648717474.652917747,0,0.000000
1648717474.674730883,1,0.007000
1648717474.697212269,1,0.009000
1648717474.721938486,2,0.005000
1648717474.743740055,0,0.000000
1648717474.766204224,0,0.000000
1648717474.789585113,8,0.073000
1648717474.810482712,0,0.020000
1648717474.833383687,5,0.071000
1648717474.856255923,0,0.000000
1648717474.879885098,7,0.081000
1648717474.902166254,0,0.000000
1648717474.924086294,2,0.014000
1648717474.947640108,0,0.000000
1648717474.969662583,2,0.023000
1648717474.990677371,8,0.087000
1648717475.013169793,0,0.000000
1648717475.035684488,6,0.054000
1648717475.057976828,0,0.000000
1648717475.080711037,7,0.085000
1648717475.103829218,0,0.000000
1648717475.128420818,0,0.000000
1648717475.152095312,0,0.000000
1648717475.175026151,1,0.014000
1648717475.196585330,0,0.000000
1648717475.218773705,3,0.028000
1648717475.242014231,0,0.000000
1648717475.263102476,2,0.023000
1648717475.285880343,0,0.000000
1648717475.310206694,1,0.024000
1648717475.331835913,2,0.005000
1648717475.353550067,0,0.006000
1648717475.373832697,6,0.061000
1648717475.396628110,0,0.000000
1648717475.419492448,7,0.074000
1648717475.442076169,0,0.000000
1648717475.464609886,0,0.011000
1648717475.488150644,0,0.000000
1648717475.508194258,0,0.025000
1648717475.530601258,0,0.007000
1648717475.553469837,0,0.000000
1648717475.576481460,6,0.086000
1648717475.597630616,0,0.000000
1648717475.621475847,3,0.053000
1648717475.643487528,0,0.000000
1648717475.667086861,1,0.023000
1648717475.689921578,0,0.000000
1648717475.711722676,0,0.000000
1648717475.734199611,0,0.000000
1648717475.754525408,0,0.000000
1648717475.777589526,0,0.002000
1648717475.799524988,4,0.043000
1648717475.822799081,0,0.000000
1648717475.845348399,5,0.071000
1648717475.867565889,0,0.000000
1648717475.892367941,8,0.106000
1648717475.915167437,0,0.022000
1648717475.936707427,3,0.025000
1648717475.957405758,0,0.000000
1648717475.980565975,0,0.007000
1648717476.002796115,0,0.004000
1648717476.025748659,0,0.000000
1648717476.048763599,0,0.000000
1648717476.072382836,1,0.000000
1648717476.093436801,2,0.030000
1648717476.117000442,0,0.002000
1648717476.138206272,0,0.000000
1648717476.158844975,9,0.092000
1648717476.181961651,0,0.000000
1648717476.205843544,7,0.079000
1648717476.228293337,1,0.000000
1648717476.250667752,0,0.010000
1648717476.272522650,0,0.000000
1648717476.294904400,0,0.000000
1648717476.315869158,4,0.043000
1648717476.336655363,0,0.001000
1648717476.360611914,0,0.000000
1648717476.381496624,0,0.014000
1648717476.404701009,0,0.000000
1648717476.427974403,0,0.001000
1648717476.449964667,0,0.007000
1648717476.474245831,1,0.004000
1648717476.496055576,1,0.007000
1648717476.517641906,0,0.006000
1648717476.540029764,9,0.082000
1648717476.562548469,0,0.000000
1648717476.583801319,3,0.028000
1648717476.606387690,0,0.000000
1648717476.628244048,1,0.000000
1648717476.650419734,7,0.092000
1648717476.672364463,0,0.000000
1648717476.696288519,6,0.046000
1648717476.719374563,0,0.000000
1648717476.742011605,3,0.054000
1648717476.766802257,1,0.010000
1648717476.788352005,0,0.000000
1648717476.811003330,2,0.048000
1648717476.834192848,0,0.003000
1648717476.856433098,0,0.000000
1648717476.879486050,0,0.000000
1648717476.901833938,1,0.007000
1648717476.924367272,1,0.001000
1648717476.946275764,2,0.012000
1648717476.970202756,2,0.025000
1648717476.991716261,1,0.006000
1648717477.014472273,0,0.000000
1648717477.036873495,0,0.000000
1648717477.058953783,5,0.047000
1648717477.080695432,0,0.009000
1648717477.102590153,6,0.043000
1648717477.125591325,0,0.000000
1648717477.148907795,0,0.023000
1648717477.172325381,1,0.012000
1648717477.194024707,0,0.000000
1648717477.217505725,0,0.000000
1648717477.240949370,0,0.000000
1648717477.262494772,0,0.000000
1648717477.284719243,0,0.009000
1648717477.308568645,9,0.104000
1648717477.329940454,2,0.008000
1648717477.353717909,7,0.104000
1648717477.375169706,0,0.000000
1648717477.397968869,0,0.000000
1648717477.419488834,0,0.000000
1648717477.442084069,1,0.014000
1648717477.463707088,1,0.014000
1648717477.485257642,0,0.010000
1648717477.509004555,1,0.035000
1648717477.531275648,0,0.000000
1648717477.554258932,5,0.058000
1648717477.577035141,0,0.000000
1648717477.598642769,0,0.000000
1648717477.621358131,1,0.018000
1648717477.645508199,0,0.002000
1648717477.668557750,0,0.001000
1648717477.691371979,1,0.000000
1648717477.711961258,1,0.006000
1648717477.736371232,0,0.011000
1648717477.759764929,5,0.066000
1648717477.780444335,0,0.000000
1648717477.802365504,0,0.000000
1648717477.825532382,1,0.000000
1648717477.848498236,4,0.050000
1648717477.872633975,0,0.000000
1648717477.896763031,5,0.049000
1648717477.920211261,0,0.000000
1648717477.940343419,0,0.000000
1648717477.964356579,0,0.013000
1648717477.987474516,0,0.000000
1648717478.009436596,1,0.000000
1648717478.030225231,3,0.035000
1648717478.053127029,0,0.000000
1648717478.076494461,0,0.000000
1648717478.099329148,0,0.000000
1648717478.122153525,0,0.000000
1648717478.144799363,0,0.000000
1648717478.167249000,0,0.000000
1648717478.187843842,3,0.058000
1648717478.211580586,0,0.000000
1648717478.232341322,0,0.004000
1648717478.255633596,0,0.000000
1648717478.276422305,0,0.001000
1648717478.299351525,0,0.000000
1648717478.323528670,0,0.008000
1648717478.346530965,2,0.000000
1648717478.368744548,0,0.000000
1648717478.391311880,2,0.040000
1648717478.413789065,0,0.000000
1648717478.436346357,2,0.034000
1648717478.460636890,1,0.001000
1648717478.484388616,0,0.000000
1648717478.509231800,1,0.023000
1648717478.529855992,0,0.000000
1648717478.552554720,2,0.010000
1648717478.573902104,6,0.075000
1648717478.597165509,0,0.000000
1648717478.618853218,3,0.042000
1648717478.641608171,0,0.000000
1648717478.665182498,7,0.075000
1648717478.690469284,0,0.000000
1648717478.713636345,4,0.049000
1648717478.735352097,0,0.000000
1648717478.758813172,2,0.013000
1648717478.781709721,0,0.000000
1648717478.805271374,7,0.058000
1648717478.828317247,0,0.009000
1648717478.850063845,4,0.060000
1648717478.872160854,0,0.000000
1648717478.894873389,3,0.024000
1648717478.917154420,2,0.000000
1648717478.939706356,1,0.009000
1648717478.962095880,1,0.011000
1648717478.986235891,3,0.029000
1648717479.009910400,1,0.004000
1648717479.032954601,1,0.000000
1648717479.055709438,1,0.007000
1648717479.078464374,0,0.022000
1648717479.101989236,0,0.022000
1648717479.125320307,4,0.038000
1648717479.147810971,0,0.000000
1648717479.171118408,0,0.013000
1648717479.194398573,0,0.000000
1648717479.219486937,5,0.049000
1648717479.241384648,0,0.000000
1648717479.263100248,4,0.041000
1648717479.286863743,0,0.011000
1648717479.308461275,0,0.000000
1648717479.330269161,2,0.021000
1648717479.353967994,0,0.000000
1648717479.377821693,0,0.000000
1648717479.399860398,0,0.023000
1648717479.422172570,8,0.088000
1648717479.445242328,0,0.000000
1648717479.469087108,8,0.064000
1648717479.490797039,1,0.007000
1648717479.513896552,5,0.047000
1648717479.536923850,0,0.000000
1648717479.556858824,1,0.010000
1648717479.579233362,0,0.000000
1648717479.601328254,0,0.000000
1648717479.623539835,0,0.000000
1648717479.646454672,3,0.000000
1648717479.668897290,2,0.022000
1648717479.692552792,0,0.000000
1648717479.714204266,5,0.058000
1648717479.736485415,0,0.000000
1648717479.759729670,12,0.110000
1648717479.783693990,0,0.000000
1648717479.806210131,4,0.025000
1648717479.829435432,0,0.000000
1648717479.853131069,7,0.069000
1648717479.876729792,0,0.000000
1648717479.898541629,4,0.022000
1648717479.920600492,0,0.001000
1648717479.943278575,0,0.002000
1648717479.966204314,6,0.067000
1648717479.989449207,1,0.005000
1648717480.011766626,1,0.016000
1648717480.034577448,0,0.000000
1648717480.055788079,0,0.016000
1648717480.080478381,0,0.011000
1648717480.103840265,2,0.026000
1648717480.127407468,0,0.000000
1648717480.150531447,4,0.035000
1648717480.171583089,0,0.000000
1648717480.193997624,1,0.025000
1648717480.217789743,0,0.000000
1648717480.240185599,5,0.067000
1648717480.262889622,1,0.000000
1648717480.286085809,1,0.045000
1648717480.309455377,0,0.001000
1648717480.332920124,5,0.025000
1648717480.355815500,0,0.000000
1648717480.378226394,5,0.076000
1648717480.402076331,0,0.000000
1648717480.423353050,0,0.000000
1648717480.445914029,0,0.000000
1648717480.469270482,1,0.006000
1648717480.492009682,0,0.000000
1648717480.515727625,1,0.000000
1648717480.536351428,2,0.013000
1648717480.558096109,0,0.000000
1648717480.580306567,3,0.135000
1648717480.605134156,0,0.013000
1648717480.627148566,5,0.072000
1648717480.649076104,0,0.000000
1648717480.672191884,2,0.038000
1648717480.695585624,1,0.000000
1648717480.717651749,0,0.012000
1648717480.741095373,0,0.012000
1648717480.763573876,0,0.008000
1648717480.784845139,3,0.037000
1648717480.806484289,0,0.005000
1648717480.829004193,2,0.030000
1648717480.850358394,0,0.000000
1648717480.873540574,2,0.035000
1648717480.896586718,0,0.000000
1648717480.919899236,6,0.074000
1648717480.942788459,0,0.000000
1648717480.962200272,0,0.000000
1648717480.984014437,4,0.041000
1648717481.006581962,0,0.000000
1648717481.029924272,11,0.089000
1648717481.052441317,0,0.000000
1648717481.075014089,7,0.082000
1648717481.098901054,0,0.000000
1648717481.121308448,1,0.011000
1648717481.143386487,0,0.000000
1648717481.166127746,0,0.030000
1648717481.189205133,0,0.000000
1648717481.211302611,2,0.010000
1648717481.233844765,0,0.000000
1648717481.255429960,1,0.000000
1648717481.278648843,2,0.008000
1648717481.302317788,1,0.001000
1648717481.324058506,2,0.034000
1648717481.345691777,1,0.000000
1648717481.367498062,6,0.059000
1648717481.391623458,0,0.022000
1648717481.414236027,0,0.004000
1648717481.436377679,2,0.000000
1648717481.459010960,0,0.000000
1648717481.479331429,11,0.100000
1648717481.500082137,0,0.011000
1648717481.523499740,7,0.089000
1648717481.547382628,0,0.000000
1648717481.569580323,4,0.037000
1648717481.590927944,0,0.000000
1648717481.613329915,1,0.017000
1648717481.634270344,9,0.095000
1648717481.656768767,0,0.000000
1648717481.679074722,6,0.052000
1648717481.700902932,0,0.000000
1648717481.723659567,0,0.007000
1648717481.746035600,0,0.000000
1648717481.767383335,2,0.000000
1648717481.790124145,0,0.000000
1648717481.812868696,0,0.000000
1648717481.835609059,2,0.002000
1648717481.860011985,0,0.000000
1648717481.881450344,7,0.106000
1648717481.903500952,0,0.000000
1648717481.925311408,2,0.015000
1648717481.949439300,0,0.000000
1648717481.970689621,7,0.078000
1648717481.993834571,0,0.000000
1648717482.017927687,4,0.042000
1648717482.040246141,0,0.018000
1648717482.062692311,1,0.004000
1648717482.085136309,0,0.000000
1648717482.106822482,0,0.000000
1648717482.130486571,0,0.000000
1648717482.152975717,3,0.026000
1648717482.175978082,0,0.000000
1648717482.198870089,0,0.000000
1648717482.219342100,2,0.052000
1648717482.241721321,1,0.025000
1648717482.263786024,0,0.000000
1648717482.287062571,5,0.060000
1648717482.311246987,0,0.000000
1648717482.332318456,1,0.010000
1648717482.354412200,0,0.000000
1648717482.377911930,0,0.004000
1648717482.399825161,0,0.000000
1648717482.423057504,2,0.015000
1648717482.445710721,1,0.011000
1648717482.469317974,2,0.012000
1648717482.493145198,0,0.000000
1648717482.514624952,1,0.003000
1648717482.538412228,5,0.059000
1648717482.560979601,0,0.000000
1648717482.583215669,0,0.000000
1648717482.606144771,0,0.000000
1648717482.627812875,2,0.008000
1648717482.651768593,0,0.000000
1648717482.674066752,5,0.063000
1648717482.696321885,0,0.000000
1648717482.719140325,0,0.000000
1648717482.741102241,0,0.016000
1648717482.765072354,0,0.000000
1648717482.785989593,0,0.000000
1648717482.808906271,0,0.004000
1648717482.832312698,3,0.036000
1648717482.854531983,0,0.000000
1648717482.878422820,5,0.065000
1648717482.899852361,0,0.000000
1648717482.922126729,5,0.053000
1648717482.944742502,0,0.000000
1648717482.968031586,6,0.046000
1648717482.988754694,0,0.000000
1648717483.010483524,3,0.018000
1648717483.033462268,0,0.007000
1648717483.057015246,0,0.003000
1648717483.079784553,0,0.008000
1648717483.102477110,0,0.000000
1648717483.123583400,0,0.020000
1648717483.146334825,0,0.000000
1648717483.170313377,0,0.000000
1648717483.192807172,4,0.038000
1648717483.216053350,0,0.000000
1648717483.239248362,8,0.093000
1648717483.261774618,0,0.004000
1648717483.285203170,1,0.023000
1648717483.308236662,0,0.000000
1648717483.330844290,5,0.051000
1648717483.352966562,0,0.003000
1648717483.374852274,4,0.036000
1648717483.400013806,0,0.005000
1648717483.422931530,4,0.042000
1648717483.444777809,0,0.011000
1648717483.465465325,0,0.000000
1648717483.488583475,3,0.024000
1648717483.511217369,0,0.000000
1648717483.535328855,2,0.023000
1648717483.557756406,0,0.000000
1648717483.581050159,1,0.002000
1648717483.602865647,0,0.005000
1648717483.626024949,0,0.000000
1648717483.649777291,1,0.020000
1648717483.672302054,0,0.001000
1648717483.695598849,3,0.030000
1648717483.718367164,1,0.000000
1648717483.738774368,0,0.000000
1648717483.760910209,1,0.000000
1648717483.783470153,0,0.002000
1648717483.804103203,3,0.048000
1648717483.826095746,0,0.000000
1648717483.849243555,7,0.086000
1648717483.873304848,0,0.000000
1648717483.895116012,9,0.083000
1648717483.918239521,0,0.000000
1648717483.940926211,4,0.070000
1648717483.964234082,0,0.011000
1648717483.987172579,7,0.090000
1648717484.009131753,0,0.000000
1648717484.031876240,0,0.000000
1648717484.053727096,0,0.000000
1648717484.076913140,2,0.033000
1648717484.098256036,0,0.000000
1648717484.121473453,0,0.005000
1648717484.142950702,0,0.005000
1648717484.165935147,0,0.006000
1648717484.189306966,0,0.005000
1648717484.211791668,0,0.019000
1648717484.232630817,3,0.030000
1648717484.253719488,0,0.012000
1648717484.275887558,2,0.004000
1648717484.298918201,0,0.016000
1648717484.323130857,0,0.000000
1648717484.345253872,1,0.000000
1648717484.368672801,0,0.000000
1648717484.389660540,1,0.011000
1648717484.412511060,0,0.004000
1648717484.435676209,7,0.088000
1648717484.457884813,0,0.000000
1648717484.481094441,9,0.105000
1648717484.504683893,1,0.026000
1648717484.526545883,3,0.028000
1648717484.550713136,0,0.000000
1648717484.573991775,2,0.017000
1648717484.596088110,0,0.000000
1648717484.619377409,0,0.000000
1648717484.640983934,1,0.014000
1648717484.663683855,0,0.000000
1648717484.686567087,1,0.018000
1648717484.707838785,0,0.003000
1648717484.731489461,5,0.050000
1648717484.754314363,0,0.000000
1648717484.777161489,1,0.024000
1648717484.800200128,0,0.008000
1648717484.821625800,0,0.000000
1648717484.844395832,3,0.093000
1648717484.866707765,0,0.000000
1648717484.889529068,0,0.000000
1648717484.912728290,1,0.005000
1648717484.936784351,5,0.094000
1648717484.958871800,0,0.000000
1648717484.981606410,7,0.080000
1648717485.003669077,0,0.005000
1648717485.026491452,1,0.000000
1648717485.049297939,0,0.000000
1648717485.070210879,0,0.000000
1648717485.092686145,0,0.000000
1648717485.115129648,2,0.023000
1648717485.137290546,0,0.004000
1648717485.160822531,2,0.021000
1648717485.184003122,0,0.000000
1648717485.206528436,5,0.075000
1648717485.229322335,1,0.000000
1648717485.253096136,5,0.056000
1648717485.277797681,0,0.001000
1648717485.299128513,0,0.005000
1648717485.322116023,0,0.000000
1648717485.345142248,0,0.000000
1648717485.367848804,0,0.010000
1648717485.390533963,0,0.001000
1648717485.414671982,0,0.000000
1648717485.437995186,5,0.064000
1648717485.461402392,0,0.000000
1648717485.484646543,0,0.000000
1648717485.507776351,0,0.000000
1648717485.530858760,0,0.000000
1648717485.552220738,0,0.000000
1648717485.575366125,2,0.014000
1648717485.597990414,0,0.000000
1648717485.618584963,0,0.000000
1648717485.640444937,3,0.045000
1648717485.663109114,0,0.000000
1648717485.687131942,2,0.024000
1648717485.710245874,1,0.002000
1648717485.733146675,0,0.000000
1648717485.755506479,0,0.000000
1648717485.777349373,0,0.001000
1648717485.800018122,1,0.012000
1648717485.822026649,1,0.000000
1648717485.846173032,1,0.000000
1648717485.867463279,3,0.021000
1648717485.890137913,0,0.006000
1648717485.913200569,0,0.000000
1648717485.937065389,1,0.006000
1648717485.959335666,2,0.025000
1648717485.982190339,0,0.000000
1648717486.004557465,7,0.094000
1648717486.026100989,1,0.004000
1648717486.048523677,5,0.038000
1648717486.071885700,0,0.000000
1648717486.094425405,0,0.000000
1648717486.114476357,1,0.006000
1648717486.138212107,1,0.009000
1648717486.161322822,1,0.000000
1648717486.184714700,0,0.010000
1648717486.207353517,0,0.000000
1648717486.232109259,0,0.000000
1648717486.253563555,2,0.008000
1648717486.276229074,0,0.000000
1648717486.298400075,11,0.095000
1648717486.320965304,0,0.000000
1648717486.343668759,6,0.076000
1648717486.366948943,0,0.004000
1648717486.388212052,2,0.033000
1648717486.411165213,0,0.000000
1648717486.433667046,0,0.001000
1648717486.455765192,2,0.015000
1648717486.477866835,1,0.004000
1648717486.500091887,0,0.004000
1648717486.521852193,2,0.031000
1648717486.545453323,0,0.000000
1648717486.566587504,1,0.005000
1648717486.588812714,0,0.010000
1648717486.612529922,6,0.083000
1648717486.634806114,0,0.000000
1648717486.656838988,0,0.000000
1648717486.679684015,0,0.000000
1648717486.700671080,0,0.000000
1648717486.722438949,1,0.018000
1648717486.746063983,1,0.011000
1648717486.768068739,0,0.000000
1648717486.791023569,0,0.000000
1648717486.812831825,3,0.032000
1648717486.837561584,2,0.012000
1648717486.861007318,8,0.099000
1648717486.883264962,0,0.000000
1648717486.906712111,1,0.012000
1648717486.930548759,0,0.000000
1648717486.953984581,1,0.013000
1648717486.975349427,0,0.000000
1648717486.998287483,2,0.037000
1648717487.021294144,0,0.000000
1648717487.044364141,0,0.008000
1648717487.067662189,0,0.000000
1648717487.090963315,0,0.020000
1648717487.113281814,0,0.006000
1648717487.135857679,0,0.013000
1648717487.156190479,2,0.024000
1648717487.179064829,0,0.000000
1648717487.202163097,1,0.023000
1648717487.223817821,1,0.007000
1648717487.246135469,0,0.000000
1648717487.268907971,0,0.007000
1648717487.291097562,1,0.012000
1648717487.314350697,1,0.000000
1648717487.337098038,0,0.000000
1648717487.359499201,6,0.048000
1648717487.383856430,0,0.000000
1648717487.407268391,1,0.007000
1648717487.428778097,0,0.012000
1648717487.450888405,1,0.032000
1648717487.475148264,0,0.004000
1648717487.497537810,5,0.067000
1648717487.521413520,1,0.011000
1648717487.544492158,0,0.003000
1648717487.566282692,0,0.000000
1648717487.589499393,2,0.031000
1648717487.613482178,0,0.000000
1648717487.636090483,0,0.000000
1648717487.659894693,1,0.007000
1648717487.683183426,0,0.008000
1648717487.705621254,0,0.000000
1648717487.728982781,0,0.000000
1648717487.750064351,7,0.090000
1648717487.772218898,0,0.000000
1648717487.796443964,2,0.036000
1648717487.820282308,0,0.000000
1648717487.842680397,1,0.020000
1648717487.865345621,0,0.000000
1648717487.888887211,8,0.085000
1648717487.910357122,0,0.000000
1648717487.932050337,3,0.032000
1648717487.956182533,0,0.000000
1648717487.977543457,2,0.010000
1648717488.000488426,0,0.000000
1648717488.022045995,2,0.001000
1648717488.043779882,1,0.000000
1648717488.064938041,0,0.000000
1648717488.087977401,4,0.071000
1648717488.110218492,0,0.000000
1648717488.132592802,0,0.010000
1648717488.155825059,2,0.004000
1648717488.177999624,0,0.000000
1648717488.202422400,1,0.027000
1648717488.223682569,1,0.004000
1648717488.247050736,1,0.016000
1648717488.270598115,0,0.000000
1648717488.291917236,0,0.000000
1648717488.313484139,5,0.099000
1648717488.335555612,0,0.000000
1648717488.358879532,3,0.045000
1648717488.381206943,0,0.000000
1648717488.404989785,6,0.053000
1648717488.428686756,0,0.005000
1648717488.449015393,2,0.007000
1648717488.468686919,1,0.012000
1648717488.491292047,0,0.001000
1648717488.514371295,6,0.105000
1648717488.538330111,0,0.000000
1648717488.561875598,1,0.000000
1648717488.583378448,0,0.015000
1648717488.608012438,0,0.018000
1648717488.631096974,0,0.000000
1648717488.653955263,1,0.018000
1648717488.677651731,1,0.006000
1648717488.699997885,0,0.013000
1648717488.721880715,1,0.007000
1648717488.743079688,2,0.026000
1648717488.764757639,1,0.023000
1648717488.787552124,8,0.082000
1648717488.810164941,0,0.000000
1648717488.832030211,1,0.036000
1648717488.853849397,0,0.007000
1648717488.876813662,2,0.029000
1648717488.899779187,2,0.039000
1648717488.920335050,0,0.000000
1648717488.943022431,0,0.001000
1648717488.965948978,0,0.007000
1648717488.987118321,0,0.013000
1648717489.009300555,0,0.000000
1648717489.032718251,4,0.048000
1648717489.054696264,0,0.000000
1648717489.077211461,3,0.020000
1648717489.097424319,3,0.032000
1648717489.118373396,0,0.002000
1648717489.140354188,0,0.000000
1648717489.161814039,1,0.004000
1648717489.185044057,0,0.003000
1648717489.207078667,0,0.013000
1648717489.228371843,0,0.000000
1648717489.250489258,4,0.033000
1648717489.272829883,0,0.000000
1648717489.296163061,0,0.000000
1648717489.316856303,2,0.000000
1648717489.339530254,0,0.004000
1648717489.362450177,1,0.008000
1648717489.385014797,0,0.003000
1648717489.407342921,0,0.000000
1648717489.430029477,2,0.018000
1648717489.454223955,1,0.000000
1648717489.476313606,0,0.000000
1648717489.499415361,0,0.000000
1648717489.523535893,0,0.017000
1648717489.545491155,0,0.000000
1648717489.567957334,0,0.000000
1648717489.592265866,0,0.011000
1648717489.615461431,1,0.000000
1648717489.637362686,1,0.020000
1648717489.658008411,0,0.016000
1648717489.680414743,3,0.028000
1648717489.703614513,0,0.002000
1648717489.726441353,3,0.022000
1648717489.749613032,0,0.006000
1648717489.772334524,3,0.048000
1648717489.795213056,0,0.000000
1648717489.817733437,2,0.021000
1648717489.840329071,0,0.000000
1648717489.863499697,0,0.001000
1648717489.883994314,2,0.023000
1648717489.906708286,0,0.000000
1648717489.927636678,3,0.037000
1648717489.950988923,0,0.010000
1648717489.975058005,1,0.006000
1648717489.997248064,0,0.012000
1648717490.018652317,0,0.005000
1648717490.041460701,0,0.002000
1648717490.064228132,1,0.015000
1648717490.087676917,0,0.002000
1648717490.109978543,0,0.000000
1648717490.134039042,0,0.000000
1648717490.156206692,0,0.011000
1648717490.178236811,0,0.005000
1648717490.199951913,0,0.003000
1648717490.221394302,1,0.020000
1648717490.243465935,0,0.002000
1648717490.265495904,2,0.019000
1648717490.287681212,1,0.021000
1648717490.309375954,0,0.002000
1648717490.333442418,3,0.029000
1648717490.354752526,0,0.011000
1648717490.376814069,1,0.030000
1648717490.400619539,0,0.000000
1648717490.424143325,3,0.030000
1648717490.445436319,0,0.000000
1648717490.469278429,9,0.103000
1648717490.491216171,0,0.001000
1648717490.514415483,3,0.048000
1648717490.537484860,1,0.011000
1648717490.560551982,6,0.067000
1648717490.581336585,1,0.003000
1648717490.603879833,3,0.035000
1648717490.627644434,0,0.003000
1648717490.651025664,1,0.041000
1648717490.673352922,0,0.000000
1648717490.695865028,2,0.019000
1648717490.718335759,0,0.023000
1648717490.741943076,1,0.015000
1648717490.764704516,1,0.005000
1648717490.787643090,1,0.013000
1648717490.810549026,2,0.007000
1648717490.833898905,0,0.004000
1648717490.855257022,1,0.003000
1648717490.876977636,0,0.000000
1648717490.899200793,5,0.122000
1648717490.922948144,0,0.003000
1648717490.946849143,1,0.035000
1648717490.969726863,0,0.003000
1648717490.994312229,4,0.064000
1648717491.015137297,1,0.016000
1648717491.039483126,2,0.006000
1648717491.061094859,0,0.000000
1648717491.083088917,3,0.049000
1648717491.107787231,0,0.000000
1648717491.129862640,3,0.030000
1648717491.151427359,0,0.000000
1648717491.175228288,2,0.021000
1648717491.198740710,0,0.000000
1648717491.220750840,3,0.000000
1648717491.244127098,0,0.000000
1648717491.265452704,0,0.000000
1648717491.288982139,0,0.000000
1648717491.311429466,0,0.001000
1648717491.333985549,7,0.090000
1648717491.355181667,0,0.002000
1648717491.378988010,3,0.032000
1648717491.399942431,0,0.000000
1648717491.421533244,3,0.007000
1648717491.444951975,0,0.015000
1648717491.467938899,2,0.023000
1648717491.489630697,0,0.034000
1648717491.512491451,1,0.015000
1648717491.535201100,0,0.005000
1648717491.558839360,5,0.039000
1648717491.579925348,0,0.000000
1648717491.603870066,2,0.018000
1648717491.627147813,0,0.004000
1648717491.649559415,0,0.000000
1648717491.672790022,0,0.000000
1648717491.697540727,1,0.013000
1648717491.720301677,3,0.015000
1648717491.744084744,2,0.024000
1648717491.768285615,0,0.000000
1648717491.791190009,5,0.039000
1648717491.814504293,0,0.000000
1648717491.836530788,2,0.049000
1648717491.859921525,0,0.000000
1648717491.881727185,2,0.001000
1648717491.902069050,11,0.107000
1648717491.925974037,0,0.000000
1648717491.950639844,0,0.000000
1648717491.974625085,2,0.003000
1648717491.996439238,0,0.000000
1648717492.018897351,0,0.006000
1648717492.041300353,2,0.025000
1648717492.062279302,0,0.000000
1648717492.085181315,7,0.080000
1648717492.108235675,0,0.006000
1648717492.131001227,2,0.027000
1648717492.155120728,0,0.000000
1648717492.177690374,5,0.090000
1648717492.201321969,0,0.000000
1648717492.223366606,4,0.032000
1648717492.245284677,0,0.017000
1648717492.269339523,4,0.063000
1648717492.291025560,0,0.000000
1648717492.314977271,2,0.027000
1648717492.336151451,0,0.000000
1648717492.360187891,2,0.038000
1648717492.382356923,0,0.000000
1648717492.405554010,3,0.022000
1648717492.429580032,0,0.000000
1648717492.452046249,0,0.000000
1648717492.472997035,0,0.000000
1648717492.495333532,0,0.000000
1648717492.515711638,4,0.047000
1648717492.537830460,0,0.000000
1648717492.562181893,2,0.029000
1648717492.586133291,1,0.005000
1648717492.609217926,8,0.094000
1648717492.632646824,0,0.000000
1648717492.655639837,1,0.023000
1648717492.677795561,0,0.000000
1648717492.699795922,4,0.047000
1648717492.721848508,0,0.000000
1648717492.743122246,3,0.027000
1648717492.765912407,0,0.000000
1648717492.788056910,1,0.003000
1648717492.810060438,0,0.005000
1648717492.831913819,0,0.004000
1648717492.854894478,3,0.021000
1648717492.876806945,0,0.000000
1648717492.899024124,1,0.000000
1648717492.922933617,0,0.004000
1648717492.946136640,3,0.035000
1648717492.968981091,8,0.090000
1648717492.989772870,1,0.012000
1648717493.012872622,6,0.089000
1648717493.035937770,0,0.000000
1648717493.057943502,4,0.049000
1648717493.081892014,0,0.000000
1648717493.106185428,3,0.031000
1648717493.128775439,0,0.000000
1648717493.152051634,3,0.030000
1648717493.174497410,1,0.000000
1648717493.196726027,0,0.000000
1648717493.219966111,1,0.000000
1648717493.241725787,0,0.007000
1648717493.263881649,7,0.100000
1648717493.285869913,0,0.000000
1648717493.309030647,2,0.055000
1648717493.331723919,0,0.000000
1648717493.354237777,2,0.012000
1648717493.375767958,4,0.045000
1648717493.398000454,0,0.004000
1648717493.420464034,1,0.021000
1648717493.443248824,0,0.000000
1648717493.466058352,0,0.000000
1648717493.487838922,0,0.002000
1648717493.511095729,0,0.007000
1648717493.532772502,0,0.000000
1648717493.556042881,1,0.010000
1648717493.580052931,0,0.000000
1648717493.603584031,4,0.059000
1648717493.626669547,0,0.019000
1648717493.649627561,5,0.065000
1648717493.672677252,0,0.006000
1648717493.694833008,9,0.113000
1648717493.718673820,0,0.007000
1648717493.741691558,7,0.061000
1648717493.762567535,1,0.000000
1648717493.786071486,0,0.000000
1648717493.809795391,0,0.000000
1648717493.833269305,1,0.023000
1648717493.856506699,0,0.011000
1648717493.879031733,11,0.094000
1648717493.900247307,0,0.012000
1648717493.922966365,4,0.040000
1648717493.944981730,0,0.006000
1648717493.965839733,0,0.012000
1648717493.988552326,2,0.028000
1648717494.010967412,0,0.000000
1648717494.033949591,2,0.008000
1648717494.055994524,0,0.012000
1648717494.078361711,2,0.034000
1648717494.099878836,0,0.010000
1648717494.121350998,3,0.041000
1648717494.145137465,1,0.003000
1648717494.166102464,0,0.000000
1648717494.188456018,0,0.007000
1648717494.212872092,0,0.006000
1648717494.234272475,1,0.000000
1648717494.256203733,0,0.001000
1648717494.277831732,9,0.112000
1648717494.299240567,0,0.011000
1648717494.323608703,4,0.038000
1648717494.347380047,0,0.000000
1648717494.369279214,4,0.039000
1648717494.391002245,2,0.016000
1648717494.411770602,0,0.015000
1648717494.433532858,7,0.090000
1648717494.455267222,0,0.000000
1648717494.478827877,3,0.038000
1648717494.501177466,0,0.000000
1648717494.524326256,5,0.056000
1648717494.547225034,0,0.000000
1648717494.569341361,4,0.042000
1648717494.592045735,0,0.001000
1648717494.615730748,9,0.094000
1648717494.639465229,0,0.012000
1648717494.660359251,2,0.024000
1648717494.684050869,0,0.000000
1648717494.706712961,0,0.000000
1648717494.727260506,0,0.000000
1648717494.748676224,0,0.000000
1648717494.771024212,2,0.002000
1648717494.794347562,0,0.016000
1648717494.816494011,1,0.020000
1648717494.838866947,1,0.026000
1648717494.859094036,0,0.000000
1648717494.881977953,6,0.060000
1648717494.903820216,0,0.000000
1648717494.927120505,1,0.009000
1648717494.948969630,0,0.001000
1648717494.970707425,1,0.006000
1648717494.994146551,0,0.000000
1648717495.018374713,4,0.031000
1648717495.040665797,2,0.017000
1648717495.061566296,0,0.003000
1648717495.083389831,0,0.000000
1648717495.105559580,1,0.009000
1648717495.129040448,5,0.071000
1648717495.151374232,0,0.000000
1648717495.174836886,1,0.022000
1648717495.197396189,0,0.000000
1648717495.220559724,0,0.000000
1648717495.241953573,1,0.000000
1648717495.265949336,2,0.022000
1648717495.287451916,0,0.003000
1648717495.310960700,3,0.024000
1648717495.333346485,0,0.000000
1648717495.356901416,0,0.000000
1648717495.379159308,1,0.004000
1648717495.401928425,1,0.004000
1648717495.423039795,2,0.023000
1648717495.445314128,0,0.000000
1648717495.467439432,1,0.000000
1648717495.489889976,10,0.105000
1648717495.511769723,0,0.000000
1648717495.534298296,4,0.052000
1648717495.556376432,0,0.000000
1648717495.578895727,0,0.000000
1648717495.600164230,1,0.001000
1648717495.622351788,0,0.000000
1648717495.643143989,6,0.051000
1648717495.665417686,0,0.000000
1648717495.688830895,5,0.064000
1648717495.711261950,0,0.000000
1648717495.733069795,0,0.000000
1648717495.755423142,0,0.000000
1648717495.779651456,1,0.000000
1648717495.801327627,1,0.001000
1648717495.825214396,0,0.000000
1648717495.846388472,2,0.011000
1648717495.869424118,0,0.000000
1648717495.891397926,6,0.067000
1648717495.915157557,0,0.000000
1648717495.938148650,3,0.023000
1648717495.961426387,0,0.000000
1648717495.984750669,0,0.007000
1648717496.006569246,0,0.000000
1648717496.029152293,0,0.004000
1648717496.052198103,0,0.000000
1648717496.075501328,0,0.000000
1648717496.097117552,0,0.007000
1648717496.119306267,1,0.004000
1648717496.142693468,2,0.008000
1648717496.165254996,0,0.000000
1648717496.188193092,4,0.040000
1648717496.209375698,0,0.000000
1648717496.233439595,7,0.063000
1648717496.255676355,1,0.005000
1648717496.277961366,6,0.059000
1648717496.300576874,0,0.000000
1648717496.323372834,1,0.004000
1648717496.346065247,0,0.000000
1648717496.369024389,0,0.000000
1648717496.388334950,4,0.061000
1648717496.410056495,0,0.000000
1648717496.431851023,1,0.019000
1648717496.452607196,1,0.010000
1648717496.474188108,0,0.000000
1648717496.495404882,5,0.042000
1648717496.517905965,2,0.012000
1648717496.542038718,0,0.001000
1648717496.563949962,0,0.012000
1648717496.586720617,2,0.018000
1648717496.609562838,0,0.003000
1648717496.632109274,0,0.008000
1648717496.654695077,0,0.000000
1648717496.677415636,0,0.000000
1648717496.700421232,0,0.002000
1648717496.723825267,0,0.000000
1648717496.746912766,3,0.059000
1648717496.768129574,0,0.000000
1648717496.791317660,5,0.054000
1648717496.813629679,1,0.012000
1648717496.835569766,5,0.076000
1648717496.858503703,0,0.000000
1648717496.880719612,1,0.011000
1648717496.901787404,1,0.016000
1648717496.925218349,0,0.004000
1648717496.945987436,1,0.010000
1648717496.969453123,0,0.001000
1648717496.992594530,7,0.105000
1648717497.016493490,1,0.011000
1648717497.038114635,3,0.012000
1648717497.061803373,2,0.000000
1648717497.085363499,1,0.004000
1648717497.107888565,6,0.035000
1648717497.127942875,0,0.000000
1648717497.149557491,1,0.022000
1648717497.171990187,0,0.031000
1648717497.195720508,1,0.012000
1648717497.217141010,0,0.000000
1648717497.239694494,0,0.000000
1648717497.262235413,5,0.043000
1648717497.284459226,0,0.000000
1648717497.306663083,1,0.018000
1648717497.329297302,0,0.000000
1648717497.352286432,0,0.001000
1648717497.373962180,1,0.018000
1648717497.396548287,0,0.000000
1648717497.419679442,3,0.010000
1648717497.441079049,0,0.000000
1648717497.464307444,0,0.000000
1648717497.487008931,0,0.019000
1648717497.509831964,3,0.116000
1648717497.532451405,0,0.000000
1648717497.554617224,9,0.058000
1648717497.576665611,1,0.000000
1648717497.599281761,3,0.022000
1648717497.620618140,0,0.004000
1648717497.643293129,0,0.002000
1648717497.664955118,0,0.021000
1648717497.687570820,0,0.005000
1648717497.710123662,6,0.069000
1648717497.731487616,0,0.001000
1648717497.755755424,5,0.037000
1648717497.778209058,0,0.008000
1648717497.800479856,2,0.031000
1648717497.824155178,0,0.000000
1648717497.847393136,0,0.007000
1648717497.868949458,0,0.000000
1648717497.891883250,0,0.000000
1648717497.914898682,0,0.000000
1648717497.937863432,0,0.000000
1648717497.961993960,1,0.000000
1648717497.983855475,0,0.004000
1648717498.005871088,2,0.019000
1648717498.028927116,0,0.000000
1648717498.051937367,3,0.024000
1648717498.074832377,0,0.003000
1648717498.095406145,3,0.053000
1648717498.117455307,0,0.000000
1648717498.140398326,0,0.000000
1648717498.163339211,1,0.000000
1648717498.186343054,3,0.027000
1648717498.209276215,0,0.006000
1648717498.232382452,3,0.022000
1648717498.255579916,0,0.000000
1648717498.278703556,5,0.053000
1648717498.303075947,0,0.000000
1648717498.324074460,0,0.002000
1648717498.348107317,0,0.000000
1648717498.372222884,1,0.008000
1648717498.393770123,2,0.012000
1648717498.413866325,1,0.011000
1648717498.436455690,5,0.047000
1648717498.458255815,0,0.008000
1648717498.481795837,4,0.050000
1648717498.503162021,0,0.000000
1648717498.525002501,0,0.000000
1648717498.546062521,3,0.021000
1648717498.569467537,0,0.000000
1648717498.591874430,6,0.075000
1648717498.615751832,0,0.000000
1648717498.638107004,7,0.088000
1648717498.659456688,0,0.000000
1648717498.682374942,0,0.000000
1648717498.705662834,0,0.012000
1648717498.728845541,0,0.005000
1648717498.751741113,1,0.002000
1648717498.774548139,9,0.081000
1648717498.797609261,1,0.002000
1648717498.820447005,10,0.100000
1648717498.843689483,0,0.000000
1648717498.864578045,2,0.020000
1648717498.886943769,0,0.006000
1648717498.910278519,0,0.000000
1648717498.934551835,7,0.075000
1648717498.955910696,0,0.000000
1648717498.980009798,2,0.022000
1648717499.000593595,0,0.000000
1648717499.022812569,0,0.000000
1648717499.044776788,0,0.000000
1648717499.068854367,0,0.003000
1648717499.090587065,4,0.074000
1648717499.110879733,0,0.000000
1648717499.134263732,0,0.000000
1648717499.157923893,0,0.000000
1648717499.180424148,3,0.032000
1648717499.202464311,0,0.000000
1648717499.225362787,0,0.011000
1648717499.248895924,0,0.000000
1648717499.271786508,3,0.023000
1648717499.294616916,0,0.000000
1648717499.316149754,0,0.000000
1648717499.340029452,0,0.000000
1648717499.361979661,0,0.000000
1648717499.384750102,0,0.000000
1648717499.409316025,0,0.000000
1648717499.431858221,2,0.033000
1648717499.452657947,0,0.000000
1648717499.474982015,7,0.066000
1648717499.498950044,0,0.000000
1648717499.521850958,6,0.060000
1648717499.545139385,0,0.000000
1648717499.567042276,0,0.000000
1648717499.589443909,0,0.000000
1648717499.612212598,1,0.004000
1648717499.635556373,0,0.000000
1648717499.658141274,2,0.016000
1648717499.680978710,0,0.000000
1648717499.703050404,0,0.000000
1648717499.724273163,10,0.113000
1648717499.746485886,0,0.000000
1648717499.767478659,2,0.027000
1648717499.789334678,1,0.000000
1648717499.812775283,2,0.013000
1648717499.836133871,1,0.020000
1648717499.858959899,0,0.015000
1648717499.881041914,0,0.000000
1648717499.904710862,3,0.032000
1648717499.927688902,8,0.092000
1648717499.949307815,0,0.005000
1648717499.972128522,5,0.072000
1648717499.994789925,0,0.000000
1648717500.018381737,0,0.001000
1648717500.038059179,5,0.041000
1648717500.059892989,0,0.004000
1648717500.083594582,5,0.061000
1648717500.106444575,0,0.000000
1648717500.129431707,0,0.000000
1648717500.149618371,0,0.000000
1648717500.171555919,0,0.000000
1648717500.194315092,1,0.025000
1648717500.215750008,0,0.000000
1648717500.238011631,0,0.000000
1648717500.259698679,3,0.025000
1648717500.280959142,0,0.000000
1648717500.303074025,8,0.134000
1648717500.327419307,0,0.000000
1648717500.350577000,11,0.143000
1648717500.373959057,1,0.000000
1648717500.396428137,0,0.000000
1648717500.417505487,1,0.001000
1648717500.441447157,0,0.000000
1648717500.463225155,6,0.076000
1648717500.484910141,0,0.000000
1648717500.507787180,9,0.101000
1648717500.531410838,0,0.001000
1648717500.555155912,10,0.111000
1648717500.578171940,0,0.000000
1648717500.601011069,8,0.087000
1648717500.624522361,0,0.001000
1648717500.647092039,0,0.000000
1648717500.671310579,1,0.019000
1648717500.693832006,6,0.067000
1648717500.714284060,0,0.000000
1648717500.736503195,1,0.000000
1648717500.758211915,0,0.010000
1648717500.780130333,0,0.004000
1648717500.803178135,9,0.099000
1648717500.825120428,0,0.000000
1648717500.849362780,9,0.093000
1648717500.872034930,0,0.004000
1648717500.894359854,4,0.038000
1648717500.917441739,0,0.000000
1648717500.940116272,0,0.000000
1648717500.962929833,0,0.000000
1648717500.986381434,0,0.000000
1648717501.007552502,0,0.020000
1648717501.030574553,0,0.000000
1648717501.052215208,9,0.095000
1648717501.073237815,0,0.004000
1648717501.096147101,6,0.080000
1648717501.118978100,0,0.000000
1648717501.142259273,6,0.036000
1648717501.163869587,1,0.007000
1648717501.184298657,0,0.000000
1648717501.203602739,0,0.019000
1648717501.226053002,0,0.000000
1648717501.250367059,6,0.064000
1648717501.273739417,2,0.000000
1648717501.293993166,0,0.000000
1648717501.315476656,1,0.009000
1648717501.338260460,1,0.030000
1648717501.361992896,0,0.000000
1648717501.382657633,4,0.036000
1648717501.404487268,0,0.000000
1648717501.427994350,4,0.045000
1648717501.450768932,0,0.013000
1648717501.473970975,0,0.000000
1648717501.495543520,0,0.000000
1648717501.517650485,6,0.036000
1648717501.540962833,0,0.000000
1648717501.565107601,7,0.080000
1648717501.588052635,1,0.000000
1648717501.610879576,11,0.108000
1648717501.632700110,0,0.000000
1648717501.655946001,3,0.052000
1648717501.678731516,1,0.000000
1648717501.701839949,0,0.000000
1648717501.725175197,1,0.000000
1648717501.747667485,0,0.000000
1648717501.767448598,5,0.049000
1648717501.788648202,2,0.019000
1648717501.811565732,0,0.000000
1648717501.836288301,0,0.004000
1648717501.859773822,2,0.017000
1648717501.881643266,0,0.000000
1648717501.903303277,2,0.025000
1648717501.925927147,3,0.121000
1648717501.946460636,1,0.000000
1648717501.969123803,4,0.049000
1648717501.992624797,0,0.000000
1648717502.014051268,2,0.025000
1648717502.037779432,0,0.000000
1648717502.060826516,1,0.057000
1648717502.084192884,0,0.007000
1648717502.104470889,0,0.004000
1648717502.126924332,0,0.001000
1648717502.147926914,2,0.011000
1648717502.170579117,8,0.087000
1648717502.193553684,0,0.000000
1648717502.216796534,8,0.083000
1648717502.239352651,0,0.000000
1648717502.262543821,4,0.046000
1648717502.284762110,2,0.024000
1648717502.307298517,0,0.000000
1648717502.328050223,5,0.055000
1648717502.350422628,0,0.000000
1648717502.372424248,5,0.053000
1648717502.394420803,0,0.000000
1648717502.416917249,0,0.000000
1648717502.438425424,1,0.012000
1648717502.461319567,0,0.003000
1648717502.483781401,7,0.077000
1648717502.505138964,0,0.000000
1648717502.527669288,4,0.034000
1648717502.550322799,0,0.000000
1648717502.571829262,0,0.000000
1648717502.594906683,0,0.020000
1648717502.617728374,1,0.033000
1648717502.641660086,0,0.000000
1648717502.665128163,1,0.000000
1648717502.687682746,0,0.000000
1648717502.711729524,4,0.053000
1648717502.735094759,0,0.000000
1648717502.756034935,2,0.026000
1648717502.778759447,1,0.017000
1648717502.800030343,0,0.000000
1648717502.823103901,0,0.000000
1648717502.846182759,0,0.011000
1648717502.869282998,0,0.000000
1648717502.890704317,0,0.000000
1648717502.912355884,5,0.039000
1648717502.936182243,0,0.001000
1648717502.957309428,0,0.000000
1648717502.980198269,0,0.010000
1648717503.002475791,0,0.000000
1648717503.023585171,7,0.109000
1648717503.046295512,1,0.000000
1648717503.069210784,8,0.086000
1648717503.092916122,0,0.000000
1648717503.115886068,7,0.066000
1648717503.138191552,0,0.000000
1648717503.159478569,2,0.000000
1648717503.182610299,0,0.001000
1648717503.206171171,0,0.000000
1648717503.226955932,2,0.026000
1648717503.248411431,1,0.000000
1648717503.271852597,6,0.064000
1648717503.294167780,0,0.000000
1648717503.315346499,3,0.008000
1648717503.338445896,0,0.000000
1648717503.361896225,4,0.038000
1648717503.385300081,0,0.003000
1648717503.408010540,0,0.000000
1648717503.429078471,7,0.072000
1648717503.452675731,0,0.003000
1648717503.473885895,6,0.043000
1648717503.496777847,0,0.000000
1648717503.519929081,3,0.031000
1648717503.541603080,0,0.000000
1648717503.563960362,0,0.000000
1648717503.585297014,0,0.000000
1648717503.607596478,0,0.000000
1648717503.630478166,2,0.027000
1648717503.653736666,0,0.000000
1648717503.675351344,6,0.057000
1648717503.696840086,0,0.001000
1648717503.718486675,0,0.000000
1648717503.740556898,2,0.007000
1648717503.763628034,0,0.000000
1648717503.785466377,2,0.023000
1648717503.807131041,0,0.000000
1648717503.829434002,1,0.013000
1648717503.852799673,0,0.000000
1648717503.874155170,0,0.013000
1648717503.897047724,0,0.000000
1648717503.919481119,0,0.007000
1648717503.941793088,0,0.004000
1648717503.965484925,0,0.000000
1648717503.987039425,4,0.037000
1648717504.010087417,0,0.000000
1648717504.031777898,6,0.062000
1648717504.054663418,0,0.005000
1648717504.076948889,0,0.019000
1648717504.097662925,0,0.019000
1648717504.119231911,2,0.010000
1648717504.143399982,2,0.047000
1648717504.165302483,0,0.000000
1648717504.187820980,7,0.072000
1648717504.209811699,0,0.000000
1648717504.232171303,4,0.043000
1648717504.255372995,0,0.013000
1648717504.278596149,2,0.012000
1648717504.300558563,0,0.000000
1648717504.322123101,1,0.000000
1648717504.345193680,0,0.000000
1648717504.369769965,1,0.010000
1648717504.393402297,0,0.000000
1648717504.416488844,0,0.011000
1648717504.438947895,0,0.001000
1648717504.461834502,0,0.000000
1648717504.485418901,0,0.000000
1648717504.508887040,1,0.000000
1648717504.530807181,0,0.000000
1648717504.552662994,1,0.000000
1648717504.572549700,5,0.090000
1648717504.596644941,0,0.003000
1648717504.619262393,7,0.073000
1648717504.641800760,1,0.006000
1648717504.662974208,0,0.000000
1648717504.685441083,2,0.011000
1648717504.708835675,2,0.000000
1648717504.730062038,2,0.018000
1648717504.751819764,0,0.000000
1648717504.774934379,4,0.039000
1648717504.798122228,0,0.000000
1648717504.821559380,2,0.018000
1648717504.843555885,1,0.000000
1648717504.865980686,3,0.049000
1648717504.886552401,2,0.005000
1648717504.908478128,0,0.000000
1648717504.928708721,4,0.058000
1648717504.949472639,0,0.000000
1648717504.971488752,1,0.012000
1648717504.992686632,7,0.107000
1648717505.014828358,0,0.000000
1648717505.036665075,3,0.030000
1648717505.058952885,0,0.000000
1648717505.082109908,0,0.000000
1648717505.102821182,0,0.000000
1648717505.123639091,0,0.000000
1648717505.145498092,0,0.000000
1648717505.168542753,3,0.039000
1648717505.191289496,0,0.000000
1648717505.213206330,7,0.073000
1648717505.235713019,1,0.000000
1648717505.259408178,4,0.031000
1648717505.282833578,0,0.000000
1648717505.305940566,2,0.021000
1648717505.328583308,0,0.005000
1648717505.351576126,4,0.058000
1648717505.374245713,0,0.000000
1648717505.396313055,1,0.016000
1648717505.418877709,1,0.008000
1648717505.441543256,0,0.007000
1648717505.463826933,7,0.089000
1648717505.487297690,0,0.000000
1648717505.510718638,1,0.017000
1648717505.532609501,0,0.000000
1648717505.555399583,2,0.016000
1648717505.577104041,0,0.000000
1648717505.600187578,2,0.016000
1648717505.623184874,0,0.000000
1648717505.644433133,0,0.000000
1648717505.666880440,9,0.088000
1648717505.688685880,0,0.000000
1648717505.710768287,0,0.000000
1648717505.731982956,1,0.010000
1648717505.752782194,0,0.000000
1648717505.775117258,2,0.019000
1648717505.798528236,0,0.000000
1648717505.819899248,0,0.000000
1648717505.842711875,0,0.009000
1648717505.864573751,0,0.000000
1648717505.888229143,1,0.015000
1648717505.910699901,1,0.004000
1648717505.933900764,0,0.000000
1648717505.954803247,0,0.000000
1648717505.976558167,0,0.000000
1648717505.999807677,0,0.005000
1648717506.022184890,2,0.032000
1648717506.045544410,0,0.000000
1648717506.067887752,0,0.000000
1648717506.090572206,0,0.000000
1648717506.112630084,10,0.095000
1648717506.135706273,1,0.004000
1648717506.157650061,4,0.032000
1648717506.180669703,0,0.000000
1648717506.202965700,1,0.013000
1648717506.225485432,0,0.000000
1648717506.247824650,0,0.000000
1648717506.269947760,2,0.011000
1648717506.293123935,0,0.000000
1648717506.314543494,7,0.064000
1648717506.337959519,0,0.000000
1648717506.361051140,0,0.012000
1648717506.384091173,6,0.066000
1648717506.404694138,0,0.000000
1648717506.427913337,4,0.063000
1648717506.448544597,0,0.000000
1648717506.470258585,1,0.004000
1648717506.493218182,0,0.001000
1648717506.514381974,0,0.000000
1648717506.536112744,7,0.118000
1648717506.559774453,0,0.000000
1648717506.580942364,0,0.000000
1648717506.601616935,6,0.136000
1648717506.623049419,0,0.000000
1648717506.644971662,0,0.000000
1648717506.667417677,1,0.007000
1648717506.689547206,3,0.034000
1648717506.712414829,0,0.001000
1648717506.734983029,0,0.002000
1648717506.757846396,7,0.094000
1648717506.780950080,0,0.000000
1648717506.804062049,4,0.067000
1648717506.825782121,0,0.000000
1648717506.848126629,3,0.047000
1648717506.871261434,0,0.000000
1648717506.894073035,1,0.009000
1648717506.916098524,0,0.010000
1648717506.937808473,0,0.000000
1648717506.959001132,2,0.056000
1648717506.981487952,0,0.000000
1648717507.002552211,4,0.053000
1648717507.025708706,2,0.004000
1648717507.045695756,0,0.000000
1648717507.068213786,1,0.010000
1648717507.091074329,0,0.000000
1648717507.112496855,0,0.014000
1648717507.134461597,0,0.016000
1648717507.156881950,0,0.000000
1648717507.178475055,0,0.000000
1648717507.202500509,0,0.000000
1648717507.224780307,0,0.000000
1648717507.246124455,1,0.017000
1648717507.267950078,0,0.000000
1648717507.290170326,1,0.023000
1648717507.312334246,1,0.001000
1648717507.334010039,0,0.000000
1648717507.355085187,1,0.000000
1648717507.377538741,8,0.084000
1648717507.399970459,1,0.005000
1648717507.421302493,4,0.041000
1648717507.442033093,0,0.000000
1648717507.464365427,1,0.015000
1648717507.485773652,2,0.062000
1648717507.507823685,0,0.000000
1648717507.529130826,1,0.006000
1648717507.550795737,0,0.000000
1648717507.573314284,0,0.000000
1648717507.594633903,0,0.015000
1648717507.617388864,0,0.000000
1648717507.638082408,5,0.084000
1648717507.658844990,0,0.000000
1648717507.680758760,0,0.000000
1648717507.701506761,0,0.015000
1648717507.724064303,1,0.005000
1648717507.747091929,11,0.095000
1648717507.768311323,0,0.000000
1648717507.790830948,1,0.013000
1648717507.813102219,1,0.007000
1648717507.834123760,0,0.000000
1648717507.856694604,1,0.000000
1648717507.878925164,0,0.000000
1648717507.902080813,0,0.015000
1648717507.923867764,5,0.068000
1648717507.946632479,0,0.000000
1648717507.968465998,2,0.033000
1648717507.990867034,0,0.021000
1648717508.012055040,2,0.004000
1648717508.034694067,1,0.000000
1648717508.057131793,0,0.000000
1648717508.079400567,6,0.062000
1648717508.101683669,0,0.016000
1648717508.125546587,8,0.095000
1648717508.148208451,0,0.000000
1648717508.170888102,2,0.011000
1648717508.193394256,0,0.000000
1648717508.216335069,5,0.054000
1648717508.239059500,1,0.000000
1648717508.261918555,3,0.041000
1648717508.282960172,0,0.000000
1648717508.305918122,1,0.005000
1648717508.328184668,3,0.028000
1648717508.349089058,0,0.000000
1648717508.371312319,10,0.116000
1648717508.394663012,0,0.005000
1648717508.417543012,5,0.061000
1648717508.440618132,0,0.000000
1648717508.462527681,0,0.012000
1648717508.482572997,10,0.123000
1648717508.503706461,0,0.011000
1648717508.526293858,1,0.023000
1648717508.548161141,0,0.000000
1648717508.570392749,2,0.018000
1648717508.591860492,0,0.000000
1648717508.614559582,0,0.000000
1648717508.637930943,3,0.054000
1648717508.659951306,0,0.000000
1648717508.681435027,0,0.000000
1648717508.704830906,0,0.000000
1648717508.728000995,0,0.000000
1648717508.750099817,3,0.039000
1648717508.773541002,0,0.000000
1648717508.794538868,0,0.006000
1648717508.816833767,0,0.001000
1648717508.837638010,0,0.013000
1648717508.859860421,0,0.000000
1648717508.883053046,1,0.015000
1648717508.903892872,0,0.018000
1648717508.926186271,0,0.000000
1648717508.947679991,1,0.012000
1648717508.969775245,2,0.001000
1648717508.992596829,0,0.000000
1648717509.015658886,1,0.000000
1648717509.038403668,7,0.101000
1648717509.061438156,0,0.000000
1648717509.084343908,8,0.101000
1648717509.107263464,0,0.000000
1648717509.129851340,3,0.037000
1648717509.151297011,2,0.016000
1648717509.173187167,0,0.004000
1648717509.196133494,3,0.050000
1648717509.217720825,0,0.000000
1648717509.239533527,1,0.007000
1648717509.263040826,2,0.024000
1648717509.284324493,0,0.000000
1648717509.308054889,0,0.000000
1648717509.331461454,1,0.000000
1648717509.353019298,0,0.000000
1648717509.373556038,2,0.009000
1648717509.396415187,1,0.000000
1648717509.419146951,11,0.116000
1648717509.441355935,0,0.000000
1648717509.463976287,4,0.066000
1648717509.486109950,1,0.025000
1648717509.506081427,0,0.000000
1648717509.529154822,5,0.047000
1648717509.551357984,0,0.004000
1648717509.574163249,4,0.042000
1648717509.597017398,0,0.000000
1648717509.619270351,3,0.014000
1648717509.641835846,0,0.000000
1648717509.662844959,1,0.004000
1648717509.685396834,8,0.101000
1648717509.708629726,0,0.000000
1648717509.731969085,0,0.007000
1648717509.753229538,0,0.000000
1648717509.775405441,2,0.038000
1648717509.795324458,0,0.000000
1648717509.818881660,6,0.078000
1648717509.842753643,0,0.000000
1648717509.865100862,1,0.025000
1648717509.888251104,0,0.003000
1648717509.910435322,0,0.000000
1648717509.932821671,0,0.000000
1648717509.955645019,0,0.000000
1648717509.977622446,1,0.023000
1648717510.000121105,0,0.004000
1648717510.023497059,6,0.134000
1648717510.044960817,0,0.000000
1648717510.066769125,0,0.003000
1648717510.088682245,0,0.000000
1648717510.110434053,1,0.007000
1648717510.132221167,6,0.086000
1648717510.153586320,2,0.000000
1648717510.176019371,1,0.001000
1648717510.197157243,5,0.058000
1648717510.220562810,0,0.000000
1648717510.242270698,3,0.052000
1648717510.263596852,2,0.034000
1648717510.285907456,1,0.014000
1648717510.308157308,0,0.000000
1648717510.330130587,3,0.027000
1648717510.352745481,0,0.000000
1648717510.373043359,1,0.000000
1648717510.395133401,0,0.010000
1648717510.418530878,0,0.000000
1648717510.440361161,1,0.018000
1648717510.463174389,0,0.000000
1648717510.484524333,0,0.000000
1648717510.505809454,6,0.079000
1648717510.528065398,0,0.000000
1648717510.550448806,2,0.004000
1648717510.573170475,0,0.000000
1648717510.596332337,0,0.015000
1648717510.620226773,0,0.010000
1648717510.641894951,6,0.084000
1648717510.665095389,0,0.004000
1648717510.687386967,3,0.017000
1648717510.710392492,0,0.000000
1648717510.732321801,0,0.000000
1648717510.753718616,1,0.014000
1648717510.774537006,3,0.020000
1648717510.796908809,0,0.000000
1648717510.819471102,1,0.000000
1648717510.841479339,1,0.012000
1648717510.863393226,0,0.000000
1648717510.887795034,0,0.010000
1648717510.910556455,0,0.000000
1648717510.933877913,7,0.085000
1648717510.955021867,0,0.001000
1648717510.977197943,1,0.030000
1648717511.000112296,0,0.000000
1648717511.022494907,0,0.008000
1648717511.044633927,0,0.000000
1648717511.066482981,1,0.001000
1648717511.089316093,0,0.000000
1648717511.112994689,0,0.000000
1648717511.134882668,2,0.028000
1648717511.157479567,0,0.000000
1648717511.179248477,4,0.046000
1648717511.201284230,0,0.000000
1648717511.224968466,2,0.038000
1648717511.247762041,0,0.000000
1648717511.270592128,2,0.042000
1648717511.291480960,0,0.000000
1648717511.313689258,0,0.005000
1648717511.335580291,8,0.094000
1648717511.358343217,0,0.000000
1648717511.381394303,8,0.091000
1648717511.403217706,0,0.000000
1648717511.426617971,5,0.067000
1648717511.447909083,0,0.000000
1648717511.468157897,0,0.000000
1648717511.489568569,5,0.033000
1648717511.511389827,0,0.001000
1648717511.534053237,0,0.005000
1648717511.556706194,1,0.008000
1648717511.578945240,0,0.014000
1648717511.600410372,3,0.019000
1648717511.623783415,0,0.000000
1648717511.644508388,0,0.000000
1648717511.666735482,1,0.000000
1648717511.690283385,1,0.010000
1648717511.714464165,1,0.007000
1648717511.734708606,0,0.001000
1648717511.756242472,9,0.093000
1648717511.779296348,0,0.001000
1648717511.801759400,0,0.010000
1648717511.824453232,5,0.055000
1648717511.845417558,0,0.023000
1648717511.867429300,1,0.029000
1648717511.889344693,0,0.000000
1648717511.912111455,0,0.007000
1648717511.932992903,5,0.049000
1648717511.954575234,1,0.000000
1648717511.976610534,0,0.000000
1648717511.997192645,3,0.028000
1648717512.020101603,0,0.004000
1648717512.042011001,3,0.060000
1648717512.065062144,0,0.014000
1648717512.087874038,1,0.003000
1648717512.110048224,0,0.000000
1648717512.134411000,5,0.049000
1648717512.158585178,0,0.003000
1648717512.181024293,1,0.027000
1648717512.204782465,0,0.006000
1648717512.226925883,3,0.033000
1648717512.249016683,0,0.000000
1648717512.272372323,3,0.025000
1648717512.295444143,0,0.001000
1648717512.317537332,1,0.021000
1648717512.339394098,3,0.032000
1648717512.361451783,0,0.000000
1648717512.384501301,3,0.041000
1648717512.407585495,0,0.000000
1648717512.430702461,4,0.023000
1648717512.453757974,0,0.001000
1648717512.476285426,2,0.008000
1648717512.499396429,0,0.014000
1648717512.523303395,0,0.015000
1648717512.545814583,2,0.003000
1648717512.568654219,0,0.001000
1648717512.590693098,7,0.069000
1648717512.614544863,1,0.001000
1648717512.637085400,6,0.069000
1648717512.659493136,0,0.000000
1648717512.682567443,4,0.038000
1648717512.704661680,0,0.000000
1648717512.727950821,2,0.038000
1648717512.750712759,0,0.000000
1648717512.772625908,2,0.015000
1648717512.794000080,0,0.007000
1648717512.817029367,4,0.032000
1648717512.838972208,2,0.031000
1648717512.861673179,0,0.000000
1648717512.883447559,6,0.048000
1648717512.905875546,0,0.000000
1648717512.926828253,0,0.000000
1648717512.948440370,1,0.024000
1648717512.972155212,1,0.000000
1648717512.993918134,4,0.096000
1648717513.016800798,0,0.001000
1648717513.039961715,6,0.094000
1648717513.062566730,0,0.000000
1648717513.085275279,3,0.024000
1648717513.106971688,0,0.000000
1648717513.130524704,2,0.043000
1648717513.153386241,0,0.000000
1648717513.175256334,0,0.000000
1648717513.196849389,7,0.076000
1648717513.218402076,0,0.000000
1648717513.239940171,2,0.034000
1648717513.261915329,0,0.000000
1648717513.284611123,0,0.001000
1648717513.308893401,1,0.010000
1648717513.331685962,2,0.015000
1648717513.353399925,1,0.000000
1648717513.376191568,0,0.011000
1648717513.398063188,0,0.000000
1648717513.420384688,1,0.014000
1648717513.442699233,1,0.003000
1648717513.465343680,1,0.000000
1648717513.488744554,2,0.023000
1648717513.510526816,0,0.005000
1648717513.531164580,4,0.050000
1648717513.553317751,0,0.000000
1648717513.574960425,0,0.000000
1648717513.599504326,0,0.000000
1648717513.620994608,0,0.000000
1648717513.643857604,1,0.012000
1648717513.664447450,1,0.016000
1648717513.688628326,1,0.004000
1648717513.710320654,2,0.017000
1648717513.733053869,0,0.000000
1648717513.755858883,11,0.083000
1648717513.778168296,1,0.007000
1648717513.801255601,6,0.059000
1648717513.825453968,0,0.000000
1648717513.848914539,4,0.047000
1648717513.871311304,0,0.000000
1648717513.894274276,3,0.049000
1648717513.915524928,0,0.009000
1648717513.937068371,0,0.000000
1648717513.960097488,0,0.000000
1648717513.983777749,9,0.104000
1648717514.006902238,0,0.000000
1648717514.027803658,1,0.000000
1648717514.050272188,0,0.010000
1648717514.073124927,1,0.027000
1648717514.097446780,0,0.000000
1648717514.119530750,2,0.013000
1648717514.142478125,1,0.010000
1648717514.164371144,1,0.000000
1648717514.188395658,0,0.000000
1648717514.210825803,0,0.008000
1648717514.232187960,0,0.000000
1648717514.255487099,0,0.012000
1648717514.277020598,4,0.034000
1648717514.299355677,0,0.005000
1648717514.321949121,5,0.042000
1648717514.344547130,0,0.000000
1648717514.367434902,2,0.025000
1648717514.390928966,0,0.000000
1648717514.413092217,0,0.004000
1648717514.436146564,0,0.000000
1648717514.460213120,0,0.004000
1648717514.482973906,0,0.006000
1648717514.504925079,0,0.000000
1648717514.526708199,3,0.032000
1648717514.551163284,1,0.004000
1648717514.573528845,0,0.011000
1648717514.596393275,0,0.000000
1648717514.618929377,9,0.095000
1648717514.639733995,1,0.008000
1648717514.663493955,4,0.047000
1648717514.684552455,0,0.000000
1648717514.708201262,2,0.005000
1648717514.729349655,0,0.008000
1648717514.752390631,2,0.010000
1648717514.775004251,1,0.000000
1648717514.797486219,1,0.000000
1648717514.819753850,1,0.009000
1648717514.843601649,1,0.018000
1648717514.867005130,3,0.006000
1648717514.889456465,0,0.018000
1648717514.912846820,6,0.068000
1648717514.932715163,0,0.017000
1648717514.955241659,3,0.039000
1648717514.978240023,3,0.024000
1648717514.998797848,0,0.000000
1648717515.022503095,0,0.007000
1648717515.044164924,2,0.000000
1648717515.066813029,9,0.102000
1648717515.091006567,1,0.001000
1648717515.113135081,7,0.077000
1648717515.135728098,0,0.000000
1648717515.158401319,6,0.077000
1648717515.181048016,1,0.000000
1648717515.204315278,1,0.013000
1648717515.227056487,0,0.000000
1648717515.250486074,4,0.024000
1648717515.273348228,0,0.000000
1648717515.297064605,3,0.029000
1648717515.318469758,0,0.000000
1648717515.340193895,0,0.001000
1648717515.360540248,1,0.031000
1648717515.382828292,0,0.000000
1648717515.404935166,4,0.047000
1648717515.428359906,0,0.000000
1648717515.449129164,0,0.000000
1648717515.472532248,0,0.000000
1648717515.494526786,0,0.013000
1648717515.518590612,1,0.014000
1648717515.540302753,1,0.004000
1648717515.562240331,1,0.019000
1648717515.585004955,7,0.075000
1648717515.607404129,0,0.000000
1648717515.629895134,6,0.097000
1648717515.653291632,0,0.000000
1648717515.674329957,3,0.049000
1648717515.695963478,0,0.000000
1648717515.718939891,0,0.000000
1648717515.740267730,0,0.000000
1648717515.763542397,0,0.011000
1648717515.784088832,0,0.002000
1648717515.805536373,2,0.011000
1648717515.829234262,0,0.013000
1648717515.850904175,0,0.000000
1648717515.874085158,1,0.014000
1648717515.896179354,1,0.001000
1648717515.919999353,0,0.000000
1648717515.943621543,0,0.010000
1648717515.966151470,1,0.012000
1648717515.988114494,0,0.000000
1648717516.010179520,0,0.000000
1648717516.033756402,3,0.018000
1648717516.054199150,0,0.000000
1648717516.075662364,0,0.000000
1648717516.095273369,0,0.004000
1648717516.119914642,0,0.000000
1648717516.141364649,4,0.051000
1648717516.163441530,0,0.000000
1648717516.185814627,4,0.031000
1648717516.207558699,0,0.006000
1648717516.229306266,2,0.010000
1648717516.252164501,1,0.000000
1648717516.274311310,0,0.000000
1648717516.297165239,11,0.123000
1648717516.319892733,0,0.000000
1648717516.343448449,4,0.056000
1648717516.367326305,0,0.000000
1648717516.389784910,7,0.083000
1648717516.412554091,0,0.000000
1648717516.435914803,7,0.095000
1648717516.458366298,0,0.000000
1648717516.479504824,0,0.006000
1648717516.501643710,0,0.000000
1648717516.524786678,1,0.015000
1648717516.548380851,0,0.000000
1648717516.570642294,1,0.001000
1648717516.592305031,1,0.018000
1648717516.614845554,0,0.003000
1648717516.637838698,0,0.000000
1648717516.661038484,0,0.000000
1648717516.683100921,9,0.098000
1648717516.704810444,0,0.011000
1648717516.725984235,1,0.007000
1648717516.748054341,0,0.000000
1648717516.771129509,3,0.041000
1648717516.794504495,0,0.000000
1648717516.816576413,0,0.004000
1648717516.838345234,3,0.028000
1648717516.861235575,0,0.004000
1648717516.883814770,2,0.029000
1648717516.907112464,0,0.000000
1648717516.929393216,3,0.032000
1648717516.952216786,0,0.000000
1648717516.975058371,0,0.000000
1648717516.995210274,9,0.109000
1648717517.017526972,0,0.000000
1648717517.039829443,4,0.063000
1648717517.063568880,0,0.000000
1648717517.085685130,0,0.000000
1648717517.106392749,0,0.004000
1648717517.129330714,0,0.009000
1648717517.152616226,0,0.006000
1648717517.174913864,0,0.000000
1648717517.197236037,2,0.044000
1648717517.218084311,0,0.000000
1648717517.239653808,1,0.011000
1648717517.261696732,1,0.012000
1648717517.284687158,0,0.000000
1648717517.306181360,11,0.090000
1648717517.329804732,0,0.000000
1648717517.353089534,10,0.109000
1648717517.374165618,0,0.000000
1648717517.396237596,3,0.049000
1648717517.418539052,0,0.006000
1648717517.440694654,0,0.011000
1648717517.462247580,2,0.026000
1648717517.484726217,0,0.003000
1648717517.506266034,8,0.068000
1648717517.529164722,0,0.000000
1648717517.550686317,0,0.012000
1648717517.573070286,2,0.039000
1648717517.597092466,0,0.000000
1648717517.619743141,2,0.025000
1648717517.640803159,0,0.000000
1648717517.663211411,5,0.042000
1648717517.684915354,0,0.000000
1648717517.708283932,1,0.000000
1648717517.733139867,0,0.000000
1648717517.755289757,1,0.010000
1648717517.777185045,0,0.000000
1648717517.799884180,0,0.023000
1648717517.824382454,0,0.004000
1648717517.846823284,0,0.000000
1648717517.868287460,3,0.036000
1648717517.889975323,0,0.001000
1648717517.913924948,2,0.054000
1648717517.935604833,0,0.000000
1648717517.958599903,0,0.000000
1648717517.980402229,1,0.000000
1648717518.001786964,2,0.003000
1648717518.024275028,2,0.025000
1648717518.043993049,0,0.000000
1648717518.066511265,0,0.000000
1648717518.089577973,0,0.000000
1648717518.113614911,1,0.012000
1648717518.135826562,0,0.000000
1648717518.159130774,0,0.014000
1648717518.180103387,3,0.019000
1648717518.202140421,0,0.000000
1648717518.225402410,0,0.000000
1648717518.247935558,0,0.000000
1648717518.271943792,6,0.062000
1648717518.294859807,2,0.007000
1648717518.317693642,2,0.042000
1648717518.340455093,0,0.000000
1648717518.364400280,4,0.062000
1648717518.387090515,0,0.000000
1648717518.408219070,0,0.000000
1648717518.429944213,7,0.056000
1648717518.451439227,0,0.000000
1648717518.475032193,5,0.040000
1648717518.497509368,0,0.000000
1648717518.520559346,4,0.068000
1648717518.544538323,0,0.001000
1648717518.567025888,1,0.000000
1648717518.588397670,0,0.000000
1648717518.609938847,0,0.001000
1648717518.632044288,7,0.096000
1648717518.655684453,0,0.000000
1648717518.679077328,6,0.055000
1648717518.700459829,0,0.000000
1648717518.722464613,2,0.011000
1648717518.744932722,1,0.016000
1648717518.767099029,0,0.000000
1648717518.790442464,1,0.011000
1648717518.812187757,0,0.000000
1648717518.834235324,0,0.012000
1648717518.857305985,0,0.000000
1648717518.879220179,2,0.027000
1648717518.902416163,1,0.007000
1648717518.925282948,0,0.002000
1648717518.948433930,0,0.000000
1648717518.970389973,0,0.000000
1648717518.992668065,7,0.078000
1648717519.015099794,0,0.000000
1648717519.037724268,4,0.038000
1648717519.057395393,0,0.006000
1648717519.080032626,0,0.010000
1648717519.102942503,0,0.000000
1648717519.127137019,1,0.010000
1648717519.149922120,0,0.004000
1648717519.171897993,0,0.000000
1648717519.195082859,5,0.039000
1648717519.217266044,0,0.000000
1648717519.241399124,0,0.011000
1648717519.265203881,0,0.013000
1648717519.287443494,1,0.019000
1648717519.310581993,1,0.000000
1648717519.334297872,1,0.005000
1648717519.355796510,7,0.052000
1648717519.379508018,0,0.000000
1648717519.403121081,2,0.025000
1648717519.425773140,0,0.000000
1648717519.448548467,3,0.025000
1648717519.471575812,0,0.000000
1648717519.494322683,0,0.004000
1648717519.515254632,0,0.018000
1648717519.538097728,1,0.000000
1648717519.559812839,7,0.070000
1648717519.581029270,0,0.000000
1648717519.603449432,4,0.041000
1648717519.626604465,0,0.005000
1648717519.648544093,0,0.000000
1648717519.672293046,4,0.049000
1648717519.695694897,0,0.000000
1648717519.717372667,0,0.013000
1648717519.738091525,8,0.089000
1648717519.758144340,0,0.008000
1648717519.780662603,4,0.027000
1648717519.802160725,0,0.000000
1648717519.826261545,0,0.000000
1648717519.848994316,0,0.000000
1648717519.871720626,2,0.022000
1648717519.895182959,0,0.008000
1648717519.917399617,4,0.035000
1648717519.940431894,0,0.000000
1648717519.962317985,1,0.004000
1648717519.985475211,6,0.020000
1648717520.008341697,0,0.000000
1648717520.030542633,4,0.045000
1648717520.053167889,4,0.017000
1648717520.073240313,0,0.000000
1648717520.096374563,9,0.091000
1648717520.119629317,0,0.000000
1648717520.141940418,1,0.011000
1648717520.162703082,0,0.000000
1648717520.185353123,1,0.007000
1648717520.206522632,9,0.094000
1648717520.227904447,0,0.000000
1648717520.248913453,1,0.022000
1648717520.271778772,0,0.000000
1648717520.295779471,1,0.000000
1648717520.318111530,6,0.077000
1648717520.339707125,0,0.000000
1648717520.362708075,1,0.011000
1648717520.385703155,1,0.017000
1648717520.408487954,0,0.000000
1648717520.431072875,6,0.083000
1648717520.454658185,0,0.000000
1648717520.477497847,2,0.023000
1648717520.500324494,0,0.000000
1648717520.522941633,1,0.007000
1648717520.545284230,0,0.000000
1648717520.569510076,1,0.022000
1648717520.593420713,0,0.000000
1648717520.614193933,0,0.002000
1648717520.638205842,0,0.020000
1648717520.661004607,0,0.000000
1648717520.684434154,3,0.046000
1648717520.705444179,0,0.000000
1648717520.727470957,4,0.035000
1648717520.747351651,1,0.000000
1648717520.771444674,3,0.038000
1648717520.793154832,0,0.002000
1648717520.815574848,0,0.000000
1648717520.838538308,1,0.035000
1648717520.858856954,0,0.000000
1648717520.882960989,1,0.000000
1648717520.906072317,0,0.001000
1648717520.927187136,5,0.070000
1648717520.949144060,1,0.011000
1648717520.971266355,7,0.059000
1648717520.995433761,0,0.012000
1648717521.016276224,2,0.032000
1648717521.039788483,0,0.000000
1648717521.062510478,3,0.016000
1648717521.085650224,0,0.001000
1648717521.109535535,4,0.044000
1648717521.132747836,1,0.001000
1648717521.153617477,0,0.000000
1648717521.177759009,1,0.016000
1648717521.201122747,0,0.000000
1648717521.222196122,2,0.000000
1648717521.244644418,1,0.004000
1648717521.267336144,2,0.008000
1648717521.288722672,0,0.000000
1648717521.311618063,2,0.024000
1648717521.334464954,1,0.000000
1648717521.357584369,0,0.000000
1648717521.380637906,0,0.000000
1648717521.405386178,4,0.049000
1648717521.428110815,0,0.000000
1648717521.451070483,5,0.054000
1648717521.471609127,0,0.000000
1648717521.492807134,0,0.000000
1648717521.515242206,6,0.078000
1648717521.537883268,0,0.000000
1648717521.560348533,0,0.010000
1648717521.582921885,0,0.000000
1648717521.604162361,0,0.000000
1648717521.627009495,1,0.004000
1648717521.649268472,1,0.013000
1648717521.671187597,1,0.001000
1648717521.693248880,0,0.000000
1648717521.714253736,2,0.047000
1648717521.737482652,1,0.008000
1648717521.759486878,0,0.006000
1648717521.781856207,1,0.020000
1648717521.804437744,0,0.000000
1648717521.827453615,1,0.000000
1648717521.850347694,0,0.000000
1648717521.874378665,3,0.021000
1648717521.896945085,0,0.004000
1648717521.918906277,6,0.059000
1648717521.941830321,0,0.001000
1648717521.965174476,6,0.072000
1648717521.988340206,0,0.000000
1648717522.010334870,3,0.031000
1648717522.033427879,0,0.000000
1648717522.054843427,0,0.000000
1648717522.077259041,0,0.015000
1648717522.101419722,0,0.000000
1648717522.125779738,0,0.000000
1648717522.147798563,0,0.000000
1648717522.171402539,5,0.036000
1648717522.193288262,0,0.003000
1648717522.217354239,6,0.074000
1648717522.238893711,0,0.000000
1648717522.262040108,0,0.000000
1648717522.284937555,0,0.000000
1648717522.306370791,0,0.000000
1648717522.328741620,0,0.000000
1648717522.350335166,0,0.000000
1648717522.373382338,0,0.000000
1648717522.395484568,0,0.000000
1648717522.417220256,0,0.000000
1648717522.439983999,0,0.000000
