1648725412.771976895,0,0.000000
1648725412.790462907,3,0.026000
1648725412.809963124,0,0.004000
1648725412.830095065,2,0.022000
1648725412.851103167,2,0.017000
1648725412.874136870,1,0.003000
1648725412.894031874,1,0.017000
1648725412.915250683,3,0.036000
1648725412.935427200,7,0.073000
1648725412.956806592,5,0.043000
1648725412.976416978,2,0.043000
1648725412.997957619,1,0.015000
1648725413.020251440,0,0.018000
1648725413.041519252,1,0.003000
1648725413.063644301,2,0.015000
1648725413.083446215,1,0.008000
1648725413.103236623,2,0.007000
1648725413.123749602,0,0.004000
1648725413.145509179,0,0.000000
1648725413.167294009,2,0.013000
1648725413.189976009,1,0.000000
1648725413.210229313,5,0.019000
1648725413.229897228,1,0.014000
1648725413.251232410,11,0.101000
1648725413.270255439,1,0.004000
1648725413.290358312,1,0.003000
1648725413.310123320,6,0.047000
1648725413.330270369,0,0.000000
1648725413.350430675,10,0.097000
1648725413.372383728,3,0.027000
1648725413.393219472,3,0.023000
1648725413.415116975,0,0.000000
1648725413.433920784,1,0.011000
1648725413.455310888,3,0.030000
1648725413.477186358,1,0.000000
1648725413.498741106,3,0.012000
1648725413.519008559,1,0.032000
1648725413.537496250,0,0.029000
1648725413.557706758,0,0.000000
1648725413.577784065,11,0.106000
1648725413.598003072,4,0.052000
1648725413.619081174,2,0.042000
1648725413.641133131,0,0.007000
1648725413.663255195,5,0.025000
1648725413.685337495,3,0.020000
1648725413.705751755,0,0.000000
1648725413.727100735,2,0.016000
1648725413.749734381,0,0.000000
1648725413.770573925,15,0.138000
1648725413.790117053,3,0.042000
1648725413.812184329,4,0.060000
1648725413.832467221,1,0.024000
1648725413.853970088,4,0.038000
1648725413.875116085,0,0.003000
1648725413.895596971,4,0.067000
1648725413.916495278,3,0.032000
1648725413.939100641,6,0.052000
1648725413.959526235,3,0.035000
1648725413.981908414,1,0.033000
1648725414.003960348,2,0.028000
1648725414.025885320,0,0.000000
1648725414.047170147,7,0.090000
1648725414.068076165,0,0.004000
1648725414.089926926,5,0.093000
1648725414.111013753,0,0.000000
1648725414.130887240,15,0.175000
1648725414.153088854,13,0.141000
1648725414.172943974,0,0.014000
1648725414.192916382,1,0.040000
1648725414.214363938,2,0.025000
1648725414.234783002,1,0.018000
1648725414.255784076,0,0.024000
1648725414.277951053,4,0.037000
1648725414.299134969,1,0.047000
1648725414.321170634,6,0.070000
1648725414.342407550,2,0.035000
1648725414.362222900,6,0.079000
1648725414.382301404,23,0.282000
1648725414.402323812,3,0.035000
1648725414.422289585,2,0.043000
1648725414.445778335,4,0.039000
1648725414.466917549,1,0.009000
1648725414.487243271,4,0.030000
1648725414.510101127,4,0.032000
1648725414.532749797,0,0.000000
1648725414.554686604,4,0.051000
1648725414.576796414,2,0.038000
1648725414.598441615,1,0.000000
1648725414.620279140,1,0.028000
1648725414.641639957,3,0.000000
1648725414.662898622,2,0.009000
1648725414.683548106,0,0.000000
1648725414.705541810,1,0.006000
1648725414.727478180,0,0.010000
1648725414.750925721,0,0.022000
1648725414.771041936,1,0.006000
1648725414.792078216,7,0.047000
1648725414.814396422,1,0.032000
1648725414.837092194,2,0.020000
1648725414.860044335,2,0.003000
1648725414.880728502,2,0.021000
1648725414.902060699,2,0.021000
1648725414.924313206,0,0.002000
1648725414.946508623,0,0.017000
1648725414.969917965,0,0.006000
1648725414.990321015,2,0.020000
1648725415.011046720,0,0.000000
1648725415.031567474,1,0.025000
1648725415.052160327,2,0.029000
1648725415.072739713,1,0.011000
1648725415.096203182,2,0.010000
1648725415.117836785,1,0.010000
1648725415.139081921,0,0.000000
1648725415.162169554,0,0.000000
1648725415.184634048,2,0.035000
1648725415.207387694,0,0.000000
1648725415.227213234,6,0.075000
1648725415.247844409,1,0.022000
1648725415.269793091,13,0.159000
1648725415.287957478,2,0.050000
1648725415.306705194,3,0.018000
1648725415.328706414,7,0.088000
1648725415.345948299,1,0.010000
1648725415.365354590,0,0.004000
1648725415.387188275,1,0.009000
1648725415.408054092,3,0.028000
1648725415.429494936,1,0.004000
1648725415.449423750,2,0.041000
1648725415.471001875,0,0.000000
1648725415.493271799,2,0.014000
1648725415.514230390,3,0.020000
1648725415.534964559,1,0.012000
1648725415.555612056,0,0.014000
1648725415.575996333,1,0.034000
1648725415.596713618,0,0.015000
1648725415.616257114,2,0.012000
1648725415.637084594,4,0.035000
1648725415.658872081,5,0.060000
1648725415.680562239,3,0.010000
1648725415.702004872,26,0.316000
1648725415.722337572,20,0.237000
1648725415.744293979,0,0.000000
1648725415.765246293,1,0.021000
1648725415.784253059,4,0.013000
1648725415.805087582,7,0.061000
1648725415.826695593,1,0.009000
1648725415.848316547,2,0.035000
1648725415.868473190,0,0.000000
1648725415.889879574,0,0.015000
1648725415.911540024,0,0.007000
1648725415.931765610,0,0.000000
1648725415.952799348,0,0.004000
1648725415.973163590,1,0.023000
1648725415.994771032,1,0.005000
1648725416.016044547,1,0.022000
1648725416.037209513,4,0.062000
1648725416.056745521,0,0.003000
1648725416.076256209,4,0.037000
1648725416.097929129,0,0.010000
1648725416.118425486,0,0.015000
1648725416.138911391,0,0.024000
1648725416.162113499,3,0.035000
1648725416.184371964,0,0.005000
1648725416.204618553,10,0.097000
1648725416.226244572,1,0.029000
1648725416.247023564,2,0.012000
1648725416.266620069,0,0.000000
1648725416.285575451,3,0.023000
1648725416.306347066,3,0.033000
1648725416.328554745,1,0.006000
1648725416.347938934,2,0.023000
1648725416.367748250,0,0.004000
1648725416.389173719,9,0.096000
1648725416.410082920,1,0.019000
1648725416.431149061,3,0.032000
1648725416.451961250,1,0.004000
1648725416.473034911,7,0.063000
1648725416.494053169,1,0.014000
1648725416.511991517,10,0.143000
1648725416.531464254,9,0.108000
1648725416.551547726,3,0.048000
1648725416.572666010,2,0.030000
1648725416.594899161,11,0.113000
1648725416.616271869,7,0.105000
1648725416.636284314,1,0.012000
1648725416.659200893,8,0.105000
1648725416.679281852,1,0.000000
1648725416.700041566,0,0.010000
1648725416.720442003,14,0.159000
1648725416.742443820,11,0.122000
1648725416.762563238,1,0.026000
1648725416.782792915,0,0.002000
1648725416.803978362,1,0.003000
1648725416.825289361,0,0.000000
1648725416.848643053,1,0.026000
1648725416.869785262,1,0.019000
1648725416.890556132,0,0.007000
1648725416.913043130,2,0.024000
1648725416.934455948,1,0.014000
1648725416.955206223,3,0.026000
1648725416.976429320,1,0.023000
1648725416.995964044,5,0.026000
1648725417.017622582,4,0.029000
1648725417.039270053,0,0.011000
1648725417.058630859,8,0.096000
1648725417.080218675,14,0.149000
1648725417.102895894,1,0.000000
1648725417.125023512,3,0.043000
1648725417.146937542,2,0.008000
1648725417.167192288,0,0.011000
1648725417.187910078,1,0.015000
1648725417.208257780,5,0.057000
1648725417.230080343,5,0.030000
1648725417.248627749,0,0.009000
1648725417.268797317,1,0.035000
1648725417.289898885,3,0.023000
1648725417.312553501,1,0.023000
1648725417.333691887,0,0.000000
1648725417.354575763,0,0.000000
1648725417.374422381,2,0.008000
1648725417.393108931,3,0.009000
1648725417.415125532,2,0.029000
1648725417.435426350,6,0.056000
1648725417.457398568,0,0.005000
1648725417.478505505,3,0.041000
1648725417.499580712,0,0.007000
1648725417.519246344,1,0.012000
1648725417.540607494,0,0.037000
1648725417.561611409,0,0.000000
1648725417.582661682,1,0.018000
1648725417.605787108,1,0.007000
1648725417.625684960,2,0.010000
1648725417.648961315,0,0.017000
1648725417.671965919,6,0.036000
1648725417.695134236,0,0.000000
1648725417.716025017,2,0.012000
1648725417.736164114,1,0.014000
1648725417.758172791,6,0.095000
1648725417.780432300,0,0.000000
1648725417.801007422,0,0.023000
1648725417.819819143,2,0.000000
1648725417.842114980,0,0.005000
1648725417.862405858,9,0.095000
1648725417.883378972,0,0.000000
1648725417.904804132,3,0.042000
1648725417.927693658,0,0.019000
1648725417.948533262,3,0.025000
1648725417.970792462,10,0.088000
1648725417.991762768,0,0.000000
1648725418.014901822,6,0.041000
1648725418.035449837,0,0.014000
1648725418.057787798,3,0.032000
1648725418.078138907,0,0.022000
1648725418.098807896,0,0.000000
1648725418.117443944,2,0.005000
1648725418.139259232,3,0.043000
1648725418.159368941,4,0.046000
1648725418.177786397,0,0.000000
1648725418.197627665,0,0.004000
1648725418.217143534,0,0.000000
1648725418.235693832,2,0.022000
1648725418.255612191,5,0.066000
1648725418.276097179,1,0.000000
1648725418.294789724,1,0.007000
1648725418.314946737,3,0.026000
1648725418.336941515,0,0.000000
1648725418.357808202,1,0.000000
1648725418.377294198,3,0.011000
1648725418.398797400,4,0.043000
1648725418.421995357,1,0.018000
1648725418.442270646,2,0.031000
1648725418.462981750,9,0.094000
1648725418.484354229,3,0.010000
1648725418.505548074,13,0.162000
1648725418.525473614,10,0.126000
1648725418.547309219,3,0.025000
1648725418.568369941,3,0.054000
1648725418.589450947,13,0.131000
1648725418.609368002,1,0.022000
1648725418.628933091,11,0.094000
1648725418.648286987,2,0.017000
1648725418.666988529,4,0.028000
1648725418.687969542,7,0.088000
1648725418.708570606,0,0.000000
1648725418.728837812,21,0.212000
1648725418.749681498,8,0.078000
1648725418.770743791,0,0.000000
1648725418.791483917,3,0.027000
1648725418.813570137,1,0.008000
1648725418.833537545,0,0.004000
1648725418.855452474,3,0.022000
1648725418.876076753,1,0.023000
1648725418.898441060,3,0.039000
1648725418.920589103,3,0.026000
1648725418.940774666,14,0.171000
1648725418.961215300,14,0.200000
1648725418.980080136,0,0.000000
1648725419.001031708,4,0.059000
1648725419.020679496,25,0.271000
1648725419.040608309,17,0.215000
1648725419.062001416,0,0.000000
1648725419.082390045,4,0.026000
1648725419.102955763,2,0.017000
1648725419.122038384,2,0.009000
1648725419.144072192,0,0.008000
1648725419.163229296,4,0.027000
1648725419.185914619,1,0.015000
1648725419.205373086,6,0.069000
1648725419.227130955,1,0.011000
1648725419.247978443,6,0.067000
1648725419.269395172,8,0.087000
1648725419.289350358,0,0.000000
1648725419.309905120,0,0.000000
1648725419.330293791,2,0.023000
1648725419.350572944,1,0.014000
1648725419.370646685,10,0.105000
1648725419.391142323,0,0.010000
1648725419.411353745,17,0.185000
1648725419.433220932,9,0.126000
1648725419.451876943,5,0.063000
1648725419.472731423,1,0.010000
1648725419.494858294,4,0.036000
1648725419.514585772,5,0.042000
1648725419.536001967,2,0.026000
1648725419.556282636,1,0.017000
1648725419.576692649,7,0.066000
1648725419.600090221,2,0.017000
1648725419.623019302,0,0.011000
1648725419.644381974,3,0.015000
1648725419.664351651,4,0.009000
1648725419.682221552,2,0.022000
1648725419.700332303,0,0.004000
1648725419.721455382,1,0.004000
1648725419.741109847,6,0.072000
1648725419.762549789,1,0.010000
1648725419.782108528,9,0.113000
1648725419.803585471,16,0.214000
1648725419.823158554,0,0.006000
1648725419.844220374,14,0.157000
1648725419.865559051,1,0.004000
1648725419.885094641,1,0.025000
1648725419.905068031,3,0.018000
1648725419.924829836,4,0.045000
1648725419.945009074,1,0.001000
1648725419.963551434,0,0.036000
1648725419.984734331,0,0.003000
1648725420.007213179,11,0.136000
1648725420.027345962,2,0.024000
1648725420.048013598,1,0.022000
1648725420.068497766,1,0.000000
1648725420.091062209,0,0.000000
1648725420.109325566,1,0.009000
1648725420.130429362,2,0.011000
1648725420.152209211,1,0.000000
1648725420.172432752,1,0.024000
1648725420.193182070,9,0.096000
1648725420.213995592,16,0.165000
1648725420.235662766,0,0.000000
1648725420.256447545,1,0.000000
1648725420.278404608,5,0.076000
1648725420.299810778,2,0.019000
1648725420.320472559,2,0.013000
1648725420.342574936,2,0.019000
1648725420.364724796,2,0.018000
1648725420.384689067,2,0.028000
1648725420.406344523,3,0.035000
1648725420.427454438,4,0.040000
1648725420.447001132,1,0.007000
1648725420.467087367,1,0.003000
1648725420.487386486,3,0.045000
1648725420.509616899,10,0.127000
1648725420.533408463,1,0.000000
1648725420.554279431,0,0.041000
1648725420.574214017,0,0.000000
1648725420.593613632,1,0.017000
1648725420.614363594,3,0.005000
1648725420.634287724,0,0.009000
1648725420.654300946,0,0.024000
1648725420.675772252,4,0.038000
1648725420.697146279,2,0.041000
1648725420.717341826,1,0.006000
1648725420.738045220,0,0.000000
1648725420.760291771,0,0.000000
1648725420.780348169,4,0.039000
1648725420.802018257,0,0.004000
1648725420.822322412,5,0.035000
1648725420.842223455,2,0.015000
1648725420.863316266,2,0.032000
1648725420.884448720,0,0.000000
1648725420.905005358,0,0.000000
1648725420.926208971,2,0.026000
1648725420.948244663,2,0.000000
1648725420.969898189,2,0.014000
1648725420.990659796,0,0.001000
1648725421.010205974,8,0.104000
1648725421.031037429,0,0.000000
1648725421.053007096,4,0.031000
1648725421.072910939,0,0.010000
1648725421.092562441,1,0.031000
1648725421.112569502,5,0.027000
1648725421.132367963,0,0.002000
1648725421.154011620,2,0.005000
1648725421.175150407,0,0.018000
1648725421.196628895,1,0.001000
1648725421.219726866,0,0.000000
1648725421.240140107,0,0.000000
1648725421.261333407,3,0.031000
1648725421.283190306,2,0.012000
1648725421.304075065,3,0.017000
1648725421.326061930,2,0.011000
1648725421.347227356,12,0.148000
1648725421.368254899,0,0.004000
1648725421.388824924,9,0.073000
1648725421.410459039,1,0.011000
1648725421.431937794,14,0.145000
1648725421.454088620,4,0.052000
1648725421.474944592,0,0.000000
1648725421.495140954,3,0.047000
1648725421.515430213,11,0.141000
1648725421.537282780,17,0.192000
1648725421.557564404,0,0.000000
1648725421.575275865,5,0.037000
1648725421.595625038,2,0.024000
1648725421.617397900,3,0.029000
1648725421.638305921,0,0.008000
1648725421.660936920,0,0.000000
1648725421.681932507,4,0.023000
1648725421.701775469,3,0.021000
1648725421.720981467,2,0.021000
1648725421.741485172,9,0.110000
1648725421.762204144,0,0.004000
1648725421.782552296,3,0.028000
1648725421.802599070,2,0.009000
1648725421.823582137,3,0.000000
1648725421.842757980,0,0.004000
1648725421.865036180,0,0.000000
1648725421.884495203,1,0.000000
1648725421.905654854,0,0.000000
1648725421.926112179,0,0.000000
1648725421.946347476,0,0.000000
1648725421.967800195,3,0.034000
1648725421.988871220,1,0.000000
1648725422.009193438,2,0.019000
1648725422.030312948,1,0.031000
1648725422.050891962,8,0.103000
1648725422.073907685,2,0.030000
1648725422.096257717,1,0.020000
1648725422.116080455,4,0.035000
1648725422.138442039,2,0.017000
1648725422.160470945,10,0.146000
1648725422.180617054,11,0.133000
1648725422.201242838,0,0.004000
1648725422.218910821,3,0.029000
1648725422.239059811,0,0.000000
1648725422.258429644,1,0.017000
1648725422.278985970,0,0.005000
1648725422.297552176,2,0.018000
1648725422.317665375,7,0.092000
1648725422.339436152,5,0.074000
1648725422.359068129,4,0.056000
1648725422.379544388,1,0.032000
1648725422.400255339,0,0.000000
1648725422.422507717,1,0.013000
1648725422.442648137,0,0.003000
1648725422.462505117,4,0.018000
1648725422.483183831,0,0.000000
1648725422.503302116,2,0.046000
1648725422.523723369,2,0.020000
1648725422.542681710,6,0.071000
1648725422.562361350,4,0.012000
1648725422.583724046,6,0.062000
1648725422.604789615,1,0.003000
1648725422.625186492,2,0.001000
1648725422.645768244,1,0.002000
1648725422.666187313,0,0.018000
1648725422.685852709,2,0.031000
1648725422.704483793,0,0.000000
1648725422.726199647,0,0.010000
1648725422.746264424,3,0.011000
1648725422.768266707,0,0.000000
1648725422.791325148,0,0.022000
1648725422.813441686,0,0.022000
1648725422.833790907,11,0.143000
1648725422.852842014,3,0.071000
1648725422.871491711,4,0.035000
1648725422.890954502,4,0.029000
1648725422.909477457,4,0.044000
1648725422.928974583,17,0.183000
1648725422.948674013,3,0.046000
1648725422.969086597,0,0.000000
1648725422.989223802,0,0.000000
1648725423.009558211,1,0.002000
1648725423.030219519,0,0.013000
1648725423.050428297,1,0.015000
1648725423.071021096,0,0.008000
1648725423.092383150,10,0.090000
1648725423.112279607,0,0.000000
1648725423.132855622,1,0.052000
1648725423.152368180,3,0.028000
1648725423.173816526,2,0.001000
1648725423.195701138,2,0.031000
1648725423.217696739,0,0.000000
1648725423.236788721,18,0.212000
1648725423.257216165,15,0.203000
1648725423.278538762,0,0.016000
1648725423.297384329,0,0.005000
1648725423.316439321,2,0.035000
1648725423.338347645,2,0.011000
1648725423.360178403,7,0.063000
1648725423.380352063,1,0.053000
1648725423.400031324,2,0.007000
1648725423.419035688,1,0.011000
1648725423.440145156,0,0.000000
1648725423.460732480,0,0.024000
1648725423.481321870,1,0.047000
1648725423.501372493,2,0.019000
1648725423.524132272,2,0.020000
1648725423.545067570,1,0.019000
1648725423.564870823,0,0.006000
1648725423.585598925,1,0.000000
1648725423.606390006,1,0.000000
1648725423.626681606,0,0.003000
1648725423.649107194,8,0.089000
1648725423.668257719,0,0.012000
1648725423.690113727,0,0.000000
1648725423.711485120,3,0.032000
1648725423.730728191,1,0.014000
1648725423.750337701,3,0.019000
1648725423.771717543,2,0.000000
1648725423.793399901,2,0.034000
1648725423.814687809,2,0.019000
1648725423.835923604,1,0.006000
1648725423.856079467,1,0.010000
1648725423.878049359,1,0.026000
1648725423.899869891,3,0.040000
1648725423.920071585,0,0.000000
1648725423.940466866,1,0.023000
1648725423.961682989,1,0.002000
1648725423.983100981,1,0.005000
1648725424.003046017,0,0.010000
1648725424.022277030,1,0.000000
1648725424.041890357,2,0.023000
1648725424.063323973,1,0.024000
1648725424.082045937,0,0.003000
1648725424.101536325,2,0.016000
1648725424.119329876,1,0.004000
1648725424.138831136,1,0.007000
1648725424.158395244,0,0.000000
1648725424.179265814,8,0.092000
1648725424.199098643,0,0.000000
1648725424.220205978,10,0.109000
1648725424.242202994,0,0.000000
1648725424.261242447,17,0.218000
1648725424.281921994,5,0.058000
1648725424.301148052,1,0.020000
1648725424.321231830,0,0.000000
1648725424.342018544,10,0.113000
1648725424.363384394,1,0.006000
1648725424.383705958,5,0.063000
1648725424.403216712,0,0.007000
1648725424.422469705,3,0.046000
1648725424.443380770,0,0.013000
1648725424.464055406,2,0.031000
1648725424.483325653,0,0.000000
1648725424.503459017,2,0.004000
1648725424.524411227,6,0.051000
1648725424.545721339,65,0.727000
1648725424.567356327,65,0.745000
1648725424.587684820,45,0.519000
1648725424.608569630,16,0.191000
1648725424.627707530,1,0.016000
1648725424.645454430,2,0.032000
1648725424.663479911,1,0.015000
1648725424.683711239,0,0.000000
1648725424.703317232,2,0.005000
1648725424.724687054,0,0.001000
1648725424.744772460,3,0.052000
1648725424.766860199,0,0.015000
1648725424.786146278,9,0.094000
1648725424.808413830,0,0.006000
1648725424.828292816,10,0.118000
1648725424.848053661,5,0.048000
1648725424.868424280,2,0.033000
1648725424.889380420,1,0.000000
1648725424.907749411,2,0.000000
1648725424.928852414,2,0.053000
1648725424.948125708,0,0.023000
1648725424.966467885,1,0.005000
1648725424.989045867,4,0.057000
1648725425.009245655,3,0.038000
1648725425.029833496,1,0.020000
1648725425.049263779,1,0.006000
1648725425.070563772,5,0.060000
1648725425.091712773,5,0.074000
1648725425.112309135,4,0.081000
1648725425.135068452,0,0.000000
1648725425.156135302,15,0.193000
1648725425.176156650,3,0.000000
1648725425.194971955,3,0.048000
1648725425.216307019,0,0.016000
1648725425.237676794,2,0.041000
1648725425.260487427,2,0.006000
1648725425.280472844,2,0.044000
1648725425.301291444,2,0.025000
1648725425.323541983,11,0.109000
1648725425.344520786,5,0.083000
1648725425.364972365,3,0.031000
1648725425.386556171,0,0.000000
1648725425.407147316,2,0.001000
1648725425.428467065,1,0.000000
1648725425.448756579,2,0.027000
1648725425.469226704,1,0.000000
1648725425.491876064,1,0.018000
1648725425.511284796,3,0.015000
1648725425.532339207,2,0.015000
1648725425.553335114,1,0.020000
1648725425.574482703,2,0.027000
1648725425.596554609,1,0.016000
1648725425.619435617,1,0.004000
1648725425.640910253,0,0.000000
1648725425.661922691,0,0.000000
1648725425.684159773,2,0.028000
1648725425.705254187,3,0.016000
1648725425.725276495,4,0.046000
1648725425.746702302,3,0.033000
1648725425.765988226,2,0.019000
1648725425.785946618,2,0.043000
1648725425.807143291,1,0.008000
1648725425.828335672,4,0.033000
1648725425.849328817,2,0.017000
1648725425.871297667,14,0.191000
1648725425.892492469,16,0.191000
1648725425.914934701,1,0.004000
1648725425.934532805,6,0.076000
1648725425.953582626,0,0.000000
1648725425.974111386,11,0.147000
1648725425.995965032,3,0.054000
1648725426.015117146,5,0.059000
1648725426.036094015,3,0.000000
1648725426.057334527,9,0.103000
1648725426.078243666,9,0.073000
1648725426.095934135,2,0.028000
1648725426.116240636,4,0.071000
1648725426.135316162,0,0.006000
1648725426.156878881,7,0.072000
1648725426.178451229,0,0.000000
1648725426.198060815,3,0.028000
1648725426.220130109,1,0.048000
1648725426.241365115,0,0.023000
1648725426.262006087,2,0.021000
1648725426.282271067,10,0.133000
1648725426.303171687,8,0.118000
1648725426.323218763,4,0.035000
1648725426.341441240,0,0.012000
1648725426.363065540,2,0.053000
1648725426.383984457,2,0.014000
1648725426.405746614,10,0.135000
1648725426.426845676,6,0.030000
1648725426.446310004,0,0.000000
1648725426.467203666,2,0.029000
1648725426.487283724,1,0.011000
1648725426.509325293,0,0.006000
1648725426.532277654,0,0.000000
1648725426.552557630,1,0.014000
1648725426.572226192,1,0.005000
1648725426.593082710,1,0.000000
1648725426.612930432,0,0.011000
1648725426.634036792,0,0.000000
1648725426.654702258,2,0.019000
1648725426.675377239,4,0.015000
1648725426.696611895,0,0.010000
1648725426.716781728,4,0.046000
1648725426.737729172,0,0.003000
1648725426.755714320,1,0.025000
1648725426.775978927,0,0.001000
1648725426.795494428,2,0.012000
1648725426.816330826,0,0.000000
1648725426.834450678,3,0.031000
1648725426.855140275,0,0.000000
1648725426.876048481,1,0.016000
1648725426.896255726,1,0.011000
1648725426.918298809,3,0.028000
1648725426.940507517,0,0.011000
1648725426.959933005,14,0.147000
1648725426.981930442,3,0.028000
1648725427.003024162,1,0.004000
1648725427.024082490,3,0.046000
1648725427.044288470,0,0.005000
1648725427.065789529,2,0.000000
1648725427.086698548,7,0.061000
1648725427.107558734,1,0.002000
1648725427.127449750,4,0.036000
1648725427.147006203,0,0.000000
1648725427.166791053,2,0.010000
1648725427.189453406,1,0.019000
1648725427.210163172,0,0.001000
1648725427.229390507,0,0.000000
1648725427.248055595,2,0.005000
1648725427.267095000,2,0.029000
1648725427.287913579,0,0.005000
1648725427.307373243,5,0.050000
1648725427.326895094,2,0.038000
1648725427.349476925,0,0.014000
1648725427.368934730,6,0.089000
1648725427.390453126,2,0.025000
1648725427.411050790,1,0.022000
1648725427.430988901,0,0.007000
1648725427.450241298,0,0.000000
1648725427.469972502,3,0.025000
1648725427.490936868,13,0.168000
1648725427.510473705,0,0.020000
1648725427.532584455,0,0.025000
1648725427.553467355,1,0.017000
1648725427.575142403,3,0.012000
1648725427.596244622,4,0.066000
1648725427.616252943,3,0.085000
1648725427.635805792,2,0.050000
1648725427.655665482,0,0.010000
1648725427.677654065,0,0.000000
1648725427.697135551,0,0.011000
1648725427.719401273,8,0.099000
1648725427.740676506,0,0.018000
1648725427.760432564,12,0.145000
1648725427.781248489,3,0.034000
1648725427.801142084,8,0.130000
1648725427.820991420,7,0.090000
1648725427.840965407,0,0.018000
1648725427.858168804,22,0.248000
1648725427.877818963,15,0.169000
1648725427.897712482,1,0.006000
1648725427.916801238,0,0.000000
1648725427.935926287,3,0.010000
1648725427.956380739,0,0.004000
1648725427.977535513,1,0.010000
1648725427.995912032,0,0.004000
1648725428.018294610,1,0.011000
1648725428.040206013,7,0.091000
1648725428.061991552,3,0.044000
1648725428.081947747,0,0.017000
1648725428.102537479,2,0.026000
1648725428.124099392,3,0.032000
1648725428.145500705,1,0.000000
1648725428.165859339,14,0.166000
1648725428.187110456,7,0.077000
1648725428.208389454,7,0.071000
1648725428.230095144,18,0.208000
1648725428.250393975,3,0.014000
1648725428.272316489,8,0.105000
1648725428.294534012,1,0.015000
1648725428.314808390,8,0.107000
1648725428.333318437,9,0.105000
1648725428.353160434,0,0.000000
1648725428.373821915,3,0.024000
1648725428.394642096,1,0.005000
1648725428.414254046,2,0.030000
1648725428.434248922,0,0.014000
1648725428.455500244,3,0.023000
1648725428.476086354,3,0.026000
1648725428.496497208,2,0.042000
1648725428.518273702,5,0.069000
1648725428.539274102,0,0.008000
1648725428.558299847,20,0.254000
1648725428.578051137,19,0.220000
1648725428.599678914,1,0.016000
1648725428.621064919,1,0.019000
1648725428.643287604,0,0.020000
1648725428.663194257,1,0.020000
1648725428.684037358,0,0.007000
1648725428.706308154,2,0.010000
1648725428.725883459,3,0.029000
1648725428.745912876,3,0.037000
1648725428.766491168,2,0.017000
1648725428.787226210,2,0.027000
1648725428.808510016,0,0.000000
1648725428.830142579,4,0.049000
1648725428.849401562,0,0.000000
1648725428.871601159,0,0.007000
1648725428.891089291,5,0.069000
1648725428.912031178,3,0.008000
1648725428.930794441,3,0.035000
1648725428.951242362,5,0.042000
1648725428.969625232,4,0.056000
1648725428.991086860,0,0.000000
1648725429.012261318,2,0.000000
1648725429.034017130,3,0.052000
1648725429.054023605,0,0.000000
1648725429.073293834,5,0.069000
1648725429.092646433,1,0.021000
1648725429.113690889,16,0.158000
1648725429.135594913,1,0.022000
1648725429.156360574,0,0.018000
1648725429.176692916,0,0.013000
1648725429.196642424,9,0.110000
1648725429.214965750,3,0.041000
1648725429.234451019,3,0.015000
1648725429.253448536,0,0.000000
1648725429.272460687,1,0.012000
1648725429.293503412,1,0.019000
1648725429.312222379,8,0.085000
1648725429.336151299,0,0.000000
1648725429.356306357,1,0.000000
1648725429.378487852,0,0.000000
1648725429.396892848,5,0.092000
1648725429.416278964,0,0.011000
1648725429.435711553,1,0.013000
1648725429.457309117,2,0.048000
1648725429.479661720,1,0.004000
1648725429.501830353,3,0.038000
1648725429.523254240,2,0.012000
1648725429.545179719,1,0.004000
1648725429.567975652,5,0.037000
1648725429.588537336,2,0.025000
1648725429.610128450,4,0.056000
1648725429.631097612,3,0.014000
1648725429.650807133,4,0.062000
1648725429.672022394,0,0.002000
1648725429.692332179,0,0.000000
1648725429.714986588,11,0.122000
1648725429.734944657,4,0.046000
1648725429.754286237,2,0.009000
1648725429.775149940,6,0.067000
1648725429.794199127,2,0.031000
1648725429.813123546,11,0.112000
1648725429.835441275,4,0.032000
1648725429.856135241,0,0.010000
1648725429.877534376,3,0.028000
1648725429.898630706,0,0.000000
1648725429.919139685,1,0.014000
1648725429.939078616,0,0.004000
1648725429.961158896,3,0.013000
1648725429.981454215,0,0.005000
1648725430.002908867,3,0.006000
1648725430.025380001,1,0.000000
1648725430.047775051,8,0.093000
1648725430.067307040,1,0.006000
1648725430.085145686,16,0.200000
1648725430.106262922,8,0.094000
1648725430.125496507,1,0.023000
1648725430.145325829,0,0.010000
1648725430.162501048,2,0.025000
1648725430.183613761,0,0.000000
1648725430.205442655,5,0.061000
1648725430.227236072,0,0.000000
1648725430.247657576,2,0.018000
1648725430.268790461,5,0.027000
1648725430.288918654,7,0.071000
1648725430.309551126,0,0.011000
1648725430.330284205,0,0.018000
1648725430.352682293,0,0.000000
1648725430.373135331,1,0.004000
1648725430.393988703,0,0.014000
1648725430.415165358,2,0.022000
1648725430.435549191,1,0.000000
1648725430.454824848,7,0.062000
1648725430.474304791,2,0.030000
1648725430.492796906,10,0.142000
1648725430.512546754,0,0.000000
1648725430.533465021,0,0.000000
1648725430.553041701,0,0.006000
1648725430.573124362,4,0.042000
1648725430.592951369,0,0.000000
1648725430.614252115,2,0.016000
1648725430.633634934,2,0.011000
1648725430.651574989,1,0.004000
1648725430.671908639,3,0.012000
1648725430.693837139,4,0.047000
1648725430.714751199,0,0.000000
1648725430.734288904,6,0.083000
1648725430.756055444,0,0.000000
1648725430.776582739,0,0.004000
1648725430.798960653,5,0.052000
1648725430.817264773,3,0.018000
1648725430.837747462,7,0.055000
1648725430.859246588,3,0.029000
1648725430.881026349,1,0.014000
1648725430.901723762,0,0.007000
1648725430.922009352,5,0.061000
1648725430.943956528,0,0.000000
1648725430.965027194,2,0.018000
1648725430.984696424,11,0.112000
1648725431.005876461,7,0.072000
1648725431.026216213,2,0.022000
1648725431.046237073,3,0.001000
1648725431.066994684,8,0.070000
1648725431.088257043,3,0.006000
1648725431.107358300,2,0.003000
1648725431.129045014,0,0.000000
1648725431.149067184,0,0.004000
1648725431.169852820,0,0.000000
1648725431.191386269,0,0.000000
1648725431.214172584,2,0.023000
1648725431.236434993,10,0.091000
1648725431.256195979,8,0.083000
1648725431.278256963,1,0.020000
1648725431.299533256,0,0.000000
1648725431.318344478,4,0.025000
1648725431.339889418,1,0.004000
1648725431.359920598,7,0.090000
1648725431.380179414,0,0.000000
1648725431.400967633,9,0.120000
1648725431.420413616,0,0.024000
1648725431.439444184,1,0.003000
1648725431.460329704,2,0.020000
1648725431.482287710,2,0.013000
1648725431.504070585,0,0.004000
1648725431.525617465,1,0.028000
1648725431.550311626,0,0.000000
1648725431.570867083,4,0.043000
1648725431.590920225,6,0.101000
1648725431.610100941,9,0.096000
1648725431.632141530,1,0.024000
1648725431.651261929,6,0.080000
1648725431.670579759,2,0.017000
1648725431.689543773,4,0.044000
1648725431.711751165,0,0.000000
1648725431.729598797,6,0.068000
1648725431.751096103,0,0.000000
1648725431.771135376,1,0.014000
1648725431.791699319,1,0.015000
1648725431.811373411,2,0.029000
1648725431.833390552,2,0.026000
1648725431.855018357,2,0.035000
1648725431.875863198,4,0.034000
1648725431.897396639,1,0.035000
1648725431.918024519,1,0.018000
1648725431.939413333,2,0.029000
1648725431.959929758,0,0.000000
1648725431.981669086,8,0.086000
1648725432.002063911,2,0.021000
1648725432.020954800,0,0.007000
1648725432.040124290,2,0.012000
1648725432.061077243,0,0.000000
1648725432.082076651,1,0.000000
1648725432.103009779,5,0.051000
1648725432.122183157,2,0.000000
1648725432.140713961,8,0.100000
1648725432.160340127,1,0.000000
1648725432.181934746,1,0.017000
1648725432.201390787,3,0.039000
1648725432.222114714,0,0.000000
1648725432.242192071,1,0.003000
1648725432.263900118,0,0.008000
1648725432.283813253,1,0.013000
1648725432.304404857,9,0.096000
1648725432.325621353,10,0.130000
1648725432.344621946,1,0.000000
1648725432.367123515,2,0.012000
1648725432.385935196,2,0.023000
1648725432.405642311,3,0.051000
1648725432.425280324,3,0.006000
1648725432.446239283,0,0.003000
1648725432.466746640,3,0.044000
1648725432.485706055,2,0.019000
1648725432.506006064,1,0.027000
1648725432.525071147,0,0.000000
1648725432.544230844,1,0.000000
1648725432.564849422,0,0.000000
1648725432.586586685,1,0.020000
1648725432.606365016,0,0.000000
1648725432.627905717,1,0.012000
1648725432.649710756,2,0.008000
1648725432.671450422,2,0.006000
1648725432.691525014,8,0.070000
1648725432.711036955,0,0.000000
1648725432.730727395,0,0.003000
1648725432.749006259,0,0.006000
1648725432.767223407,0,0.000000
1648725432.787256237,0,0.000000
1648725432.809545928,14,0.162000
1648725432.829910375,0,0.025000
1648725432.849378609,12,0.119000
1648725432.869133999,5,0.070000
1648725432.886950453,0,0.003000
1648725432.907902423,2,0.023000
1648725432.928256303,1,0.025000
1648725432.948901184,0,0.019000
1648725432.970449309,0,0.008000
1648725432.993210626,4,0.021000
1648725433.014163421,0,0.021000
1648725433.036886384,1,0.009000
1648725433.056790188,1,0.017000
1648725433.077460186,5,0.030000
1648725433.099439683,2,0.018000
1648725433.121961030,7,0.065000
1648725433.141745003,0,0.000000
1648725433.162740886,5,0.075000
1648725433.185184465,4,0.023000
1648725433.205628526,2,0.037000
1648725433.226672443,2,0.009000
1648725433.248852713,5,0.037000
1648725433.271318617,4,0.045000
1648725433.291394728,0,0.000000
1648725433.312803234,1,0.023000
1648725433.333300616,4,0.015000
1648725433.355170754,0,0.016000
1648725433.375748877,5,0.077000
1648725433.397098796,2,0.017000
1648725433.418963929,0,0.009000
1648725433.438748211,6,0.077000
1648725433.461370654,1,0.017000
1648725433.481352447,0,0.000000
1648725433.501210754,3,0.032000
1648725433.522585454,2,0.035000
1648725433.541500296,2,0.011000
1648725433.562300396,2,0.033000
1648725433.582635806,4,0.046000
1648725433.603190363,0,0.000000
1648725433.624175205,5,0.057000
1648725433.643925378,0,0.000000
1648725433.664136550,4,0.057000
1648725433.684356607,2,0.001000
1648725433.705342331,2,0.022000
1648725433.725949246,1,0.017000
1648725433.745869699,1,0.000000
1648725433.766717237,2,0.037000
1648725433.788695946,1,0.015000
1648725433.810188108,4,0.047000
1648725433.832039242,0,0.000000
1648725433.852844688,0,0.000000
1648725433.873497992,1,0.016000
1648725433.894924387,1,0.010000
1648725433.915795481,8,0.093000
1648725433.938800236,1,0.003000
1648725433.960189277,6,0.053000
1648725433.980982194,0,0.014000
1648725434.000269798,16,0.166000
1648725434.022636608,6,0.092000
1648725434.043631629,1,0.012000
1648725434.064887553,0,0.020000
1648725434.086635124,4,0.022000
1648725434.107095372,1,0.001000
1648725434.127303485,15,0.161000
1648725434.149160398,2,0.029000
1648725434.167362439,11,0.122000
1648725434.188257205,9,0.091000
1648725434.207648895,1,0.030000
1648725434.226284515,10,0.109000
1648725434.243831230,0,0.000000
1648725434.265122059,3,0.019000
1648725434.284265098,7,0.087000
1648725434.304487294,7,0.114000
1648725434.324984832,2,0.020000
1648725434.346877303,1,0.035000
1648725434.367127180,0,0.025000
1648725434.390168143,0,0.004000
1648725434.410716217,9,0.106000
1648725434.431408327,1,0.000000
1648725434.451136952,21,0.212000
1648725434.473118918,12,0.133000
1648725434.491204944,0,0.007000
1648725434.511460801,5,0.055000
1648725434.531650133,2,0.012000
1648725434.553408950,3,0.023000
1648725434.573479713,1,0.006000
1648725434.593828601,0,0.001000
1648725434.614404443,5,0.064000
1648725434.636262904,2,0.025000
1648725434.655772601,3,0.046000
1648725434.677726352,4,0.024000
1648725434.697098186,7,0.063000
1648725434.715879938,5,0.063000
1648725434.736462889,1,0.043000
1648725434.758689431,2,0.031000
1648725434.779716563,7,0.098000
1648725434.800876246,3,0.029000
1648725434.821733491,3,0.041000
1648725434.842357677,11,0.118000
1648725434.862108640,1,0.028000
1648725434.883712176,1,0.031000
1648725434.905058174,0,0.000000
1648725434.925745182,1,0.012000
1648725434.949003052,0,0.008000
1648725434.969126435,2,0.024000
1648725434.989456494,0,0.005000
1648725435.010147741,5,0.061000
1648725435.030287181,7,0.083000
1648725435.049932245,3,0.044000
1648725435.068772086,2,0.012000
1648725435.090666435,0,0.018000
1648725435.110112543,1,0.010000
1648725435.130906045,2,0.011000
1648725435.151651052,0,0.000000
1648725435.171185446,0,0.000000
1648725435.192394524,4,0.043000
1648725435.212115668,3,0.035000
1648725435.231917496,1,0.006000
1648725435.254136210,3,0.039000
1648725435.273981961,0,0.000000
1648725435.296296536,2,0.025000
1648725435.316669206,0,0.000000
1648725435.338446356,0,0.000000
1648725435.359974569,0,0.000000
1648725435.381257145,4,0.026000
1648725435.402119275,0,0.004000
1648725435.422811143,7,0.063000
1648725435.443253300,0,0.000000
1648725435.463023787,8,0.111000
1648725435.483871584,0,0.009000
1648725435.503034534,1,0.012000
1648725435.523950098,0,0.033000
1648725435.545759357,3,0.002000
1648725435.565493931,0,0.022000
1648725435.584647997,3,0.015000
1648725435.605133446,3,0.059000
1648725435.625072864,4,0.034000
1648725435.644095203,2,0.020000
1648725435.665262317,1,0.011000
1648725435.685724544,0,0.000000
1648725435.705697943,1,0.017000
1648725435.727320260,0,0.022000
1648725435.746108674,2,0.014000
1648725435.767344211,3,0.027000
1648725435.789044070,2,0.030000
1648725435.810342751,5,0.058000
1648725435.829968980,1,0.017000
1648725435.850145346,1,0.009000
1648725435.869725969,3,0.036000
1648725435.888968158,1,0.049000
1648725435.908453344,2,0.024000
1648725435.927739333,6,0.078000
1648725435.948057212,0,0.000000
1648725435.968102095,2,0.030000
1648725435.989821071,6,0.054000
1648725436.010472361,1,0.007000
1648725436.031790575,0,0.000000
1648725436.053166254,4,0.022000
1648725436.074259580,0,0.000000
1648725436.095151238,1,0.017000
1648725436.114289877,5,0.025000
1648725436.135945913,1,0.000000
1648725436.157353012,2,0.027000
1648725436.178605088,0,0.004000
1648725436.197987864,4,0.060000
1648725436.217888365,2,0.031000
1648725436.236579514,2,0.039000
1648725436.256000138,1,0.006000
1648725436.275775357,3,0.011000
1648725436.297286494,1,0.029000
1648725436.317072277,3,0.036000
1648725436.338479316,3,0.020000
1648725436.359463857,1,0.005000
1648725436.380542369,3,0.028000
1648725436.397945328,0,0.008000
1648725436.419182567,0,0.006000
1648725436.439912240,1,0.005000
1648725436.461061951,5,0.049000
1648725436.481752240,1,0.018000
1648725436.501774558,7,0.075000
1648725436.520774993,1,0.028000
1648725436.540421468,2,0.022000
1648725436.560941762,0,0.000000
1648725436.579676998,4,0.081000
1648725436.598907793,0,0.004000
1648725436.618431000,10,0.102000
1648725436.637959493,0,0.009000
1648725436.659812740,2,0.035000
1648725436.680188068,2,0.021000
1648725436.701720835,18,0.221000
1648725436.721802646,2,0.068000
1648725436.740675652,8,0.081000
1648725436.761588178,1,0.011000
1648725436.780927579,0,0.000000
1648725436.802973566,5,0.050000
1648725436.822301761,6,0.070000
1648725436.842997694,1,0.028000
1648725436.863141492,1,0.019000
1648725436.884121597,3,0.014000
1648725436.905659556,1,0.000000
1648725436.926409089,0,0.003000
1648725436.948077075,1,0.033000
1648725436.968383113,0,0.000000
1648725436.988008425,1,0.001000
1648725437.008912796,2,0.041000
1648725437.028885838,2,0.012000
1648725437.048353602,3,0.043000
1648725437.068721255,0,0.006000
1648725437.087946343,0,0.000000
1648725437.109957852,9,0.106000
1648725437.129828214,10,0.095000
1648725437.150170145,0,0.000000
1648725437.168583162,1,0.020000
1648725437.190020546,1,0.012000
1648725437.210255102,0,0.015000
1648725437.231024896,2,0.033000
1648725437.251768061,1,0.010000
1648725437.273326600,0,0.000000
1648725437.294375266,0,0.000000
1648725437.317041818,1,0.035000
1648725437.338166824,2,0.033000
1648725437.358945944,3,0.000000
1648725437.379938657,0,0.000000
1648725437.399189866,0,0.000000
1648725437.419645183,9,0.098000
1648725437.438684241,16,0.182000
1648725437.459921267,3,0.050000
1648725437.481148500,2,0.005000
1648725437.503205476,1,0.007000
1648725437.524429940,6,0.073000
1648725437.543436641,1,0.000000
1648725437.562544767,2,0.028000
1648725437.582605226,1,0.004000
1648725437.603971602,1,0.004000
1648725437.626012098,2,0.037000
1648725437.644696273,5,0.075000
1648725437.666719502,1,0.018000
1648725437.685131680,0,0.015000
1648725437.703210563,7,0.085000
1648725437.722916279,0,0.000000
1648725437.742250971,1,0.015000
1648725437.762647572,1,0.013000
1648725437.783023664,1,0.000000
1648725437.804075180,0,0.000000
1648725437.824723450,0,0.004000
1648725437.845906709,2,0.041000
1648725437.866803887,1,0.008000
1648725437.886762566,0,0.004000
1648725437.908268499,4,0.050000
1648725437.929164657,0,0.010000
1648725437.949231687,7,0.072000
1648725437.969774987,0,0.012000
1648725437.988448428,0,0.000000
1648725438.007549769,2,0.011000
1648725438.027188421,3,0.026000
1648725438.048715218,1,0.023000
1648725438.069309084,1,0.000000
1648725438.087886274,1,0.026000
1648725438.108634001,1,0.001000
1648725438.126563178,0,0.004000
1648725438.147071688,2,0.019000
1648725438.165749660,0,0.023000
1648725438.187485101,3,0.027000
1648725438.207759109,0,0.004000
1648725438.227745117,1,0.013000
1648725438.249423884,0,0.014000
1648725438.270108038,0,0.022000
1648725438.290575656,0,0.008000
1648725438.310769276,2,0.072000
1648725438.332667719,1,0.028000
1648725438.352911231,11,0.099000
1648725438.373284796,2,0.010000
1648725438.392901634,3,0.023000
1648725438.412097949,1,0.046000
1648725438.432302168,2,0.013000
1648725438.453585234,2,0.046000
1648725438.475395630,0,0.000000
1648725438.495572935,10,0.092000
1648725438.516251131,0,0.005000
1648725438.537277149,12,0.157000
1648725438.557694237,1,0.022000
1648725438.576414576,0,0.004000
1648725438.596279173,1,0.011000
1648725438.617350697,1,0.009000
1648725438.636775515,0,0.000000
1648725438.657298588,10,0.113000
1648725438.676492003,1,0.037000
1648725438.697071106,5,0.099000
1648725438.717271429,0,0.000000
1648725438.737577733,7,0.067000
1648725438.756957449,0,0.000000
1648725438.774609283,0,0.000000
1648725438.793845760,2,0.018000
1648725438.815402074,1,0.019000
1648725438.835646559,3,0.048000
1648725438.855762385,1,0.007000
1648725438.877366895,4,0.058000
1648725438.899104864,1,0.025000
1648725438.920685487,0,0.000000
1648725438.941592106,2,0.027000
1648725438.962108022,5,0.058000
1648725438.981263904,16,0.188000
1648725439.000039599,4,0.034000
1648725439.019425534,6,0.058000
1648725439.038538972,0,0.000000
1648725439.060468781,10,0.100000
1648725439.081984704,1,0.001000
1648725439.102342250,1,0.017000
1648725439.122097266,2,0.031000
1648725439.142267116,2,0.056000
1648725439.161913367,0,0.017000
1648725439.182969792,1,0.000000
1648725439.202265777,1,0.002000
1648725439.225090830,9,0.116000
1648725439.243227199,1,0.000000
1648725439.261809210,8,0.084000
1648725439.282156086,2,0.004000
1648725439.301318612,0,0.004000
1648725439.321583717,0,0.000000
1648725439.344030159,5,0.054000
1648725439.365387146,5,0.059000
1648725439.387766728,11,0.132000
1648725439.408081532,1,0.000000
1648725439.427093495,8,0.056000
1648725439.446493214,2,0.048000
1648725439.466140321,0,0.000000
1648725439.485837349,0,0.009000
1648725439.504749246,10,0.103000
1648725439.526017481,1,0.012000
1648725439.544843596,5,0.069000
1648725439.566760520,2,0.004000
1648725439.587452463,7,0.094000
1648725439.607656330,3,0.032000
1648725439.628746859,1,0.015000
1648725439.649170211,0,0.007000
1648725439.668044928,0,0.018000
1648725439.688055456,2,0.030000
1648725439.709611512,3,0.035000
1648725439.729774998,1,0.005000
1648725439.749900070,1,0.004000
1648725439.771072591,16,0.178000
1648725439.790755026,5,0.066000
1648725439.810973407,1,0.016000
1648725439.830804756,0,0.000000
1648725439.851455228,1,0.026000
1648725439.871412730,3,0.021000
1648725439.891095226,2,0.010000
1648725439.910672433,7,0.088000
1648725439.932607793,1,0.008000
1648725439.952228902,0,0.006000
1648725439.971203219,0,0.010000
1648725439.991214454,0,0.000000
1648725440.011590252,7,0.097000
1648725440.032720170,2,0.019000
1648725440.052698973,0,0.000000
1648725440.072943483,4,0.030000
1648725440.092229081,3,0.030000
1648725440.113074975,2,0.011000
1648725440.131127279,2,0.006000
1648725440.151139593,9,0.119000
1648725440.171651061,1,0.011000
1648725440.190924846,3,0.028000
1648725440.210364819,1,0.000000
1648725440.229348492,7,0.104000
1648725440.249896764,1,0.000000
1648725440.271328063,0,0.000000
1648725440.290750581,1,0.002000
1648725440.311271052,1,0.023000
1648725440.330566987,2,0.038000
1648725440.350735631,1,0.018000
1648725440.370249369,0,0.012000
1648725440.392844090,0,0.004000
1648725440.413211787,0,0.000000
1648725440.434114956,2,0.029000
1648725440.453969863,3,0.035000
1648725440.474019050,2,0.014000
1648725440.495399625,2,0.000000
1648725440.516011396,3,0.020000
1648725440.534574185,0,0.012000
1648725440.553763447,1,0.011000
1648725440.573021237,1,0.034000
1648725440.592888560,2,0.036000
1648725440.614822291,11,0.105000
1648725440.636620105,7,0.078000
1648725440.657582821,0,0.014000
1648725440.678664339,0,0.004000
1648725440.699368290,8,0.077000
1648725440.719325921,14,0.155000
1648725440.737958249,0,0.000000
1648725440.757957717,2,0.033000
1648725440.779739075,1,0.031000
1648725440.800192930,2,0.014000
1648725440.820870484,8,0.099000
1648725440.840907757,3,0.022000
1648725440.859918804,1,0.001000
1648725440.880136386,0,0.000000
1648725440.902242332,8,0.105000
1648725440.921634286,0,0.000000
1648725440.940420504,4,0.031000
1648725440.960195330,0,0.000000
1648725440.982201355,3,0.011000
1648725441.002600378,0,0.013000
1648725441.022496505,5,0.047000
1648725441.042572086,1,0.007000
1648725441.061167256,0,0.000000
1648725441.082182785,0,0.011000
1648725441.101568724,6,0.055000
1648725441.120182769,3,0.023000
1648725441.139669729,1,0.018000
1648725441.158867739,0,0.000000
1648725441.178663172,1,0.015000
1648725441.200090676,2,0.011000
1648725441.221040735,1,0.022000
1648725441.243076756,1,0.011000
1648725441.263405142,3,0.052000
1648725441.284405461,3,0.023000
1648725441.303726037,5,0.070000
1648725441.323206912,0,0.000000
1648725441.340991263,1,0.013000
1648725441.361205683,0,0.015000
1648725441.383201774,1,0.011000
1648725441.403586906,1,0.013000
1648725441.424941479,5,0.055000
1648725441.445300588,3,0.055000
1648725441.466140599,6,0.044000
1648725441.486755191,1,0.006000
1648725441.507072099,2,0.016000
1648725441.527096828,4,0.044000
1648725441.546786571,0,0.000000
1648725441.566322861,0,0.000000
1648725441.585320274,15,0.175000
1648725441.603274281,4,0.024000
1648725441.622403315,8,0.073000
1648725441.642149487,6,0.102000
1648725441.663491266,1,0.018000
1648725441.684449170,1,0.001000
1648725441.705137810,2,0.036000
1648725441.726302496,1,0.012000
1648725441.744209346,3,0.025000
1648725441.765041480,0,0.000000
1648725441.785383008,0,0.000000
1648725441.807115369,5,0.038000
1648725441.829282443,0,0.016000
1648725441.849405885,0,0.000000
1648725441.872410589,0,0.000000
1648725441.893307541,2,0.009000
1648725441.914139595,0,0.004000
1648725441.932312407,5,0.090000
1648725441.952691371,2,0.019000
1648725441.971728899,7,0.041000
1648725441.992911422,2,0.015000
1648725442.012601439,16,0.179000
1648725442.032422662,15,0.183000
1648725442.052222184,1,0.000000
1648725442.072342012,0,0.003000
1648725442.092405982,4,0.005000
1648725442.112230259,0,0.021000
1648725442.132755392,1,0.005000
1648725442.150903290,1,0.023000
1648725442.170485853,0,0.000000
1648725442.191399216,3,0.034000
1648725442.212761035,1,0.035000
1648725442.233736334,13,0.159000
1648725442.255323206,8,0.081000
1648725442.274961258,1,0.012000
1648725442.295122424,10,0.117000
1648725442.316991776,0,0.012000
1648725442.337314715,1,0.016000
1648725442.356390097,1,0.006000
1648725442.378195378,1,0.025000
1648725442.398566435,0,0.032000
1648725442.419310234,2,0.024000
1648725442.438984339,2,0.017000
1648725442.459904589,0,0.000000
1648725442.481361412,0,0.000000
1648725442.500784901,2,0.008000
1648725442.522741275,0,0.012000
1648725442.544044910,0,0.002000
1648725442.566556265,10,0.114000
1648725442.587217594,8,0.100000
1648725442.607866508,2,0.016000
1648725442.626498301,0,0.002000
1648725442.648051140,0,0.000000
1648725442.668216621,0,0.000000
1648725442.688404284,0,0.000000
1648725442.707863073,3,0.010000
1648725442.729150071,0,0.004000
1648725442.749862622,0,0.000000
1648725442.770973636,2,0.004000
1648725442.793989644,2,0.030000
1648725442.815050869,3,0.023000
1648725442.836860625,0,0.000000
1648725442.858355166,1,0.010000
1648725442.878408610,4,0.037000
1648725442.900865405,0,0.024000
1648725442.921494958,14,0.181000
1648725442.940182519,13,0.138000
1648725442.959036668,2,0.000000
1648725442.977661237,1,0.003000
1648725442.997559119,0,0.000000
1648725443.017154317,10,0.119000
1648725443.039411176,0,0.004000
1648725443.059888624,18,0.211000
1648725443.080813732,12,0.158000
1648725443.102875655,0,0.002000
1648725443.122192785,0,0.007000
1648725443.143681931,0,0.000000
1648725443.164313383,1,0.037000
1648725443.183963026,2,0.003000
1648725443.204447009,15,0.172000
1648725443.223866311,2,0.028000
1648725443.244684388,2,0.011000
1648725443.267053477,1,0.005000
1648725443.287187705,1,0.015000
1648725443.306935210,0,0.000000
1648725443.329137707,9,0.097000
1648725443.347637295,0,0.000000
1648725443.367135276,2,0.028000
1648725443.386698810,0,0.015000
1648725443.406440206,2,0.011000
1648725443.426964709,0,0.012000
1648725443.446371648,0,0.025000
1648725443.467033736,3,0.045000
1648725443.489199989,18,0.211000
1648725443.508129361,2,0.020000
1648725443.528941700,0,0.000000
1648725443.548599316,0,0.004000
1648725443.570215574,8,0.097000
1648725443.592071143,2,0.041000
1648725443.613313246,0,0.012000
1648725443.632765217,1,0.006000
1648725443.652464618,1,0.007000
1648725443.673257053,8,0.081000
1648725443.694167009,13,0.152000
1648725443.715323151,1,0.005000
1648725443.735446049,17,0.199000
1648725443.755124320,9,0.081000
1648725443.774039085,2,0.000000
1648725443.794940770,6,0.061000
1648725443.815429195,0,0.003000
1648725443.834129806,1,0.025000
1648725443.854536028,3,0.028000
1648725443.874990327,3,0.020000
1648725443.895167468,2,0.023000
1648725443.915362358,0,0.024000
1648725443.934983412,4,0.041000
1648725443.956327802,2,0.006000
1648725443.976116227,24,0.265000
1648725443.997021212,10,0.110000
1648725444.017950640,1,0.031000
1648725444.041169673,4,0.059000
1648725444.062006598,0,0.000000
1648725444.080010633,0,0.000000
1648725444.099745260,3,0.014000
1648725444.121742917,1,0.008000
1648725444.140958094,9,0.115000
1648725444.161251718,6,0.066000
1648725444.179878670,2,0.001000
1648725444.200634611,2,0.024000
1648725444.220757651,3,0.057000
1648725444.240493750,2,0.027000
1648725444.261840237,1,0.024000
1648725444.281290945,10,0.105000
1648725444.300510343,6,0.094000
1648725444.320043133,0,0.000000
1648725444.337928200,0,0.000000
1648725444.357877631,0,0.000000
1648725444.377358334,0,0.014000
1648725444.397789886,1,0.028000
1648725444.415983158,2,0.043000
1648725444.435650240,3,0.030000
1648725444.455347025,6,0.070000
1648725444.477221420,0,0.000000
1648725444.498249228,7,0.074000
1648725444.518588477,3,0.013000
1648725444.538044230,9,0.113000
1648725444.557058645,3,0.018000
1648725444.576490231,1,0.027000
1648725444.596666575,2,0.057000
1648725444.616238131,5,0.053000
1648725444.637822787,11,0.122000
1648725444.659554818,2,0.006000
1648725444.680690745,1,0.012000
1648725444.699872274,3,0.018000
1648725444.719796728,5,0.074000
1648725444.739190257,0,0.011000
1648725444.757835482,1,0.015000
1648725444.776380496,1,0.024000
1648725444.796157401,0,0.003000
1648725444.816165598,2,0.016000
1648725444.836282318,2,0.029000
1648725444.853565809,4,0.045000
1648725444.872495592,7,0.079000
1648725444.893327892,3,0.040000
1648725444.912671434,2,0.027000
1648725444.932747532,9,0.107000
1648725444.953169542,1,0.000000
1648725444.972883430,2,0.008000
1648725444.992757094,0,0.008000
1648725445.013876458,2,0.029000
1648725445.035170257,3,0.013000
1648725445.053598451,14,0.176000
1648725445.072043317,3,0.015000
1648725445.091356641,12,0.153000
1648725445.114098123,9,0.115000
1648725445.133335769,0,0.000000
1648725445.152710492,4,0.051000
1648725445.172145535,3,0.035000
1648725445.194736024,0,0.008000
1648725445.212622403,2,0.030000
1648725445.233714965,0,0.014000
1648725445.251893335,5,0.038000
1648725445.269497203,1,0.023000
1648725445.287973652,0,0.016000
1648725445.308589866,0,0.000000
1648725445.325747272,0,0.000000
1648725445.344562698,6,0.046000
1648725445.364368073,3,0.026000
1648725445.382725890,10,0.141000
1648725445.401606356,6,0.084000
1648725445.421064877,5,0.037000
1648725445.439679105,14,0.177000
1648725445.458456344,3,0.035000
1648725445.477000741,13,0.162000
1648725445.496279645,16,0.193000
1648725445.518129883,1,0.011000
1648725445.539436233,6,0.082000
1648725445.559882375,2,0.018000
1648725445.580201597,2,0.015000
1648725445.599976187,0,0.006000
1648725445.618006587,1,0.029000
1648725445.637424803,2,0.042000
1648725445.656721099,0,0.000000
1648725445.677025179,2,0.020000
1648725445.696781826,2,0.016000
1648725445.716333097,0,0.000000
1648725445.735328228,0,0.000000
1648725445.755285558,5,0.049000
1648725445.777013991,2,0.032000
1648725445.796991940,3,0.046000
1648725445.816665791,2,0.020000
1648725445.835677976,2,0.022000
1648725445.855996714,0,0.000000
1648725445.875877465,5,0.060000
1648725445.896493957,2,0.033000
1648725445.916885361,11,0.142000
1648725445.935169642,4,0.011000
1648725445.955953243,3,0.026000
1648725445.976198362,1,0.004000
1648725445.997487251,0,0.000000
1648725446.017164414,0,0.000000
1648725446.036576006,7,0.074000
1648725446.057844162,3,0.023000
1648725446.077833807,1,0.000000
1648725446.097057037,0,0.000000
1648725446.118227204,0,0.011000
1648725446.139034575,2,0.007000
1648725446.158623086,0,0.000000
1648725446.178185759,0,0.000000
1648725446.199783173,2,0.017000
1648725446.220355205,1,0.000000
1648725446.240236719,1,0.011000
1648725446.258855980,1,0.000000
1648725446.281768902,7,0.096000
1648725446.300506666,2,0.011000
1648725446.319241651,0,0.000000
1648725446.337802676,2,0.013000
1648725446.357878959,1,0.009000
1648725446.377276185,0,0.012000
1648725446.396051505,10,0.126000
1648725446.416314298,2,0.026000
1648725446.436879394,11,0.127000
1648725446.459138162,3,0.024000
1648725446.478813195,2,0.024000
1648725446.499177859,2,0.022000
1648725446.519235637,2,0.015000
1648725446.538000672,20,0.250000
1648725446.556866284,26,0.314000
1648725446.576333471,6,0.059000
1648725446.597063108,0,0.021000
1648725446.619288492,9,0.095000
1648725446.638273032,0,0.000000
1648725446.658736681,6,0.082000
1648725446.679779836,3,0.028000
1648725446.701296323,8,0.097000
1648725446.722056781,1,0.034000
1648725446.741568109,0,0.001000
1648725446.760969689,11,0.125000
1648725446.782180944,16,0.173000
1648725446.802041526,2,0.014000
1648725446.822302126,1,0.007000
1648725446.843288193,0,0.000000
1648725446.864041752,0,0.007000
1648725446.883071750,2,0.031000
1648725446.903934138,4,0.051000
1648725446.923722819,1,0.015000
1648725446.944296106,2,0.008000
1648725446.963804920,2,0.038000
1648725446.983371040,0,0.003000
1648725447.004501821,3,0.019000
1648725447.024167559,0,0.001000
1648725447.044453427,0,0.000000
1648725447.063587246,0,0.010000
1648725447.083306781,1,0.033000
1648725447.103580098,2,0.012000
1648725447.122818726,3,0.022000
1648725447.143687415,9,0.117000
1648725447.164488924,1,0.023000
1648725447.184232858,1,0.011000
1648725447.203946109,2,0.008000
1648725447.223481801,0,0.000000
1648725447.243166950,3,0.034000
1648725447.262858152,2,0.012000
1648725447.282062787,5,0.037000
1648725447.301095835,0,0.000000
1648725447.321551345,2,0.008000
1648725447.343370556,4,0.054000
1648725447.364309380,3,0.031000
1648725447.385976967,3,0.047000
1648725447.404711969,1,0.016000
1648725447.423804380,0,0.004000
1648725447.441983001,0,0.004000
1648725447.461924691,1,0.025000
1648725447.483083262,4,0.047000
1648725447.504571112,1,0.011000
1648725447.524395506,1,0.025000
1648725447.546064872,0,0.000000
1648725447.566153010,1,0.009000
1648725447.586555042,2,0.015000
1648725447.604959298,2,0.024000
1648725447.625449103,2,0.033000
1648725447.645339469,1,0.017000
1648725447.664769650,1,0.004000
1648725447.684460319,4,0.054000
1648725447.704949938,0,0.000000
1648725447.724956268,10,0.092000
1648725447.743444776,0,0.000000
1648725447.762713382,5,0.060000
1648725447.783244765,1,0.001000
1648725447.801543267,5,0.084000
1648725447.820394332,2,0.043000
1648725447.839804746,2,0.005000
1648725447.859014977,0,0.000000
1648725447.878207223,0,0.004000
1648725447.899165790,1,0.011000
1648725447.921636947,12,0.124000
1648725447.940201491,0,0.000000
1648725447.960159035,6,0.071000
1648725447.982009750,0,0.000000
1648725448.002251819,0,0.004000
1648725448.023610621,2,0.018000
1648725448.045275307,2,0.007000
1648725448.064245276,0,0.008000
1648725448.083598750,2,0.027000
1648725448.104202828,0,0.010000
1648725448.125044335,10,0.104000
1648725448.144473160,13,0.144000
1648725448.162725389,0,0.000000
1648725448.179997004,0,0.007000
1648725448.198214502,0,0.010000
1648725448.218072821,4,0.052000
1648725448.238008796,0,0.000000
1648725448.256978731,12,0.135000
1648725448.275804786,8,0.102000
1648725448.293815556,0,0.013000
1648725448.314844924,4,0.033000
1648725448.335302933,1,0.024000
1648725448.355282241,5,0.046000
1648725448.374999124,0,0.023000
1648725448.395914258,0,0.005000
1648725448.414435059,1,0.000000
1648725448.433886530,1,0.005000
1648725448.452904497,7,0.069000
1648725448.475628228,23,0.264000
1648725448.495486071,3,0.052000
1648725448.516058451,3,0.024000
1648725448.535947583,0,0.007000
1648725448.555536924,1,0.000000
1648725448.576693009,3,0.034000
1648725448.597362363,6,0.044000
1648725448.618579794,1,0.028000
1648725448.638941376,3,0.035000
1648725448.656851434,1,0.030000
1648725448.677472717,1,0.001000
1648725448.697497811,2,0.002000
1648725448.717591333,3,0.016000
1648725448.738371514,1,0.014000
1648725448.757995677,1,0.009000
1648725448.777694083,10,0.114000
1648725448.798428406,2,0.026000
1648725448.818255547,15,0.167000
1648725448.839166339,10,0.133000
1648725448.858574092,0,0.010000
1648725448.878060432,1,0.008000
1648725448.898492821,0,0.000000
1648725448.918106284,1,0.004000
1648725448.937584025,2,0.036000
1648725448.956086660,1,0.004000
1648725448.976378670,2,0.037000
1648725448.996841575,2,0.015000
1648725449.016911113,4,0.054000
1648725449.038116680,1,0.018000
1648725449.057727515,6,0.066000
1648725449.076917488,2,0.048000
1648725449.097198003,5,0.058000
1648725449.116310100,2,0.012000
1648725449.135343931,4,0.057000
1648725449.154234523,2,0.020000
1648725449.173945363,7,0.073000
1648725449.194437793,1,0.027000
1648725449.214319030,0,0.000000
1648725449.235085008,1,0.034000
1648725449.254134047,1,0.000000
1648725449.273236874,6,0.083000
1648725449.294989781,1,0.016000
1648725449.316880458,2,0.023000
1648725449.336026365,0,0.000000
1648725449.357352587,4,0.050000
1648725449.375407764,0,0.009000
1648725449.392979827,0,0.000000
1648725449.413061738,1,0.000000
1648725449.433579226,0,0.002000
1648725449.453141878,1,0.000000
1648725449.473339529,0,0.000000
1648725449.493737288,2,0.010000
1648725449.514721515,1,0.032000
1648725449.534758760,2,0.033000
1648725449.555670530,6,0.048000
1648725449.575173620,4,0.034000
1648725449.594498502,0,0.000000
1648725449.614389682,0,0.023000
1648725449.633405355,0,0.000000
1648725449.653534450,1,0.038000
1648725449.672960883,4,0.050000
1648725449.695991150,7,0.072000
1648725449.716901802,10,0.124000
1648725449.738220670,2,0.018000
1648725449.758013110,15,0.185000
1648725449.780973737,8,0.088000
1648725449.801896742,6,0.049000
1648725449.821418241,1,0.000000
1648725449.842704890,10,0.089000
1648725449.861286885,1,0.001000
1648725449.881923413,0,0.000000
1648725449.903774669,2,0.031000
1648725449.922988400,6,0.064000
1648725449.942557712,2,0.014000
1648725449.961771500,7,0.070000
1648725449.981095166,1,0.012000
1648725450.000996636,1,0.000000
1648725450.022807498,3,0.019000
1648725450.044790493,1,0.006000
1648725450.067829783,1,0.030000
1648725450.088466430,0,0.000000
1648725450.109346271,3,0.056000
1648725450.129676116,1,0.028000
1648725450.148590611,4,0.058000
1648725450.168277098,2,0.034000
1648725450.189071111,2,0.037000
1648725450.210457809,6,0.066000
1648725450.231104082,9,0.090000
1648725450.252006466,1,0.008000
1648725450.270486374,5,0.089000
1648725450.289943336,2,0.001000
1648725450.309680730,9,0.107000
1648725450.330799626,0,0.016000
1648725450.349792243,0,0.019000
1648725450.370100202,0,0.000000
1648725450.390221754,2,0.033000
1648725450.409957314,0,0.001000
1648725450.431177620,1,0.000000
1648725450.452668554,6,0.059000
1648725450.471071835,0,0.018000
1648725450.489410158,2,0.042000
1648725450.509409039,3,0.024000
1648725450.531442938,1,0.015000
1648725450.552131017,1,0.000000
1648725450.571281881,10,0.111000
1648725450.593847128,14,0.161000
1648725450.615636683,2,0.019000
1648725450.634168127,1,0.008000
1648725450.652814733,2,0.012000
1648725450.671769804,7,0.065000
1648725450.694298510,2,0.007000
1648725450.713721640,5,0.041000
1648725450.734497934,0,0.004000
1648725450.755762386,7,0.086000
1648725450.777874870,1,0.021000
1648725450.798473759,1,0.003000
1648725450.819040213,3,0.019000
1648725450.840210663,3,0.057000
1648725450.860810439,0,0.015000
1648725450.880109625,0,0.009000
1648725450.900064324,2,0.020000
1648725450.921794345,2,0.026000
1648725450.942783558,0,0.000000
1648725450.960958875,6,0.032000
1648725450.982961362,0,0.019000
1648725451.001256966,4,0.035000
1648725451.023020962,0,0.000000
1648725451.042978982,6,0.082000
1648725451.062418977,1,0.003000
1648725451.081353165,5,0.058000
1648725451.101226978,0,0.016000
1648725451.120653946,4,0.047000
1648725451.141178617,0,0.004000
1648725451.160731804,1,0.005000
1648725451.180366785,3,0.039000
1648725451.198938813,3,0.026000
1648725451.220287437,2,0.025000
1648725451.240491524,1,0.004000
1648725451.260963089,1,0.017000
1648725451.280903619,1,0.004000
1648725451.302539731,1,0.017000
1648725451.323450053,4,0.040000
1648725451.344536028,1,0.013000
1648725451.364747313,13,0.160000
1648725451.384536206,9,0.093000
1648725451.402898042,0,0.011000
1648725451.424481066,1,0.021000
1648725451.442629216,2,0.019000
1648725451.463029830,1,0.015000
1648725451.484100877,3,0.036000
1648725451.503459733,2,0.020000
1648725451.523996313,2,0.035000
1648725451.544204373,0,0.000000
1648725451.563295526,3,0.032000
1648725451.583985132,1,0.007000
1648725451.605637820,1,0.001000
1648725451.629020341,3,0.032000
1648725451.649748839,2,0.047000
1648725451.668313186,1,0.000000
1648725451.687732546,3,0.026000
1648725451.707694899,1,0.004000
1648725451.726935002,7,0.061000
1648725451.744863104,3,0.042000
1648725451.761985044,10,0.105000
1648725451.782286095,8,0.100000
1648725451.802438514,5,0.051000
1648725451.822150732,0,0.024000
1648725451.842143104,3,0.018000
1648725451.861926727,0,0.017000
1648725451.882032994,5,0.032000
1648725451.902044074,0,0.016000
1648725451.923305494,2,0.020000
1648725451.945101894,1,0.011000
1648725451.964239413,1,0.013000
1648725451.984733127,1,0.004000
1648725452.006378545,3,0.017000
1648725452.025331130,5,0.037000
1648725452.044104316,1,0.000000
1648725452.065371165,4,0.032000
1648725452.085398384,1,0.000000
1648725452.104705292,12,0.135000
1648725452.125044646,19,0.233000
1648725452.145033798,6,0.037000
1648725452.164174672,1,0.016000
1648725452.183329357,0,0.000000
1648725452.204001216,1,0.016000
1648725452.224090761,3,0.031000
1648725452.243152790,2,0.015000
1648725452.262792619,2,0.026000
1648725452.281931905,2,0.016000
1648725452.301338191,3,0.034000
1648725452.320938709,0,0.000000
1648725452.341260478,2,0.019000
1648725452.360318600,3,0.048000
1648725452.383618791,0,0.000000
1648725452.402705204,0,0.005000
1648725452.422056901,1,0.000000
1648725452.442868886,0,0.000000
1648725452.462391483,9,0.116000
1648725452.483394955,1,0.000000
1648725452.503022029,5,0.039000
1648725452.524309088,2,0.000000
1648725452.543869181,0,0.011000
1648725452.564738044,2,0.028000
1648725452.585115134,3,0.015000
1648725452.604227608,2,0.023000
1648725452.625358764,1,0.034000
1648725452.644901902,3,0.030000
1648725452.666799937,0,0.000000
1648725452.687758573,1,0.012000
1648725452.707808326,2,0.005000
1648725452.725486781,7,0.058000
1648725452.743085534,2,0.023000
1648725452.762497583,4,0.026000
1648725452.785251794,3,0.020000
1648725452.806004768,3,0.018000
1648725452.826173116,0,0.010000
1648725452.845225102,2,0.023000
1648725452.864217403,2,0.012000
1648725452.884074571,2,0.027000
1648725452.903777550,1,0.002000
1648725452.925231947,6,0.079000
1648725452.945953781,0,0.000000
1648725452.966790303,9,0.117000
1648725452.987920795,0,0.004000
1648725453.009123253,6,0.046000
1648725453.029374152,1,0.021000
1648725453.048940208,3,0.044000
1648725453.069457689,1,0.004000
1648725453.088672259,2,0.053000
1648725453.108910451,4,0.065000
1648725453.129235989,2,0.015000
1648725453.148584866,5,0.042000
1648725453.168721462,0,0.000000
1648725453.188531909,5,0.036000
1648725453.208185263,3,0.050000
1648725453.227464758,0,0.000000
1648725453.247733205,0,0.024000
1648725453.268476998,0,0.000000
1648725453.288178170,1,0.007000
1648725453.308014638,0,0.001000
1648725453.327339212,2,0.019000
1648725453.348265787,1,0.044000
1648725453.368405298,0,0.000000
1648725453.387987097,2,0.019000
1648725453.408105535,3,0.070000
1648725453.428074956,0,0.002000
1648725453.447327601,2,0.000000
1648725453.468753531,3,0.016000
1648725453.489026788,2,0.001000
1648725453.509187387,0,0.000000
1648725453.529162807,2,0.028000
1648725453.550407324,0,0.010000
1648725453.570336692,2,0.029000
1648725453.591010961,5,0.046000
1648725453.610085549,1,0.010000
1648725453.629680366,1,0.018000
1648725453.650572290,1,0.000000
1648725453.671508015,5,0.029000
1648725453.692887518,2,0.000000
1648725453.713884778,3,0.054000
1648725453.733483361,3,0.022000
1648725453.753792157,10,0.075000
1648725453.775282524,5,0.040000
1648725453.793353528,0,0.000000
1648725453.813225495,3,0.042000
1648725453.832325369,2,0.007000
1648725453.852639980,4,0.040000
1648725453.871235532,4,0.045000
1648725453.891705335,3,0.038000
1648725453.911249795,0,0.038000
1648725453.934315545,0,0.030000
1648725453.954487453,2,0.030000
1648725453.974997633,0,0.000000
1648725453.995614040,3,0.028000
1648725454.017986218,0,0.011000
1648725454.036746402,0,0.000000
1648725454.056264958,0,0.007000
1648725454.076640826,1,0.040000
1648725454.097055945,0,0.000000
1648725454.116948256,4,0.058000
1648725454.137482767,0,0.000000
1648725454.156936227,4,0.036000
1648725454.176365553,0,0.007000
1648725454.195867910,18,0.204000
1648725454.215403878,5,0.060000
1648725454.233259518,1,0.000000
1648725454.254265530,1,0.020000
1648725454.274593224,0,0.000000
1648725454.296102094,3,0.043000
1648725454.316229588,4,0.050000
1648725454.336005930,0,0.000000
1648725454.356872119,0,0.004000
1648725454.375402121,2,0.026000
1648725454.396282426,0,0.008000
1648725454.414796118,15,0.170000
1648725454.435267849,3,0.019000
1648725454.453840347,0,0.003000
1648725454.473822951,0,0.023000
1648725454.491888123,13,0.128000
1648725454.510538285,12,0.180000
1648725454.530080006,0,0.000000
1648725454.549581040,0,0.006000
1648725454.568784697,5,0.058000
1648725454.588812392,4,0.016000
1648725454.608482878,2,0.023000
1648725454.628340650,0,0.004000
1648725454.648273284,4,0.043000
1648725454.670196901,0,0.004000
1648725454.691224229,1,0.009000
1648725454.710615071,0,0.003000
1648725454.729814987,0,0.000000
1648725454.748358801,0,0.000000
1648725454.769018588,4,0.043000
1648725454.789403127,2,0.014000
1648725454.811254799,1,0.004000
1648725454.830827760,6,0.069000
1648725454.850692040,1,0.003000
1648725454.870784826,14,0.166000
1648725454.890927292,6,0.064000
1648725454.910336095,4,0.061000
1648725454.931179541,1,0.032000
1648725454.949902131,2,0.071000
1648725454.970759600,3,0.040000
1648725454.990577539,28,0.318000
1648725455.010969382,28,0.334000
1648725455.029152990,8,0.101000
1648725455.048200209,0,0.018000
1648725455.067708043,1,0.015000
1648725455.089146068,1,0.015000
1648725455.109881324,1,0.011000
1648725455.131056892,0,0.000000
1648725455.150859054,1,0.003000
1648725455.171245634,8,0.106000
1648725455.191443287,0,0.012000
1648725455.210421556,13,0.156000
1648725455.229379017,4,0.079000
1648725455.248920524,7,0.070000
1648725455.268034097,0,0.006000
1648725455.286567523,16,0.185000
1648725455.307735932,7,0.086000
1648725455.327272356,0,0.000000
1648725455.346518801,11,0.126000
1648725455.367381635,4,0.030000
1648725455.386377364,2,0.013000
1648725455.408640957,0,0.016000
1648725455.431004249,2,0.011000
1648725455.453384774,5,0.053000
1648725455.472275742,4,0.036000
1648725455.492785293,0,0.000000
1648725455.512874999,11,0.108000
1648725455.533453163,2,0.015000
1648725455.552963290,0,0.000000
1648725455.572428661,0,0.016000
1648725455.589687572,2,0.017000
1648725455.612173124,0,0.010000
1648725455.633920836,2,0.008000
1648725455.654035212,1,0.022000
1648725455.674825350,1,0.008000
1648725455.694301021,0,0.010000
1648725455.714160023,0,0.000000
1648725455.735674548,2,0.011000
1648725455.753518752,2,0.036000
1648725455.773222316,4,0.037000
1648725455.793893588,0,0.011000
1648725455.812258124,2,0.029000
1648725455.832240443,0,0.002000
1648725455.853816373,1,0.011000
1648725455.874126946,2,0.010000
1648725455.894920934,2,0.039000
1648725455.917560092,3,0.019000
1648725455.937944829,1,0.018000
1648725455.958920622,0,0.000000
1648725455.980762504,0,0.000000
1648725456.002291754,0,0.011000
1648725456.023161565,3,0.005000
1648725456.043677132,4,0.028000
1648725456.064568131,2,0.015000
1648725456.085987238,0,0.018000
1648725456.106354210,1,0.005000
1648725456.128384179,1,0.001000
1648725456.148264082,1,0.008000
1648725456.169069894,12,0.154000
1648725456.186688489,1,0.023000
1648725456.207973528,2,0.030000
1648725456.230810260,1,0.000000
1648725456.250450282,1,0.026000
1648725456.270949837,1,0.009000
1648725456.289663442,4,0.042000
1648725456.310271279,0,0.020000
1648725456.331006009,1,0.037000
1648725456.349997550,1,0.009000
1648725456.369455497,11,0.139000
1648725456.390076386,7,0.105000
1648725456.409918977,5,0.090000
1648725456.429668165,8,0.127000
1648725456.449155873,1,0.005000
1648725456.469465544,1,0.010000
1648725456.491627365,1,0.004000
1648725456.511565127,2,0.011000
1648725456.531667126,3,0.024000
1648725456.550871648,7,0.065000
1648725456.571646345,0,0.000000
1648725456.589849550,1,0.000000
1648725456.611239291,0,0.000000
1648725456.630965672,4,0.052000
1648725456.651490005,1,0.005000
1648725456.672882856,8,0.112000
1648725456.693326583,0,0.000000
1648725456.712317284,1,0.013000
1648725456.733848032,0,0.000000
1648725456.754872202,17,0.215000
1648725456.773952547,8,0.071000
1648725456.792302310,2,0.007000
1648725456.812012207,2,0.032000
1648725456.831049488,2,0.000000
1648725456.851753190,5,0.052000
1648725456.871599415,3,0.039000
1648725456.890408731,5,0.074000
1648725456.910961118,5,0.076000
1648725456.931600564,3,0.017000
1648725456.950356473,2,0.019000
1648725456.972066906,2,0.011000
1648725456.990770046,6,0.067000
1648725457.010374502,6,0.062000
1648725457.029735577,1,0.001000
1648725457.048339787,6,0.063000
1648725457.068451589,3,0.025000
1648725457.087461031,7,0.069000
1648725457.108203563,0,0.017000
1648725457.128925846,3,0.043000
1648725457.147787154,0,0.014000
1648725457.168003726,1,0.037000
1648725457.189694099,6,0.064000
1648725457.209691389,2,0.010000
1648725457.229899932,10,0.110000
1648725457.249516381,2,0.037000
1648725457.269904429,6,0.069000
1648725457.290559962,0,0.000000
1648725457.309658379,10,0.106000
1648725457.329546593,1,0.000000
1648725457.348864032,19,0.214000
1648725457.369987839,10,0.115000
1648725457.389152667,1,0.016000
1648725457.408704059,3,0.027000
1648725457.428874683,0,0.029000
1648725457.451503372,4,0.036000
1648725457.471788773,2,0.011000
1648725457.493141240,6,0.040000
1648725457.514155253,9,0.081000
1648725457.535796299,3,0.061000
1648725457.555323852,6,0.085000
1648725457.574311490,4,0.046000
1648725457.593889396,1,0.000000
1648725457.613258408,3,0.025000
1648725457.632944935,3,0.001000
1648725457.653047432,1,0.039000
1648725457.672218194,1,0.018000
1648725457.691380600,11,0.168000
1648725457.714252982,1,0.016000
1648725457.733806874,8,0.078000
1648725457.754855979,2,0.000000
1648725457.773199434,2,0.032000
1648725457.793188382,0,0.004000
1648725457.814317516,7,0.062000
1648725457.833741837,1,0.001000
1648725457.853677511,4,0.057000
1648725457.874648995,0,0.007000
1648725457.894759032,1,0.016000
1648725457.912863760,0,0.002000
1648725457.932929268,1,0.017000
1648725457.953300342,0,0.000000
1648725457.972279690,3,0.029000
1648725457.992009707,2,0.014000
1648725458.012503070,4,0.043000
1648725458.031076431,5,0.105000
1648725458.052049177,1,0.012000
1648725458.072287882,3,0.029000
1648725458.090383811,1,0.000000
1648725458.113289898,2,0.012000
1648725458.132638521,5,0.066000
1648725458.151623327,5,0.053000
1648725458.170717308,0,0.000000
1648725458.190226866,3,0.021000
1648725458.208941371,4,0.032000
1648725458.226409021,0,0.000000
1648725458.247954840,0,0.011000
1648725458.266364159,3,0.024000
1648725458.287069315,3,0.021000
1648725458.307579123,9,0.128000
1648725458.327123255,10,0.093000
1648725458.346260644,5,0.045000
1648725458.368942729,0,0.005000
1648725458.388472852,10,0.146000
1648725458.409709228,2,0.011000
1648725458.429132768,0,0.007000
1648725458.449417056,3,0.007000
1648725458.468643329,5,0.062000
1648725458.489805423,1,0.010000
1648725458.509177534,19,0.191000
1648725458.528168164,24,0.286000
1648725458.546985800,3,0.045000
1648725458.566247720,0,0.005000
1648725458.586501618,5,0.046000
1648725458.607225037,20,0.205000
1648725458.627116114,34,0.391000
1648725458.648168496,17,0.198000
1648725458.665972977,1,0.036000
1648725458.686215433,0,0.000000
1648725458.705880256,2,0.014000
1648725458.724991084,3,0.058000
1648725458.744024277,2,0.004000
1648725458.764303589,0,0.013000
1648725458.781645851,0,0.021000
1648725458.801123647,4,0.038000
1648725458.821386482,10,0.084000
1648725458.841582582,0,0.000000
1648725458.861109291,0,0.004000
1648725458.879323406,0,0.000000
1648725458.900234544,9,0.094000
1648725458.920694644,5,0.045000
1648725458.940093441,1,0.020000
1648725458.957744244,6,0.055000
1648725458.980431246,1,0.006000
1648725458.999178577,1,0.011000
1648725459.019831040,1,0.020000
1648725459.039998043,4,0.073000
1648725459.059922345,1,0.015000
1648725459.080317020,13,0.172000
1648725459.099318751,1,0.022000
1648725459.119608085,5,0.053000
1648725459.141221192,1,0.000000
1648725459.161269259,3,0.035000
1648725459.180475377,0,0.003000
1648725459.199948479,1,0.011000
1648725459.221751685,1,0.033000
1648725459.240658918,0,0.007000
1648725459.261247948,0,0.000000
1648725459.279930457,9,0.089000
1648725459.301245800,0,0.003000
1648725459.320537886,1,0.005000
1648725459.340282476,5,0.042000
1648725459.361459283,14,0.181000
1648725459.380206980,0,0.000000
1648725459.400057129,0,0.019000
1648725459.421007066,2,0.005000
1648725459.441356626,0,0.000000
1648725459.460074270,0,0.000000
1648725459.479893370,0,0.000000
1648725459.499241824,3,0.026000
1648725459.519171369,2,0.046000
1648725459.541138341,8,0.078000
1648725459.560192597,1,0.004000
1648725459.580267929,10,0.132000
1648725459.600300370,11,0.107000
1648725459.618536639,0,0.014000
1648725459.639391267,4,0.057000
1648725459.657610323,1,0.014000
1648725459.678040730,12,0.150000
1648725459.699339603,2,0.018000
1648725459.718142683,0,0.000000
1648725459.739979758,1,0.039000
1648725459.760397301,0,0.000000
1648725459.778684301,5,0.035000
1648725459.801984344,1,0.025000
1648725459.821866678,4,0.044000
1648725459.843797016,2,0.005000
1648725459.864120281,4,0.053000
1648725459.887159504,0,0.000000
1648725459.906460061,1,0.007000
1648725459.924556497,0,0.006000
1648725459.943716199,8,0.097000
1648725459.963921872,3,0.036000
1648725459.981914999,0,0.016000
1648725460.001123043,1,0.004000
1648725460.020751283,1,0.000000
1648725460.040379338,2,0.005000
1648725460.059933511,7,0.046000
1648725460.079458178,0,0.000000
1648725460.099044869,7,0.066000
1648725460.119897886,1,0.003000
1648725460.140086556,3,0.030000
1648725460.161426718,3,0.018000
1648725460.182119045,0,0.000000
1648725460.200656397,3,0.019000
1648725460.220684088,3,0.013000
1648725460.238625129,1,0.011000
1648725460.259940799,0,0.000000
1648725460.279562034,3,0.058000
1648725460.301059555,1,0.006000
1648725460.320146997,1,0.017000
1648725460.341363382,0,0.004000
1648725460.361265295,3,0.043000
1648725460.380322021,1,0.022000
1648725460.400612488,2,0.014000
1648725460.420744111,1,0.000000
1648725460.439224017,1,0.023000
1648725460.458113512,1,0.003000
1648725460.476649058,1,0.000000
1648725460.496657739,0,0.000000
1648725460.517441540,1,0.014000
1648725460.537680776,2,0.024000
1648725460.557799789,4,0.050000
1648725460.578139581,2,0.040000
1648725460.599039682,2,0.033000
1648725460.618359158,0,0.006000
1648725460.637959099,11,0.133000
1648725460.658080060,1,0.034000
1648725460.678383244,3,0.025000
1648725460.698473515,1,0.017000
1648725460.716329875,17,0.221000
1648725460.736739799,18,0.251000
1648725460.757291626,2,0.030000
1648725460.777857263,2,0.047000
1648725460.798384720,0,0.004000
1648725460.816845672,2,0.021000
1648725460.837648566,9,0.113000
1648725460.856239618,13,0.165000
1648725460.875094584,1,0.003000
1648725460.894468310,3,0.049000
1648725460.914278240,2,0.007000
1648725460.934309285,13,0.143000
1648725460.953062411,3,0.035000
1648725460.972784496,1,0.014000
1648725460.993209093,2,0.000000
1648725461.012997670,1,0.047000
1648725461.034466697,0,0.000000
1648725461.054066749,0,0.000000
1648725461.073650708,0,0.000000
1648725461.094701830,6,0.083000
1648725461.115021663,2,0.008000
1648725461.132100041,7,0.085000
1648725461.152938088,3,0.038000
1648725461.172529091,6,0.047000
1648725461.191891570,0,0.001000
1648725461.211059024,3,0.021000
1648725461.231176318,4,0.082000
1648725461.248488832,23,0.267000
1648725461.269289569,8,0.114000
1648725461.287727016,3,0.033000
1648725461.307397524,2,0.040000
1648725461.327991919,0,0.007000
1648725461.346918173,3,0.036000
1648725461.366439767,3,0.036000
1648725461.385612140,0,0.000000
1648725461.404919977,4,0.065000
1648725461.425257918,0,0.002000
1648725461.444590114,6,0.032000
1648725461.464310806,0,0.000000
1648725461.484792484,10,0.075000
1648725461.506583032,6,0.080000
1648725461.527434383,3,0.007000
1648725461.546880115,7,0.092000
1648725461.566743766,0,0.000000
1648725461.587185748,2,0.011000
1648725461.607753420,1,0.042000
1648725461.628278724,5,0.070000
1648725461.648428925,2,0.036000
1648725461.668949157,1,0.010000
1648725461.689347710,0,0.005000
1648725461.709877365,3,0.052000
1648725461.730956619,6,0.080000
1648725461.751972372,7,0.070000
1648725461.770921719,1,0.017000
1648725461.791342590,0,0.016000
1648725461.811355178,17,0.203000
1648725461.831331939,10,0.122000
1648725461.851006771,2,0.007000
1648725461.869174269,4,0.060000
1648725461.889215242,0,0.003000
1648725461.909201895,7,0.072000
1648725461.930358934,0,0.011000
1648725461.950143974,1,0.046000
1648725461.971105003,0,0.018000
1648725461.990167522,2,0.013000
1648725462.010194808,1,0.000000
1648725462.031122377,5,0.058000
1648725462.050942526,1,0.030000
1648725462.071623004,1,0.027000
1648725462.091236031,0,0.004000
1648725462.110469262,2,0.028000
1648725462.132193459,1,0.002000
1648725462.154367803,1,0.026000
1648725462.174799818,2,0.011000
1648725462.194312953,4,0.028000
1648725462.215522640,2,0.004000
1648725462.235539743,4,0.078000
1648725462.256156481,2,0.015000
1648725462.275772947,0,0.009000
1648725462.295751983,3,0.039000
1648725462.314855270,2,0.015000
1648725462.335704347,0,0.011000
1648725462.355490530,1,0.031000
1648725462.375176039,0,0.013000
1648725462.394265897,0,0.000000
1648725462.413392747,1,0.001000
1648725462.431705110,5,0.064000
1648725462.450169604,1,0.035000
1648725462.470011808,3,0.044000
1648725462.492128505,0,0.000000
1648725462.513220292,2,0.023000
1648725462.535031238,0,0.000000
1648725462.558404552,19,0.232000
1648725462.578460938,0,0.000000
1648725462.598509987,3,0.019000
1648725462.618451880,0,0.000000
1648725462.638066546,12,0.146000
1648725462.659421355,3,0.014000
1648725462.678637533,2,0.031000
1648725462.698997116,0,0.000000
1648725462.720289357,0,0.025000
1648725462.742465193,0,0.002000
1648725462.762663147,1,0.013000
1648725462.783084663,3,0.034000
1648725462.803126011,2,0.024000
1648725462.822964491,4,0.037000
1648725462.843757996,3,0.016000
1648725462.863620461,3,0.025000
1648725462.885312995,4,0.035000
1648725462.905228468,1,0.000000
1648725462.926654450,0,0.006000
1648725462.945394687,1,0.030000
1648725462.964585921,2,0.043000
1648725462.983073119,1,0.031000
1648725463.002342551,5,0.061000
1648725463.021949707,1,0.009000
1648725463.042931282,5,0.078000
1648725463.064914066,1,0.019000
1648725463.086587416,4,0.044000
1648725463.105366361,1,0.018000
1648725463.125652351,0,0.000000
1648725463.147107786,0,0.011000
1648725463.165646232,1,0.009000
1648725463.185040305,0,0.000000
1648725463.203909294,1,0.004000
1648725463.225365244,1,0.024000
1648725463.246384387,3,0.021000
1648725463.266803276,1,0.008000
1648725463.287900059,3,0.024000
1648725463.307483193,0,0.007000
1648725463.328031497,3,0.017000
1648725463.347260466,3,0.021000
1648725463.367642535,1,0.021000
1648725463.387362653,5,0.046000
1648725463.407492538,1,0.034000
1648725463.429369912,0,0.005000
1648725463.449547957,1,0.000000
1648725463.470751972,2,0.026000
1648725463.491402065,1,0.030000
1648725463.511937297,1,0.004000
1648725463.531860997,0,0.006000
1648725463.552061589,3,0.036000
1648725463.573670252,0,0.000000
1648725463.593862908,1,0.013000
1648725463.614081411,1,0.018000
1648725463.635692810,4,0.088000
1648725463.656448002,2,0.040000
1648725463.676265878,1,0.006000
1648725463.696259746,2,0.016000
1648725463.714114588,4,0.028000
1648725463.735012530,3,0.028000
1648725463.752834074,1,0.000000
1648725463.772306693,1,0.044000
1648725463.792465118,6,0.081000
1648725463.811319332,2,0.049000
1648725463.830004329,1,0.031000
1648725463.850232545,1,0.005000
1648725463.870058633,0,0.022000
1648725463.890691852,2,0.016000
1648725463.908992530,0,0.015000
1648725463.930375974,3,0.030000
1648725463.949216973,1,0.011000
1648725463.968040280,3,0.024000
1648725463.989118643,3,0.028000
1648725464.008433189,0,0.008000
1648725464.027894650,3,0.028000
1648725464.048074041,0,0.007000
1648725464.067871781,0,0.000000
1648725464.088866547,2,0.021000
1648725464.108229731,0,0.006000
1648725464.127170848,3,0.033000
1648725464.144429986,0,0.000000
1648725464.164350343,2,0.006000
1648725464.184064030,3,0.036000
1648725464.205188701,0,0.013000
1648725464.225293667,4,0.048000
1648725464.245796244,0,0.000000
1648725464.265195989,2,0.026000
1648725464.284538638,3,0.038000
1648725464.304403342,3,0.001000
1648725464.324357230,7,0.088000
1648725464.345585537,10,0.125000
1648725464.368217106,2,0.057000
1648725464.389884035,6,0.061000
1648725464.410291757,1,0.012000
1648725464.429772700,7,0.078000
1648725464.449461765,2,0.006000
1648725464.470306174,5,0.050000
1648725464.490222671,2,0.016000
1648725464.510209220,0,0.017000
1648725464.528351247,1,0.016000
1648725464.548372719,0,0.018000
1648725464.568225971,0,0.029000
1648725464.588795324,4,0.046000
1648725464.610470556,2,0.000000
1648725464.632389452,10,0.128000
1648725464.651953536,2,0.012000
1648725464.669150922,3,0.051000
1648725464.689750639,0,0.000000
1648725464.708292985,0,0.006000
1648725464.727708715,0,0.005000
1648725464.746915928,4,0.035000
1648725464.767867540,1,0.027000
1648725464.785172248,4,0.057000
1648725464.806242201,2,0.039000
1648725464.826633064,0,0.005000
1648725464.845479341,0,0.024000
1648725464.867377718,0,0.000000
1648725464.885988606,2,0.031000
1648725464.906988645,0,0.021000
1648725464.926622259,0,0.000000
1648725464.945053694,1,0.030000
1648725464.964666431,0,0.030000
1648725464.982354855,2,0.000000
1648725465.002383662,1,0.004000
1648725465.024448089,1,0.031000
1648725465.044859380,3,0.013000
1648725465.065640619,1,0.013000
1648725465.085582965,4,0.051000
1648725465.105453287,1,0.034000
1648725465.123816642,3,0.031000
1648725465.143419214,1,0.004000
1648725465.165132974,7,0.047000
1648725465.186331908,3,0.023000
1648725465.205291212,6,0.091000
1648725465.225900607,1,0.014000
1648725465.244809833,5,0.039000
1648725465.265010295,1,0.018000
1648725465.284945644,0,0.000000
1648725465.303373608,0,0.004000
1648725465.325188743,3,0.023000
1648725465.344431106,3,0.023000
1648725465.364238849,5,0.032000
1648725465.386187710,3,0.032000
1648725465.407019900,1,0.016000
1648725465.426064883,0,0.021000
1648725465.444088158,2,0.027000
1648725465.464960711,2,0.019000
1648725465.483477549,3,0.060000
1648725465.504032772,3,0.036000
1648725465.524670887,10,0.113000
1648725465.545281276,1,0.015000
1648725465.565270018,7,0.056000
1648725465.584477293,1,0.036000
1648725465.602093966,7,0.102000
1648725465.620634660,9,0.103000
1648725465.642369227,3,0.001000
1648725465.661607206,0,0.009000
1648725465.681199317,8,0.096000
1648725465.699651938,4,0.031000
1648725465.719803028,9,0.101000
1648725465.740989562,17,0.171000
1648725465.760244516,4,0.025000
1648725465.780930405,1,0.011000
1648725465.801800166,2,0.025000
1648725465.823549320,0,0.011000
1648725465.843708701,2,0.046000
1648725465.866179024,2,0.011000
1648725465.886625730,11,0.118000
1648725465.907531108,0,0.001000
1648725465.930737886,1,0.004000
1648725465.953962483,0,0.000000
1648725465.973955551,2,0.013000
1648725465.995472576,4,0.046000
1648725466.014497430,9,0.088000
1648725466.034006294,1,0.000000
1648725466.053048806,12,0.140000
1648725466.074921150,0,0.000000
1648725466.094425952,3,0.040000
1648725466.114071923,1,0.007000
1648725466.133721540,4,0.037000
1648725466.154257742,0,0.000000
1648725466.174013436,6,0.069000
1648725466.193460861,1,0.003000
1648725466.214989965,8,0.068000
1648725466.235467578,1,0.001000
1648725466.256606743,3,0.035000
1648725466.277300287,2,0.021000
1648725466.298077649,16,0.196000
1648725466.318125927,7,0.085000
1648725466.338225162,1,0.000000
1648725466.357580480,0,0.000000
1648725466.377539235,1,0.000000
1648725466.397449767,3,0.046000
1648725466.417198665,0,0.019000
1648725466.435221691,4,0.048000
1648725466.457221990,1,0.005000
1648725466.475475613,4,0.046000
1648725466.496796410,0,0.000000
1648725466.516953521,0,0.001000
1648725466.536320422,9,0.093000
1648725466.556013555,2,0.016000
1648725466.574153377,2,0.005000
1648725466.596841095,2,0.008000
1648725466.617401176,0,0.000000
1648725466.636021905,0,0.000000
1648725466.655280077,13,0.149000
1648725466.674247451,8,0.093000
1648725466.694357451,1,0.004000
1648725466.713842612,0,0.005000
1648725466.734510195,2,0.000000
1648725466.755315345,1,0.024000
1648725466.774694313,1,0.014000
1648725466.795136389,0,0.000000
1648725466.814565314,3,0.017000
1648725466.835138673,2,0.007000
1648725466.854547880,6,0.081000
1648725466.874681221,1,0.003000
1648725466.894364878,18,0.213000
1648725466.912914762,19,0.238000
1648725466.931871951,0,0.009000
1648725466.951063608,1,0.030000
1648725466.971490822,1,0.000000
1648725466.992374698,0,0.000000
1648725467.011171624,1,0.010000
1648725467.032128767,1,0.018000
1648725467.052073098,0,0.000000
1648725467.070579163,7,0.053000
1648725467.090797900,3,0.031000
1648725467.111438257,11,0.121000
1648725467.131463214,1,0.012000
1648725467.151415596,9,0.116000
1648725467.171671650,0,0.000000
1648725467.190595452,0,0.017000
1648725467.211258321,1,0.017000
1648725467.231142020,0,0.000000
1648725467.252792663,0,0.011000
1648725467.273931388,2,0.024000
1648725467.294134692,0,0.017000
1648725467.314358850,4,0.024000
1648725467.335589419,1,0.009000
1648725467.355888008,8,0.083000
1648725467.375901228,2,0.039000
1648725467.395550175,9,0.096000
1648725467.414762912,15,0.148000
1648725467.435670948,0,0.000000
1648725467.455895341,4,0.035000
1648725467.478090922,1,0.000000
1648725467.498703903,1,0.000000
1648725467.518334161,0,0.014000
1648725467.539336670,3,0.007000
1648725467.561266944,2,0.029000
1648725467.581319317,2,0.002000
1648725467.599595995,2,0.026000
1648725467.618590320,0,0.007000
1648725467.639018838,1,0.004000
1648725467.658125669,2,0.006000
1648725467.678581982,1,0.000000
1648725467.697879276,3,0.023000
1648725467.720330263,1,0.000000
1648725467.741184173,1,0.012000
1648725467.762327355,4,0.026000
1648725467.782938698,1,0.004000
1648725467.803391907,4,0.021000
1648725467.824439457,2,0.023000
1648725467.844165893,0,0.000000
1648725467.863732870,3,0.015000
1648725467.884174141,0,0.011000
1648725467.904997720,2,0.018000
1648725467.924650673,0,0.000000
1648725467.945090467,9,0.116000
1648725467.965269528,1,0.035000
1648725467.984280171,4,0.061000
1648725468.004773738,2,0.023000
1648725468.025250660,7,0.059000
1648725468.045430760,1,0.024000
1648725468.064083242,9,0.104000
1648725468.083673798,7,0.097000
1648725468.103619521,3,0.017000
1648725468.122863150,1,0.000000
1648725468.142576004,1,0.040000
1648725468.166661263,2,0.033000
1648725468.188605389,3,0.042000
1648725468.208311441,3,0.041000
1648725468.229709221,1,0.000000
1648725468.249254566,10,0.099000
1648725468.269197226,8,0.058000
1648725468.289105404,3,0.052000
1648725468.311054504,3,0.035000
1648725468.331877633,1,0.006000
1648725468.353878001,0,0.011000
1648725468.373816396,2,0.024000
1648725468.392829891,2,0.015000
1648725468.412738949,0,0.000000
1648725468.433720543,3,0.037000
1648725468.457043154,3,0.030000
1648725468.476364184,1,0.033000
1648725468.496471604,3,0.032000
1648725468.516900423,2,0.032000
1648725468.537331998,0,0.000000
1648725468.558064730,8,0.053000
1648725468.576209015,0,0.018000
1648725468.595276330,4,0.039000
1648725468.614234285,4,0.030000
1648725468.633488530,0,0.000000
1648725468.651627362,0,0.008000
1648725468.672230117,0,0.008000
1648725468.692591299,4,0.051000
1648725468.712396920,0,0.000000
1648725468.733154807,18,0.212000
1648725468.753412276,8,0.108000
1648725468.772158621,0,0.004000
1648725468.791325113,5,0.065000
1648725468.811032676,5,0.053000
1648725468.832183977,12,0.121000
1648725468.851400451,2,0.020000
1648725468.869094504,9,0.093000
1648725468.889492063,1,0.016000
1648725468.908510199,7,0.085000
1648725468.928222030,2,0.000000
1648725468.946301263,2,0.030000
1648725468.966306975,2,0.014000
1648725468.985338798,3,0.032000
1648725469.003649698,2,0.033000
1648725469.021982498,0,0.010000
1648725469.043499839,0,0.008000
1648725469.064018455,1,0.008000
1648725469.081729460,0,0.013000
1648725469.102410098,1,0.006000
1648725469.122003771,2,0.037000
1648725469.142547051,4,0.018000
1648725469.163210467,6,0.063000
1648725469.185437843,0,0.005000
1648725469.205633383,15,0.189000
1648725469.226642738,1,0.027000
1648725469.245409492,3,0.031000
1648725469.265965705,1,0.000000
1648725469.288377298,18,0.206000
1648725469.309129945,17,0.213000
1648725469.329342436,0,0.000000
1648725469.350327815,2,0.024000
1648725469.370841009,1,0.019000
1648725469.392651916,0,0.008000
1648725469.413087123,4,0.039000
1648725469.434143703,0,0.011000
1648725469.454001341,10,0.109000
1648725469.474503007,6,0.067000
1648725469.494090898,5,0.046000
1648725469.514492934,1,0.033000
1648725469.533224976,0,0.025000
1648725469.553085490,5,0.083000
1648725469.572283706,2,0.012000
1648725469.594059501,0,0.000000
1648725469.612927604,4,0.037000
1648725469.633419482,4,0.038000
1648725469.655445854,0,0.000000
1648725469.677383680,2,0.017000
1648725469.698997328,2,0.010000
1648725469.717456979,6,0.063000
1648725469.735735233,2,0.013000
1648725469.755419389,7,0.082000
1648725469.776781673,1,0.011000
1648725469.795992715,0,0.007000
1648725469.817007904,1,0.025000
1648725469.837148504,2,0.021000
1648725469.858210109,5,0.080000
1648725469.877073590,2,0.008000
1648725469.895934193,1,0.036000
1648725469.915627294,0,0.000000
1648725469.936580134,6,0.070000
1648725469.958653057,3,0.011000
1648725469.978352633,1,0.025000
1648725469.997165118,0,0.000000
1648725470.018006769,1,0.000000
1648725470.038741025,0,0.006000
1648725470.058010345,1,0.010000
1648725470.078606937,0,0.015000
1648725470.098882547,4,0.063000
1648725470.118440844,1,0.000000
1648725470.139630918,3,0.012000
1648725470.159890822,0,0.005000
1648725470.179905694,1,0.016000
1648725470.198918279,0,0.007000
1648725470.218185754,1,0.016000
1648725470.236754658,3,0.024000
1648725470.255881747,0,0.000000
1648725470.275191350,6,0.069000
1648725470.294429365,1,0.017000
1648725470.313083698,2,0.023000
1648725470.332764329,2,0.021000
1648725470.352382782,5,0.047000
1648725470.370788157,1,0.000000
1648725470.389672155,5,0.063000
1648725470.408211470,1,0.008000
1648725470.428367468,3,0.024000
1648725470.448405552,0,0.019000
1648725470.468943193,1,0.029000
1648725470.489343358,1,0.007000
1648725470.508963348,5,0.092000
1648725470.528259981,1,0.011000
1648725470.549577938,2,0.018000
1648725470.570270329,2,0.007000
1648725470.589885881,1,0.004000
1648725470.611973693,4,0.059000
1648725470.634872689,4,0.051000
1648725470.655122389,2,0.024000
1648725470.674380246,0,0.004000
1648725470.693892717,2,0.012000
1648725470.714792236,4,0.025000
1648725470.733985176,0,0.014000
1648725470.756071277,1,0.010000
1648725470.776478798,1,0.028000
1648725470.796763764,1,0.019000
1648725470.817716359,0,0.005000
1648725470.836862195,2,0.034000
1648725470.857296046,4,0.013000
1648725470.875959734,3,0.001000
1648725470.894728659,4,0.038000
1648725470.915108086,3,0.028000
1648725470.935486399,1,0.027000
1648725470.957027853,3,0.033000
1648725470.977142357,0,0.028000
1648725470.996097555,2,0.027000
1648725471.017207556,0,0.000000
1648725471.040491194,2,0.021000
1648725471.061204782,1,0.013000
1648725471.081420500,3,0.036000
1648725471.100751086,5,0.048000
1648725471.119968005,2,0.019000
1648725471.139236457,5,0.052000
1648725471.156888491,2,0.013000
1648725471.177272262,0,0.029000
1648725471.195931876,1,0.004000
1648725471.215385996,2,0.026000
1648725471.236736211,0,0.000000
1648725471.255948838,0,0.010000
1648725471.277653636,2,0.016000
1648725471.298655059,1,0.018000
1648725471.316320136,2,0.066000
1648725471.336217046,2,0.019000
1648725471.355306897,7,0.062000
1648725471.374586902,4,0.039000
1648725471.396159217,9,0.106000
1648725471.415258437,0,0.000000
1648725471.435359429,1,0.015000
1648725471.454866664,14,0.164000
1648725471.476183786,4,0.034000
1648725471.495446453,3,0.014000
1648725471.515804330,4,0.050000
1648725471.535093333,0,0.013000
1648725471.553976197,0,0.000000
1648725471.573021602,0,0.000000
1648725471.593021629,0,0.005000
1648725471.613205058,3,0.037000
1648725471.635436326,0,0.000000
1648725471.656258180,18,0.243000
1648725471.675311228,18,0.194000
1648725471.694422260,0,0.013000
1648725471.713251067,1,0.021000
1648725471.733374020,0,0.003000
1648725471.752261540,1,0.035000
1648725471.772636616,4,0.030000
1648725471.791338519,2,0.028000
1648725471.812412380,0,0.000000
1648725471.833507566,3,0.012000
1648725471.853073565,1,0.026000
1648725471.874002699,2,0.016000
1648725471.893763097,2,0.040000
1648725471.915068010,0,0.010000
1648725471.935558003,1,0.027000
1648725471.955451592,2,0.027000
1648725471.975822582,0,0.013000
1648725471.995172295,1,0.022000
1648725472.015269365,10,0.102000
1648725472.035965050,0,0.000000
1648725472.055762350,7,0.076000
1648725472.076783568,1,0.028000
1648725472.095226915,8,0.114000
1648725472.116103583,1,0.008000
1648725472.134916763,1,0.014000
1648725472.153757038,2,0.035000
1648725472.173359595,6,0.103000
1648725472.193019552,0,0.000000
1648725472.211542695,0,0.008000
1648725472.231166970,2,0.007000
1648725472.251755581,0,0.005000
1648725472.271201656,5,0.054000
1648725472.290209383,3,0.003000
1648725472.311387038,1,0.011000
1648725472.333080520,2,0.037000
1648725472.351985183,5,0.084000
1648725472.371509074,3,0.030000
1648725472.390325165,2,0.000000
1648725472.410136840,4,0.055000
1648725472.430657133,2,0.001000
1648725472.448075291,1,0.004000
1648725472.468024112,2,0.018000
1648725472.488405099,0,0.004000
1648725472.507040562,15,0.166000
1648725472.526567015,7,0.071000
1648725472.547724064,2,0.010000
1648725472.568276882,1,0.008000
