1648724203.387564219,0,0.000000
1648724203.408651127,3,0.027000
1648724203.432210230,0,0.000000
1648724203.455101746,8,0.105000
1648724203.479162059,2,0.016000
1648724203.502261301,3,0.029000
1648724203.524562062,1,0.034000
1648724203.545981019,0,0.000000
1648724203.567452296,0,0.011000
1648724203.591133549,2,0.019000
1648724203.613801127,2,0.022000
1648724203.637042032,2,0.019000
1648724203.661143799,7,0.090000
1648724203.684120816,0,0.000000
1648724203.704803443,0,0.010000
1648724203.726927630,0,0.007000
1648724203.750863194,1,0.011000
1648724203.773790174,1,0.001000
1648724203.796613845,0,0.040000
1648724203.820045787,1,0.005000
1648724203.841789138,3,0.027000
1648724203.864291684,0,0.000000
1648724203.885505098,0,0.020000
1648724203.907687656,0,0.011000
1648724203.930143931,2,0.005000
1648724203.953477812,0,0.000000
1648724203.975743591,1,0.003000
1648724203.998442874,3,0.044000
1648724204.022997755,4,0.035000
1648724204.046129455,2,0.005000
1648724204.068619995,0,0.009000
1648724204.091802096,1,0.011000
1648724204.114309885,0,0.000000
1648724204.136620488,1,0.000000
1648724204.157374532,0,0.000000
1648724204.180447622,0,0.000000
1648724204.204273272,0,0.000000
1648724204.227727394,1,0.016000
1648724204.250751595,0,0.015000
1648724204.272494980,2,0.013000
1648724204.296724026,0,0.000000
1648724204.319629416,3,0.037000
1648724204.344441527,0,0.000000
1648724204.365941987,2,0.021000
1648724204.388815881,2,0.027000
1648724204.412000901,0,0.000000
1648724204.432968640,0,0.000000
1648724204.455465692,1,0.018000
1648724204.478181224,1,0.008000
1648724204.501537330,1,0.000000
1648724204.524050925,0,0.020000
1648724204.545995074,4,0.041000
1648724204.569152319,2,0.000000
1648724204.592314569,3,0.030000
1648724204.614701080,1,0.023000
1648724204.637475614,1,0.007000
1648724204.659553234,0,0.000000
1648724204.682719946,0,0.031000
1648724204.706685838,0,0.029000
1648724204.728172212,1,0.013000
1648724204.750232784,0,0.010000
1648724204.772428913,3,0.052000
1648724204.796458565,0,0.000000
1648724204.818804350,0,0.011000
1648724204.839403248,2,0.015000
1648724204.863425716,0,0.006000
1648724204.886217322,1,0.004000
1648724204.909363152,0,0.004000
1648724204.931960974,1,0.016000
1648724204.956156866,1,0.034000
1648724204.981058602,0,0.003000
1648724205.002207599,0,0.007000
1648724205.023534316,0,0.019000
1648724205.044653114,1,0.001000
1648724205.067618377,3,0.024000
1648724205.090939612,1,0.009000
1648724205.114128560,0,0.001000
1648724205.134950905,0,0.000000
1648724205.157194868,1,0.029000
1648724205.180464232,0,0.007000
1648724205.203745134,0,0.001000
1648724205.226163521,1,0.028000
1648724205.250440566,4,0.036000
1648724205.273678091,0,0.000000
1648724205.297495966,3,0.030000
1648724205.320570537,0,0.046000
1648724205.343300568,1,0.000000
1648724205.366713737,2,0.006000
1648724205.390183820,1,0.010000
1648724205.413711209,1,0.001000
1648724205.435021241,0,0.000000
1648724205.458190709,1,0.021000
1648724205.481130777,0,0.000000
1648724205.501757421,5,0.062000
1648724205.525480636,0,0.028000
1648724205.549017165,0,0.000000
1648724205.570265580,2,0.032000
1648724205.592797663,1,0.011000
1648724205.615583653,0,0.000000
1648724205.640179698,3,0.037000
1648724205.664551988,3,0.040000
1648724205.688264160,1,0.007000
1648724205.711966975,13,0.171000
1648724205.733505329,0,0.023000
1648724205.754907951,4,0.037000
1648724205.778452673,2,0.033000
1648724205.804548685,1,0.018000
1648724205.826313227,1,0.012000
1648724205.850340554,0,0.000000
1648724205.873753193,0,0.005000
1648724205.894868054,1,0.006000
1648724205.916099693,0,0.000000
1648724205.941158556,1,0.010000
1648724205.961862501,3,0.039000
1648724205.983312016,4,0.058000
1648724206.005148380,1,0.001000
1648724206.028118648,5,0.067000
1648724206.051947802,0,0.019000
1648724206.074773206,0,0.000000
1648724206.095259139,0,0.000000
1648724206.117568041,0,0.004000
1648724206.143599240,3,0.047000
1648724206.164476302,0,0.008000
1648724206.186706666,10,0.087000
1648724206.210504591,0,0.010000
1648724206.234446519,1,0.000000
1648724206.256380948,10,0.118000
1648724206.279992604,1,0.000000
1648724206.302005695,3,0.057000
1648724206.323478713,1,0.017000
1648724206.346494135,1,0.020000
1648724206.369968125,1,0.017000
1648724206.391367010,0,0.000000
1648724206.413258230,0,0.000000
1648724206.438383124,0,0.003000
1648724206.460632396,1,0.030000
1648724206.485507241,0,0.007000
1648724206.510709862,2,0.019000
1648724206.534827214,3,0.029000
1648724206.555382324,5,0.058000
1648724206.579367515,1,0.006000
1648724206.602965500,5,0.037000
1648724206.625478622,4,0.053000
1648724206.649011077,2,0.031000
1648724206.672309899,5,0.036000
1648724206.696569772,0,0.000000
1648724206.719474317,2,0.022000
1648724206.742121223,7,0.086000
1648724206.767006856,1,0.034000
1648724206.790410532,0,0.000000
1648724206.814034897,1,0.011000
1648724206.836580561,0,0.024000
1648724206.859954460,1,0.006000
1648724206.882075226,0,0.000000
1648724206.904439924,0,0.001000
1648724206.926389683,2,0.000000
1648724206.950357322,1,0.000000
1648724206.974235652,0,0.007000
1648724206.996954752,0,0.009000
1648724207.019776663,0,0.011000
1648724207.044469893,3,0.029000
1648724207.068534828,0,0.000000
1648724207.092143629,2,0.001000
1648724207.115044509,0,0.000000
1648724207.137549912,0,0.014000
1648724207.162202128,3,0.028000
1648724207.184182804,2,0.023000
1648724207.206463220,3,0.038000
1648724207.230535953,3,0.046000
1648724207.251671343,0,0.012000
1648724207.274581494,1,0.005000
1648724207.295566265,0,0.000000
1648724207.317282913,0,0.004000
1648724207.340314310,2,0.023000
1648724207.362174031,0,0.010000
1648724207.384501755,3,0.021000
1648724207.406324540,0,0.012000
1648724207.428080430,0,0.000000
1648724207.452419856,3,0.026000
1648724207.474469838,3,0.011000
1648724207.496740594,0,0.017000
1648724207.519180950,0,0.000000
1648724207.541430536,0,0.000000
1648724207.563298165,0,0.000000
1648724207.586950340,0,0.018000
1648724207.608554337,2,0.010000
1648724207.632400859,15,0.155000
1648724207.654804769,1,0.008000
1648724207.677288566,2,0.002000
1648724207.700983764,1,0.024000
1648724207.722145138,1,0.000000
1648724207.743390364,1,0.007000
1648724207.765296490,1,0.009000
1648724207.787839887,0,0.003000
1648724207.812039741,2,0.009000
1648724207.835387174,1,0.012000
1648724207.857209662,0,0.000000
1648724207.881140413,0,0.000000
1648724207.905450430,3,0.033000
1648724207.928144432,0,0.000000
1648724207.951984751,2,0.009000
1648724207.973106328,5,0.039000
1648724207.997266681,0,0.011000
1648724208.021260889,0,0.000000
1648724208.042461388,7,0.083000
1648724208.064901538,0,0.000000
1648724208.088414215,5,0.060000
1648724208.108646351,0,0.000000
1648724208.131547634,0,0.000000
1648724208.154934449,3,0.021000
1648724208.177454425,0,0.000000
1648724208.199001202,2,0.028000
1648724208.221651992,1,0.025000
1648724208.245205919,0,0.004000
1648724208.266707338,2,0.028000
1648724208.291272530,8,0.088000
1648724208.314110527,0,0.000000
1648724208.335903490,0,0.000000
1648724208.357914832,0,0.000000
1648724208.381069905,1,0.023000
1648724208.402664150,4,0.041000
1648724208.423958149,0,0.000000
1648724208.445973795,6,0.057000
1648724208.467519650,0,0.000000
1648724208.486067791,0,0.001000
1648724208.508384645,1,0.010000
1648724208.531886995,0,0.000000
1648724208.552935707,0,0.000000
1648724208.574277569,0,0.000000
1648724208.597984738,0,0.000000
1648724208.621653407,7,0.093000
1648724208.644177648,1,0.012000
1648724208.667145725,3,0.057000
1648724208.687150628,1,0.001000
1648724208.708354802,1,0.020000
1648724208.728931822,2,0.018000
1648724208.751947702,4,0.084000
1648724208.773907454,0,0.018000
1648724208.795033649,0,0.001000
1648724208.818225008,1,0.004000
1648724208.842230103,2,0.012000
1648724208.864425235,0,0.005000
1648724208.887603066,3,0.038000
1648724208.910588098,1,0.007000
1648724208.933027612,1,0.005000
1648724208.952068914,2,0.019000
1648724208.976220951,4,0.017000
1648724208.997051501,1,0.000000
1648724209.020268198,0,0.019000
1648724209.042286775,5,0.047000
1648724209.065310274,0,0.000000
1648724209.088696933,7,0.097000
1648724209.113194057,2,0.016000
1648724209.134547674,0,0.009000
1648724209.158135828,1,0.003000
1648724209.179333504,0,0.000000
1648724209.201252021,2,0.031000
1648724209.222670408,1,0.027000
1648724209.246647875,2,0.016000
1648724209.267829403,0,0.000000
1648724209.289962485,4,0.026000
1648724209.311448402,3,0.021000
1648724209.331764020,2,0.021000
1648724209.351734459,1,0.017000
1648724209.373047330,1,0.006000
1648724209.392750024,16,0.196000
1648724209.413940378,2,0.023000
1648724209.434880869,2,0.046000
1648724209.455652295,1,0.019000
1648724209.477806538,9,0.111000
1648724209.500116766,3,0.057000
1648724209.522506785,3,0.007000
1648724209.544246778,1,0.000000
1648724209.563915479,2,0.014000
1648724209.585919289,6,0.078000
1648724209.606917676,5,0.050000
1648724209.627796173,1,0.004000
1648724209.648304050,1,0.031000
1648724209.670368911,1,0.001000
1648724209.692255452,1,0.010000
1648724209.716140331,1,0.000000
1648724209.737293674,0,0.000000
1648724209.757934647,3,0.013000
1648724209.780101646,0,0.015000
1648724209.802326118,0,0.022000
1648724209.824114683,1,0.010000
1648724209.846290509,1,0.000000
1648724209.866294000,2,0.025000
1648724209.888237261,0,0.000000
1648724209.911827452,1,0.021000
1648724209.933318264,1,0.003000
1648724209.955839462,0,0.010000
1648724209.976744291,2,0.013000
1648724209.998980315,1,0.009000
1648724210.020030841,2,0.032000
1648724210.040963264,3,0.049000
1648724210.062110965,1,0.038000
1648724210.083132054,2,0.026000
1648724210.103187030,0,0.000000
1648724210.124447451,2,0.009000
1648724210.145458918,0,0.008000
1648724210.167938853,2,0.016000
1648724210.191221523,2,0.014000
1648724210.215719421,2,0.018000
1648724210.237012072,0,0.012000
1648724210.257537083,0,0.035000
1648724210.280944875,1,0.007000
1648724210.301212461,1,0.011000
1648724210.325038932,2,0.023000
1648724210.346270185,4,0.028000
1648724210.368543195,10,0.112000
1648724210.389461995,2,0.017000
1648724210.410236422,3,0.029000
1648724210.430464715,1,0.022000
1648724210.451380987,0,0.000000
1648724210.473548300,2,0.001000
1648724210.494557864,1,0.007000
1648724210.517374223,0,0.008000
1648724210.537448867,0,0.010000
1648724210.559572993,0,0.000000
1648724210.579963620,0,0.000000
1648724210.603364619,1,0.002000
1648724210.623394844,0,0.004000
1648724210.646546790,10,0.135000
1648724210.670257793,0,0.011000
1648724210.691503315,0,0.013000
1648724210.715165413,0,0.000000
1648724210.737485667,0,0.001000
1648724210.759302074,2,0.020000
1648724210.780666418,1,0.030000
1648724210.801879781,5,0.055000
1648724210.823052737,0,0.016000
1648724210.845933123,0,0.000000
1648724210.865760144,1,0.012000
1648724210.886293903,1,0.003000
1648724210.909407471,1,0.009000
1648724210.930611103,2,0.000000
1648724210.950320072,0,0.000000
1648724210.970604125,0,0.000000
1648724210.990875950,0,0.000000
1648724211.011727659,1,0.017000
1648724211.034250220,0,0.001000
1648724211.054351120,2,0.017000
1648724211.075900129,0,0.000000
1648724211.098936782,2,0.014000
1648724211.119000443,1,0.004000
1648724211.139972581,2,0.012000
1648724211.159911130,5,0.050000
1648724211.183666809,1,0.003000
1648724211.204265315,2,0.023000
1648724211.224261041,1,0.014000
1648724211.246407928,0,0.025000
1648724211.268495158,1,0.000000
1648724211.289646199,1,0.018000
1648724211.312207504,3,0.032000
1648724211.333848799,0,0.000000
1648724211.354743715,8,0.074000
1648724211.375406425,1,0.016000
1648724211.398494990,0,0.007000
1648724211.418898619,1,0.002000
1648724211.439988377,2,0.023000
1648724211.462446439,0,0.010000
1648724211.482741050,1,0.024000
1648724211.503125552,4,0.058000
1648724211.524289198,0,0.003000
1648724211.548017591,0,0.003000
1648724211.569025675,2,0.017000
1648724211.588035802,0,0.000000
1648724211.609451245,0,0.000000
1648724211.631755741,2,0.019000
1648724211.652071279,0,0.000000
1648724211.674206937,0,0.000000
1648724211.694474439,0,0.000000
1648724211.713319775,2,0.001000
1648724211.735780775,0,0.011000
1648724211.754651120,4,0.029000
1648724211.776214234,0,0.010000
1648724211.795223981,1,0.007000
1648724211.815574174,1,0.012000
1648724211.835127058,1,0.032000
1648724211.855877070,7,0.079000
1648724211.879353712,4,0.026000
1648724211.899494674,0,0.011000
1648724211.921580459,1,0.010000
1648724211.942182538,0,0.003000
1648724211.964683784,2,0.024000
1648724211.986861669,1,0.009000
1648724212.007054469,1,0.026000
1648724212.027445364,1,0.014000
1648724212.049101350,0,0.005000
1648724212.071296447,3,0.029000
1648724212.094008643,0,0.032000
1648724212.114000132,2,0.018000
1648724212.132587938,1,0.022000
1648724212.154216194,0,0.011000
1648724212.173142890,0,0.000000
1648724212.194010607,0,0.000000
1648724212.216057780,2,0.014000
1648724212.237398365,0,0.006000
1648724212.261488397,2,0.025000
1648724212.284063632,0,0.000000
1648724212.306983268,2,0.015000
1648724212.328458254,0,0.011000
1648724212.347266826,2,0.000000
1648724212.368117093,0,0.012000
1648724212.389999069,2,0.015000
1648724212.411057915,3,0.026000
1648724212.431933347,0,0.011000
1648724212.452452841,3,0.042000
1648724212.471961815,2,0.020000
1648724212.492899880,9,0.102000
1648724212.516655204,1,0.009000
1648724212.537645119,1,0.015000
1648724212.557105728,0,0.005000
1648724212.579924600,2,0.013000
1648724212.599111987,0,0.006000
1648724212.619954987,1,0.011000
1648724212.643134479,2,0.037000
1648724212.663785442,1,0.013000
1648724212.687508142,1,0.034000
1648724212.709030468,0,0.009000
1648724212.730213177,2,0.012000
1648724212.752089686,9,0.118000
1648724212.774421236,0,0.000000
1648724212.795703800,0,0.004000
1648724212.818795666,0,0.000000
1648724212.840432604,1,0.002000
1648724212.860995420,1,0.012000
1648724212.883996157,0,0.000000
1648724212.905190437,6,0.084000
1648724212.926700347,0,0.007000
1648724212.948156792,0,0.000000
1648724212.967957106,0,0.011000
1648724212.989456884,1,0.038000
1648724213.011761748,2,0.006000
1648724213.034800233,0,0.011000
1648724213.056495393,0,0.004000
1648724213.079656142,1,0.003000
1648724213.102048112,0,0.001000
1648724213.124121137,1,0.000000
1648724213.143564591,5,0.032000
1648724213.165780912,0,0.000000
1648724213.189864021,3,0.020000
1648724213.211833697,1,0.004000
1648724213.233657736,0,0.000000
1648724213.254666328,0,0.007000
1648724213.277903012,2,0.048000
1648724213.299182499,0,0.000000
1648724213.321800733,2,0.026000
1648724213.341821635,1,0.015000
1648724213.363727774,3,0.014000
1648724213.386567650,3,0.034000
1648724213.408466944,5,0.050000
1648724213.429802181,1,0.004000
1648724213.450525127,1,0.000000
1648724213.473293713,0,0.018000
1648724213.496091990,3,0.029000
1648724213.520598314,1,0.009000
1648724213.543279848,0,0.000000
1648724213.565820809,0,0.010000
1648724213.588424404,0,0.004000
1648724213.610483473,0,0.001000
1648724213.632226628,0,0.014000
1648724213.654330889,0,0.000000
1648724213.676161392,3,0.041000
1648724213.698592456,0,0.000000
1648724213.717976965,1,0.007000
1648724213.742368576,0,0.024000
1648724213.766310089,6,0.090000
1648724213.785953094,0,0.000000
1648724213.808247477,4,0.045000
1648724213.829719774,0,0.000000
1648724213.848011186,6,0.036000
1648724213.870609351,1,0.021000
1648724213.891937805,0,0.000000
1648724213.914152291,3,0.025000
1648724213.934594646,0,0.000000
1648724213.956434899,1,0.021000
1648724213.976074576,0,0.000000
1648724213.998585844,3,0.024000
1648724214.019837753,3,0.014000
1648724214.042567356,0,0.000000
1648724214.063643134,0,0.018000
1648724214.086315793,0,0.000000
1648724214.108420072,3,0.016000
1648724214.128272790,9,0.117000
1648724214.149234665,0,0.005000
1648724214.170529544,6,0.062000
1648724214.193184757,2,0.011000
1648724214.214466327,1,0.011000
1648724214.237099016,0,0.000000
1648724214.259067467,0,0.001000
1648724214.279455507,2,0.015000
1648724214.301281715,1,0.000000
1648724214.322674648,0,0.000000
1648724214.342214204,0,0.000000
1648724214.362313213,2,0.012000
1648724214.385173658,0,0.005000
1648724214.407938185,1,0.021000
1648724214.427572400,0,0.009000
1648724214.449743505,1,0.010000
1648724214.469919736,2,0.013000
1648724214.492929977,1,0.013000
1648724214.514542711,0,0.004000
1648724214.534045217,2,0.015000
1648724214.556877462,0,0.000000
1648724214.579229510,1,0.000000
1648724214.598987466,3,0.033000
1648724214.620346314,0,0.000000
1648724214.641720148,7,0.091000
1648724214.665396273,0,0.003000
1648724214.686839826,0,0.000000
1648724214.710017331,0,0.000000
1648724214.733098222,0,0.012000
1648724214.754656372,0,0.000000
1648724214.776052395,5,0.072000
1648724214.796252524,3,0.009000
1648724214.818935696,1,0.004000
1648724214.838213082,1,0.015000
1648724214.858298704,0,0.000000
1648724214.878396618,0,0.013000
1648724214.899657760,3,0.028000
1648724214.923148095,3,0.024000
1648724214.946817374,9,0.092000
1648724214.967919180,0,0.000000
1648724214.989260026,4,0.038000
1648724215.010308939,1,0.000000
1648724215.030370825,3,0.031000
1648724215.052093996,3,0.015000
1648724215.075561557,3,0.019000
1648724215.097221805,2,0.024000
1648724215.115578248,1,0.005000
1648724215.136814214,1,0.008000
1648724215.159717101,1,0.000000
1648724215.179221689,0,0.003000
1648724215.200903276,2,0.046000
1648724215.223048653,1,0.008000
1648724215.244937458,13,0.169000
1648724215.268275513,1,0.001000
1648724215.288200635,2,0.029000
1648724215.309262683,4,0.076000
1648724215.328251340,1,0.008000
1648724215.350495244,2,0.024000
1648724215.372939316,0,0.000000
1648724215.393820474,0,0.014000
1648724215.417118250,2,0.005000
1648724215.440985166,2,0.017000
1648724215.463589681,0,0.000000
1648724215.485173549,0,0.000000
1648724215.506730643,0,0.000000
1648724215.527126417,0,0.014000
1648724215.547833176,0,0.012000
1648724215.570167303,3,0.036000
1648724215.590865025,7,0.082000
1648724215.611135003,1,0.032000
1648724215.632680496,1,0.019000
1648724215.655337042,0,0.000000
1648724215.676603917,4,0.019000
1648724215.701284149,0,0.000000
1648724215.724470904,1,0.004000
1648724215.747918154,0,0.000000
1648724215.767522543,2,0.011000
1648724215.790733181,1,0.001000
1648724215.811829513,7,0.077000
1648724215.833342997,0,0.000000
1648724215.854761062,3,0.014000
1648724215.874479345,0,0.015000
1648724215.894910406,7,0.060000
1648724215.918153709,1,0.008000
1648724215.938418782,2,0.024000
1648724215.961603769,0,0.010000
1648724215.983912241,2,0.001000
1648724216.005084797,0,0.003000
1648724216.026032939,0,0.021000
1648724216.046420677,8,0.073000
1648724216.067870693,0,0.000000
1648724216.089233321,0,0.011000
1648724216.112448153,0,0.000000
1648724216.134047646,0,0.003000
1648724216.155188817,0,0.002000
1648724216.176742033,1,0.024000
1648724216.199177028,5,0.033000
1648724216.219453507,1,0.003000
1648724216.241408999,1,0.001000
1648724216.263729441,0,0.005000
1648724216.285991589,1,0.010000
1648724216.307196281,0,0.010000
1648724216.329166312,2,0.029000
1648724216.350947716,0,0.003000
1648724216.372354443,2,0.002000
1648724216.394986153,0,0.000000
1648724216.416732738,1,0.004000
1648724216.438798556,1,0.001000
1648724216.461557214,1,0.011000
1648724216.481119967,1,0.000000
1648724216.502307453,0,0.000000
1648724216.525219841,1,0.023000
1648724216.546968808,2,0.004000
1648724216.567858387,1,0.009000
1648724216.589232634,6,0.062000
1648724216.612377237,0,0.021000
1648724216.633092657,1,0.009000
1648724216.653434489,2,0.006000
1648724216.675433339,0,0.009000
1648724216.697284594,0,0.000000
1648724216.720048097,2,0.004000
1648724216.741750716,1,0.001000
1648724216.763297200,0,0.014000
1648724216.784352840,0,0.000000
1648724216.807238660,1,0.006000
1648724216.829048652,0,0.000000
1648724216.851559620,0,0.000000
1648724216.873959140,0,0.000000
1648724216.893917648,0,0.000000
1648724216.916399675,0,0.006000
1648724216.937248042,0,0.008000
1648724216.959808960,1,0.008000
1648724216.980900140,0,0.000000
1648724217.003848393,1,0.022000
1648724217.023572624,0,0.004000
1648724217.044557815,5,0.044000
1648724217.064787714,0,0.000000
1648724217.086849564,2,0.025000
1648724217.109748012,1,0.011000
1648724217.130633721,1,0.010000
1648724217.150460820,1,0.016000
1648724217.173489413,0,0.001000
1648724217.196867863,2,0.002000
1648724217.218845919,0,0.011000
1648724217.238836664,0,0.003000
1648724217.260023946,0,0.001000
1648724217.279914225,2,0.011000
1648724217.301395785,1,0.001000
1648724217.323389863,0,0.000000
1648724217.345138041,1,0.008000
1648724217.365431345,0,0.000000
1648724217.387024600,1,0.014000
1648724217.410539270,7,0.098000
1648724217.431494499,0,0.002000
1648724217.451088055,1,0.014000
1648724217.471858171,2,0.004000
1648724217.494219175,1,0.016000
1648724217.515193686,5,0.028000
1648724217.536126950,0,0.005000
1648724217.556500318,5,0.073000
1648724217.578336044,0,0.000000
1648724217.598953895,3,0.028000
1648724217.621266223,0,0.000000
1648724217.642487857,0,0.004000
1648724217.661389098,2,0.020000
1648724217.683838439,2,0.018000
1648724217.705887368,4,0.023000
1648724217.728025912,0,0.000000
1648724217.747593598,8,0.075000
1648724217.770385578,0,0.004000
1648724217.789035197,0,0.018000
1648724217.809915248,0,0.000000
1648724217.830700567,1,0.014000
1648724217.849347674,1,0.009000
1648724217.871687030,0,0.003000
1648724217.893778085,0,0.000000
1648724217.916123233,7,0.099000
1648724217.937915254,0,0.000000
1648724217.958932508,18,0.241000
1648724217.980059151,6,0.074000
1648724218.001788267,0,0.005000
1648724218.022254083,0,0.007000
1648724218.043200393,1,0.001000
1648724218.066331720,0,0.000000
1648724218.088827848,3,0.034000
1648724218.110180221,1,0.008000
1648724218.131112438,0,0.000000
1648724218.151862784,0,0.000000
1648724218.171849284,0,0.009000
1648724218.192326083,0,0.014000
1648724218.212978638,2,0.014000
1648724218.233773824,2,0.020000
1648724218.253549818,0,0.000000
1648724218.273943260,1,0.005000
1648724218.295302699,0,0.000000
1648724218.316805537,0,0.010000
1648724218.339166607,1,0.001000
1648724218.359505143,0,0.012000
1648724218.380921135,0,0.000000
1648724218.400892071,2,0.002000
1648724218.420059682,0,0.000000
1648724218.440905949,0,0.004000
1648724218.461762407,0,0.000000
1648724218.480546353,0,0.020000
1648724218.501600423,1,0.014000
1648724218.523241056,2,0.015000
1648724218.544324547,11,0.149000
1648724218.564669553,0,0.001000
1648724218.584890876,3,0.009000
1648724218.605498416,0,0.000000
1648724218.626186306,2,0.026000
1648724218.647216046,0,0.000000
1648724218.667692115,1,0.019000
1648724218.686583799,0,0.016000
1648724218.708160439,0,0.000000
1648724218.730147586,4,0.025000
1648724218.751266286,0,0.007000
1648724218.773650106,2,0.018000
1648724218.794573765,2,0.000000
1648724218.816972264,1,0.007000
1648724218.835741658,0,0.003000
1648724218.856663261,0,0.002000
1648724218.877699942,4,0.025000
1648724218.897652094,1,0.012000
1648724218.918293565,0,0.000000
1648724218.939974996,1,0.026000
1648724218.960015704,1,0.024000
1648724218.983337884,0,0.009000
1648724219.000451764,0,0.010000
1648724219.020450367,0,0.015000
1648724219.041886639,2,0.013000
1648724219.062873774,1,0.035000
1648724219.083684244,2,0.007000
1648724219.104707087,0,0.000000
1648724219.126217478,3,0.026000
1648724219.147421859,0,0.000000
1648724219.165917606,2,0.013000
1648724219.186768911,2,0.011000
1648724219.206669440,0,0.000000
1648724219.226818374,2,0.013000
1648724219.250079960,0,0.006000
1648724219.269487394,0,0.000000
1648724219.291369259,0,0.005000
1648724219.314413584,0,0.000000
1648724219.335130291,1,0.008000
1648724219.354333467,0,0.000000
1648724219.375945311,0,0.007000
1648724219.398012997,1,0.001000
1648724219.417524675,0,0.016000
1648724219.438185018,1,0.000000
1648724219.460085129,0,0.000000
1648724219.481871465,1,0.007000
1648724219.502733217,2,0.011000
1648724219.522416660,1,0.004000
1648724219.543312715,2,0.002000
1648724219.566075711,10,0.106000
1648724219.587846730,2,0.009000
1648724219.609013644,2,0.007000
1648724219.629446455,2,0.040000
1648724219.650544117,0,0.007000
1648724219.671739516,2,0.032000
1648724219.694771120,2,0.019000
1648724219.715355107,3,0.022000
1648724219.736666665,0,0.004000
1648724219.755815829,0,0.000000
1648724219.776045074,1,0.023000
1648724219.796266039,1,0.014000
1648724219.817835758,0,0.015000
1648724219.837466140,1,0.004000
1648724219.857086484,1,0.002000
1648724219.879038819,0,0.010000
1648724219.900351680,0,0.014000
1648724219.918701553,1,0.013000
1648724219.940809763,1,0.013000
1648724219.960707890,1,0.005000
1648724219.982284854,2,0.008000
1648724220.003202946,8,0.077000
1648724220.025646147,0,0.000000
1648724220.045091746,4,0.030000
1648724220.064472416,1,0.000000
1648724220.084789999,3,0.052000
1648724220.106421272,2,0.020000
1648724220.127530058,0,0.000000
1648724220.147143624,2,0.041000
1648724220.168534593,3,0.016000
1648724220.191373009,1,0.000000
1648724220.210616908,1,0.000000
1648724220.232663844,0,0.000000
1648724220.251248282,2,0.005000
1648724220.272215166,1,0.004000
1648724220.293625092,0,0.011000
1648724220.312775302,0,0.010000
1648724220.332615950,0,0.004000
1648724220.350927168,1,0.020000
1648724220.373033639,0,0.005000
1648724220.391989578,0,0.000000
1648724220.411335073,1,0.008000
1648724220.432451039,3,0.050000
1648724220.454329901,2,0.015000
1648724220.476074755,2,0.001000
1648724220.496538666,0,0.000000
1648724220.520047837,0,0.000000
1648724220.540287982,0,0.019000
1648724220.561998580,2,0.028000
1648724220.582748869,5,0.047000
1648724220.602739101,0,0.003000
1648724220.623808274,5,0.059000
1648724220.647502640,0,0.000000
1648724220.668426494,2,0.006000
1648724220.690305014,1,0.005000
1648724220.710971404,0,0.006000
1648724220.729460110,1,0.007000
1648724220.750805051,2,0.009000
1648724220.770754892,3,0.036000
1648724220.791696747,0,0.000000
1648724220.812671844,8,0.058000
1648724220.832008378,1,0.000000
1648724220.851486907,1,0.004000
1648724220.870961904,0,0.000000
1648724220.892198971,2,0.015000
1648724220.912731533,1,0.013000
1648724220.933878720,0,0.003000
1648724220.953982919,3,0.012000
1648724220.974645067,0,0.000000
1648724220.996273251,0,0.000000
1648724221.015349267,0,0.005000
1648724221.036460866,3,0.045000
1648724221.058829697,3,0.001000
1648724221.078291912,2,0.024000
1648724221.099133837,1,0.027000
1648724221.117576152,0,0.018000
1648724221.137153823,0,0.033000
1648724221.157900087,0,0.024000
1648724221.178802703,0,0.000000
1648724221.200112258,1,0.017000
1648724221.220441088,1,0.012000
1648724221.240324268,10,0.127000
1648724221.260349640,2,0.028000
1648724221.279170064,2,0.012000
1648724221.298482121,1,0.013000
1648724221.319291700,0,0.013000
1648724221.339065937,0,0.000000
1648724221.360020192,2,0.000000
1648724221.382143281,0,0.003000
1648724221.403446141,1,0.000000
1648724221.421672411,1,0.011000
1648724221.442098388,1,0.013000
1648724221.461888759,0,0.029000
1648724221.485300950,1,0.014000
1648724221.504931282,3,0.006000
1648724221.524881298,0,0.017000
1648724221.546042829,0,0.000000
1648724221.566504265,5,0.042000
1648724221.588398159,0,0.000000
1648724221.607591610,5,0.060000
1648724221.629786749,0,0.001000
1648724221.649953062,5,0.041000
1648724221.670800302,3,0.023000
1648724221.691997824,0,0.000000
1648724221.711486459,1,0.004000
1648724221.733032357,2,0.048000
1648724221.754285050,0,0.000000
1648724221.774508051,1,0.000000
1648724221.794158714,1,0.011000
1648724221.816019365,0,0.000000
1648724221.839355744,0,0.010000
1648724221.859076857,1,0.014000
1648724221.879061959,0,0.000000
1648724221.900082842,2,0.024000
1648724221.921504154,0,0.000000
1648724221.941279291,1,0.003000
1648724221.963761420,2,0.042000
1648724221.984059858,2,0.039000
1648724222.003415147,1,0.033000
1648724222.023886972,2,0.012000
1648724222.044107234,1,0.012000
1648724222.063961174,1,0.017000
1648724222.083604079,0,0.000000
1648724222.103243615,0,0.008000
1648724222.124726558,1,0.000000
1648724222.145963276,3,0.012000
1648724222.167209600,1,0.010000
1648724222.186846513,0,0.000000
1648724222.208174840,4,0.073000
1648724222.228691809,0,0.000000
1648724222.251441339,0,0.006000
1648724222.271904785,1,0.030000
1648724222.293039734,0,0.007000
1648724222.311757828,2,0.033000
1648724222.332332933,0,0.026000
1648724222.353588205,5,0.075000
1648724222.376294673,0,0.007000
1648724222.396928484,3,0.033000
1648724222.416805955,0,0.012000
1648724222.437736277,1,0.022000
1648724222.460448637,0,0.000000
1648724222.480468053,2,0.011000
1648724222.499883851,0,0.000000
1648724222.521667353,2,0.034000
1648724222.542369482,1,0.004000
1648724222.564948203,0,0.000000
1648724222.585199346,4,0.051000
1648724222.606219602,1,0.023000
1648724222.626121768,3,0.032000
1648724222.647273344,0,0.015000
1648724222.668299587,0,0.004000
1648724222.688335453,0,0.011000
1648724222.706188355,4,0.032000
1648724222.728636612,0,0.000000
1648724222.749380972,1,0.016000
1648724222.768674025,0,0.017000
1648724222.788003097,0,0.000000
1648724222.806924979,1,0.016000
1648724222.827455445,1,0.008000
1648724222.848993261,0,0.001000
1648724222.871409183,10,0.105000
1648724222.891968804,1,0.001000
1648724222.911601682,4,0.035000
1648724222.932941961,1,0.005000
1648724222.954784790,1,0.013000
1648724222.975932767,5,0.068000
1648724222.999267689,0,0.010000
1648724223.018008003,4,0.020000
1648724223.038884533,0,0.018000
1648724223.057996363,8,0.071000
1648724223.079975596,2,0.011000
1648724223.100316394,5,0.064000
1648724223.121833201,3,0.055000
1648724223.141707032,0,0.000000
1648724223.163491774,2,0.032000
1648724223.184276936,0,0.010000
1648724223.205960585,1,0.021000
1648724223.226859183,2,0.021000
1648724223.249639458,2,0.021000
1648724223.267777009,0,0.000000
1648724223.289116531,0,0.011000
1648724223.310852580,1,0.013000
1648724223.331305019,1,0.023000
1648724223.352378791,0,0.008000
1648724223.372967336,1,0.002000
1648724223.393715458,0,0.000000
1648724223.414276688,0,0.000000
1648724223.435808797,0,0.000000
1648724223.455778972,1,0.007000
1648724223.476780412,1,0.000000
1648724223.496900488,0,0.000000
1648724223.517625245,7,0.091000
1648724223.540174589,1,0.004000
1648724223.560131773,0,0.033000
1648724223.580198273,0,0.000000
1648724223.601678368,1,0.025000
1648724223.623700076,7,0.090000
1648724223.644944141,0,0.004000
1648724223.665018476,0,0.009000
1648724223.687187637,0,0.000000
1648724223.707948311,0,0.017000
1648724223.728404506,0,0.000000
1648724223.748923346,2,0.029000
1648724223.771471666,0,0.000000
1648724223.793244738,4,0.060000
1648724223.812603829,1,0.007000
1648724223.831677583,0,0.017000
1648724223.852320532,0,0.004000
1648724223.875887336,5,0.062000
1648724223.899348904,2,0.015000
1648724223.922219469,0,0.000000
1648724223.942217135,0,0.000000
1648724223.962930723,1,0.010000
1648724223.982584673,1,0.000000
1648724224.003385898,1,0.000000
1648724224.024549448,0,0.000000
1648724224.047336943,0,0.009000
1648724224.068328640,1,0.021000
1648724224.087615670,2,0.010000
1648724224.110557545,2,0.004000
1648724224.131873752,2,0.015000
1648724224.152558441,2,0.018000
1648724224.172118124,2,0.011000
1648724224.191663972,0,0.000000
1648724224.212973788,0,0.000000
1648724224.234096644,0,0.006000
1648724224.255924793,0,0.021000
1648724224.277185920,2,0.012000
1648724224.297079465,0,0.000000
1648724224.317994735,0,0.000000
1648724224.337104509,0,0.007000
1648724224.357778233,1,0.004000
1648724224.378873187,0,0.001000
1648724224.400109162,0,0.004000
1648724224.423233616,1,0.012000
1648724224.444083073,0,0.014000
1648724224.466348967,2,0.025000
1648724224.489386796,0,0.000000
1648724224.508008836,4,0.048000
1648724224.527971629,0,0.025000
1648724224.546440931,1,0.025000
1648724224.566865292,0,0.023000
1648724224.588464149,0,0.000000
1648724224.610132765,1,0.005000
1648724224.632728625,1,0.017000
1648724224.654117506,1,0.011000
1648724224.675038122,1,0.006000
1648724224.697658022,0,0.000000
1648724224.717812539,4,0.064000
1648724224.737899751,1,0.015000
1648724224.756678131,2,0.024000
1648724224.777300350,0,0.000000
1648724224.799283300,2,0.014000
1648724224.819888818,0,0.001000
1648724224.840957266,2,0.028000
1648724224.860314494,3,0.016000
1648724224.881336764,1,0.000000
1648724224.901703809,4,0.047000
1648724224.922415214,0,0.000000
1648724224.943881410,1,0.005000
1648724224.964895162,2,0.060000
1648724224.984936284,0,0.000000
1648724225.005690571,0,0.011000
1648724225.027742320,0,0.012000
1648724225.051099486,0,0.000000
1648724225.072638444,2,0.023000
1648724225.095286595,0,0.000000
1648724225.115062552,1,0.007000
1648724225.136400273,1,0.009000
1648724225.156728296,0,0.001000
1648724225.176844867,0,0.000000
1648724225.197344851,2,0.012000
1648724225.219242537,1,0.010000
1648724225.241994593,0,0.000000
1648724225.261824134,2,0.029000
1648724225.282523170,0,0.000000
1648724225.304910506,1,0.000000
1648724225.325425294,0,0.001000
1648724225.346974053,0,0.000000
1648724225.370127811,1,0.011000
1648724225.389654250,0,0.009000
1648724225.410734231,0,0.000000
1648724225.432684302,1,0.000000
1648724225.453218695,4,0.041000
1648724225.475342386,10,0.119000
1648724225.494723693,1,0.009000
1648724225.518125052,3,0.025000
1648724225.540209410,0,0.000000
1648724225.560373939,1,0.011000
1648724225.582301163,2,0.010000
1648724225.601999921,3,0.012000
1648724225.624043841,0,0.012000
1648724225.644482863,1,0.011000
1648724225.666785770,3,0.022000
1648724225.689288732,1,0.010000
1648724225.710897829,0,0.000000
1648724225.732188277,1,0.029000
1648724225.753425894,0,0.000000
1648724225.773098356,0,0.003000
1648724225.794585469,0,0.009000
1648724225.815454553,0,0.000000
1648724225.835807364,1,0.000000
1648724225.855171259,0,0.000000
1648724225.875900261,0,0.024000
1648724225.895406637,2,0.007000
1648724225.917988434,1,0.001000
1648724225.937602894,2,0.023000
1648724225.959315113,0,0.003000
1648724225.980361624,1,0.003000
1648724225.999839079,0,0.014000
1648724226.020890616,0,0.000000
1648724226.042347054,1,0.000000
1648724226.061183695,2,0.021000
1648724226.081841774,0,0.000000
1648724226.102534905,0,0.000000
1648724226.124119224,1,0.014000
1648724226.145534383,0,0.002000
1648724226.166405491,0,0.000000
1648724226.187946136,1,0.011000
1648724226.208077706,1,0.025000
1648724226.229627118,0,0.018000
1648724226.251463930,3,0.010000
1648724226.271043333,2,0.012000
1648724226.292851016,0,0.024000
1648724226.311572887,7,0.073000
1648724226.332234230,0,0.012000
1648724226.353728723,0,0.000000
1648724226.374998658,4,0.024000
1648724226.394604608,0,0.005000
1648724226.416343311,1,0.020000
1648724226.436350640,0,0.000000
1648724226.457702163,0,0.003000
1648724226.478676834,1,0.017000
1648724226.497114481,5,0.022000
1648724226.517502355,0,0.000000
1648724226.537690121,1,0.010000
1648724226.557551401,0,0.035000
1648724226.580042144,0,0.004000
1648724226.599851459,27,0.303000
1648724226.621910483,16,0.179000
1648724226.640326074,2,0.007000
1648724226.661412266,0,0.000000
1648724226.680979759,2,0.000000
1648724226.702823314,0,0.004000
1648724226.724430100,3,0.046000
1648724226.745230558,1,0.010000
1648724226.766360022,3,0.028000
1648724226.787009539,0,0.012000
1648724226.808551435,0,0.004000
1648724226.831769814,1,0.000000
1648724226.851860607,0,0.000000
1648724226.871946537,0,0.008000
1648724226.891450283,3,0.027000
1648724226.912067653,2,0.015000
1648724226.934669510,3,0.018000
1648724226.957222298,0,0.005000
1648724226.978832829,0,0.007000
1648724226.998213815,0,0.007000
1648724227.019732273,0,0.000000
1648724227.040852036,0,0.004000
1648724227.058900415,10,0.108000
1648724227.080011645,0,0.000000
1648724227.099449208,11,0.126000
1648724227.120409283,2,0.005000
1648724227.139976635,3,0.013000
1648724227.160130686,1,0.009000
1648724227.181273068,2,0.067000
1648724227.201764242,0,0.019000
1648724227.222411059,0,0.006000
1648724227.244376241,8,0.079000
1648724227.265382391,0,0.016000
1648724227.283484885,0,0.000000
1648724227.305058728,1,0.009000
1648724227.325540015,1,0.009000
1648724227.346970831,0,0.000000
1648724227.367494603,2,0.033000
1648724227.388378371,0,0.000000
1648724227.408936259,2,0.009000
1648724227.430015144,3,0.024000
1648724227.451753913,2,0.005000
1648724227.473058480,1,0.012000
1648724227.494364632,0,0.011000
1648724227.516774476,2,0.017000
1648724227.536339070,2,0.016000
1648724227.557247171,1,0.006000
1648724227.577132990,0,0.000000
1648724227.599463710,1,0.004000
1648724227.619629481,3,0.037000
1648724227.639313905,0,0.000000
1648724227.661240182,1,0.008000
1648724227.682936496,0,0.006000
1648724227.701719840,2,0.023000
1648724227.722838501,1,0.010000
1648724227.742976426,0,0.005000
1648724227.761620048,3,0.028000
1648724227.782769121,0,0.003000
1648724227.802404370,2,0.017000
1648724227.824709574,0,0.013000
1648724227.845865899,0,0.030000
1648724227.866491107,0,0.000000
1648724227.886977428,0,0.000000
1648724227.907689247,0,0.000000
1648724227.928307795,0,0.000000
1648724227.951203691,1,0.011000
1648724227.972922379,1,0.020000
1648724227.992741052,0,0.000000
1648724228.013464958,1,0.000000
1648724228.034167071,10,0.122000
1648724228.056264439,17,0.184000
1648724228.077632594,0,0.000000
1648724228.099409396,2,0.038000
1648724228.120578684,0,0.004000
1648724228.142555751,3,0.038000
1648724228.163764647,3,0.021000
1648724228.186021065,1,0.035000
1648724228.205646874,0,0.010000
1648724228.227328517,1,0.000000
1648724228.248119409,0,0.001000
1648724228.271105234,0,0.000000
1648724228.291589161,2,0.001000
1648724228.312328388,0,0.000000
1648724228.333928290,1,0.004000
1648724228.357312641,0,0.029000
1648724228.376727622,0,0.000000
1648724228.398285016,0,0.000000
1648724228.418865462,0,0.004000
1648724228.442335482,4,0.048000
1648724228.467013163,2,0.030000
1648724228.488628727,1,0.022000
1648724228.507283211,4,0.027000
1648724228.529013711,0,0.000000
1648724228.549598709,3,0.013000
1648724228.569698669,3,0.048000
1648724228.590989901,4,0.069000
1648724228.613154086,0,0.005000
1648724228.633850313,0,0.011000
1648724228.654595257,1,0.008000
1648724228.675171601,2,0.024000
1648724228.696723252,0,0.000000
1648724228.718623970,0,0.007000
1648724228.738974787,2,0.027000
1648724228.761395307,0,0.011000
1648724228.782881218,1,0.005000
1648724228.800992574,0,0.000000
1648724228.821694626,0,0.000000
1648724228.841732724,0,0.000000
1648724228.860587902,0,0.000000
1648724228.879785241,0,0.000000
1648724228.899323309,1,0.010000
1648724228.918855105,2,0.028000
1648724228.940393088,0,0.018000
1648724228.959055944,0,0.031000
1648724228.979893737,0,0.000000
1648724228.999869300,1,0.009000
1648724229.020628233,0,0.000000
1648724229.042257856,5,0.049000
1648724229.065147643,1,0.005000
1648724229.086469292,0,0.000000
1648724229.107255691,1,0.011000
1648724229.128112442,0,0.005000
1648724229.149271057,1,0.019000
1648724229.170374235,0,0.000000
1648724229.187950044,1,0.012000
1648724229.211257150,2,0.016000
1648724229.231576155,1,0.006000
1648724229.253320349,0,0.001000
1648724229.273368802,0,0.001000
1648724229.292822925,0,0.000000
1648724229.316023390,1,0.000000
1648724229.337222945,0,0.005000
1648724229.355835364,0,0.000000
1648724229.378926897,0,0.000000
1648724229.400567157,1,0.011000
1648724229.420972279,1,0.016000
1648724229.440419612,0,0.000000
1648724229.459344143,0,0.000000
1648724229.479583012,1,0.025000
1648724229.500708391,3,0.032000
1648724229.521143320,0,0.000000
1648724229.542062615,1,0.018000
1648724229.564131992,0,0.000000
1648724229.586315463,8,0.080000
1648724229.608185179,7,0.071000
1648724229.628886897,2,0.013000
1648724229.646994410,1,0.000000
1648724229.669755380,1,0.014000
1648724229.691705107,1,0.000000
1648724229.713802190,0,0.020000
1648724229.735906056,2,0.025000
1648724229.757491502,1,0.010000
1648724229.777041082,3,0.019000
1648724229.796962093,0,0.000000
1648724229.817901579,0,0.004000
1648724229.837380574,1,0.016000
1648724229.860031237,2,0.015000
1648724229.881243848,3,0.020000
1648724229.903086959,0,0.007000
1648724229.923239910,2,0.024000
1648724229.944764694,1,0.019000
1648724229.964744926,2,0.046000
1648724229.985061304,1,0.011000
1648724230.005655690,2,0.025000
1648724230.026710446,2,0.055000
1648724230.044432908,4,0.085000
1648724230.065001384,2,0.048000
1648724230.085104045,0,0.000000
1648724230.104066457,0,0.018000
1648724230.123008717,2,0.015000
1648724230.144990837,2,0.034000
1648724230.167850040,1,0.000000
1648724230.188101641,1,0.000000
1648724230.207139129,2,0.017000
1648724230.229324670,1,0.014000
1648724230.251143682,0,0.004000
1648724230.273090028,1,0.013000
1648724230.293549756,1,0.000000
1648724230.315412917,0,0.000000
1648724230.336428391,1,0.008000
1648724230.359035561,0,0.000000
1648724230.380734847,1,0.000000
1648724230.401027835,1,0.001000
1648724230.421228363,1,0.016000
1648724230.443391201,8,0.098000
1648724230.466082073,0,0.000000
1648724230.487709666,1,0.025000
1648724230.508117473,1,0.037000
1648724230.529159753,1,0.007000
1648724230.550837967,0,0.012000
1648724230.570931074,1,0.001000
1648724230.591461921,4,0.019000
1648724230.612804179,2,0.011000
1648724230.633153238,2,0.028000
1648724230.654712724,1,0.000000
1648724230.675856563,0,0.000000
1648724230.695489879,1,0.016000
1648724230.716687708,0,0.000000
1648724230.736184177,1,0.000000
1648724230.758182586,0,0.000000
1648724230.778645931,0,0.006000
1648724230.797864592,1,0.024000
1648724230.821401701,0,0.000000
1648724230.844375198,1,0.008000
1648724230.865369397,0,0.000000
1648724230.884922351,2,0.027000
1648724230.907799700,2,0.024000
1648724230.927735785,0,0.014000
1648724230.949690065,1,0.020000
1648724230.972498913,2,0.001000
1648724230.992960989,1,0.000000
1648724231.015349742,0,0.000000
1648724231.034952078,2,0.027000
1648724231.055676563,0,0.000000
1648724231.077434477,0,0.001000
1648724231.097490139,0,0.000000
1648724231.119456603,0,0.005000
1648724231.142051126,0,0.000000
1648724231.162508541,0,0.016000
1648724231.183363209,0,0.000000
1648724231.204074114,3,0.033000
1648724231.224177399,0,0.000000
1648724231.247671487,13,0.157000
1648724231.270776510,0,0.005000
1648724231.290163107,0,0.000000
1648724231.312362264,0,0.000000
1648724231.333961153,0,0.014000
1648724231.356020137,2,0.036000
1648724231.378407991,0,0.000000
1648724231.399853514,2,0.041000
1648724231.420998840,0,0.000000
1648724231.442697556,1,0.000000
1648724231.464802473,0,0.000000
1648724231.486930824,1,0.018000
1648724231.509498598,0,0.000000
1648724231.532007638,0,0.000000
1648724231.553874723,3,0.010000
1648724231.575030112,0,0.006000
1648724231.594399885,2,0.011000
1648724231.616158491,1,0.001000
1648724231.637101574,1,0.004000
1648724231.657356048,0,0.006000
1648724231.678757483,0,0.009000
1648724231.702329038,0,0.003000
1648724231.722814473,1,0.026000
1648724231.743832228,1,0.015000
1648724231.764628770,8,0.110000
1648724231.786006748,2,0.012000
1648724231.806351970,4,0.030000
1648724231.825966062,0,0.000000
1648724231.849792814,2,0.015000
1648724231.871446998,0,0.007000
1648724231.893431581,1,0.007000
1648724231.917070181,0,0.000000
1648724231.936885502,1,0.012000
1648724231.958665560,1,0.001000
1648724231.978991021,0,0.000000
1648724232.000131055,0,0.017000
1648724232.021446902,2,0.037000
1648724232.043932179,0,0.021000
1648724232.063279064,5,0.018000
1648724232.084086906,1,0.015000
1648724232.108077284,1,0.019000
1648724232.130924818,2,0.013000
1648724232.152115163,0,0.000000
1648724232.172315357,1,0.002000
1648724232.196275105,0,0.011000
1648724232.220097754,3,0.031000
1648724232.241459717,1,0.006000
1648724232.261485213,0,0.013000
1648724232.284552164,1,0.007000
1648724232.306043997,4,0.024000
1648724232.328070871,0,0.030000
1648724232.348295867,2,0.026000
1648724232.369334854,0,0.010000
1648724232.392143019,0,0.006000
1648724232.415961047,1,0.000000
1648724232.439403511,0,0.017000
1648724232.460448398,0,0.005000
1648724232.483931928,2,0.020000
1648724232.504940698,1,0.000000
1648724232.527305748,2,0.004000
1648724232.548003263,0,0.002000
1648724232.567658254,0,0.001000
1648724232.588771169,2,0.012000
1648724232.611165108,0,0.000000
1648724232.632073526,1,0.008000
1648724232.653337273,6,0.053000
1648724232.675957997,0,0.007000
1648724232.696698176,3,0.038000
1648724232.717177321,0,0.000000
1648724232.737478068,0,0.000000
1648724232.757255358,0,0.000000
1648724232.779105349,1,0.008000
1648724232.801206785,4,0.068000
1648724232.823187189,0,0.010000
1648724232.844301773,0,0.004000
1648724232.864922845,2,0.009000
1648724232.888016922,0,0.000000
1648724232.909329810,0,0.026000
1648724232.931444101,9,0.106000
1648724232.954552278,1,0.001000
1648724232.975460569,0,0.008000
1648724232.995830850,2,0.026000
1648724233.015969319,0,0.001000
1648724233.037602030,4,0.026000
1648724233.059676829,0,0.000000
1648724233.079894194,0,0.000000
1648724233.102054362,1,0.004000
1648724233.121886556,0,0.000000
1648724233.144858232,0,0.000000
1648724233.166118550,0,0.000000
1648724233.185676634,0,0.000000
1648724233.207252664,0,0.000000
1648724233.229368163,2,0.048000
1648724233.252471844,1,0.010000
1648724233.273319535,0,0.000000
1648724233.294550364,2,0.036000
1648724233.314111354,2,0.018000
1648724233.335777202,0,0.003000
1648724233.357218279,1,0.007000
1648724233.378493030,0,0.004000
1648724233.398150581,2,0.036000
1648724233.419413043,3,0.033000
1648724233.441375833,6,0.054000
1648724233.460719716,1,0.018000
1648724233.481603940,1,0.008000
1648724233.502394279,0,0.000000
1648724233.522809117,0,0.000000
1648724233.544299033,0,0.000000
1648724233.565123612,0,0.014000
1648724233.586325218,0,0.000000
1648724233.608910143,3,0.018000
1648724233.630973402,2,0.013000
1648724233.651951183,4,0.017000
1648724233.672696101,7,0.091000
1648724233.693743559,0,0.008000
1648724233.716691674,4,0.027000
1648724233.738017314,0,0.017000
1648724233.758745718,0,0.000000
1648724233.780283594,0,0.000000
1648724233.801558487,2,0.011000
1648724233.825178445,2,0.007000
1648724233.845469816,0,0.000000
1648724233.867039198,4,0.049000
1648724233.889939884,0,0.008000
1648724233.911410934,1,0.000000
1648724233.932772348,0,0.000000
1648724233.953476701,0,0.000000
1648724233.973992508,2,0.003000
1648724233.995459791,1,0.000000
1648724234.018543660,1,0.022000
1648724234.039982441,0,0.000000
1648724234.060585806,5,0.042000
1648724234.082235109,0,0.000000
1648724234.102353143,6,0.096000
1648724234.123978707,0,0.020000
1648724234.144603200,17,0.183000
1648724234.166336793,0,0.000000
1648724234.186996321,0,0.014000
1648724234.207159189,1,0.013000
1648724234.228497787,0,0.000000
1648724234.251684387,12,0.133000
1648724234.272070417,0,0.004000
1648724234.292434057,4,0.028000
1648724234.315241397,0,0.000000
1648724234.334180965,5,0.023000
1648724234.355675809,2,0.000000
1648724234.376309267,6,0.072000
1648724234.395957416,1,0.004000
1648724234.416963150,0,0.000000
1648724234.439187982,3,0.056000
1648724234.461340435,1,0.007000
1648724234.483268112,0,0.000000
1648724234.504560116,9,0.086000
1648724234.524895203,1,0.015000
1648724234.546994782,1,0.005000
1648724234.569357911,1,0.018000
1648724234.590283630,0,0.000000
1648724234.611570865,5,0.037000
1648724234.633481775,3,0.000000
1648724234.655957296,2,0.005000
1648724234.678854799,1,0.041000
1648724234.699358648,0,0.000000
1648724234.721718810,4,0.044000
1648724234.742457012,2,0.001000
1648724234.763503671,0,0.001000
1648724234.786475458,4,0.020000
1648724234.808405491,0,0.011000
1648724234.827377813,0,0.006000
1648724234.850392934,0,0.004000
1648724234.872078880,1,0.018000
1648724234.893543744,0,0.000000
1648724234.917238197,0,0.000000
1648724234.937278657,1,0.000000
1648724234.958956241,0,0.012000
1648724234.981145708,2,0.036000
1648724235.004428995,0,0.015000
1648724235.023382430,0,0.000000
1648724235.043920439,14,0.154000
1648724235.064816870,7,0.070000
1648724235.087981572,0,0.002000
1648724235.108811112,0,0.000000
1648724235.130831854,3,0.028000
1648724235.153036858,0,0.000000
1648724235.176900282,0,0.014000
1648724235.197773965,0,0.006000
1648724235.219031866,0,0.023000
1648724235.241637764,1,0.012000
1648724235.262393205,2,0.012000
1648724235.284193493,0,0.004000
1648724235.306881630,0,0.006000
1648724235.328536641,0,0.000000
1648724235.348989329,2,0.005000
1648724235.371962572,0,0.000000
1648724235.393353863,1,0.012000
1648724235.414964972,0,0.010000
1648724235.436375491,5,0.064000
1648724235.457561213,1,0.000000
1648724235.477615155,0,0.018000
1648724235.498012377,0,0.000000
1648724235.520138854,1,0.017000
1648724235.542045348,2,0.012000
1648724235.562894555,0,0.001000
1648724235.583979599,0,0.000000
1648724235.606319015,2,0.005000
1648724235.626776710,1,0.001000
1648724235.649224740,10,0.094000
1648724235.672605783,0,0.000000
1648724235.693138965,1,0.017000
1648724235.713347896,1,0.002000
1648724235.733362948,0,0.012000
1648724235.755338404,0,0.005000
1648724235.773035210,1,0.024000
1648724235.794083293,0,0.000000
1648724235.815271620,0,0.004000
1648724235.836158217,0,0.000000
1648724235.856635701,0,0.000000
1648724235.879111169,1,0.008000
1648724235.898666137,2,0.022000
1648724235.920870826,0,0.000000
1648724235.943849637,0,0.000000
1648724235.966380180,0,0.000000
1648724235.987402438,0,0.000000
1648724236.010772663,0,0.011000
1648724236.031001341,0,0.000000
1648724236.050719698,7,0.107000
1648724236.073233898,1,0.008000
1648724236.093271345,0,0.011000
1648724236.113421955,3,0.042000
1648724236.133091617,0,0.004000
1648724236.153600901,0,0.000000
1648724236.174258745,3,0.022000
1648724236.197892167,1,0.016000
1648724236.218741561,0,0.000000
1648724236.239682006,0,0.000000
1648724236.260223248,0,0.000000
1648724236.281674227,1,0.019000
1648724236.304328449,1,0.001000
1648724236.324498889,10,0.134000
1648724236.345983202,1,0.006000
1648724236.366945233,1,0.001000
1648724236.387717109,1,0.000000
1648724236.408145190,1,0.000000
1648724236.429116529,6,0.071000
1648724236.451781914,1,0.010000
1648724236.471455349,2,0.013000
1648724236.493223732,1,0.007000
1648724236.515062295,2,0.029000
1648724236.536736278,0,0.020000
1648724236.558296069,1,0.015000
1648724236.581547283,0,0.006000
1648724236.602547847,0,0.000000
1648724236.624993922,0,0.004000
1648724236.647241176,2,0.012000
1648724236.668130249,0,0.001000
1648724236.691413046,2,0.022000
1648724236.711935411,2,0.022000
1648724236.734533127,4,0.041000
1648724236.757499848,0,0.000000
1648724236.781121721,1,0.003000
1648724236.805098709,1,0.000000
1648724236.825289851,1,0.021000
1648724236.842875660,0,0.008000
1648724236.864790490,0,0.000000
1648724236.883856159,1,0.000000
1648724236.906163359,0,0.000000
1648724236.928561882,6,0.038000
1648724236.947713556,0,0.000000
1648724236.971361816,1,0.006000
1648724236.993284280,0,0.011000
1648724237.016333978,0,0.007000
1648724237.037100875,1,0.012000
1648724237.057184987,1,0.000000
1648724237.077598594,0,0.000000
1648724237.100322225,2,0.014000
1648724237.120949889,2,0.017000
1648724237.142011603,1,0.016000
1648724237.162328991,0,0.013000
1648724237.185764566,2,0.028000
1648724237.207334219,2,0.018000
1648724237.230114438,1,0.002000
1648724237.252143470,6,0.063000
1648724237.273438895,1,0.023000
1648724237.294928017,8,0.085000
1648724237.316977314,0,0.000000
1648724237.336110605,5,0.033000
1648724237.356491875,0,0.018000
1648724237.379796811,1,0.016000
1648724237.401759433,0,0.005000
1648724237.422920172,2,0.025000
1648724237.443999476,1,0.034000
1648724237.466026584,1,0.024000
1648724237.487407086,1,0.030000
1648724237.507613659,2,0.019000
1648724237.528414109,1,0.012000
1648724237.548911657,0,0.011000
1648724237.570471047,0,0.000000
1648724237.592339145,0,0.000000
1648724237.614559366,0,0.003000
1648724237.635320853,2,0.010000
1648724237.655875669,0,0.000000
1648724237.677764474,1,0.008000
1648724237.700953204,2,0.010000
1648724237.722005708,1,0.011000
1648724237.742112790,2,0.000000
1648724237.763670871,0,0.000000
1648724237.784545674,3,0.024000
1648724237.807349973,0,0.000000
1648724237.828122696,3,0.047000
1648724237.849999694,2,0.021000
1648724237.870981177,1,0.004000
1648724237.891623298,0,0.000000
1648724237.912983434,1,0.008000
1648724237.932577509,1,0.009000
1648724237.953556002,1,0.008000
1648724237.976701321,0,0.011000
1648724237.995582341,7,0.059000
1648724238.017544851,1,0.000000
1648724238.039779090,3,0.026000
1648724238.062854308,10,0.108000
1648724238.084394131,0,0.021000
1648724238.104283600,16,0.186000
1648724238.127562866,1,0.006000
1648724238.149904733,6,0.059000
1648724238.170650624,0,0.000000
1648724238.190737694,0,0.003000
1648724238.211359398,0,0.000000
1648724238.231171753,1,0.009000
1648724238.254487395,0,0.000000
1648724238.275011024,0,0.000000
1648724238.295577169,0,0.001000
1648724238.316293660,2,0.016000
1648724238.338825433,0,0.009000
1648724238.360334564,0,0.000000
1648724238.383158433,0,0.000000
1648724238.404436823,0,0.000000
1648724238.425552507,1,0.004000
1648724238.446014902,1,0.008000
1648724238.465654211,1,0.007000
1648724238.486349400,1,0.012000
1648724238.506345285,0,0.008000
1648724238.527443262,0,0.000000
1648724238.550234989,1,0.001000
1648724238.569825825,0,0.014000
1648724238.590253117,1,0.021000
1648724238.611605804,3,0.022000
1648724238.633060590,1,0.000000
1648724238.652420192,1,0.000000
1648724238.672346280,0,0.000000
1648724238.692397663,1,0.004000
1648724238.714212015,0,0.013000
1648724238.735896219,2,0.010000
1648724238.756720691,1,0.000000
1648724238.777980961,0,0.031000
1648724238.797996854,3,0.015000
1648724238.817422659,8,0.113000
1648724238.836389241,0,0.000000
1648724238.854969022,2,0.008000
1648724238.873855154,0,0.004000
1648724238.893261838,1,0.013000
1648724238.914479227,0,0.000000
1648724238.935678636,0,0.000000
1648724238.956636519,0,0.016000
1648724238.977854481,1,0.012000
1648724239.000508677,2,0.018000
1648724239.020213482,2,0.015000
1648724239.040264142,0,0.000000
1648724239.062009141,0,0.000000
1648724239.083593991,2,0.011000
1648724239.104070756,0,0.000000
1648724239.125881823,0,0.000000
1648724239.149103012,1,0.014000
1648724239.169728790,1,0.005000
1648724239.190598553,1,0.000000
1648724239.211133939,1,0.000000
1648724239.232240410,0,0.000000
1648724239.253445963,0,0.011000
1648724239.277025006,1,0.022000
1648724239.296240875,0,0.011000
1648724239.317638082,1,0.006000
1648724239.338016952,0,0.000000
1648724239.359864075,0,0.001000
1648724239.380318214,1,0.002000
1648724239.400500918,2,0.015000
1648724239.422640639,18,0.224000
1648724239.443717052,0,0.000000
1648724239.462381220,8,0.077000
1648724239.484073080,0,0.016000
1648724239.504497428,8,0.105000
1648724239.525627427,0,0.009000
1648724239.543937220,7,0.115000
1648724239.565557221,2,0.002000
1648724239.587079714,1,0.035000
1648724239.611373956,1,0.000000
1648724239.634239286,1,0.001000
1648724239.655697514,1,0.036000
1648724239.676470845,1,0.011000
1648724239.697155535,0,0.017000
1648724239.718395686,2,0.027000
1648724239.739583291,0,0.014000
1648724239.760546450,2,0.020000
1648724239.785545300,0,0.000000
1648724239.804666390,2,0.011000
1648724239.826908669,2,0.001000
1648724239.847252653,0,0.000000
1648724239.868979765,3,0.029000
1648724239.889521919,0,0.000000
1648724239.910797901,6,0.063000
1648724239.931881129,0,0.002000
1648724239.952470310,10,0.133000
1648724239.973245038,1,0.000000
1648724239.992392487,7,0.080000
1648724240.012178534,0,0.020000
1648724240.033435737,0,0.000000
1648724240.054334254,1,0.008000
1648724240.076902680,1,0.034000
1648724240.096425316,0,0.000000
1648724240.118896106,0,0.000000
1648724240.139287365,2,0.000000
1648724240.158460860,0,0.004000
1648724240.180543477,5,0.035000
1648724240.200985768,1,0.001000
1648724240.221421725,5,0.065000
1648724240.241351493,0,0.003000
1648724240.265110303,2,0.006000
1648724240.286901628,0,0.000000
1648724240.308017188,1,0.007000
1648724240.328369103,2,0.023000
1648724240.350683041,3,0.008000
1648724240.373195031,0,0.000000
1648724240.392939880,0,0.000000
1648724240.413911629,1,0.008000
1648724240.434731121,0,0.000000
1648724240.456097986,1,0.017000
1648724240.479536908,2,0.008000
1648724240.500928278,2,0.015000
1648724240.520266449,2,0.012000
1648724240.539897718,3,0.017000
1648724240.560173612,0,0.000000
1648724240.582140661,1,0.007000
1648724240.602564940,1,0.000000
1648724240.622649310,1,0.000000
1648724240.645198925,2,0.015000
1648724240.666306455,2,0.010000
1648724240.688454405,1,0.001000
1648724240.708989457,2,0.011000
1648724240.729873949,1,0.009000
1648724240.752232559,5,0.071000
1648724240.771947339,0,0.022000
1648724240.793616565,6,0.049000
1648724240.814954862,6,0.097000
1648724240.838094485,0,0.000000
1648724240.859196287,2,0.021000
1648724240.879796949,0,0.000000
1648724240.899767681,2,0.038000
1648724240.922183242,0,0.000000
1648724240.945854931,6,0.053000
1648724240.968769417,0,0.010000
1648724240.988472784,14,0.183000
1648724241.011292875,1,0.004000
1648724241.029689574,7,0.082000
1648724241.050905080,0,0.007000
1648724241.073350526,1,0.005000
1648724241.094217324,0,0.011000
1648724241.116750108,1,0.017000
1648724241.136322308,0,0.000000
1648724241.155949606,0,0.000000
1648724241.176409716,0,0.000000
1648724241.196366774,2,0.027000
1648724241.218441170,3,0.016000
1648724241.240748602,2,0.022000
1648724241.262593800,1,0.004000
1648724241.284950996,0,0.000000
1648724241.305476992,2,0.015000
1648724241.326567670,0,0.000000
1648724241.348068644,3,0.014000
1648724241.369189479,3,0.023000
1648724241.392316702,3,0.014000
1648724241.412764958,0,0.019000
1648724241.432552724,10,0.144000
1648724241.451274493,0,0.000000
1648724241.472240674,0,0.000000
1648724241.491989177,0,0.000000
1648724241.511812417,0,0.000000
1648724241.533388890,2,0.007000
1648724241.553374878,0,0.000000
1648724241.574368135,0,0.000000
1648724241.599273275,0,0.005000
1648724241.619313561,0,0.001000
1648724241.640364835,1,0.018000
1648724241.661203733,0,0.000000
1648724241.682005083,0,0.003000
1648724241.702305545,0,0.000000
1648724241.723741213,0,0.013000
1648724241.742855941,2,0.023000
1648724241.764435262,1,0.007000
1648724241.786438171,13,0.166000
1648724241.806875189,6,0.082000
1648724241.826954558,1,0.009000
1648724241.848251754,0,0.022000
1648724241.867134277,0,0.000000
1648724241.888257762,1,0.004000
1648724241.909160762,4,0.024000
1648724241.929537806,2,0.000000
1648724241.950909343,2,0.016000
1648724241.972145371,2,0.011000
1648724241.992837938,3,0.026000
1648724242.014137036,1,0.007000
1648724242.038298187,1,0.017000
1648724242.059273694,6,0.059000
1648724242.080916552,0,0.000000
1648724242.100994495,0,0.030000
1648724242.122460700,1,0.007000
1648724242.142313579,2,0.041000
1648724242.163352086,1,0.010000
1648724242.183683848,0,0.007000
1648724242.205538419,1,0.028000
1648724242.227552186,0,0.002000
1648724242.250382581,0,0.030000
1648724242.271039268,0,0.004000
1648724242.290928159,0,0.001000
1648724242.312313505,0,0.001000
1648724242.333896915,0,0.001000
1648724242.355424217,0,0.000000
1648724242.376089162,0,0.000000
1648724242.396348061,0,0.003000
1648724242.418191857,0,0.004000
1648724242.439773728,0,0.017000
1648724242.461246673,0,0.005000
1648724242.480350854,2,0.014000
1648724242.501127421,15,0.175000
1648724242.521888174,14,0.167000
1648724242.543540667,1,0.000000
1648724242.562394337,1,0.004000
1648724242.584947725,1,0.020000
1648724242.605332950,0,0.000000
1648724242.628111462,1,0.000000
1648724242.650733411,0,0.003000
1648724242.671063609,3,0.044000
1648724242.693411515,2,0.005000
1648724242.714336224,2,0.039000
1648724242.736383091,1,0.006000
1648724242.756276142,2,0.012000
1648724242.777041370,0,0.000000
1648724242.797407006,0,0.001000
1648724242.817500411,1,0.000000
1648724242.838051246,0,0.002000
1648724242.859956157,0,0.002000
1648724242.882158663,0,0.000000
1648724242.902113679,0,0.000000
1648724242.923956942,0,0.005000
1648724242.944785942,0,0.005000
1648724242.964988125,0,0.003000
1648724242.984961635,2,0.003000
1648724243.007057032,0,0.000000
1648724243.026165272,1,0.014000
1648724243.049960935,5,0.032000
1648724243.072296158,0,0.000000
1648724243.093091570,3,0.018000
1648724243.113968010,1,0.016000
1648724243.136459462,0,0.003000
1648724243.159184681,4,0.024000
1648724243.178628560,3,0.030000
1648724243.200839717,1,0.013000
1648724243.220593775,1,0.024000
1648724243.242471017,2,0.031000
1648724243.262799757,0,0.015000
1648724243.283962567,10,0.128000
1648724243.306378024,0,0.000000
1648724243.327256282,1,0.007000
1648724243.348860690,0,0.000000
1648724243.373570799,1,0.016000
1648724243.394547795,0,0.000000
1648724243.416461311,1,0.001000
1648724243.437749556,2,0.021000
1648724243.458031789,0,0.000000
1648724243.478506254,6,0.049000
1648724243.501585155,0,0.002000
1648724243.522373534,0,0.003000
1648724243.543657531,0,0.008000
1648724243.566326854,0,0.000000
1648724243.587120102,4,0.042000
1648724243.608175957,0,0.009000
1648724243.629174668,2,0.009000
1648724243.648335644,1,0.028000
1648724243.668073780,2,0.022000
1648724243.688928997,0,0.000000
1648724243.710086569,0,0.000000
1648724243.731676170,0,0.000000
1648724243.751283859,0,0.007000
1648724243.772763983,1,0.001000
1648724243.793354257,2,0.018000
1648724243.814530585,0,0.009000
1648724243.835890825,0,0.020000
1648724243.857091161,0,0.000000
1648724243.879185523,0,0.001000
1648724243.903038697,0,0.004000
1648724243.923506861,2,0.024000
1648724243.943864680,2,0.020000
1648724243.967406280,3,0.015000
1648724243.989713732,0,0.004000
1648724244.009789660,2,0.002000
1648724244.032292965,2,0.001000
1648724244.052750638,1,0.014000
1648724244.074414279,0,0.000000
1648724244.096819103,1,0.011000
1648724244.117305392,1,0.008000
1648724244.137279345,1,0.027000
1648724244.158435497,1,0.010000
1648724244.180173064,0,0.007000
1648724244.201973136,1,0.006000
1648724244.222951756,6,0.053000
1648724244.242256291,3,0.019000
1648724244.263157868,0,0.000000
1648724244.283279169,7,0.068000
1648724244.306109840,2,0.018000
1648724244.327205228,2,0.014000
1648724244.350105320,2,0.024000
1648724244.372505756,0,0.001000
1648724244.395657070,1,0.001000
1648724244.417244333,0,0.000000
1648724244.438172764,0,0.003000
1648724244.459142270,0,0.000000
1648724244.481280073,3,0.038000
1648724244.502417333,1,0.042000
1648724244.524692259,0,0.000000
1648724244.546916018,3,0.000000
1648724244.568857958,2,0.029000
1648724244.590325020,0,0.000000
1648724244.612282232,0,0.008000
1648724244.635357154,2,0.035000
1648724244.656411471,0,0.001000
1648724244.678427695,8,0.071000
1648724244.697067746,0,0.003000
1648724244.717842806,0,0.005000
1648724244.737499868,0,0.000000
1648724244.758639431,3,0.006000
1648724244.779235582,0,0.000000
1648724244.800898887,0,0.000000
1648724244.820615802,2,0.011000
1648724244.843408516,2,0.005000
1648724244.865686793,1,0.014000
1648724244.887908101,1,0.012000
1648724244.907277457,0,0.011000
1648724244.929305787,0,0.001000
1648724244.949485524,0,0.007000
1648724244.973595287,0,0.014000
1648724244.997152856,1,0.009000
1648724245.018642941,0,0.000000
1648724245.040375450,2,0.015000
1648724245.062360043,0,0.000000
1648724245.083235801,3,0.034000
1648724245.103612889,0,0.000000
1648724245.125393997,7,0.082000
1648724245.146283876,0,0.013000
1648724245.167200529,1,0.011000
1648724245.189025817,1,0.000000
1648724245.210630479,0,0.001000
1648724245.233270078,0,0.000000
1648724245.254147026,0,0.000000
1648724245.275586516,0,0.000000
1648724245.296330853,1,0.008000
1648724245.318046108,0,0.000000
1648724245.341006402,0,0.000000
1648724245.362989136,0,0.000000
1648724245.382896982,3,0.056000
1648724245.403508204,0,0.000000
1648724245.424978075,1,0.001000
1648724245.445342472,0,0.016000
1648724245.468250801,4,0.022000
1648724245.488936874,0,0.000000
1648724245.507631475,0,0.010000
1648724245.529455103,1,0.001000
1648724245.552139137,0,0.000000
1648724245.572480334,1,0.020000
1648724245.593428178,0,0.000000
1648724245.615468396,3,0.024000
1648724245.636078232,0,0.000000
1648724245.658265483,2,0.025000
1648724245.678122315,0,0.000000
1648724245.698550683,8,0.076000
1648724245.718343406,1,0.000000
1648724245.737418407,4,0.053000
1648724245.758581337,0,0.000000
1648724245.779671963,0,0.023000
1648724245.799027170,1,0.011000
1648724245.819821112,0,0.000000
1648724245.843114967,15,0.170000
1648724245.867151049,0,0.000000
1648724245.889260183,1,0.018000
1648724245.910239884,2,0.047000
1648724245.932385320,0,0.000000
1648724245.952783269,13,0.149000
1648724245.975798805,1,0.000000
1648724245.995144931,0,0.011000
1648724246.015810370,2,0.018000
1648724246.039018756,0,0.011000
1648724246.057910900,0,0.000000
1648724246.079322242,0,0.009000
1648724246.102065154,0,0.000000
1648724246.121765906,0,0.000000
1648724246.143196478,1,0.007000
1648724246.165923846,0,0.007000
1648724246.186922702,1,0.007000
1648724246.208776128,0,0.013000
1648724246.228961069,1,0.006000
1648724246.249886069,0,0.000000
1648724246.272357441,0,0.004000
1648724246.294138616,1,0.000000
1648724246.315371965,2,0.013000
1648724246.338182090,1,0.012000
1648724246.359824708,2,0.022000
1648724246.379676959,0,0.004000
1648724246.400097616,1,0.023000
1648724246.421458521,0,0.000000
1648724246.445056730,2,0.017000
1648724246.467632888,0,0.000000
1648724246.488482121,0,0.000000
1648724246.506598179,0,0.007000
1648724246.528412217,0,0.000000
1648724246.552002266,0,0.000000
1648724246.574930495,3,0.018000
1648724246.597572921,0,0.016000
1648724246.616960084,2,0.020000
1648724246.637557027,12,0.128000
1648724246.657854041,2,0.022000
1648724246.679347357,0,0.000000
1648724246.700439360,0,0.003000
1648724246.721503047,1,0.000000
1648724246.745197405,0,0.000000
1648724246.766918030,5,0.053000
1648724246.789841776,0,0.000000
1648724246.809183989,1,0.035000
1648724246.831348468,0,0.013000
1648724246.851356691,2,0.022000
1648724246.872901228,3,0.014000
1648724246.893907844,1,0.018000
1648724246.914481926,1,0.018000
1648724246.935623021,2,0.031000
1648724246.956653829,2,0.012000
1648724246.976994676,0,0.025000
1648724247.002046256,0,0.000000
1648724247.022539830,1,0.000000
1648724247.045035210,4,0.036000
1648724247.067723089,0,0.000000
1648724247.088395191,0,0.014000
1648724247.109042407,0,0.001000
1648724247.130915459,0,0.000000
1648724247.153323599,1,0.000000
1648724247.174390436,3,0.034000
1648724247.194744837,1,0.012000
1648724247.213128439,1,0.013000
1648724247.233424761,2,0.014000
1648724247.253748017,0,0.000000
1648724247.276358226,1,0.022000
1648724247.296433231,1,0.008000
1648724247.316939866,0,0.000000
1648724247.338709833,0,0.005000
1648724247.358434474,0,0.000000
1648724247.380060569,0,0.000000
1648724247.400435512,0,0.000000
1648724247.421785998,5,0.050000
1648724247.442267182,1,0.005000
1648724247.462775987,0,0.000000
1648724247.483020823,0,0.010000
1648724247.502340782,8,0.092000
1648724247.524483807,0,0.000000
1648724247.546291270,0,0.008000
1648724247.566433968,1,0.027000
1648724247.586600719,0,0.000000
1648724247.607135089,13,0.147000
1648724247.629187604,1,0.014000
1648724247.650087433,2,0.023000
1648724247.671467610,1,0.004000
1648724247.690298960,3,0.045000
1648724247.711508535,0,0.000000
1648724247.732358722,1,0.013000
1648724247.754435187,10,0.131000
1648724247.775821504,0,0.016000
1648724247.794125936,0,0.000000
1648724247.814786286,0,0.005000
1648724247.836465124,3,0.014000
1648724247.856979242,0,0.009000
1648724247.877956588,0,0.006000
1648724247.901338574,3,0.036000
1648724247.921794862,0,0.000000
1648724247.942149210,2,0.025000
1648724247.962727285,0,0.001000
1648724247.984874863,0,0.011000
1648724248.005853934,2,0.001000
1648724248.028161765,0,0.007000
1648724248.052609487,34,0.430000
1648724248.073688505,15,0.179000
1648724248.094733177,0,0.000000
1648724248.117452153,1,0.017000
1648724248.137363655,0,0.000000
1648724248.158027878,9,0.122000
1648724248.181402673,0,0.000000
1648724248.201414047,5,0.050000
1648724248.221642582,0,0.000000
1648724248.240692618,5,0.060000
1648724248.262048824,0,0.000000
1648724248.280193140,1,0.008000
1648724248.303169761,9,0.110000
1648724248.323550497,1,0.011000
1648724248.345438227,0,0.000000
1648724248.368764481,0,0.011000
1648724248.389950925,7,0.076000
1648724248.411566634,0,0.006000
1648724248.432042636,1,0.021000
1648724248.454275995,2,0.012000
1648724248.477018764,1,0.012000
1648724248.496240368,3,0.025000
1648724248.518110791,1,0.015000
1648724248.540033893,0,0.030000
1648724248.561542133,0,0.004000
1648724248.584353422,0,0.000000
1648724248.604147315,2,0.009000
1648724248.624962086,0,0.001000
1648724248.645494775,0,0.000000
1648724248.667174331,0,0.014000
1648724248.688549398,1,0.001000
1648724248.710874980,0,0.007000
1648724248.733197738,3,0.026000
1648724248.755120854,2,0.009000
1648724248.776430120,1,0.003000
1648724248.797425825,2,0.021000
1648724248.819408559,1,0.011000
1648724248.841166447,3,0.017000
1648724248.865143796,0,0.015000
1648724248.887414333,8,0.079000
1648724248.907437334,1,0.013000
1648724248.929447247,1,0.007000
1648724248.950427903,0,0.006000
1648724248.974107057,0,0.000000
1648724248.996181542,0,0.012000
1648724249.017032898,0,0.000000
1648724249.037615706,1,0.011000
1648724249.060098221,0,0.016000
1648724249.081126897,2,0.005000
1648724249.100819805,0,0.000000
1648724249.121398085,2,0.025000
1648724249.141555156,0,0.006000
1648724249.163550568,0,0.000000
1648724249.184074192,1,0.011000
1648724249.206924454,1,0.016000
1648724249.229428873,2,0.021000
1648724249.251543165,1,0.016000
1648724249.274259606,2,0.003000
1648724249.297164903,2,0.022000
1648724249.317909869,1,0.026000
1648724249.338750337,0,0.014000
1648724249.361453483,0,0.000000
1648724249.382258574,2,0.009000
1648724249.404043080,2,0.034000
1648724249.425476495,0,0.002000
1648724249.447294914,1,0.023000
1648724249.469921352,1,0.007000
1648724249.492214155,0,0.000000
1648724249.512387219,1,0.024000
1648724249.532969742,1,0.008000
1648724249.554722087,0,0.011000
1648724249.577211641,1,0.010000
1648724249.599538581,0,0.012000
1648724249.621275197,0,0.008000
1648724249.641164352,2,0.023000
1648724249.662977843,1,0.008000
1648724249.684340112,1,0.031000
1648724249.705177132,0,0.010000
1648724249.726957524,0,0.000000
1648724249.746804118,2,0.043000
1648724249.768356270,1,0.032000
1648724249.790063405,1,0.000000
1648724249.811083455,0,0.000000
1648724249.832232123,0,0.000000
1648724249.854078032,1,0.001000
1648724249.875195880,0,0.000000
1648724249.894581787,0,0.011000
1648724249.914859349,1,0.010000
1648724249.935287857,0,0.000000
1648724249.958035724,0,0.000000
1648724249.978353402,0,0.009000
1648724250.000500452,3,0.048000
1648724250.022406353,2,0.026000
1648724250.041913782,3,0.022000
1648724250.061203511,5,0.048000
1648724250.080719950,0,0.001000
1648724250.102433216,1,0.000000
1648724250.122136001,1,0.011000
1648724250.142495543,0,0.000000
1648724250.166355755,7,0.072000
1648724250.185761028,2,0.014000
1648724250.203905701,1,0.000000
1648724250.223702540,2,0.011000
1648724250.246175957,1,0.004000
1648724250.267240139,0,0.012000
1648724250.288616929,0,0.000000
1648724250.311067272,1,0.014000
1648724250.331360098,0,0.001000
1648724250.351699927,18,0.185000
1648724250.373509231,6,0.045000
1648724250.394681001,0,0.000000
1648724250.414088142,0,0.000000
1648724250.434747810,0,0.013000
1648724250.454849100,0,0.000000
1648724250.474538353,1,0.014000
1648724250.495150592,1,0.017000
1648724250.515181546,0,0.000000
1648724250.535957377,0,0.006000
1648724250.557471035,0,0.019000
1648724250.579111228,4,0.028000
1648724250.602232385,0,0.023000
1648724250.623872715,6,0.058000
1648724250.645271101,3,0.016000
1648724250.665320109,2,0.011000
1648724250.687341474,1,0.005000
1648724250.709694223,0,0.001000
1648724250.729058803,1,0.001000
1648724250.751093537,2,0.033000
1648724250.773205295,1,0.010000
1648724250.794829253,1,0.016000
1648724250.816532447,0,0.007000
1648724250.839209961,2,0.013000
1648724250.858845448,1,0.008000
1648724250.880264088,0,0.000000
1648724250.902433310,0,0.004000
1648724250.924267734,0,0.000000
1648724250.945193306,0,0.013000
1648724250.965038493,2,0.016000
1648724250.986212370,0,0.004000
1648724251.007534204,3,0.035000
1648724251.028854205,3,0.008000
1648724251.051141861,0,0.013000
1648724251.072335003,1,0.017000
1648724251.093148336,3,0.023000
1648724251.114481970,0,0.000000
1648724251.137547897,4,0.047000
1648724251.158572912,0,0.000000
1648724251.180088754,1,0.000000
1648724251.204264942,0,0.010000
1648724251.226064954,1,0.013000
1648724251.246199518,0,0.000000
1648724251.266148087,0,0.000000
1648724251.287368250,0,0.004000
1648724251.308893760,5,0.049000
1648724251.328300388,2,0.024000
1648724251.348373217,1,0.004000
1648724251.369662147,2,0.022000
1648724251.388771904,0,0.004000
1648724251.409727665,3,0.019000
1648724251.429827336,0,0.000000
1648724251.450668993,2,0.036000
1648724251.472173595,0,0.000000
1648724251.491401654,2,0.008000
1648724251.511550518,0,0.018000
1648724251.531771119,4,0.068000
1648724251.550329455,1,0.010000
1648724251.570210102,0,0.000000
1648724251.590507047,4,0.036000
1648724251.611174374,0,0.000000
1648724251.632439452,1,0.018000
1648724251.652120920,0,0.000000
1648724251.671667947,3,0.043000
1648724251.693981865,1,0.012000
1648724251.715844748,0,0.000000
1648724251.735874385,0,0.000000
1648724251.756149117,6,0.061000
1648724251.776956709,0,0.000000
1648724251.797557122,7,0.086000
1648724251.816701262,0,0.011000
1648724251.837967777,7,0.064000
1648724251.857920285,1,0.021000
1648724251.878502196,1,0.014000
1648724251.900176830,0,0.000000
1648724251.921906185,1,0.010000
1648724251.943304916,1,0.026000
1648724251.966166456,8,0.102000
1648724251.987730857,0,0.005000
1648724252.006416809,0,0.000000
1648724252.026561455,2,0.006000
1648724252.048322216,1,0.004000
1648724252.070559532,1,0.027000
1648724252.092335245,1,0.055000
1648724252.114201030,1,0.008000
1648724252.133598382,0,0.006000
1648724252.155724943,0,0.010000
1648724252.177335856,1,0.011000
1648724252.198472229,0,0.010000
1648724252.219483529,1,0.000000
1648724252.239443699,0,0.003000
1648724252.259583283,1,0.019000
1648724252.280302173,2,0.024000
1648724252.301382380,0,0.025000
1648724252.322927629,0,0.005000
1648724252.344973625,1,0.009000
1648724252.365352376,0,0.000000
1648724252.388553588,1,0.016000
1648724252.407207548,0,0.000000
1648724252.428319804,8,0.079000
1648724252.449297377,0,0.000000
1648724252.468303314,1,0.003000
1648724252.489119133,2,0.023000
1648724252.510201906,0,0.001000
1648724252.531929006,0,0.000000
1648724252.552170535,1,0.000000
1648724252.572437793,1,0.008000
1648724252.594228475,0,0.000000
1648724252.617783591,1,0.000000
1648724252.639715413,0,0.000000
1648724252.661388657,1,0.000000
1648724252.683626191,2,0.001000
1648724252.704271058,0,0.000000
1648724252.725975745,1,0.015000
1648724252.748304823,9,0.102000
1648724252.769177296,0,0.000000
1648724252.789837377,1,0.020000
1648724252.811754809,1,0.020000
1648724252.832571430,1,0.001000
1648724252.853743823,2,0.022000
1648724252.873391826,0,0.002000
1648724252.894011383,0,0.007000
1648724252.913793912,0,0.012000
1648724252.933894165,0,0.000000
1648724252.954495142,0,0.000000
1648724252.976570861,0,0.000000
1648724253.000222206,0,0.000000
1648724253.019408442,0,0.000000
1648724253.040153920,0,0.003000
1648724253.061177551,2,0.023000
1648724253.081385601,1,0.003000
1648724253.102947367,1,0.003000
1648724253.121454723,0,0.009000
1648724253.140698994,0,0.000000
1648724253.160700566,4,0.027000
1648724253.182439261,0,0.000000
1648724253.204690950,4,0.070000
1648724253.225192619,0,0.000000
1648724253.245549829,3,0.015000
1648724253.265652297,6,0.077000
1648724253.289818028,3,0.025000
1648724253.308391176,0,0.004000
1648724253.330086202,0,0.000000
1648724253.352066498,1,0.008000
1648724253.372449384,0,0.000000
1648724253.394667211,0,0.003000
1648724253.416438892,2,0.027000
1648724253.437322008,2,0.000000
1648724253.461698122,2,0.049000
1648724253.483074434,1,0.005000
1648724253.505273361,2,0.005000
1648724253.525762113,0,0.001000
1648724253.545965674,0,0.000000
1648724253.565169709,0,0.000000
1648724253.586543579,0,0.000000
1648724253.607843148,0,0.002000
1648724253.629375399,2,0.008000
1648724253.652031949,2,0.020000
1648724253.671225028,1,0.031000
1648724253.693241125,2,0.021000
1648724253.712192638,1,0.021000
1648724253.731306255,0,0.000000
1648724253.752067215,0,0.000000
1648724253.773502762,4,0.066000
1648724253.795371241,2,0.000000
1648724253.817068304,2,0.008000
1648724253.840384660,1,0.004000
1648724253.861131894,1,0.015000
1648724253.882536703,0,0.000000
1648724253.904504038,0,0.000000
1648724253.926797480,3,0.019000
1648724253.950071717,0,0.000000
1648724253.971126044,7,0.094000
1648724253.993479328,1,0.000000
1648724254.013390762,1,0.019000
1648724254.036769167,0,0.000000
1648724254.058061906,11,0.165000
1648724254.078422150,0,0.025000
1648724254.099289438,0,0.000000
1648724254.119157247,2,0.024000
1648724254.140019625,0,0.000000
1648724254.161635614,1,0.009000
1648724254.183280587,1,0.000000
1648724254.202326913,0,0.000000
1648724254.224377163,2,0.013000
1648724254.244935716,0,0.000000
1648724254.266810264,1,0.007000
1648724254.286471872,1,0.005000
1648724254.307881078,0,0.000000
1648724254.328151303,10,0.117000
1648724254.348027669,0,0.000000
1648724254.368578526,1,0.008000
1648724254.389683535,0,0.023000
1648724254.410715978,0,0.001000
1648724254.434022687,4,0.020000
1648724254.455001566,2,0.012000
1648724254.475954172,9,0.117000
1648724254.497849648,0,0.000000
1648724254.517401637,0,0.000000
1648724254.536825364,0,0.000000
1648724254.556865439,0,0.007000
1648724254.578833433,1,0.034000
1648724254.600615311,1,0.026000
1648724254.622981660,1,0.018000
1648724254.644926629,0,0.000000
1648724254.665445476,0,0.000000
1648724254.688228322,1,0.030000
1648724254.709458318,3,0.023000
1648724254.731438767,0,0.006000
1648724254.752149149,0,0.000000
1648724254.773137051,0,0.000000
1648724254.793714136,1,0.014000
1648724254.815760538,0,0.000000
1648724254.839417569,1,0.011000
1648724254.861806920,0,0.000000
1648724254.885215039,1,0.005000
1648724254.906544490,1,0.028000
1648724254.927226969,0,0.001000
1648724254.946705559,1,0.000000
1648724254.967470921,0,0.016000
1648724254.990417652,2,0.020000
1648724255.010759010,5,0.050000
1648724255.032394690,0,0.003000
1648724255.054068584,1,0.011000
1648724255.073131915,2,0.000000
1648724255.093870383,3,0.031000
1648724255.116352001,3,0.033000
1648724255.137047350,2,0.008000
1648724255.160172476,1,0.018000
1648724255.183287971,4,0.036000
1648724255.204901504,3,0.016000
1648724255.227697041,0,0.015000
1648724255.251985587,0,0.000000
1648724255.272148582,2,0.048000
1648724255.293276841,1,0.006000
1648724255.316373590,0,0.000000
1648724255.337297744,0,0.005000
1648724255.356719025,2,0.014000
1648724255.379027096,1,0.005000
1648724255.399859615,0,0.000000
1648724255.420977727,3,0.024000
1648724255.440948869,0,0.006000
1648724255.461877463,2,0.033000
1648724255.482181899,0,0.004000
1648724255.504691973,0,0.000000
1648724255.525539074,4,0.025000
1648724255.546830614,1,0.001000
1648724255.569595583,7,0.095000
1648724255.592362628,0,0.000000
1648724255.613150478,1,0.008000
1648724255.635299555,0,0.001000
1648724255.656274433,2,0.011000
1648724255.677626043,10,0.114000
1648724255.700650827,1,0.004000
1648724255.722117534,7,0.097000
1648724255.744051878,0,0.000000
1648724255.764291128,2,0.046000
1648724255.786885158,0,0.000000
1648724255.808532824,0,0.007000
1648724255.831223546,0,0.008000
1648724255.853972081,0,0.000000
1648724255.875332951,8,0.093000
1648724255.898497328,2,0.019000
1648724255.919689932,0,0.000000
1648724255.942137784,3,0.035000
1648724255.963736704,0,0.012000
1648724255.983266138,3,0.022000
1648724256.004073234,2,0.013000
1648724256.025669751,0,0.000000
1648724256.048943242,0,0.019000
1648724256.069277303,0,0.015000
1648724256.088086302,1,0.010000
1648724256.110057823,0,0.003000
1648724256.132262147,0,0.003000
1648724256.152390680,3,0.026000
1648724256.173232455,1,0.000000
1648724256.196455272,1,0.019000
1648724256.217040833,0,0.000000
1648724256.237987257,1,0.000000
1648724256.257726637,0,0.000000
1648724256.278451376,2,0.014000
1648724256.299047288,0,0.008000
1648724256.321956540,2,0.003000
1648724256.343079931,1,0.011000
1648724256.364051279,0,0.000000
1648724256.383506690,4,0.034000
1648724256.402324356,1,0.000000
1648724256.422204333,0,0.000000
1648724256.444891934,26,0.309000
1648724256.467278903,16,0.170000
1648724256.486865698,0,0.000000
1648724256.507959180,0,0.000000
1648724256.528267154,1,0.023000
1648724256.548435868,6,0.058000
1648724256.570525071,0,0.000000
1648724256.592948173,2,0.000000
1648724256.615171081,2,0.002000
1648724256.635555174,0,0.000000
1648724256.658469264,3,0.040000
1648724256.678749596,0,0.000000
1648724256.697993177,0,0.014000
1648724256.718235015,0,0.000000
1648724256.739656179,2,0.010000
1648724256.758565602,2,0.024000
1648724256.778722816,1,0.002000
1648724256.799274250,0,0.000000
1648724256.820233671,2,0.026000
1648724256.841353987,0,0.000000
1648724256.861366088,0,0.001000
1648724256.882934388,0,0.008000
1648724256.903459017,1,0.000000
1648724256.922651902,0,0.000000
1648724256.946434414,0,0.019000
1648724256.965755388,2,0.011000
1648724256.986333228,2,0.002000
1648724257.009439829,5,0.080000
1648724257.030100126,1,0.017000
1648724257.050399264,0,0.000000
1648724257.073412925,1,0.006000
1648724257.093389451,3,0.044000
1648724257.114468063,1,0.008000
1648724257.134081942,4,0.047000
1648724257.153740080,1,0.016000
1648724257.173096208,6,0.059000
1648724257.192932820,0,0.010000
1648724257.211326149,9,0.114000
1648724257.232086708,0,0.000000
1648724257.253309409,1,0.021000
1648724257.275593969,1,0.018000
1648724257.294817703,11,0.137000
1648724257.315418235,0,0.004000
1648724257.333997738,4,0.032000
1648724257.353694538,1,0.003000
1648724257.375813431,4,0.061000
1648724257.397676743,0,0.005000
1648724257.420460263,0,0.000000
1648724257.440218241,2,0.012000
1648724257.461132638,0,0.012000
1648724257.482680848,3,0.028000
1648724257.504875809,0,0.000000
1648724257.525119381,1,0.024000
1648724257.545297623,2,0.004000
1648724257.566431338,0,0.024000
1648724257.589364797,0,0.006000
1648724257.611393779,0,0.000000
1648724257.634059072,2,0.014000
1648724257.654895371,0,0.000000
1648724257.678511369,3,0.051000
1648724257.698849651,0,0.000000
1648724257.721546237,0,0.015000
1648724257.742151581,0,0.010000
1648724257.763486625,1,0.003000
1648724257.781935760,0,0.008000
1648724257.803947052,0,0.000000
1648724257.825626187,1,0.000000
1648724257.848232288,1,0.000000
1648724257.868344135,0,0.000000
1648724257.889418876,0,0.000000
1648724257.908089363,0,0.005000
1648724257.928383544,0,0.013000
1648724257.949156460,1,0.001000
1648724257.972343722,4,0.016000
1648724257.991177104,2,0.022000
1648724258.011377877,0,0.008000
1648724258.033037079,3,0.022000
1648724258.053223173,0,0.020000
1648724258.074598359,2,0.040000
1648724258.095851167,0,0.000000
1648724258.117267855,0,0.015000
1648724258.138489110,1,0.007000
1648724258.160683289,1,0.000000
1648724258.181393186,2,0.015000
1648724258.203598203,0,0.032000
1648724258.225714398,1,0.002000
1648724258.247650494,0,0.021000
1648724258.269187249,3,0.028000
1648724258.290096270,6,0.085000
1648724258.310553241,2,0.051000
1648724258.329613637,1,0.003000
1648724258.350646171,1,0.008000
1648724258.370420631,2,0.038000
1648724258.392668619,1,0.011000
1648724258.416469698,1,0.011000
1648724258.438046218,0,0.011000
1648724258.459894055,1,0.011000
1648724258.482278986,2,0.015000
1648724258.504152890,3,0.044000
1648724258.526177294,0,0.000000
1648724258.546844519,7,0.044000
1648724258.569298361,1,0.000000
1648724258.593005662,2,0.026000
1648724258.614181043,2,0.014000
1648724258.635885861,0,0.000000
1648724258.656136986,0,0.002000
1648724258.676905711,0,0.003000
1648724258.698919487,0,0.020000
1648724258.719921927,1,0.000000
1648724258.740125003,1,0.022000
1648724258.761082274,1,0.027000
1648724258.780316719,1,0.024000
1648724258.799363457,7,0.101000
1648724258.821947510,2,0.031000
1648724258.843557640,3,0.050000
1648724258.866239657,1,0.049000
1648724258.887248642,7,0.072000
1648724258.906841139,0,0.000000
1648724258.926060177,0,0.000000
1648724258.945430370,0,0.012000
1648724258.966952020,0,0.000000
1648724258.987359456,2,0.013000
1648724259.008023983,0,0.000000
1648724259.028892972,0,0.018000
1648724259.050048787,0,0.000000
1648724259.071311940,2,0.011000
1648724259.094315600,3,0.024000
1648724259.113986668,1,0.020000
1648724259.136048581,0,0.004000
1648724259.156545492,0,0.000000
1648724259.179013427,2,0.013000
1648724259.200277506,5,0.046000
1648724259.221922471,1,0.000000
1648724259.241769880,0,0.000000
1648724259.264437213,5,0.052000
1648724259.283530021,0,0.000000
1648724259.304328785,1,0.012000
1648724259.324497373,0,0.000000
1648724259.344681514,0,0.019000
1648724259.364220248,1,0.026000
1648724259.386239761,0,0.000000
1648724259.407385757,6,0.060000
1648724259.429713885,2,0.018000
1648724259.451173028,1,0.009000
1648724259.472190691,4,0.053000
1648724259.491147636,1,0.014000
1648724259.514167709,2,0.030000
1648724259.534679940,2,0.026000
1648724259.556001743,2,0.028000
1648724259.575370209,0,0.003000
1648724259.597335663,2,0.018000
1648724259.618357145,0,0.000000
1648724259.642012640,2,0.028000
1648724259.661598714,0,0.000000
1648724259.681172943,7,0.067000
1648724259.703258075,1,0.015000
1648724259.723269783,1,0.004000
1648724259.743313998,3,0.002000
1648724259.763809503,2,0.011000
1648724259.784615644,2,0.018000
1648724259.805792433,1,0.011000
1648724259.827287208,17,0.217000
1648724259.849985839,0,0.000000
1648724259.869497110,8,0.101000
1648724259.889036719,1,0.009000
1648724259.909870294,5,0.031000
1648724259.932319527,0,0.015000
1648724259.953740751,1,0.020000
1648724259.974435491,1,0.006000
1648724259.995383618,1,0.015000
1648724260.015767837,0,0.005000
1648724260.038490687,1,0.004000
1648724260.058590270,1,0.015000
1648724260.079668500,1,0.018000
1648724260.102498994,0,0.014000
1648724260.124867209,2,0.028000
1648724260.145341931,1,0.007000
1648724260.166693349,0,0.000000
1648724260.186565585,11,0.172000
1648724260.207246497,0,0.013000
1648724260.228100367,0,0.010000
1648724260.247967870,0,0.013000
1648724260.268657889,2,0.038000
1648724260.289942601,1,0.021000
1648724260.310392941,2,0.011000
1648724260.332771961,0,0.000000
1648724260.354768453,0,0.008000
1648724260.376450189,2,0.000000
1648724260.397126016,0,0.000000
1648724260.420414288,2,0.015000
1648724260.440619129,0,0.000000
1648724260.462733688,7,0.098000
1648724260.485934422,0,0.011000
1648724260.506246588,1,0.004000
1648724260.528710259,1,0.004000
1648724260.551016590,1,0.012000
1648724260.569357510,0,0.004000
1648724260.587503405,2,0.024000
1648724260.608640800,3,0.038000
1648724260.628621437,1,0.002000
1648724260.648731632,2,0.019000
1648724260.669148099,1,0.017000
1648724260.691560123,1,0.003000
1648724260.714260311,0,0.000000
1648724260.734267525,0,0.000000
1648724260.754524203,1,0.023000
1648724260.776610853,3,0.017000
1648724260.797218866,1,0.017000
1648724260.819241146,1,0.015000
1648724260.840058271,0,0.000000
1648724260.863216396,0,0.010000
1648724260.883281969,0,0.013000
1648724260.904068540,0,0.000000
1648724260.924242967,2,0.031000
1648724260.945722457,0,0.000000
1648724260.967394781,0,0.005000
1648724260.988275956,0,0.000000
1648724261.008710134,1,0.002000
1648724261.031443548,0,0.008000
1648724261.052988970,1,0.000000
1648724261.073336528,0,0.000000
1648724261.093441948,3,0.026000
1648724261.115965067,1,0.023000
1648724261.134633755,1,0.012000
1648724261.154795875,1,0.000000
1648724261.178269262,5,0.082000
1648724261.199406310,1,0.017000
1648724261.221421280,2,0.010000
1648724261.243729064,0,0.014000
1648724261.265550901,0,0.004000
1648724261.286860545,4,0.032000
1648724261.308104153,0,0.000000
1648724261.329687186,2,0.034000
1648724261.349054700,0,0.004000
1648724261.369081830,7,0.089000
1648724261.390975678,0,0.000000
1648724261.410320912,10,0.118000
1648724261.430059779,2,0.019000
1648724261.452548590,7,0.099000
1648724261.474760758,1,0.009000
1648724261.495509512,2,0.017000
1648724261.515561302,1,0.000000
1648724261.535456100,0,0.019000
1648724261.555996578,1,0.000000
1648724261.579374506,0,0.000000
1648724261.601165527,1,0.039000
1648724261.623341447,1,0.001000
1648724261.644619486,0,0.012000
1648724261.666635622,1,0.014000
1648724261.689439214,1,0.001000
1648724261.709392596,0,0.000000
1648724261.732159617,1,0.003000
1648724261.752469916,2,0.024000
1648724261.776212718,0,0.000000
1648724261.796057830,0,0.000000
1648724261.818627040,0,0.000000
1648724261.839056712,1,0.014000
1648724261.860384571,0,0.012000
1648724261.881754827,2,0.014000
1648724261.903825911,2,0.029000
1648724261.925222518,0,0.010000
1648724261.947263599,0,0.011000
1648724261.968323031,0,0.000000
1648724261.987970548,7,0.077000
1648724262.008365302,3,0.035000
1648724262.029837789,0,0.003000
1648724262.049327618,3,0.021000
1648724262.069466037,0,0.003000
1648724262.091545159,0,0.001000
1648724262.112466907,1,0.007000
1648724262.134316282,0,0.000000
1648724262.156369497,0,0.032000
1648724262.178276836,1,0.000000
1648724262.199773508,1,0.012000
1648724262.221321094,1,0.022000
1648724262.241888816,2,0.036000
1648724262.262654959,1,0.000000
1648724262.282711698,3,0.023000
1648724262.305008382,0,0.000000
1648724262.325492166,0,0.000000
1648724262.345920171,2,0.017000
1648724262.367847232,0,0.000000
1648724262.389266403,1,0.014000
1648724262.409933241,0,0.001000
1648724262.431050983,2,0.011000
1648724262.449712033,1,0.013000
1648724262.469473112,5,0.031000
1648724262.491139948,1,0.011000
1648724262.510394106,1,0.021000
1648724262.530088927,0,0.006000
1648724262.549174274,1,0.026000
1648724262.571837798,0,0.012000
1648724262.592250978,1,0.005000
1648724262.613834582,0,0.000000
1648724262.635048248,1,0.000000
1648724262.656301233,1,0.022000
1648724262.676402192,3,0.020000
1648724262.697108367,0,0.005000
1648724262.717306315,5,0.040000
1648724262.736846789,0,0.005000
1648724262.757094479,8,0.089000
1648724262.778483066,0,0.019000
1648724262.800227462,3,0.056000
1648724262.819519797,1,0.018000
1648724262.839543630,0,0.003000
1648724262.860572561,0,0.000000
1648724262.881891055,0,0.000000
1648724262.903667019,9,0.091000
1648724262.924871122,5,0.049000
1648724262.945761496,0,0.000000
1648724262.968510026,0,0.000000
1648724262.991030712,0,0.001000
1648724263.014046856,0,0.001000
1648724263.036654672,0,0.001000
1648724263.059118442,0,0.001000
1648724263.081562509,0,0.001000
1648724263.104472360,0,0.001000
