1648720688.673993199,6,0.052000
1648720688.695275458,2,0.014000
1648720688.718633366,0,0.000000
1648720688.739260586,1,0.002000
1648720688.761839146,0,0.000000
1648720688.785469222,0,0.000000
1648720688.808063120,1,0.005000
1648720688.830492612,1,0.006000
1648720688.853377667,3,0.071000
1648720688.876932975,0,0.000000
1648720688.901537984,0,0.001000
1648720688.925170483,0,0.000000
1648720688.947913889,7,0.088000
1648720688.971470369,5,0.049000
1648720688.992524306,1,0.008000
1648720689.012733031,3,0.026000
1648720689.034697592,1,0.011000
1648720689.056604336,12,0.220000
1648720689.079161762,7,0.078000
1648720689.102319272,3,0.025000
1648720689.125467444,0,0.013000
1648720689.147945804,1,0.004000
1648720689.169088202,1,0.016000
1648720689.191199692,0,0.000000
1648720689.212959881,0,0.000000
1648720689.236342386,7,0.091000
1648720689.258844933,7,0.059000
1648720689.281028011,4,0.067000
1648720689.303888761,5,0.062000
1648720689.326349236,1,0.015000
1648720689.347758273,1,0.006000
1648720689.370546071,0,0.003000
1648720689.393275322,0,0.001000
1648720689.416755994,19,0.199000
1648720689.439679098,8,0.059000
1648720689.461308011,2,0.022000
1648720689.483797116,0,0.000000
1648720689.505175033,0,0.000000
1648720689.528070506,1,0.012000
1648720689.550997864,0,0.001000
1648720689.572628179,6,0.104000
1648720689.594836076,6,0.062000
1648720689.615781383,10,0.096000
1648720689.639112385,2,0.003000
1648720689.661017716,0,0.000000
1648720689.682912624,0,0.000000
1648720689.705485344,0,0.000000
1648720689.725575205,1,0.027000
1648720689.747559280,7,0.071000
1648720689.769843276,1,0.021000
1648720689.791402628,0,0.000000
1648720689.813275099,0,0.000000
1648720689.835307317,2,0.018000
1648720689.856095505,10,0.128000
1648720689.878758790,6,0.078000
1648720689.901335408,9,0.099000
1648720689.925072389,12,0.161000
1648720689.947659666,6,0.070000
1648720689.969169423,0,0.000000
1648720689.992459308,1,0.017000
1648720690.012949277,8,0.068000
1648720690.035904774,8,0.097000
1648720690.057432603,0,0.000000
1648720690.079940370,0,0.001000
1648720690.101825381,0,0.000000
1648720690.123834153,0,0.011000
1648720690.146525134,0,0.000000
1648720690.169486409,1,0.091000
1648720690.193111655,9,0.130000
1648720690.213358140,3,0.048000
1648720690.235468334,2,0.025000
1648720690.258321720,1,0.006000
1648720690.278426429,1,0.001000
1648720690.301409505,0,0.017000
1648720690.324369083,9,0.075000
1648720690.346370061,16,0.171000
1648720690.369495681,2,0.024000
1648720690.391232978,0,0.000000
1648720690.412358760,1,0.000000
1648720690.434127235,1,0.036000
1648720690.456130784,9,0.089000
1648720690.478363620,6,0.095000
1648720690.500353892,1,0.000000
1648720690.522996230,0,0.003000
1648720690.546727076,0,0.000000
1648720690.567934487,0,0.000000
1648720690.589111465,9,0.136000
1648720690.612285008,5,0.023000
1648720690.634094142,8,0.092000
1648720690.659504456,10,0.105000
1648720690.682178650,2,0.027000
1648720690.704025729,3,0.030000
1648720690.727662876,3,0.019000
1648720690.748970154,1,0.023000
1648720690.770141304,1,0.014000
1648720690.792727577,8,0.080000
1648720690.815810920,0,0.010000
1648720690.839541251,10,0.078000
1648720690.860383969,6,0.027000
1648720690.881660944,0,0.000000
1648720690.904188178,0,0.002000
1648720690.925605150,9,0.102000
1648720690.946340872,11,0.179000
1648720690.968946280,0,0.024000
1648720690.990899533,0,0.005000
1648720691.012962200,0,0.000000
1648720691.034238820,0,0.026000
1648720691.058838534,8,0.090000
1648720691.080302725,12,0.167000
1648720691.103433186,8,0.053000
1648720691.124299258,4,0.018000
1648720691.147139214,0,0.001000
1648720691.170362891,3,0.049000
1648720691.192923910,3,0.038000
1648720691.215938646,1,0.014000
1648720691.238744383,0,0.013000
1648720691.261499709,5,0.053000
1648720691.285744417,0,0.000000
1648720691.308274295,0,0.000000
1648720691.329198459,0,0.000000
1648720691.351982746,1,0.011000
1648720691.374360914,1,0.008000
1648720691.396780413,1,0.000000
1648720691.421254701,0,0.000000
1648720691.444608073,2,0.011000
1648720691.467533984,4,0.033000
1648720691.489184313,0,0.000000
1648720691.511550434,0,0.000000
1648720691.534047095,0,0.009000
1648720691.556719097,10,0.130000
1648720691.578843877,7,0.097000
1648720691.602103456,0,0.000000
1648720691.624456503,11,0.146000
1648720691.648533584,8,0.060000
1648720691.671956321,6,0.060000
1648720691.694919003,0,0.013000
1648720691.717921949,2,0.002000
1648720691.739849747,1,0.015000
1648720691.760292772,10,0.116000
1648720691.783438931,4,0.035000
1648720691.805055643,5,0.075000
1648720691.829212867,5,0.063000
1648720691.851861650,0,0.000000
1648720691.874953015,0,0.000000
1648720691.897453077,0,0.000000
1648720691.919668452,0,0.000000
1648720691.943294918,1,0.000000
1648720691.968184471,1,0.000000
1648720691.989218032,0,0.011000
1648720692.010356012,13,0.156000
1648720692.030276849,0,0.008000
1648720692.050885623,0,0.000000
1648720692.072562158,0,0.012000
1648720692.094589678,1,0.000000
1648720692.117509343,6,0.069000
1648720692.139546501,12,0.127000
1648720692.161221858,4,0.033000
1648720692.183456716,0,0.000000
1648720692.205871702,2,0.023000
1648720692.228358836,3,0.012000
1648720692.250466982,2,0.006000
1648720692.274063352,20,0.203000
1648720692.294059203,0,0.000000
1648720692.315697182,0,0.005000
1648720692.338107527,0,0.019000
1648720692.360858175,0,0.000000
1648720692.382955089,10,0.135000
1648720692.406546719,12,0.136000
1648720692.428983456,8,0.104000
1648720692.452038090,6,0.028000
1648720692.474055192,1,0.008000
1648720692.495180745,1,0.000000
1648720692.518571264,0,0.000000
1648720692.541545881,1,0.014000
1648720692.565167416,0,0.012000
1648720692.587096614,0,0.007000
1648720692.609134142,0,0.000000
1648720692.631444995,1,0.000000
1648720692.654149040,10,0.136000
1648720692.676438076,1,0.060000
1648720692.696996557,3,0.007000
1648720692.720393535,0,0.002000
1648720692.742479073,3,0.012000
1648720692.766021329,0,0.000000
1648720692.789913418,2,0.009000
1648720692.812757598,1,0.012000
1648720692.833368308,11,0.112000
1648720692.854509762,3,0.060000
1648720692.876374868,2,0.006000
1648720692.897981823,0,0.023000
1648720692.922166013,0,0.000000
1648720692.945426843,1,0.011000
1648720692.966916968,0,0.008000
1648720692.988669636,0,0.031000
1648720693.010943243,11,0.113000
1648720693.032416329,2,0.011000
1648720693.054265691,4,0.063000
1648720693.077415259,3,0.043000
1648720693.100725746,1,0.007000
1648720693.122507104,0,0.000000
1648720693.144533724,0,0.000000
1648720693.165047908,10,0.078000
1648720693.187168943,6,0.045000
1648720693.209345006,1,0.003000
1648720693.232922968,1,0.011000
1648720693.256541126,1,0.011000
1648720693.278833492,0,0.000000
1648720693.301893818,0,0.015000
1648720693.324889434,0,0.000000
1648720693.347497473,0,0.002000
1648720693.370474145,0,0.000000
1648720693.394300587,0,0.000000
1648720693.418144960,0,0.000000
1648720693.441185493,6,0.118000
1648720693.462889321,11,0.139000
1648720693.485725220,9,0.106000
1648720693.509397016,0,0.000000
1648720693.531406961,0,0.000000
1648720693.554812929,0,0.000000
1648720693.576782660,5,0.099000
1648720693.598443795,6,0.051000
1648720693.620321192,2,0.028000
1648720693.642282988,2,0.015000
1648720693.665278605,3,0.042000
1648720693.687851091,0,0.000000
1648720693.709019704,1,0.019000
1648720693.731507925,11,0.131000
1648720693.755169717,7,0.092000
1648720693.777538325,4,0.037000
1648720693.800227631,0,0.000000
1648720693.823074492,0,0.000000
1648720693.846331575,0,0.000000
1648720693.869109388,0,0.002000
1648720693.891159258,0,0.000000
1648720693.914340800,12,0.181000
1648720693.937348137,6,0.050000
1648720693.960608773,10,0.085000
1648720693.983813996,0,0.000000
1648720694.004923545,0,0.011000
1648720694.028118816,0,0.000000
1648720694.050272223,0,0.003000
1648720694.072256604,2,0.032000
1648720694.096150033,0,0.000000
1648720694.118890861,0,0.000000
1648720694.139791352,0,0.000000
1648720694.162551311,2,0.006000
1648720694.186171549,0,0.000000
1648720694.208234743,5,0.057000
1648720694.232011047,1,0.023000
1648720694.255116436,9,0.120000
1648720694.277909786,11,0.151000
1648720694.300643930,3,0.024000
1648720694.322975046,2,0.020000
1648720694.345015337,0,0.011000
1648720694.367476697,0,0.004000
1648720694.389838110,0,0.000000
1648720694.412586311,1,0.001000
1648720694.436307373,0,0.003000
1648720694.460165490,1,0.005000
1648720694.483510271,0,0.009000
1648720694.505232870,0,0.000000
1648720694.528033860,0,0.017000
1648720694.550573657,1,0.032000
1648720694.571300914,0,0.000000
1648720694.591372121,0,0.004000
1648720694.614052770,0,0.037000
1648720694.635642528,1,0.012000
1648720694.657215332,5,0.113000
1648720694.680097203,4,0.064000
1648720694.703043009,4,0.023000
1648720694.725554331,1,0.026000
1648720694.748056491,0,0.000000
1648720694.770185292,0,0.000000
1648720694.793497680,0,0.000000
1648720694.816115566,0,0.000000
1648720694.838912084,0,0.000000
1648720694.861695524,10,0.108000
1648720694.884163851,18,0.199000
1648720694.906166938,2,0.026000
1648720694.928229675,1,0.000000
1648720694.950180886,0,0.012000
1648720694.971918594,0,0.001000
1648720694.995395993,0,0.000000
1648720695.018211561,0,0.000000
1648720695.040488555,1,0.018000
1648720695.063114280,0,0.000000
1648720695.084590462,2,0.039000
1648720695.108108019,12,0.098000
1648720695.130499380,6,0.066000
1648720695.153257540,4,0.052000
1648720695.176048340,0,0.001000
1648720695.197409495,0,0.024000
1648720695.219387864,0,0.008000
1648720695.242785208,2,0.000000
1648720695.264653230,9,0.094000
1648720695.287547112,16,0.166000
1648720695.311475213,13,0.156000
1648720695.334397498,19,0.175000
1648720695.357198722,1,0.008000
1648720695.378761073,0,0.028000
1648720695.402550102,0,0.000000
1648720695.425146787,0,0.003000
1648720695.448583139,0,0.019000
1648720695.471930021,1,0.004000
1648720695.494607359,13,0.216000
1648720695.516835440,9,0.121000
1648720695.538677118,3,0.023000
1648720695.560557776,0,0.000000
1648720695.582210157,0,0.000000
1648720695.605426740,0,0.001000
1648720695.627381036,1,0.001000
1648720695.651355371,13,0.214000
1648720695.672908183,1,0.020000
1648720695.694468856,1,0.001000
1648720695.716884161,0,0.011000
1648720695.738606948,0,0.001000
1648720695.761140145,0,0.000000
1648720695.784282264,0,0.016000
1648720695.805188571,1,0.015000
1648720695.826043357,8,0.117000
1648720695.849496720,9,0.129000
1648720695.870990469,8,0.096000
1648720695.893469646,0,0.004000
1648720695.915959476,0,0.000000
1648720695.937754213,1,0.016000
1648720695.960340326,0,0.000000
1648720695.984527735,0,0.001000
1648720696.007506995,0,0.000000
1648720696.028772296,3,0.058000
1648720696.049955408,3,0.046000
1648720696.074164792,10,0.105000
1648720696.095918625,7,0.097000
1648720696.116933601,0,0.000000
1648720696.139093163,0,0.005000
1648720696.162204345,1,0.009000
1648720696.185370372,0,0.000000
1648720696.207411941,0,0.000000
1648720696.230029557,1,0.000000
1648720696.253762826,9,0.125000
1648720696.277399076,18,0.203000
1648720696.298787371,6,0.108000
1648720696.322763591,0,0.003000
1648720696.343387006,0,0.000000
1648720696.365717607,2,0.030000
1648720696.388590457,0,0.001000
1648720696.410083734,19,0.211000
1648720696.431443356,1,0.000000
1648720696.453183527,0,0.000000
1648720696.475820492,0,0.007000
1648720696.498859274,0,0.000000
1648720696.521787797,0,0.000000
1648720696.543281805,11,0.145000
1648720696.565133659,6,0.068000
1648720696.587428264,0,0.000000
1648720696.609003498,0,0.012000
1648720696.631836522,0,0.000000
1648720696.655138811,0,0.000000
1648720696.679287614,0,0.000000
1648720696.702774688,0,0.002000
1648720696.725779109,0,0.022000
1648720696.747650119,0,0.000000
1648720696.768480369,2,0.000000
1648720696.790861285,2,0.032000
1648720696.814113902,15,0.196000
1648720696.836891785,14,0.165000
1648720696.858394164,14,0.147000
1648720696.880896235,8,0.096000
1648720696.903235322,3,0.034000
1648720696.926403277,0,0.000000
1648720696.947805756,0,0.003000
1648720696.969015017,0,0.001000
1648720696.993057093,0,0.006000
1648720697.016177842,0,0.000000
1648720697.039354056,0,0.000000
1648720697.061527502,7,0.083000
1648720697.082837656,4,0.071000
1648720697.104978561,2,0.048000
1648720697.128060392,3,0.000000
1648720697.150506458,0,0.000000
1648720697.172390452,0,0.008000
1648720697.194652805,0,0.000000
1648720697.218120759,8,0.099000
1648720697.240311680,5,0.074000
1648720697.262986618,3,0.027000
1648720697.285108528,2,0.017000
1648720697.309381342,4,0.050000
1648720697.333221917,5,0.077000
1648720697.356814925,1,0.001000
1648720697.380269845,3,0.034000
1648720697.404836527,1,0.017000
1648720697.426686152,0,0.000000
1648720697.449782604,0,0.000000
1648720697.472018277,0,0.001000
1648720697.493383869,0,0.000000
1648720697.515832170,12,0.128000
1648720697.537538951,5,0.038000
1648720697.559896619,0,0.000000
1648720697.584594380,0,0.004000
1648720697.606440574,1,0.011000
1648720697.629661464,0,0.000000
1648720697.651544852,0,0.000000
1648720697.675946206,0,0.006000
1648720697.697674256,0,0.000000
1648720697.720549682,2,0.029000
1648720697.740947700,7,0.074000
1648720697.764829290,16,0.253000
1648720697.787604644,14,0.131000
1648720697.809404182,1,0.007000
1648720697.831374068,0,0.008000
1648720697.852320433,0,0.000000
1648720697.875741425,0,0.000000
1648720697.898533564,0,0.000000
1648720697.921349222,8,0.083000
1648720697.943406425,17,0.155000
1648720697.966057523,5,0.038000
1648720697.987243292,0,0.000000
1648720698.007202110,0,0.005000
1648720698.029465861,0,0.000000
1648720698.052537639,14,0.172000
1648720698.074364626,7,0.078000
1648720698.096170507,0,0.042000
1648720698.118652211,1,0.007000
1648720698.141420546,0,0.000000
1648720698.165322265,2,0.000000
1648720698.185771216,0,0.003000
1648720698.208226415,1,0.011000
1648720698.230848083,0,0.002000
1648720698.251410102,7,0.081000
1648720698.273985262,11,0.125000
1648720698.297247297,0,0.000000
1648720698.322823264,0,0.000000
1648720698.346490163,0,0.015000
1648720698.368852190,5,0.036000
1648720698.392452033,1,0.017000
1648720698.414829782,6,0.065000
1648720698.438910271,14,0.130000
1648720698.461864683,5,0.056000
1648720698.482960167,0,0.012000
1648720698.504472521,0,0.000000
1648720698.526745206,0,0.000000
1648720698.547994082,3,0.034000
1648720698.571365589,3,0.011000
1648720698.591848970,2,0.047000
1648720698.615094400,1,0.025000
1648720698.637926329,1,0.021000
1648720698.660487756,1,0.039000
1648720698.683422122,2,0.002000
1648720698.706153760,1,0.001000
1648720698.728148578,2,0.033000
1648720698.750109466,0,0.000000
1648720698.774167532,2,0.040000
1648720698.796069468,2,0.015000
1648720698.818788230,8,0.083000
1648720698.841255572,10,0.140000
1648720698.865500020,15,0.137000
1648720698.887589607,2,0.069000
1648720698.910268358,0,0.000000
1648720698.933476133,0,0.000000
1648720698.953982343,8,0.068000
1648720698.976080189,12,0.122000
1648720698.997941224,0,0.000000
1648720699.019665502,0,0.013000
1648720699.041983351,0,0.000000
1648720699.062665307,0,0.000000
1648720699.086311338,1,0.010000
1648720699.108688814,0,0.000000
1648720699.131433985,0,0.000000
1648720699.153044251,0,0.009000
1648720699.175416869,16,0.224000
1648720699.198410737,9,0.091000
1648720699.220672114,6,0.109000
1648720699.243133378,6,0.059000
1648720699.267290461,5,0.081000
1648720699.290029409,1,0.000000
1648720699.311662871,0,0.000000
1648720699.332941618,2,0.001000
1648720699.354855225,2,0.000000
1648720699.376452114,1,0.016000
1648720699.400757492,0,0.000000
1648720699.422968006,0,0.000000
1648720699.446819610,2,0.004000
1648720699.468327722,10,0.118000
1648720699.491382549,0,0.011000
1648720699.515135588,16,0.149000
1648720699.536300486,7,0.085000
1648720699.558413695,1,0.014000
1648720699.580566727,0,0.006000
1648720699.603967566,1,0.008000
1648720699.625066274,2,0.012000
1648720699.645470198,0,0.014000
1648720699.669925414,2,0.019000
1648720699.693168805,2,0.050000
1648720699.716703799,1,0.023000
1648720699.739302313,0,0.000000
1648720699.760857974,0,0.000000
1648720699.784578422,0,0.009000
1648720699.807508529,0,0.014000
1648720699.830352630,0,0.000000
1648720699.851822117,0,0.005000
1648720699.874583294,6,0.047000
1648720699.895930795,8,0.088000
1648720699.919864759,9,0.125000
1648720699.943204061,16,0.162000
1648720699.965767574,0,0.000000
1648720699.987970588,0,0.000000
1648720700.010000113,1,0.019000
1648720700.031031038,1,0.017000
1648720700.052960386,9,0.136000
1648720700.075830426,0,0.000000
1648720700.098785744,8,0.084000
1648720700.120437914,7,0.083000
1648720700.144213680,13,0.150000
1648720700.166501263,9,0.136000
1648720700.189153452,15,0.145000
1648720700.210405192,13,0.107000
1648720700.233018556,5,0.047000
1648720700.256032996,3,0.001000
1648720700.278064422,0,0.000000
1648720700.301426103,0,0.000000
1648720700.322749227,0,0.011000
1648720700.344877948,0,0.007000
1648720700.367779522,3,0.016000
1648720700.390601627,2,0.012000
1648720700.413879107,12,0.130000
1648720700.436689294,6,0.131000
1648720700.459210197,2,0.030000
1648720700.480855846,0,0.005000
1648720700.502451839,0,0.000000
1648720700.526553021,0,0.000000
1648720700.548628143,0,0.008000
1648720700.571220602,0,0.004000
1648720700.593493101,1,0.000000
1648720700.615750079,0,0.001000
1648720700.639333513,0,0.004000
1648720700.661393123,0,0.000000
1648720700.684257288,0,0.008000
1648720700.706886819,11,0.120000
1648720700.728930345,8,0.086000
1648720700.749285303,3,0.053000
1648720700.772310900,1,0.029000
1648720700.793214517,0,0.000000
1648720700.814118566,0,0.000000
1648720700.837197336,7,0.083000
1648720700.859146766,12,0.138000
1648720700.881509734,11,0.099000
1648720700.903806575,2,0.037000
1648720700.925277143,5,0.063000
1648720700.948989291,1,0.027000
1648720700.970707908,0,0.008000
1648720700.993681424,0,0.000000
1648720701.015952438,2,0.033000
1648720701.037797820,5,0.055000
1648720701.059989603,0,0.000000
1648720701.081326108,2,0.028000
1648720701.102661007,0,0.021000
1648720701.126077186,0,0.000000
1648720701.147671062,0,0.000000
1648720701.169658081,0,0.010000
1648720701.192315496,2,0.036000
1648720701.215274942,0,0.000000
1648720701.236386696,7,0.117000
1648720701.258561081,8,0.094000
1648720701.280845217,0,0.000000
1648720701.302502691,15,0.164000
1648720701.324801937,5,0.061000
1648720701.345664188,1,0.005000
1648720701.368035142,0,0.000000
1648720701.391480622,0,0.003000
1648720701.415004975,0,0.000000
1648720701.437793436,0,0.000000
1648720701.460921018,12,0.217000
1648720701.483277915,10,0.102000
1648720701.505789894,2,0.017000
1648720701.526302366,1,0.000000
1648720701.550323535,0,0.003000
1648720701.573802936,0,0.001000
1648720701.595202641,0,0.008000
1648720701.616952033,3,0.039000
1648720701.639590052,12,0.094000
1648720701.660191020,4,0.080000
1648720701.683315378,0,0.035000
1648720701.705392460,0,0.003000
1648720701.726977186,0,0.008000
1648720701.750160980,0,0.000000
1648720701.773913075,0,0.000000
1648720701.794381855,15,0.138000
1648720701.817538472,1,0.031000
1648720701.837778427,0,0.005000
1648720701.859407498,0,0.000000
1648720701.880107370,6,0.085000
1648720701.902364424,1,0.001000
1648720701.923426438,0,0.000000
1648720701.946967633,0,0.000000
1648720701.969896986,1,0.004000
1648720701.993591912,0,0.000000
1648720702.015239563,1,0.012000
1648720702.038224785,16,0.187000
1648720702.060419769,12,0.116000
1648720702.083421264,0,0.014000
1648720702.105052113,0,0.000000
1648720702.125916479,1,0.012000
1648720702.148240859,0,0.020000
1648720702.169621072,16,0.176000
1648720702.191816590,12,0.119000
1648720702.215489126,4,0.073000
1648720702.238469690,0,0.000000
1648720702.261709436,3,0.000000
1648720702.283575633,0,0.000000
1648720702.306031296,0,0.015000
1648720702.327851103,0,0.010000
1648720702.352159491,0,0.000000
1648720702.375293619,2,0.019000
1648720702.397573151,0,0.001000
1648720702.422011989,0,0.023000
1648720702.444726069,16,0.136000
1648720702.466105883,7,0.062000
1648720702.490191925,13,0.147000
1648720702.512201229,0,0.012000
1648720702.532431451,0,0.000000
1648720702.554197335,2,0.017000
1648720702.578719727,0,0.000000
1648720702.600880671,0,0.000000
1648720702.622835836,0,0.000000
1648720702.645160797,0,0.000000
1648720702.667929773,0,0.000000
1648720702.690321234,0,0.000000
1648720702.712064760,15,0.147000
1648720702.732152393,2,0.010000
1648720702.754910215,0,0.000000
1648720702.776525807,0,0.000000
1648720702.797293554,0,0.000000
1648720702.819370902,5,0.096000
1648720702.841785397,8,0.058000
1648720702.866191876,1,0.007000
1648720702.887336906,8,0.106000
1648720702.908674007,0,0.000000
1648720702.929845605,0,0.000000
1648720702.954595570,2,0.029000
1648720702.977457177,1,0.025000
1648720702.998946584,3,0.024000
1648720703.020968524,0,0.026000
1648720703.045582216,1,0.007000
1648720703.066406640,4,0.034000
1648720703.089583615,9,0.108000
1648720703.113015996,7,0.131000
1648720703.135733136,4,0.061000
1648720703.154981114,0,0.000000
1648720703.176378355,0,0.000000
1648720703.197894223,0,0.000000
1648720703.220510433,5,0.039000
1648720703.243776113,4,0.016000
1648720703.264590021,0,0.000000
1648720703.288063774,0,0.001000
1648720703.310475155,2,0.000000
1648720703.332583188,0,0.000000
1648720703.354427016,8,0.076000
1648720703.378680707,5,0.072000
1648720703.401212693,8,0.049000
1648720703.422202366,0,0.026000
1648720703.444963506,1,0.000000
1648720703.467392902,1,0.003000
1648720703.490159064,0,0.013000
1648720703.510400402,0,0.000000
1648720703.532789617,12,0.123000
1648720703.554302095,13,0.231000
1648720703.577704802,12,0.130000
1648720703.601088846,9,0.065000
1648720703.624420497,13,0.164000
1648720703.646130077,13,0.115000
1648720703.668587919,4,0.048000
1648720703.689638270,0,0.000000
1648720703.712567700,0,0.000000
1648720703.734951633,0,0.021000
1648720703.757652776,4,0.012000
1648720703.780526378,10,0.131000
1648720703.802873057,6,0.083000
1648720703.824561903,1,0.011000
1648720703.846348814,0,0.000000
1648720703.869623600,0,0.000000
1648720703.892147151,0,0.003000
1648720703.912451910,10,0.126000
1648720703.933348781,8,0.048000
1648720703.954447784,0,0.011000
1648720703.976736109,0,0.003000
1648720703.998362323,0,0.000000
1648720704.021636700,0,0.000000
1648720704.044101733,0,0.000000
1648720704.064907403,10,0.122000
1648720704.086189416,13,0.208000
1648720704.109219586,3,0.047000
1648720704.129846606,1,0.011000
1648720704.150130008,1,0.000000
1648720704.172712969,0,0.008000
1648720704.196338804,0,0.000000
1648720704.218147860,2,0.007000
1648720704.240916242,0,0.005000
1648720704.263595993,0,0.002000
1648720704.285960380,0,0.023000
1648720704.310965613,1,0.009000
1648720704.333954139,3,0.077000
1648720704.355723690,10,0.115000
1648720704.378658048,22,0.225000
1648720704.401223433,2,0.018000
1648720704.422862687,0,0.037000
1648720704.444436152,0,0.000000
1648720704.467198946,0,0.001000
1648720704.489739901,14,0.109000
1648720704.511133841,13,0.185000
1648720704.534710818,9,0.086000
1648720704.556491318,2,0.017000
1648720704.577904563,1,0.007000
1648720704.600791751,0,0.000000
1648720704.622857647,9,0.052000
1648720704.643331214,3,0.067000
1648720704.665692968,0,0.004000
1648720704.686463007,1,0.001000
1648720704.710218990,0,0.000000
1648720704.732954290,0,0.000000
1648720704.754050497,1,0.015000
1648720704.774768912,9,0.115000
1648720704.797836029,18,0.212000
1648720704.819751253,13,0.109000
1648720704.843179111,0,0.007000
1648720704.865980068,0,0.000000
1648720704.888546891,0,0.000000
1648720704.909900903,0,0.000000
1648720704.932738392,0,0.027000
1648720704.954047504,8,0.091000
1648720704.976653207,6,0.090000
1648720704.998484703,7,0.039000
1648720705.020435804,0,0.010000
1648720705.042145810,4,0.017000
1648720705.065278753,0,0.000000
1648720705.087066546,0,0.000000
1648720705.110356250,4,0.019000
1648720705.133706334,0,0.007000
1648720705.157135276,0,0.000000
1648720705.180033973,1,0.021000
1648720705.201665663,11,0.152000
1648720705.223209120,9,0.123000
1648720705.244909958,2,0.036000
1648720705.266268732,11,0.095000
1648720705.289337674,5,0.071000
1648720705.312345193,0,0.000000
1648720705.333024128,0,0.023000
1648720705.353868256,0,0.000000
1648720705.376415958,6,0.071000
1648720705.400317332,5,0.035000
1648720705.422016431,12,0.176000
1648720705.445285018,7,0.078000
1648720705.467667512,1,0.028000
1648720705.489851599,0,0.000000
1648720705.513260928,4,0.013000
1648720705.537105384,1,0.009000
1648720705.558701601,0,0.013000
1648720705.579912778,2,0.015000
1648720705.603187021,3,0.002000
1648720705.626371540,1,0.014000
1648720705.648986015,11,0.124000
1648720705.670268706,3,0.040000
1648720705.692132977,11,0.111000
1648720705.717061953,6,0.042000
1648720705.737542674,0,0.000000
1648720705.759481805,2,0.000000
1648720705.782376550,2,0.008000
1648720705.805532631,0,0.000000
1648720705.828956936,0,0.000000
1648720705.850557830,0,0.000000
1648720705.872574931,0,0.005000
1648720705.895240756,0,0.000000
1648720705.917757691,10,0.118000
1648720705.941077711,5,0.061000
1648720705.964478051,10,0.121000
1648720705.987672104,0,0.000000
1648720706.008544643,1,0.018000
1648720706.032004760,0,0.001000
1648720706.054666721,0,0.011000
1648720706.078813808,1,0.015000
1648720706.100598320,0,0.000000
1648720706.122003168,0,0.018000
1648720706.146367705,0,0.000000
1648720706.167635700,0,0.000000
1648720706.190033530,4,0.041000
1648720706.213393466,0,0.010000
1648720706.236661164,0,0.000000
1648720706.259772602,2,0.004000
1648720706.284274876,0,0.000000
1648720706.306541231,9,0.110000
1648720706.329371855,19,0.170000
1648720706.350379696,7,0.067000
1648720706.372621697,1,0.020000
1648720706.395751287,1,0.005000
1648720706.417436846,3,0.026000
1648720706.439500585,0,0.000000
1648720706.461539470,1,0.015000
1648720706.482651668,8,0.081000
1648720706.504392164,17,0.216000
1648720706.527942186,0,0.000000
1648720706.550799981,16,0.184000
1648720706.572374783,11,0.152000
1648720706.594341651,11,0.104000
1648720706.615604008,3,0.057000
1648720706.639209456,3,0.038000
1648720706.664356534,6,0.088000
1648720706.686797377,5,0.054000
1648720706.710825492,2,0.008000
1648720706.731161736,0,0.000000
1648720706.754036689,0,0.000000
1648720706.776277569,13,0.189000
1648720706.797233095,12,0.151000
1648720706.820526554,12,0.114000
1648720706.842539613,13,0.103000
1648720706.865874996,7,0.088000
1648720706.887441931,0,0.003000
1648720706.909275130,0,0.002000
1648720706.932219819,9,0.092000
1648720706.953539050,19,0.184000
1648720706.976069047,4,0.016000
1648720706.996410028,0,0.001000
1648720707.019435494,0,0.004000
1648720707.040854335,0,0.000000
1648720707.063482944,0,0.007000
1648720707.084630027,8,0.139000
1648720707.107289402,14,0.190000
1648720707.128074836,3,0.038000
1648720707.148669394,5,0.051000
1648720707.172182149,0,0.002000
1648720707.194436473,1,0.008000
1648720707.217235174,0,0.013000
1648720707.239357791,0,0.000000
1648720707.262946566,0,0.000000
1648720707.284844626,0,0.000000
1648720707.307239671,1,0.008000
1648720707.329700218,0,0.000000
1648720707.353455884,8,0.122000
1648720707.375087900,10,0.077000
1648720707.396681669,2,0.042000
1648720707.418904744,0,0.000000
1648720707.440395799,1,0.007000
1648720707.461920694,0,0.001000
1648720707.485505554,3,0.000000
1648720707.508301021,0,0.000000
1648720707.531709199,2,0.000000
1648720707.554289873,2,0.013000
1648720707.577423707,10,0.063000
1648720707.600110045,6,0.058000
1648720707.622144642,1,0.000000
1648720707.644401950,1,0.036000
1648720707.666574842,0,0.000000
1648720707.688291182,0,0.003000
1648720707.709757254,14,0.159000
1648720707.732138751,7,0.082000
1648720707.753938530,4,0.038000
1648720707.775242597,0,0.000000
1648720707.796995986,0,0.000000
1648720707.819603910,17,0.201000
1648720707.839509077,8,0.079000
1648720707.860584943,4,0.058000
1648720707.884033012,0,0.006000
1648720707.905412835,0,0.002000
1648720707.927390926,1,0.010000
1648720707.950957917,4,0.019000
1648720707.974173747,8,0.065000
1648720707.996895487,5,0.060000
1648720708.020333946,6,0.101000
1648720708.043538581,3,0.041000
1648720708.066401860,0,0.000000
1648720708.087185712,1,0.009000
1648720708.109908591,0,0.000000
1648720708.130154290,11,0.130000
1648720708.151443895,5,0.061000
1648720708.172094461,1,0.015000
1648720708.193087370,0,0.005000
1648720708.213995955,0,0.000000
1648720708.236558594,0,0.007000
1648720708.259052482,11,0.206000
1648720708.279827677,1,0.004000
1648720708.303072947,3,0.059000
1648720708.325481261,0,0.008000
1648720708.348489964,6,0.059000
1648720708.371997556,0,0.000000
1648720708.393659001,1,0.005000
1648720708.417086984,1,0.010000
1648720708.439093219,1,0.006000
1648720708.461303535,0,0.003000
1648720708.482781529,11,0.111000
1648720708.504468846,6,0.075000
1648720708.526885309,6,0.038000
1648720708.548539523,10,0.060000
1648720708.568877707,7,0.083000
1648720708.591676018,2,0.044000
1648720708.613779520,0,0.001000
1648720708.635066023,2,0.026000
1648720708.657992105,1,0.016000
1648720708.679713854,1,0.004000
1648720708.702182259,0,0.013000
1648720708.725356782,0,0.003000
1648720708.747083749,9,0.086000
1648720708.767480092,1,0.038000
1648720708.789172517,0,0.003000
1648720708.812050273,2,0.008000
1648720708.835168024,0,0.000000
1648720708.858354631,0,0.000000
1648720708.880003724,0,0.000000
1648720708.901368249,2,0.011000
1648720708.923665243,0,0.000000
1648720708.947100322,7,0.076000
1648720708.969191067,11,0.102000
1648720708.991421033,0,0.005000
1648720709.012392455,0,0.000000
1648720709.032767599,0,0.020000
1648720709.055385145,16,0.179000
1648720709.077506147,3,0.049000
1648720709.098686203,0,0.001000
1648720709.120682292,0,0.005000
1648720709.142892160,0,0.010000
1648720709.165036553,11,0.134000
1648720709.186611333,4,0.040000
1648720709.207000305,9,0.077000
1648720709.230117212,4,0.036000
1648720709.251589373,0,0.000000
1648720709.273790406,1,0.003000
1648720709.295274920,0,0.001000
1648720709.318933302,1,0.024000
1648720709.341957923,2,0.014000
1648720709.364807313,0,0.000000
1648720709.386146480,0,0.000000
1648720709.408254177,0,0.000000
1648720709.428538435,9,0.127000
1648720709.449270067,15,0.169000
1648720709.473144429,3,0.042000
1648720709.495336647,5,0.075000
1648720709.519626577,0,0.004000
1648720709.541024601,0,0.000000
1648720709.561796135,0,0.000000
1648720709.584085517,0,0.013000
1648720709.607127290,1,0.000000
1648720709.629690976,0,0.000000
1648720709.653236457,0,0.004000
1648720709.675545006,17,0.165000
1648720709.698967017,0,0.000000
1648720709.720467999,0,0.000000
1648720709.742404108,0,0.010000
1648720709.763954650,14,0.137000
1648720709.785465716,9,0.122000
1648720709.808342357,5,0.071000
1648720709.831102286,5,0.049000
1648720709.852855989,0,0.000000
1648720709.873656480,0,0.000000
1648720709.895254518,0,0.011000
1648720709.916843583,0,0.000000
1648720709.939622002,0,0.000000
1648720709.963416422,4,0.091000
1648720709.985395448,13,0.126000
1648720710.007046933,3,0.026000
1648720710.029659615,5,0.031000
1648720710.051976018,0,0.000000
1648720710.074457111,0,0.000000
1648720710.096482671,2,0.012000
1648720710.117914718,0,0.000000
1648720710.142016081,0,0.000000
1648720710.164194937,0,0.051000
1648720710.185623393,7,0.123000
1648720710.206083116,7,0.057000
1648720710.228166461,0,0.000000
1648720710.250558897,0,0.000000
1648720710.274861235,1,0.006000
1648720710.297495664,1,0.000000
1648720710.319403353,0,0.000000
1648720710.341594001,0,0.012000
1648720710.362159706,6,0.040000
1648720710.380842692,0,0.024000
1648720710.404566666,0,0.000000
1648720710.427084851,1,0.013000
1648720710.449787587,0,0.022000
1648720710.471401985,0,0.015000
1648720710.493319298,0,0.000000
1648720710.516050932,19,0.183000
1648720710.538308806,3,0.024000
1648720710.558966564,0,0.000000
1648720710.579178921,1,0.009000
1648720710.600909029,3,0.070000
1648720710.621210260,2,0.014000
1648720710.642988468,0,0.000000
1648720710.664460255,0,0.000000
1648720710.686634692,0,0.000000
1648720710.708656725,11,0.078000
1648720710.729799404,11,0.137000
1648720710.751813611,12,0.135000
1648720710.774580237,12,0.141000
1648720710.797337933,16,0.173000
1648720710.821331591,4,0.071000
1648720710.841478292,3,0.022000
1648720710.863189657,0,0.000000
1648720710.884028695,0,0.014000
1648720710.904212625,9,0.100000
1648720710.926371829,11,0.110000
1648720710.948985947,3,0.037000
1648720710.970358344,0,0.000000
1648720710.993601444,0,0.000000
1648720711.015243833,1,0.000000
1648720711.036230766,2,0.017000
1648720711.058894570,14,0.127000
1648720711.080788339,0,0.005000
1648720711.101922764,4,0.031000
1648720711.123993951,0,0.001000
1648720711.146873157,0,0.004000
1648720711.168653794,0,0.001000
1648720711.191019381,6,0.071000
1648720711.213824606,10,0.139000
1648720711.236325269,1,0.029000
1648720711.258305803,4,0.036000
1648720711.282109058,0,0.000000
1648720711.302242251,0,0.000000
1648720711.323301271,13,0.132000
1648720711.344564933,3,0.012000
1648720711.366389772,6,0.032000
1648720711.387657620,0,0.001000
1648720711.410645238,0,0.000000
1648720711.431461081,0,0.004000
1648720711.453154020,2,0.016000
1648720711.474191792,9,0.073000
1648720711.495555832,6,0.040000
1648720711.518549854,0,0.003000
1648720711.540839324,0,0.010000
1648720711.564587200,0,0.000000
1648720711.587452567,0,0.014000
1648720711.609500242,1,0.013000
1648720711.632732129,1,0.027000
1648720711.655683401,17,0.230000
1648720711.677149892,15,0.136000
1648720711.700886029,1,0.000000
1648720711.722570035,0,0.000000
1648720711.745269904,0,0.000000
1648720711.768861934,0,0.002000
1648720711.789003503,0,0.000000
1648720711.809295681,11,0.185000
1648720711.831365019,4,0.036000
1648720711.853158939,0,0.000000
1648720711.872279994,0,0.000000
1648720711.894242540,1,0.000000
1648720711.915397948,17,0.197000
1648720711.937090323,7,0.090000
1648720711.959509676,0,0.008000
1648720711.981494148,0,0.000000
1648720712.001975963,0,0.000000
1648720712.024664552,0,0.005000
1648720712.048100471,9,0.084000
1648720712.069204800,4,0.097000
1648720712.091784426,5,0.060000
1648720712.113448568,0,0.016000
1648720712.136093785,0,0.005000
1648720712.157638704,0,0.000000
1648720712.179452355,1,0.023000
1648720712.201001193,9,0.123000
1648720712.224624350,14,0.172000
1648720712.247157910,2,0.016000
1648720712.269918000,13,0.189000
1648720712.291989178,13,0.175000
1648720712.314028053,5,0.074000
1648720712.334990422,0,0.000000
1648720712.356247930,0,0.000000
1648720712.379312855,2,0.008000
1648720712.399758946,6,0.105000
1648720712.421481704,6,0.095000
1648720712.443889920,8,0.067000
1648720712.465061295,10,0.078000
1648720712.486674463,3,0.005000
1648720712.508303874,2,0.006000
1648720712.530748007,0,0.002000
1648720712.553388705,1,0.017000
1648720712.575092887,0,0.000000
1648720712.597195529,0,0.031000
1648720712.620028235,1,0.001000
1648720712.641161966,18,0.180000
1648720712.662168557,0,0.000000
1648720712.683977473,0,0.000000
1648720712.705957687,4,0.026000
1648720712.729038033,0,0.000000
1648720712.748045019,15,0.184000
1648720712.768452788,0,0.005000
1648720712.789926293,0,0.000000
1648720712.813347708,0,0.000000
1648720712.837495376,0,0.022000
1648720712.859792995,0,0.000000
1648720712.882662317,0,0.000000
1648720712.904986420,0,0.000000
1648720712.928082224,0,0.000000
1648720712.949974576,0,0.000000
1648720712.973472780,2,0.034000
1648720712.993797532,9,0.088000
1648720713.016361776,8,0.107000
1648720713.036719369,0,0.000000
1648720713.058481966,0,0.005000
1648720713.079409560,0,0.000000
1648720713.099712874,10,0.097000
1648720713.121799135,9,0.131000
1648720713.142398032,5,0.045000
1648720713.165541452,1,0.000000
1648720713.187304020,2,0.019000
1648720713.210289090,1,0.001000
1648720713.231737334,0,0.000000
1648720713.253960580,9,0.074000
1648720713.273602101,0,0.000000
1648720713.294481665,0,0.019000
1648720713.317436947,1,0.007000
1648720713.338786172,2,0.041000
1648720713.361911772,0,0.003000
1648720713.386142939,19,0.201000
1648720713.407818230,16,0.192000
1648720713.430906587,9,0.147000
1648720713.453487435,8,0.065000
1648720713.474155013,2,0.015000
1648720713.497828029,0,0.000000
1648720713.518648804,1,0.020000
1648720713.542444746,0,0.000000
1648720713.564483008,0,0.000000
1648720713.586534740,2,0.012000
1648720713.608134282,0,0.004000
1648720713.631440197,13,0.140000
1648720713.652288360,5,0.038000
1648720713.674013595,2,0.032000
1648720713.697098707,3,0.037000
1648720713.721009150,2,0.003000
1648720713.743907317,0,0.000000
1648720713.765180419,0,0.000000
1648720713.785901093,20,0.209000
1648720713.808438170,3,0.034000
1648720713.831204314,1,0.006000
1648720713.853274980,1,0.018000
1648720713.876105098,1,0.000000
1648720713.899068641,0,0.000000
1648720713.921178937,0,0.000000
1648720713.943878034,0,0.001000
1648720713.967047602,3,0.008000
1648720713.990071412,2,0.001000
1648720714.013570421,8,0.084000
1648720714.035841718,0,0.000000
1648720714.059847891,0,0.020000
1648720714.083601875,1,0.007000
1648720714.105153333,17,0.177000
1648720714.126231811,12,0.119000
1648720714.148659458,14,0.121000
1648720714.169660030,0,0.000000
1648720714.190601453,1,0.031000
1648720714.212075933,13,0.126000
1648720714.236007146,9,0.097000
1648720714.257835147,4,0.059000
1648720714.279984586,1,0.010000
1648720714.300725120,4,0.011000
1648720714.323795115,0,0.001000
1648720714.345906001,2,0.016000
1648720714.367164398,1,0.001000
1648720714.390710883,11,0.131000
1648720714.411725428,17,0.167000
1648720714.434461322,5,0.068000
1648720714.455675781,6,0.037000
1648720714.478692258,0,0.004000
1648720714.500472737,0,0.001000
1648720714.522322847,0,0.014000
1648720714.546123457,13,0.166000
1648720714.568990338,6,0.049000
1648720714.590850016,6,0.024000
1648720714.613186658,4,0.028000
1648720714.636090219,1,0.025000
1648720714.657724387,0,0.016000
1648720714.680278789,0,0.000000
1648720714.703045993,0,0.022000
1648720714.724410712,0,0.015000
1648720714.747322152,1,0.013000
1648720714.769977839,0,0.000000
1648720714.791119107,2,0.006000
1648720714.813180524,0,0.000000
1648720714.836272596,0,0.003000
1648720714.858934533,0,0.011000
1648720714.881705698,2,0.006000
1648720714.904002062,1,0.013000
1648720714.927301814,7,0.080000
1648720714.950296371,3,0.059000
1648720714.973041025,2,0.026000
1648720714.994196269,0,0.006000
1648720715.015036537,0,0.006000
1648720715.037252516,0,0.000000
1648720715.060121585,2,0.017000
1648720715.080804603,9,0.066000
1648720715.103787803,0,0.001000
1648720715.127699955,1,0.005000
1648720715.150728601,10,0.135000
1648720715.172815400,12,0.119000
1648720715.196631372,9,0.141000
1648720715.219001399,8,0.059000
1648720715.239873348,1,0.042000
1648720715.264104089,7,0.073000
1648720715.285998355,3,0.040000
1648720715.309920915,3,0.024000
1648720715.331236734,0,0.000000
1648720715.354402600,0,0.000000
1648720715.376134022,0,0.003000
1648720715.397868499,1,0.004000
1648720715.421798797,7,0.085000
1648720715.443402180,18,0.187000
1648720715.465366781,0,0.002000
1648720715.486778161,2,0.020000
1648720715.508567170,0,0.000000
1648720715.529485482,0,0.011000
1648720715.552731605,4,0.086000
1648720715.576212884,15,0.245000
1648720715.596856332,4,0.052000
1648720715.618955635,4,0.042000
1648720715.640950747,0,0.000000
1648720715.662268333,0,0.000000
1648720715.684653370,0,0.018000
1648720715.706637168,0,0.002000
1648720715.729220891,0,0.002000
1648720715.752551006,0,0.000000
1648720715.774687380,0,0.000000
1648720715.796727934,11,0.084000
1648720715.818725308,17,0.169000
1648720715.841344662,5,0.059000
1648720715.863060887,2,0.041000
1648720715.884187987,0,0.000000
1648720715.904973482,0,0.000000
1648720715.927299987,0,0.000000
1648720715.950427201,10,0.113000
1648720715.972275881,5,0.091000
1648720715.995023750,0,0.006000
1648720716.018071645,1,0.013000
1648720716.039301205,3,0.038000
1648720716.060772090,0,0.000000
1648720716.081832329,0,0.010000
1648720716.104120767,0,0.000000
1648720716.125583372,0,0.038000
1648720716.148814462,0,0.004000
1648720716.171264633,3,0.021000
1648720716.194499529,10,0.213000
1648720716.216508500,13,0.126000
1648720716.238536927,2,0.068000
1648720716.259552360,2,0.020000
1648720716.282764699,0,0.000000
1648720716.304869126,0,0.000000
1648720716.325984323,6,0.101000
1648720716.349347112,20,0.209000
1648720716.371531068,5,0.048000
1648720716.393346743,0,0.000000
1648720716.414886216,1,0.017000
1648720716.438012357,1,0.008000
1648720716.460704762,7,0.057000
1648720716.481786259,16,0.186000
1648720716.504209094,6,0.078000
1648720716.525737793,0,0.000000
1648720716.549133291,0,0.013000
1648720716.570406168,1,0.023000
1648720716.592175813,0,0.000000
1648720716.614642826,8,0.083000
1648720716.636814788,10,0.141000
1648720716.658696703,13,0.156000
1648720716.680344401,10,0.104000
1648720716.702054268,5,0.082000
1648720716.725035987,0,0.018000
1648720716.745974958,0,0.000000
1648720716.768497015,6,0.112000
1648720716.789029733,12,0.129000
1648720716.811505188,10,0.116000
1648720716.832636208,4,0.053000
1648720716.855312726,0,0.007000
1648720716.876350708,0,0.000000
1648720716.898707182,0,0.000000
1648720716.920347331,4,0.011000
1648720716.942737209,0,0.000000
1648720716.964193974,1,0.006000
1648720716.986949102,1,0.006000
1648720717.009754135,7,0.126000
1648720717.032522213,14,0.204000
1648720717.055115624,13,0.118000
1648720717.077700434,5,0.044000
1648720717.099833954,2,0.056000
1648720717.120534613,1,0.002000
1648720717.143542964,0,0.000000
1648720717.165898424,2,0.004000
1648720717.187006946,0,0.000000
1648720717.209859166,0,0.011000
1648720717.231645970,10,0.094000
1648720717.252668118,11,0.106000
1648720717.275600543,0,0.000000
1648720717.295613903,0,0.000000
1648720717.316794047,0,0.000000
1648720717.339054941,1,0.013000
1648720717.360465669,11,0.116000
1648720717.382855351,14,0.146000
1648720717.405115243,14,0.144000
1648720717.428354087,12,0.142000
1648720717.452599993,9,0.108000
1648720717.475550341,4,0.038000
1648720717.496999858,2,0.036000
1648720717.517993612,1,0.000000
1648720717.538737201,0,0.000000
1648720717.561289634,0,0.000000
1648720717.582479781,0,0.000000
1648720717.606001203,0,0.000000
1648720717.629091241,2,0.019000
1648720717.650470983,2,0.025000
1648720717.673476329,3,0.044000
1648720717.695806241,17,0.183000
1648720717.716046285,2,0.047000
1648720717.738340763,1,0.013000
1648720717.759217173,0,0.000000
1648720717.782252537,1,0.018000
1648720717.804380060,18,0.203000
1648720717.825765591,5,0.041000
1648720717.847584567,5,0.028000
1648720717.869364671,0,0.000000
1648720717.891808093,0,0.000000
1648720717.914413047,0,0.000000
1648720717.935541649,0,0.000000
1648720717.958475651,0,0.000000
1648720717.981026750,0,0.041000
1648720718.003913518,0,0.015000
1648720718.025527477,0,0.001000
1648720718.048075266,1,0.001000
1648720718.071022263,1,0.029000
1648720718.094255386,11,0.069000
1648720718.116296441,0,0.000000
1648720718.138346636,0,0.022000
1648720718.160122498,0,0.000000
1648720718.181251345,0,0.000000
1648720718.203149984,6,0.107000
1648720718.225224353,17,0.188000
1648720718.246623431,5,0.074000
1648720718.269024323,4,0.024000
1648720718.292387160,0,0.037000
1648720718.312327131,0,0.002000
1648720718.335043532,0,0.000000
1648720718.356262609,15,0.223000
1648720718.377457938,11,0.101000
1648720718.399741934,0,0.000000
1648720718.422082312,0,0.001000
1648720718.442413230,0,0.002000
1648720718.464823004,0,0.000000
1648720718.488132972,4,0.085000
1648720718.509046329,4,0.024000
1648720718.528502158,0,0.000000
1648720718.548730352,0,0.008000
1648720718.571894740,7,0.096000
1648720718.592953924,12,0.154000
1648720718.616053967,10,0.138000
1648720718.636443085,2,0.015000
1648720718.658947398,0,0.000000
1648720718.680564528,0,0.000000
1648720718.700081969,1,0.017000
1648720718.723117928,0,0.000000
1648720718.746577171,3,0.011000
1648720718.767851286,0,0.002000
1648720718.792001877,0,0.018000
1648720718.813847093,0,0.000000
1648720718.837181333,0,0.000000
1648720718.858672452,1,0.001000
1648720718.880696100,7,0.107000
1648720718.903130311,12,0.186000
1648720718.925292428,16,0.165000
1648720718.948923224,17,0.198000
1648720718.972959081,15,0.129000
1648720718.995271360,2,0.035000
1648720719.017374277,0,0.000000
1648720719.039440254,0,0.019000
1648720719.060595611,5,0.056000
1648720719.083956556,5,0.058000
1648720719.107038090,16,0.180000
1648720719.129158826,2,0.002000
1648720719.149891765,0,0.000000
1648720719.172880287,0,0.007000
1648720719.194018017,2,0.011000
1648720719.216980320,0,0.023000
1648720719.240174388,0,0.000000
1648720719.263031690,0,0.001000
1648720719.286363698,13,0.133000
1648720719.307550604,2,0.024000
1648720719.327326559,3,0.038000
1648720719.351203660,0,0.000000
1648720719.371454693,0,0.000000
1648720719.394818077,1,0.004000
1648720719.418171842,0,0.001000
1648720719.439417904,0,0.000000
1648720719.461801448,3,0.024000
1648720719.483558567,0,0.016000
1648720719.505196024,0,0.000000
1648720719.525490888,0,0.000000
1648720719.548345345,0,0.011000
1648720719.570884623,0,0.000000
1648720719.592153320,0,0.000000
1648720719.614376335,0,0.000000
1648720719.637185577,0,0.006000
1648720719.659337048,11,0.121000
1648720719.681408229,6,0.077000
1648720719.704075512,1,0.036000
1648720719.725504382,0,0.006000
1648720719.747534191,0,0.000000
1648720719.769574271,3,0.049000
1648720719.791755300,9,0.087000
1648720719.811971262,0,0.000000
1648720719.833742516,0,0.000000
1648720719.857048105,1,0.018000
1648720719.878189452,2,0.019000
1648720719.901359756,0,0.000000
1648720719.924955619,0,0.001000
1648720719.947856943,0,0.000000
1648720719.971350858,0,0.000000
1648720719.995072223,5,0.072000
1648720720.018354932,10,0.129000
1648720720.039769358,1,0.000000
1648720720.061171436,0,0.000000
1648720720.084114399,2,0.010000
1648720720.107222090,0,0.026000
1648720720.127212249,0,0.020000
1648720720.149144279,9,0.107000
1648720720.170479861,14,0.176000
1648720720.193957667,8,0.103000
1648720720.215719674,1,0.027000
1648720720.238692084,0,0.022000
1648720720.259659454,0,0.001000
1648720720.282432338,0,0.000000
1648720720.304362670,2,0.004000
1648720720.326696546,12,0.172000
1648720720.348735266,16,0.217000
1648720720.371438225,11,0.109000
1648720720.394937037,0,0.000000
1648720720.416007461,0,0.000000
1648720720.439344863,1,0.000000
1648720720.462002834,0,0.003000
1648720720.485983617,0,0.013000
1648720720.509378088,0,0.000000
1648720720.530253488,0,0.001000
1648720720.551929979,0,0.000000
1648720720.575213720,5,0.047000
1648720720.596370502,4,0.040000
1648720720.616285826,2,0.013000
1648720720.638854650,0,0.000000
1648720720.659417198,0,0.001000
1648720720.682442604,0,0.010000
1648720720.704861709,0,0.007000
1648720720.728939327,13,0.165000
1648720720.746967389,0,0.051000
1648720720.768455016,0,0.000000
1648720720.790862162,0,0.024000
1648720720.813138422,3,0.026000
1648720720.835861207,0,0.000000
1648720720.857284346,1,0.006000
1648720720.879120772,8,0.064000
1648720720.900432973,0,0.000000
1648720720.921879365,0,0.000000
1648720720.942863095,0,0.001000
1648720720.966064663,0,0.006000
1648720720.988485308,0,0.000000
1648720721.011577737,2,0.006000
1648720721.033888363,12,0.151000
1648720721.055426039,5,0.047000
1648720721.078690955,0,0.001000
1648720721.100252412,2,0.000000
1648720721.122735434,0,0.000000
1648720721.144861862,0,0.012000
1648720721.165629529,0,0.000000
1648720721.188427145,0,0.001000
1648720721.211977621,1,0.007000
1648720721.232938122,17,0.201000
1648720721.256012316,9,0.099000
1648720721.277146403,10,0.117000
1648720721.298892053,1,0.002000
1648720721.320436002,2,0.064000
1648720721.341622718,0,0.000000
1648720721.364158414,0,0.010000
1648720721.384883688,8,0.097000
1648720721.406352014,15,0.155000
1648720721.428582352,11,0.100000
1648720721.451299636,7,0.070000
1648720721.473903122,9,0.123000
1648720721.498082202,2,0.048000
1648720721.520547697,8,0.108000
1648720721.542440410,0,0.014000
1648720721.564815988,0,0.000000
1648720721.585568288,1,0.000000
1648720721.608666192,0,0.000000
1648720721.633468656,0,0.000000
1648720721.656163556,0,0.000000
1648720721.678279251,0,0.000000
1648720721.700125552,0,0.000000
1648720721.723019357,15,0.182000
1648720721.744374007,1,0.022000
1648720721.767101194,0,0.006000
1648720721.788050906,0,0.000000
1648720721.810327968,2,0.017000
1648720721.833729650,9,0.117000
1648720721.853604893,7,0.047000
1648720721.876597938,2,0.001000
1648720721.897850818,0,0.000000
1648720721.919781842,0,0.000000
1648720721.941456095,15,0.171000
1648720721.963375975,6,0.064000
1648720721.985222069,7,0.093000
1648720722.009194374,2,0.026000
1648720722.031883090,0,0.000000
1648720722.054109752,0,0.004000
1648720722.075901687,4,0.037000
1648720722.096950172,0,0.000000
1648720722.118536004,0,0.000000
1648720722.140070986,0,0.000000
1648720722.163668671,7,0.115000
1648720722.186980689,8,0.113000
1648720722.209454653,9,0.106000
1648720722.231446551,0,0.000000
1648720722.251955896,0,0.000000
1648720722.275182230,0,0.000000
1648720722.297194230,9,0.202000
1648720722.320090445,0,0.000000
1648720722.342372425,0,0.000000
1648720722.363223369,8,0.096000
1648720722.385903735,15,0.175000
1648720722.407483314,9,0.098000
1648720722.430927773,3,0.051000
1648720722.453634766,0,0.000000
1648720722.476855791,3,0.005000
1648720722.499661766,14,0.254000
1648720722.520559553,6,0.047000
1648720722.544755119,2,0.005000
1648720722.566017370,2,0.018000
1648720722.588084946,0,0.000000
1648720722.611212228,0,0.005000
1648720722.633412916,0,0.000000
1648720722.656624499,0,0.004000
1648720722.679481655,1,0.012000
1648720722.699287640,3,0.027000
1648720722.720035791,0,0.011000
1648720722.741074190,0,0.000000
1648720722.763962867,0,0.000000
1648720722.784544656,7,0.231000
1648720722.806073747,17,0.186000
1648720722.827561255,1,0.007000
1648720722.848582577,0,0.000000
1648720722.871580405,0,0.000000
1648720722.893667547,0,0.015000
1648720722.917007363,0,0.000000
1648720722.938993628,1,0.016000
1648720722.962277786,7,0.067000
1648720722.983029386,0,0.000000
1648720723.004973205,0,0.010000
1648720723.026820807,0,0.017000
1648720723.049141444,0,0.000000
1648720723.072099419,13,0.214000
1648720723.092558633,4,0.070000
1648720723.114954718,1,0.023000
1648720723.136589794,0,0.000000
1648720723.158649962,0,0.011000
1648720723.181745082,1,0.016000
1648720723.203801461,0,0.014000
1648720723.226917564,3,0.016000
1648720723.249946277,0,0.011000
1648720723.272985652,0,0.022000
1648720723.295757433,1,0.000000
1648720723.316777934,0,0.007000
1648720723.339483575,0,0.000000
1648720723.361054519,1,0.000000
1648720723.382372125,5,0.109000
1648720723.403418034,1,0.012000
1648720723.424651414,0,0.000000
1648720723.445406884,0,0.003000
1648720723.469286587,1,0.020000
1648720723.492172550,9,0.102000
1648720723.515559893,12,0.125000
1648720723.539183030,16,0.150000
1648720723.560655237,3,0.066000
1648720723.582095288,2,0.033000
1648720723.605049616,0,0.004000
1648720723.626646698,2,0.015000
1648720723.646967270,13,0.153000
1648720723.667900091,4,0.043000
1648720723.689386909,1,0.008000
1648720723.712032598,0,0.000000
1648720723.733815485,0,0.001000
1648720723.753702858,2,0.043000
1648720723.776330054,11,0.134000
1648720723.796964019,13,0.139000
1648720723.820128081,5,0.069000
1648720723.843299668,0,0.006000
1648720723.862921398,0,0.001000
1648720723.885959249,11,0.106000
1648720723.907433140,5,0.038000
1648720723.929638644,0,0.006000
1648720723.951310384,0,0.001000
1648720723.972374635,0,0.000000
1648720723.994900563,0,0.000000
1648720724.017725148,10,0.092000
1648720724.039065672,4,0.045000
1648720724.061765382,4,0.031000
1648720724.084033554,0,0.000000
1648720724.106758370,0,0.000000
1648720724.126992951,0,0.007000
1648720724.150471339,0,0.000000
1648720724.170578814,8,0.106000
1648720724.192861736,2,0.031000
1648720724.215761139,0,0.002000
1648720724.237619421,0,0.012000
1648720724.259552415,0,0.000000
1648720724.282467287,9,0.112000
1648720724.304188318,5,0.093000
1648720724.327663526,0,0.038000
1648720724.347575236,1,0.024000
1648720724.369504130,0,0.005000
1648720724.393379626,0,0.035000
1648720724.415329955,1,0.016000
1648720724.438000290,0,0.000000
1648720724.460881052,0,0.015000
1648720724.483890632,12,0.161000
1648720724.504976090,11,0.100000
1648720724.528328825,2,0.025000
1648720724.551363512,2,0.013000
1648720724.573213095,0,0.000000
1648720724.595439964,2,0.017000
1648720724.617101413,1,0.030000
1648720724.640891640,17,0.160000
1648720724.662991598,13,0.151000
1648720724.685236323,4,0.073000
1648720724.707737987,3,0.039000
1648720724.728651824,0,0.000000
1648720724.751458972,2,0.016000
1648720724.772144153,1,0.000000
1648720724.795379420,14,0.235000
1648720724.816482655,4,0.044000
1648720724.837786916,1,0.035000
1648720724.861332943,0,0.004000
1648720724.883273457,0,0.011000
1648720724.904933467,6,0.103000
1648720724.926940243,17,0.200000
1648720724.949827369,11,0.153000
1648720724.973473604,9,0.095000
1648720724.997455411,10,0.093000
1648720725.019533679,1,0.008000
1648720725.041625010,0,0.007000
1648720725.063451634,1,0.012000
1648720725.084913633,6,0.091000
1648720725.107036583,16,0.174000
1648720725.128430592,9,0.097000
1648720725.151253578,9,0.094000
1648720725.173401045,3,0.012000
1648720725.194799380,0,0.001000
1648720725.216657930,0,0.000000
1648720725.239316630,0,0.000000
1648720725.260488897,8,0.105000
1648720725.283975845,7,0.085000
1648720725.305030751,1,0.037000
1648720725.325696236,2,0.001000
1648720725.347164527,1,0.000000
1648720725.369495054,0,0.019000
1648720725.392476571,6,0.110000
1648720725.414677776,6,0.072000
1648720725.436759773,0,0.010000
1648720725.459081854,0,0.014000
1648720725.482853898,1,0.000000
1648720725.504270386,10,0.126000
1648720725.526046301,5,0.066000
1648720725.548914944,1,0.008000
1648720725.571289065,2,0.024000
1648720725.593681391,1,0.019000
1648720725.617194390,0,0.007000
1648720725.638348553,0,0.000000
1648720725.660173701,14,0.142000
1648720725.681610984,3,0.023000
1648720725.703131354,0,0.000000
1648720725.725499231,0,0.000000
1648720725.747664454,0,0.016000
1648720725.768024980,13,0.115000
1648720725.790839139,0,0.032000
1648720725.812118399,0,0.000000
1648720725.831571893,0,0.001000
1648720725.854023535,8,0.064000
1648720725.875447659,3,0.016000
1648720725.899404578,1,0.005000
1648720725.922006608,0,0.000000
1648720725.942632812,7,0.113000
1648720725.964076512,8,0.095000
1648720725.986661920,1,0.011000
1648720726.009232564,6,0.034000
1648720726.032619797,1,0.004000
1648720726.056250799,0,0.000000
1648720726.076261343,0,0.000000
1648720726.098786188,0,0.000000
1648720726.119613989,14,0.156000
1648720726.142669393,1,0.002000
1648720726.164020882,1,0.005000
1648720726.186779249,0,0.007000
1648720726.209547224,0,0.001000
1648720726.229402554,6,0.067000
1648720726.248751906,1,0.030000
1648720726.271600413,0,0.000000
1648720726.294026764,0,0.000000
1648720726.314808911,0,0.000000
1648720726.338530730,0,0.006000
1648720726.360959526,11,0.106000
1648720726.383948598,0,0.001000
1648720726.405106948,0,0.000000
1648720726.428736904,0,0.000000
1648720726.450598042,0,0.000000
1648720726.472020151,7,0.077000
1648720726.492323965,11,0.115000
1648720726.515656033,1,0.001000
1648720726.536223333,0,0.000000
1648720726.558453526,1,0.015000
1648720726.579135324,11,0.107000
1648720726.602275955,0,0.000000
1648720726.625794853,17,0.169000
1648720726.647734193,3,0.038000
1648720726.669503497,4,0.031000
1648720726.693503706,0,0.018000
1648720726.715693701,2,0.004000
1648720726.735601372,11,0.124000
1648720726.757370390,11,0.140000
1648720726.780359186,8,0.123000
1648720726.802094070,0,0.000000
1648720726.822950928,0,0.003000
1648720726.844071500,0,0.000000
1648720726.866547053,1,0.000000
1648720726.889703275,3,0.016000
1648720726.911416842,4,0.059000
1648720726.932483914,1,0.001000
1648720726.954650219,0,0.006000
1648720726.977260793,0,0.000000
1648720727.001566599,2,0.012000
1648720727.023393814,2,0.005000
1648720727.045111109,16,0.161000
1648720727.065397055,0,0.004000
1648720727.087152132,0,0.013000
1648720727.110402714,0,0.000000
1648720727.130300194,0,0.000000
1648720727.153039091,0,0.006000
1648720727.174367803,7,0.085000
1648720727.197117807,6,0.066000
1648720727.216678973,0,0.012000
1648720727.237631296,0,0.001000
1648720727.259018554,7,0.106000
1648720727.280587938,7,0.058000
1648720727.304467267,10,0.105000
1648720727.327295101,4,0.068000
1648720727.346798904,2,0.034000
1648720727.369568249,0,0.014000
1648720727.390739313,0,0.002000
1648720727.412673062,0,0.000000
1648720727.436140038,2,0.016000
1648720727.458021686,7,0.124000
1648720727.478562149,0,0.002000
1648720727.499722497,0,0.001000
1648720727.522731580,0,0.001000
1648720727.545043738,0,0.010000
1648720727.567177985,0,0.000000
1648720727.590075348,17,0.154000
1648720727.610908064,0,0.011000
1648720727.633242658,1,0.022000
1648720727.655707314,0,0.000000
1648720727.677462262,2,0.010000
1648720727.700189685,5,0.087000
1648720727.724105822,2,0.048000
1648720727.747671915,11,0.116000
1648720727.770300908,8,0.128000
1648720727.790883602,6,0.058000
1648720727.813585012,0,0.000000
1648720727.836138787,0,0.002000
1648720727.857001191,0,0.004000
1648720727.879129759,0,0.000000
1648720727.902543656,11,0.152000
1648720727.924777042,9,0.079000
1648720727.947792692,2,0.016000
1648720727.969401042,0,0.000000
1648720727.992359999,0,0.003000
1648720728.015094859,0,0.000000
1648720728.037351158,0,0.000000
1648720728.060116193,0,0.007000
1648720728.081740245,18,0.218000
1648720728.103111862,1,0.001000
1648720728.123647182,1,0.014000
1648720728.144835770,0,0.027000
1648720728.167938596,9,0.067000
1648720728.190408403,10,0.110000
1648720728.210945086,8,0.119000
1648720728.233816595,1,0.008000
1648720728.254410696,1,0.002000
1648720728.276035281,0,0.007000
1648720728.298091287,13,0.193000
1648720728.319573238,3,0.024000
1648720728.341578755,2,0.040000
1648720728.364159839,1,0.011000
1648720728.388671077,1,0.004000
1648720728.409189743,0,0.000000
1648720728.432253627,0,0.000000
1648720728.454746164,0,0.000000
1648720728.475982631,2,0.020000
1648720728.499168138,18,0.203000
1648720728.522165553,1,0.039000
1648720728.544043449,0,0.000000
1648720728.567066254,1,0.014000
1648720728.591239578,1,0.005000
1648720728.614944708,0,0.000000
1648720728.637773233,0,0.000000
1648720728.660542385,0,0.000000
1648720728.682419640,0,0.000000
1648720728.704071510,8,0.092000
1648720728.725379250,16,0.185000
1648720728.748644007,9,0.099000
1648720728.771804183,8,0.055000
1648720728.793841570,0,0.026000
1648720728.815154361,2,0.005000
1648720728.837429386,0,0.000000
1648720728.859373612,10,0.126000
1648720728.882709800,6,0.057000
1648720728.905155375,17,0.159000
1648720728.927409999,6,0.070000
1648720728.948651126,1,0.024000
1648720728.970599009,1,0.025000
1648720728.994217732,1,0.022000
1648720729.015441762,0,0.000000
1648720729.036756942,0,0.000000
1648720729.059249515,0,0.001000
1648720729.082373969,0,0.000000
1648720729.105345085,12,0.164000
1648720729.128554676,7,0.061000
1648720729.150733218,0,0.024000
1648720729.173080151,0,0.000000
1648720729.197228652,0,0.000000
1648720729.220351372,0,0.004000
1648720729.244462563,0,0.000000
1648720729.265815314,1,0.005000
1648720729.287978528,0,0.000000
1648720729.310590961,19,0.191000
1648720729.331788207,2,0.035000
1648720729.353940869,6,0.074000
1648720729.375934864,0,0.000000
1648720729.397362774,0,0.009000
1648720729.420682626,0,0.000000
1648720729.442397711,1,0.023000
1648720729.464041275,14,0.149000
1648720729.486723743,4,0.051000
1648720729.508750308,0,0.005000
1648720729.530844484,2,0.004000
1648720729.553563255,0,0.000000
1648720729.575588860,0,0.000000
1648720729.598722372,0,0.000000
1648720729.622569297,1,0.000000
1648720729.645409691,0,0.000000
1648720729.668251548,6,0.072000
1648720729.688932407,4,0.049000
1648720729.710951206,0,0.000000
1648720729.731711594,0,0.001000
1648720729.754489924,0,0.000000
1648720729.777030126,0,0.004000
1648720729.799319464,0,0.000000
1648720729.820264024,11,0.136000
1648720729.843666024,0,0.014000
1648720729.864813470,2,0.012000
1648720729.887463064,1,0.011000
1648720729.909589467,1,0.015000
1648720729.930466821,2,0.012000
1648720729.952119503,6,0.085000
1648720729.973832582,9,0.089000
1648720729.994713019,4,0.066000
1648720730.018048810,0,0.002000
1648720730.040006057,1,0.016000
1648720730.062201460,0,0.000000
1648720730.084898870,0,0.003000
1648720730.105602732,11,0.095000
1648720730.127477875,17,0.138000
1648720730.150049641,2,0.015000
1648720730.172946893,0,0.000000
1648720730.193279882,0,0.000000
1648720730.215497563,0,0.019000
1648720730.237605406,5,0.065000
1648720730.259931682,11,0.108000
1648720730.280458991,11,0.134000
1648720730.304667196,3,0.018000
1648720730.325983200,4,0.060000
1648720730.348366218,0,0.011000
1648720730.370188719,0,0.000000
1648720730.393166030,0,0.003000
1648720730.414724518,0,0.009000
1648720730.436206346,12,0.210000
1648720730.458459583,0,0.007000
1648720730.480805654,0,0.000000
1648720730.503278117,0,0.000000
1648720730.523880155,0,0.011000
1648720730.547504846,5,0.070000
1648720730.569635626,6,0.049000
1648720730.590490371,1,0.018000
1648720730.614446232,0,0.000000
1648720730.635650134,1,0.000000
1648720730.658376647,0,0.000000
1648720730.680779672,1,0.014000
1648720730.703793811,0,0.016000
1648720730.724705133,7,0.073000
1648720730.745022823,0,0.000000
1648720730.769362038,2,0.025000
1648720730.790933374,0,0.000000
1648720730.811847508,3,0.042000
1648720730.832260185,15,0.197000
1648720730.854721262,8,0.092000
1648720730.877711915,6,0.060000
1648720730.900746807,1,0.018000
1648720730.921459337,2,0.018000
1648720730.944715528,3,0.001000
1648720730.967719580,1,0.015000
1648720730.990356822,2,0.012000
1648720731.012653459,0,0.010000
1648720731.034065747,7,0.084000
1648720731.055078329,0,0.001000
1648720731.074843607,0,0.022000
1648720731.098889018,0,0.004000
1648720731.120704096,0,0.000000
1648720731.141876000,16,0.202000
1648720731.164350244,1,0.053000
1648720731.186348219,0,0.000000
1648720731.209059615,0,0.000000
1648720731.228933118,6,0.062000
1648720731.250791154,3,0.057000
1648720731.274021900,0,0.000000
1648720731.296776651,0,0.000000
1648720731.318449293,0,0.000000
1648720731.341303390,0,0.000000
1648720731.365090934,0,0.008000
1648720731.387355497,0,0.000000
1648720731.409675274,1,0.021000
1648720731.431829410,0,0.000000
1648720731.453735402,1,0.029000
1648720731.477055719,0,0.000000
1648720731.500252722,2,0.050000
1648720731.524157759,1,0.001000
1648720731.546867761,0,0.004000
1648720731.568157114,0,0.000000
1648720731.590555615,0,0.007000
1648720731.614599871,0,0.003000
1648720731.636842846,9,0.115000
1648720731.660274800,17,0.162000
1648720731.682214020,1,0.033000
1648720731.704933938,2,0.016000
1648720731.725493442,0,0.014000
1648720731.747385169,0,0.000000
1648720731.769141097,0,0.000000
1648720731.791348914,13,0.181000
1648720731.814728026,9,0.106000
1648720731.836248521,1,0.035000
1648720731.859141013,0,0.000000
1648720731.879833110,1,0.047000
1648720731.900066688,11,0.156000
1648720731.921554827,2,0.008000
1648720731.942874078,3,0.023000
1648720731.963706053,0,0.015000
1648720731.986974482,2,0.011000
1648720732.009092017,10,0.125000
1648720732.030603040,6,0.071000
1648720732.051248714,2,0.007000
1648720732.073025726,0,0.008000
1648720732.094975445,0,0.000000
1648720732.116642517,11,0.168000
1648720732.137804377,9,0.082000
1648720732.160629572,0,0.013000
1648720732.183053228,0,0.005000
1648720732.204960117,1,0.015000
1648720732.225845640,2,0.023000
1648720732.248472193,1,0.008000
1648720732.271496362,10,0.135000
1648720732.291415564,2,0.006000
1648720732.313210987,0,0.014000
1648720732.336584753,3,0.034000
1648720732.358593681,4,0.028000
1648720732.381117025,2,0.003000
1648720732.404300066,1,0.022000
1648720732.427833035,0,0.004000
1648720732.449423312,0,0.000000
1648720732.471535632,0,0.004000
1648720732.494709675,0,0.000000
1648720732.516855107,11,0.140000
1648720732.539218150,11,0.106000
1648720732.561901639,6,0.058000
1648720732.584542379,2,0.033000
1648720732.606897293,0,0.000000
1648720732.631047036,1,0.026000
1648720732.651625105,1,0.021000
1648720732.673195437,2,0.008000
1648720732.695493712,10,0.093000
1648720732.717825918,6,0.065000
1648720732.740755738,0,0.000000
1648720732.762844821,0,0.000000
1648720732.784394841,6,0.048000
1648720732.805641955,10,0.104000
1648720732.826277179,2,0.025000
1648720732.848588579,0,0.000000
1648720732.870131603,0,0.000000
1648720732.893161832,0,0.017000
1648720732.916288222,18,0.167000
1648720732.938581272,4,0.108000
1648720732.960038995,2,0.011000
1648720732.981908403,0,0.000000
1648720733.003745326,0,0.004000
1648720733.025053352,7,0.095000
1648720733.046450714,6,0.118000
1648720733.069370362,3,0.017000
1648720733.090973956,1,0.004000
1648720733.114057870,4,0.037000
1648720733.137807302,3,0.021000
1648720733.160339872,2,0.023000
1648720733.183133677,1,0.050000
1648720733.204492097,2,0.007000
1648720733.224483006,11,0.150000
1648720733.246748120,0,0.000000
1648720733.270954859,1,0.001000
1648720733.293596987,9,0.110000
1648720733.314942225,1,0.022000
1648720733.337025226,0,0.000000
1648720733.359086752,0,0.017000
1648720733.382314324,1,0.021000
1648720733.404464373,17,0.184000
1648720733.425222539,8,0.075000
1648720733.448883454,1,0.018000
1648720733.470255814,1,0.022000
1648720733.491836502,0,0.000000
1648720733.513053763,0,0.015000
1648720733.534988881,0,0.007000
1648720733.558189059,13,0.112000
1648720733.579078219,4,0.030000
1648720733.601118450,0,0.000000
1648720733.622633805,0,0.000000
1648720733.644387494,0,0.000000
1648720733.667097197,0,0.023000
1648720733.689448582,4,0.083000
1648720733.709188667,5,0.054000
1648720733.732229314,5,0.052000
1648720733.753804278,0,0.000000
1648720733.777014446,1,0.006000
1648720733.798166560,0,0.009000
1648720733.819620265,1,0.000000
1648720733.841007441,6,0.063000
1648720733.863050692,10,0.148000
1648720733.886429074,16,0.185000
1648720733.908708207,11,0.105000
1648720733.930620849,7,0.059000
1648720733.953074613,0,0.000000
1648720733.975018859,0,0.000000
1648720733.994593114,1,0.013000
1648720734.017870924,11,0.140000
1648720734.039307362,8,0.116000
1648720734.061979107,7,0.080000
1648720734.085887336,1,0.014000
1648720734.107852797,0,0.000000
1648720734.130399801,0,0.015000
1648720734.153061776,0,0.006000
1648720734.175060720,9,0.095000
1648720734.198367750,0,0.010000
1648720734.221420598,2,0.014000
1648720734.244084656,9,0.089000
1648720734.265626566,0,0.000000
1648720734.286886448,1,0.007000
1648720734.309986334,1,0.000000
1648720734.332298816,0,0.000000
1648720734.354840757,0,0.005000
1648720734.378465984,7,0.094000
1648720734.399892491,3,0.022000
1648720734.421673308,0,0.000000
1648720734.443168028,0,0.000000
1648720734.465355102,18,0.164000
1648720734.486933518,0,0.014000
1648720734.509426138,0,0.001000
1648720734.531164316,0,0.000000
1648720734.552804956,0,0.000000
1648720734.575142554,7,0.071000
1648720734.595589673,0,0.000000
1648720734.616895165,0,0.000000
1648720734.640479063,0,0.000000
1648720734.661706528,5,0.090000
1648720734.683158619,0,0.001000
1648720734.703394400,0,0.000000
1648720734.723851049,0,0.000000
1648720734.745972561,17,0.165000
1648720734.766731145,3,0.000000
1648720734.789089434,0,0.000000
1648720734.812085305,0,0.002000
1648720734.835272327,2,0.007000
1648720734.857057796,12,0.120000
1648720734.877718570,4,0.037000
1648720734.901115544,6,0.086000
1648720734.925063779,0,0.000000
1648720734.947943755,1,0.007000
1648720734.971241645,0,0.000000
1648720734.993939044,0,0.000000
1648720735.015953266,0,0.007000
1648720735.037955464,7,0.109000
1648720735.059750017,8,0.108000
1648720735.080910129,0,0.000000
1648720735.101668525,0,0.000000
1648720735.124217570,1,0.011000
1648720735.146988462,2,0.002000
1648720735.168875461,8,0.095000
1648720735.190985476,9,0.095000
1648720735.212090551,5,0.048000
1648720735.234917955,0,0.009000
1648720735.256873747,0,0.000000
1648720735.278171600,2,0.009000
1648720735.301096948,11,0.212000
1648720735.322786712,5,0.046000
1648720735.345218468,0,0.000000
1648720735.366526774,1,0.013000
1648720735.388421147,1,0.011000
1648720735.411491063,9,0.101000
1648720735.433024745,2,0.033000
1648720735.455829433,2,0.030000
1648720735.476926783,0,0.000000
1648720735.499974415,1,0.000000
1648720735.521726326,0,0.000000
1648720735.544714961,8,0.129000
1648720735.566156443,11,0.114000
1648720735.589031379,5,0.069000
1648720735.609285729,2,0.015000
1648720735.633145387,0,0.000000
1648720735.655918494,1,0.001000
1648720735.679560897,0,0.000000
1648720735.701684218,0,0.013000
1648720735.725379938,0,0.000000
1648720735.746657755,0,0.000000
1648720735.768837680,15,0.175000
1648720735.792031130,16,0.170000
1648720735.814087903,13,0.136000
1648720735.836872167,3,0.027000
1648720735.859051761,7,0.081000
1648720735.883123753,3,0.014000
1648720735.906914497,2,0.010000
1648720735.929709102,0,0.001000
1648720735.949960723,0,0.000000
1648720735.973114752,1,0.006000
1648720735.995163025,0,0.000000
1648720736.017134072,1,0.001000
1648720736.040682930,1,0.023000
1648720736.065440516,0,0.000000
1648720736.087771111,2,0.011000
1648720736.108735051,0,0.008000
1648720736.130910805,2,0.006000
1648720736.153780842,2,0.024000
1648720736.175616492,0,0.000000
1648720736.199264598,0,0.000000
1648720736.220853258,8,0.099000
1648720736.242656875,8,0.078000
1648720736.265933748,0,0.000000
1648720736.288125292,1,0.013000
1648720736.310784233,2,0.008000
1648720736.333085907,0,0.006000
1648720736.354334705,0,0.003000
1648720736.377786222,13,0.203000
1648720736.400142499,8,0.084000
1648720736.423796167,16,0.199000
1648720736.446004461,9,0.082000
1648720736.469580989,9,0.101000
1648720736.491351219,1,0.019000
1648720736.515244648,0,0.000000
1648720736.536424064,0,0.001000
1648720736.558137744,1,0.015000
1648720736.580494416,9,0.115000
1648720736.600547655,17,0.167000
1648720736.623573416,7,0.090000
1648720736.644817326,4,0.072000
1648720736.668661279,0,0.000000
1648720736.689976550,0,0.000000
1648720736.710620626,16,0.231000
1648720736.732808395,10,0.096000
1648720736.753597787,14,0.123000
1648720736.777078024,5,0.105000
1648720736.799269847,10,0.135000
1648720736.821826333,1,0.002000
1648720736.842469581,1,0.001000
1648720736.863599963,0,0.000000
1648720736.885389109,10,0.136000
1648720736.906829783,9,0.068000
1648720736.927383572,0,0.000000
1648720736.949580186,0,0.000000
1648720736.971046137,0,0.000000
1648720736.993077261,0,0.011000
1648720737.015406674,4,0.053000
1648720737.035806231,1,0.012000
1648720737.059376577,0,0.000000
1648720737.081654502,0,0.011000
1648720737.104103464,4,0.074000
1648720737.124278572,6,0.055000
1648720737.145240113,3,0.026000
1648720737.166969390,0,0.000000
1648720737.189109263,1,0.006000
1648720737.211811968,0,0.000000
1648720737.234865963,1,0.003000
1648720737.256927476,8,0.082000
1648720737.277393131,6,0.073000
1648720737.301110160,1,0.014000
1648720737.324675899,0,0.000000
1648720737.345946392,0,0.010000
1648720737.368841346,3,0.012000
1648720737.390564432,5,0.066000
1648720737.412715789,4,0.108000
1648720737.434785060,5,0.041000
1648720737.456765108,0,0.000000
1648720737.479372308,2,0.008000
1648720737.501688575,2,0.024000
1648720737.524710259,0,0.000000
1648720737.548109071,0,0.000000
1648720737.569374383,0,0.000000
1648720737.590632000,8,0.117000
1648720737.611961506,6,0.081000
1648720737.633511257,0,0.000000
1648720737.656434636,0,0.001000
1648720737.679469184,4,0.007000
1648720737.703673196,1,0.004000
1648720737.726143442,1,0.035000
1648720737.748302553,0,0.000000
1648720737.771642495,0,0.001000
1648720737.793985276,1,0.001000
1648720737.815141811,1,0.015000
1648720737.838130174,16,0.223000
1648720737.859662731,4,0.057000
1648720737.882078595,0,0.000000
1648720737.903402271,0,0.006000
1648720737.923435132,0,0.000000
1648720737.946419076,1,0.000000
1648720737.967771653,11,0.207000
1648720737.990184173,7,0.046000
1648720738.012101653,1,0.006000
1648720738.034851326,0,0.000000
1648720738.056123973,1,0.017000
1648720738.079381587,0,0.014000
1648720738.102093679,0,0.010000
1648720738.124526978,1,0.007000
1648720738.146782025,0,0.002000
1648720738.171229716,0,0.000000
1648720738.193392897,11,0.133000
1648720738.215102018,10,0.119000
1648720738.236413292,0,0.000000
1648720738.257465233,0,0.000000
1648720738.280143102,0,0.001000
1648720738.301892933,2,0.013000
1648720738.324781963,14,0.189000
1648720738.346326297,8,0.087000
1648720738.368897352,5,0.053000
1648720738.391219240,1,0.013000
1648720738.415248901,0,0.006000
1648720738.437676029,0,0.000000
1648720738.459769334,0,0.000000
1648720738.481390291,0,0.010000
1648720738.502936613,2,0.046000
1648720738.523561587,10,0.101000
1648720738.545976870,4,0.035000
1648720738.568809711,2,0.006000
1648720738.590116250,0,0.000000
1648720738.612125719,14,0.153000
1648720738.633823116,11,0.122000
1648720738.656911471,3,0.044000
1648720738.678799781,0,0.000000
1648720738.700969788,0,0.000000
1648720738.723905000,0,0.000000
1648720738.746491969,0,0.000000
1648720738.767744065,4,0.057000
1648720738.792862567,1,0.060000
1648720738.814786951,8,0.102000
1648720738.837333427,16,0.162000
1648720738.859398958,0,0.000000
1648720738.880322682,1,0.014000
1648720738.902626105,1,0.022000
1648720738.926261250,0,0.004000
1648720738.948638908,0,0.001000
1648720738.970411386,18,0.193000
1648720738.990589218,2,0.012000
1648720739.013142801,0,0.007000
1648720739.035350060,0,0.001000
1648720739.054656927,13,0.126000
1648720739.076000596,1,0.000000
1648720739.098541442,1,0.012000
1648720739.119732741,0,0.000000
1648720739.142276856,5,0.117000
1648720739.163329847,14,0.198000
1648720739.186441326,11,0.107000
1648720739.208465412,3,0.035000
1648720739.229788461,0,0.000000
1648720739.251297332,0,0.000000
1648720739.272057656,9,0.116000
1648720739.294637721,11,0.111000
1648720739.317557143,7,0.071000
1648720739.338104101,2,0.018000
1648720739.360877733,1,0.001000
1648720739.382567030,0,0.000000
1648720739.403535369,0,0.000000
1648720739.426235558,10,0.127000
1648720739.447652434,15,0.152000
1648720739.470169107,11,0.183000
1648720739.493571990,3,0.034000
1648720739.513706674,1,0.005000
1648720739.535393488,0,0.000000
1648720739.555965129,0,0.028000
1648720739.577676953,0,0.000000
1648720739.600847284,7,0.076000
1648720739.624331486,0,0.000000
1648720739.644796196,0,0.000000
1648720739.664602096,0,0.021000
1648720739.687145778,8,0.065000
1648720739.707233656,7,0.105000
1648720739.730098036,2,0.060000
1648720739.751200172,0,0.023000
1648720739.773633744,0,0.000000
1648720739.794830397,9,0.102000
1648720739.816659294,13,0.149000
1648720739.839363462,13,0.116000
1648720739.861216929,1,0.009000
1648720739.884023062,0,0.026000
1648720739.905462091,0,0.003000
1648720739.927327042,0,0.000000
1648720739.949772670,0,0.000000
1648720739.972039904,7,0.108000
1648720739.993419736,15,0.170000
1648720740.016002638,11,0.126000
1648720740.038917661,1,0.024000
1648720740.060679144,0,0.000000
1648720740.083838438,0,0.001000
1648720740.104872984,0,0.001000
1648720740.126691876,5,0.049000
1648720740.147805744,0,0.000000
1648720740.168473510,0,0.000000
1648720740.191776314,1,0.000000
1648720740.213907221,0,0.018000
1648720740.236649435,0,0.015000
1648720740.260160238,0,0.000000
1648720740.282784884,9,0.099000
1648720740.303904193,7,0.076000
1648720740.325835119,0,0.000000
1648720740.347111891,0,0.000000
1648720740.369828603,0,0.000000
1648720740.391369881,1,0.030000
1648720740.413184561,9,0.110000
1648720740.434822191,2,0.020000
1648720740.456356086,1,0.034000
1648720740.479077571,0,0.000000
1648720740.500591500,0,0.000000
1648720740.522594689,1,0.007000
1648720740.544793783,13,0.141000
1648720740.566857919,11,0.078000
1648720740.589410481,1,0.004000
1648720740.610065036,2,0.011000
1648720740.633310569,0,0.001000
1648720740.654018840,0,0.000000
1648720740.676559278,12,0.158000
1648720740.698444283,12,0.111000
1648720740.722934949,4,0.057000
1648720740.744726029,2,0.047000
1648720740.768058564,0,0.002000
1648720740.788688372,0,0.019000
1648720740.810542344,3,0.044000
1648720740.832752575,1,0.009000
1648720740.854199916,0,0.000000
1648720740.876695003,0,0.000000
1648720740.899372995,0,0.000000
1648720740.918957425,9,0.082000
1648720740.941555985,16,0.185000
1648720740.964453803,5,0.027000
1648720740.986088052,4,0.039000
1648720741.009714636,0,0.000000
1648720741.030886042,2,0.001000
1648720741.052736284,0,0.000000
1648720741.076147470,15,0.142000
1648720741.097862008,2,0.033000
1648720741.118287137,0,0.000000
1648720741.141163116,2,0.022000
1648720741.162144521,2,0.016000
1648720741.185483106,10,0.119000
1648720741.207112690,15,0.149000
1648720741.229640639,4,0.049000
1648720741.252524201,1,0.001000
1648720741.273979101,0,0.000000
1648720741.297835157,0,0.001000
1648720741.320550507,0,0.000000
1648720741.341425539,0,0.000000
1648720741.364829190,0,0.014000
1648720741.386423120,14,0.160000
1648720741.408271062,1,0.010000
1648720741.430083130,2,0.007000
1648720741.453305664,0,0.000000
1648720741.474727267,16,0.190000
1648720741.496356858,6,0.043000
1648720741.517271257,0,0.005000
1648720741.537791680,1,0.030000
1648720741.559018354,17,0.185000
1648720741.580991850,5,0.052000
1648720741.604183042,3,0.068000
1648720741.625858550,4,0.041000
1648720741.648418123,0,0.011000
1648720741.670908581,0,0.000000
1648720741.693923251,0,0.001000
1648720741.716936566,0,0.000000
1648720741.738038369,0,0.000000
1648720741.761503864,0,0.000000
1648720741.784442638,0,0.008000
1648720741.805987760,8,0.150000
1648720741.826828369,14,0.133000
1648720741.849186438,8,0.057000
1648720741.871332479,2,0.006000
1648720741.893689035,0,0.000000
1648720741.914811150,0,0.003000
1648720741.938410148,0,0.000000
1648720741.960357722,1,0.001000
1648720741.981079835,10,0.123000
1648720742.002816865,0,0.000000
1648720742.024457061,0,0.000000
1648720742.044949981,11,0.180000
1648720742.068484779,16,0.198000
1648720742.090948072,5,0.071000
1648720742.113803778,3,0.009000
1648720742.137098305,1,0.006000
1648720742.158059674,0,0.001000
1648720742.180391778,1,0.001000
1648720742.202870312,0,0.000000
1648720742.225368667,0,0.058000
1648720742.247126943,1,0.001000
1648720742.269363484,0,0.000000
1648720742.291696540,0,0.000000
1648720742.314239118,1,0.000000
1648720742.337165008,2,0.031000
1648720742.357868026,1,0.040000
1648720742.380385781,5,0.067000
1648720742.402234208,0,0.007000
1648720742.423499903,0,0.000000
1648720742.444538400,0,0.000000
1648720742.467762648,0,0.016000
1648720742.490910682,4,0.077000
1648720742.513230901,4,0.081000
1648720742.534947948,0,0.000000
1648720742.555552895,0,0.000000
1648720742.577408483,0,0.000000
1648720742.600629977,0,0.000000
1648720742.622860100,0,0.016000
1648720742.644713410,9,0.110000
1648720742.666631878,0,0.000000
1648720742.689355603,0,0.000000
1648720742.710765521,0,0.000000
1648720742.731003512,0,0.000000
1648720742.754097315,1,0.025000
1648720742.776800350,2,0.011000
1648720742.799246509,0,0.008000
1648720742.821293415,4,0.008000
1648720742.842668574,2,0.011000
1648720742.866573801,2,0.004000
1648720742.889354137,3,0.028000
1648720742.913471727,1,0.005000
1648720742.935177307,1,0.000000
1648720742.957382763,0,0.003000
1648720742.981315823,0,0.017000
1648720743.003395056,10,0.123000
1648720743.025714994,10,0.116000
1648720743.048854022,5,0.059000
1648720743.071338858,0,0.004000
1648720743.094282215,0,0.000000
1648720743.114586621,16,0.204000
1648720743.135786793,3,0.009000
1648720743.159151745,1,0.013000
1648720743.181896261,0,0.010000
1648720743.203971715,1,0.006000
1648720743.226095992,1,0.023000
1648720743.249039313,11,0.144000
1648720743.270956984,4,0.062000
1648720743.292592519,1,0.018000
1648720743.313614443,0,0.014000
1648720743.334172537,0,0.000000
1648720743.357570909,4,0.032000
1648720743.378435890,0,0.016000
1648720743.399281374,0,0.006000
1648720743.420423535,0,0.006000
1648720743.442193264,0,0.018000
1648720743.463572546,3,0.046000
1648720743.485613942,0,0.004000
1648720743.506198835,1,0.000000
1648720743.528849695,0,0.014000
1648720743.551842409,11,0.203000
1648720743.573054076,11,0.118000
1648720743.593721783,2,0.014000
1648720743.615993301,1,0.021000
1648720743.638782699,0,0.000000
1648720743.659323522,0,0.000000
1648720743.681985224,11,0.097000
1648720743.704154639,3,0.053000
1648720743.726726772,0,0.004000
1648720743.749284554,1,0.003000
1648720743.771913556,3,0.005000
1648720743.793798116,0,0.000000
1648720743.814447399,17,0.133000
1648720743.836093250,9,0.100000
1648720743.859571321,0,0.001000
1648720743.881945019,0,0.000000
1648720743.902625123,0,0.002000
1648720743.925015713,0,0.000000
1648720743.948565515,0,0.000000
1648720743.969802373,13,0.153000
1648720743.991868000,2,0.019000
1648720744.013217603,1,0.002000
1648720744.035138839,0,0.008000
1648720744.056204061,0,0.004000
1648720744.077833452,1,0.035000
1648720744.099988326,14,0.177000
1648720744.122751105,5,0.058000
1648720744.142835620,0,0.000000
1648720744.166354679,0,0.004000
1648720744.188129857,1,0.007000
1648720744.210744236,6,0.097000
1648720744.234684073,1,0.002000
1648720744.258364546,12,0.146000
1648720744.279584052,2,0.028000
1648720744.303557375,0,0.000000
1648720744.324339379,0,0.000000
1648720744.348528625,0,0.000000
1648720744.369986545,4,0.057000
1648720744.393158949,7,0.091000
1648720744.415627822,13,0.143000
1648720744.439278915,14,0.158000
1648720744.462204132,11,0.113000
1648720744.485413671,3,0.030000
1648720744.506583133,0,0.000000
1648720744.524844804,8,0.085000
1648720744.546585759,10,0.100000
1648720744.568838988,2,0.046000
1648720744.590335169,2,0.035000
1648720744.613225542,1,0.000000
1648720744.634986449,0,0.007000
1648720744.657867780,3,0.016000
1648720744.679329212,12,0.212000
1648720744.701617919,11,0.123000
1648720744.724866188,14,0.148000
1648720744.747609114,5,0.071000
1648720744.770258167,0,0.000000
1648720744.791389860,0,0.000000
1648720744.814547035,3,0.043000
1648720744.838591425,0,0.000000
1648720744.860427462,1,0.000000
1648720744.883075441,0,0.000000
1648720744.903481278,14,0.128000
1648720744.924499588,11,0.135000
1648720744.947422847,5,0.050000
1648720744.969595824,0,0.017000
1648720744.991083085,0,0.000000
1648720745.014152518,2,0.013000
1648720745.035853861,7,0.140000
1648720745.057347110,1,0.001000
1648720745.078543936,2,0.009000
1648720745.101360818,0,0.000000
1648720745.124208599,0,0.001000
1648720745.147367934,15,0.178000
1648720745.168248417,10,0.103000
1648720745.190932379,14,0.173000
1648720745.213248182,8,0.072000
1648720745.235930049,4,0.046000
1648720745.256182293,0,0.003000
1648720745.278601612,2,0.001000
1648720745.298665298,9,0.188000
1648720745.321909838,15,0.137000
1648720745.344221689,6,0.080000
1648720745.368151015,2,0.001000
1648720745.390593599,0,0.000000
1648720745.413918435,0,0.000000
1648720745.435626637,0,0.001000
1648720745.458379484,2,0.002000
1648720745.479880761,11,0.081000
1648720745.502025645,1,0.007000
1648720745.526402160,2,0.039000
1648720745.547167681,0,0.000000
1648720745.568328808,0,0.000000
1648720745.590661977,1,0.013000
1648720745.613155374,14,0.145000
1648720745.635035826,14,0.129000
1648720745.657707654,6,0.117000
1648720745.681141313,1,0.003000
1648720745.702550660,2,0.014000
1648720745.723325045,0,0.005000
1648720745.744120524,6,0.072000
1648720745.763627955,0,0.001000
1648720745.785481801,0,0.025000
1648720745.806933551,0,0.000000
1648720745.828918982,8,0.120000
1648720745.851618909,10,0.101000
1648720745.873526228,4,0.030000
1648720745.895828171,0,0.000000
1648720745.915116823,1,0.000000
1648720745.937224924,10,0.102000
1648720745.960334346,15,0.184000
1648720745.982314637,5,0.068000
1648720746.004236717,0,0.000000
1648720746.022053395,0,0.000000
1648720746.044136611,7,0.092000
1648720746.066339556,3,0.062000
1648720746.087871193,6,0.065000
1648720746.109610827,0,0.016000
1648720746.132228881,1,0.002000
1648720746.155182662,0,0.015000
1648720746.174682857,2,0.018000
1648720746.197487668,4,0.063000
1648720746.219012576,17,0.192000
1648720746.241190026,4,0.033000
1648720746.263025831,2,0.024000
1648720746.285207110,0,0.000000
1648720746.307129847,1,0.000000
1648720746.328070177,2,0.028000
1648720746.348851338,0,0.000000
1648720746.368573521,0,0.000000
1648720746.391200479,1,0.007000
1648720746.412078298,8,0.105000
1648720746.433974217,2,0.014000
1648720746.454622201,1,0.000000
1648720746.475694352,9,0.103000
1648720746.497974414,6,0.066000
1648720746.521061762,8,0.072000
1648720746.542369220,7,0.047000
1648720746.563904748,3,0.029000
1648720746.587426750,3,0.039000
1648720746.609985377,4,0.028000
1648720746.632180386,3,0.008000
1648720746.653321882,0,0.015000
1648720746.673359781,3,0.028000
1648720746.696202508,22,0.178000
1648720746.717340777,2,0.016000
1648720746.738704863,0,0.000000
1648720746.760558785,0,0.000000
1648720746.780195294,0,0.019000
1648720746.802797721,4,0.034000
1648720746.826132906,2,0.008000
1648720746.849332511,1,0.000000
1648720746.870942896,2,0.012000
1648720746.893341639,1,0.033000
1648720746.916310896,8,0.125000
1648720746.937522372,10,0.113000
1648720746.960788100,2,0.048000
1648720746.982489430,0,0.002000
1648720747.004124236,0,0.000000
1648720747.027580696,0,0.000000
1648720747.048944361,1,0.014000
1648720747.070662405,10,0.171000
1648720747.092273409,5,0.034000
1648720747.114296663,2,0.019000
1648720747.138638374,0,0.000000
1648720747.159748024,0,0.000000
1648720747.183134472,0,0.009000
1648720747.204907193,9,0.082000
1648720747.227597293,16,0.110000
1648720747.248163440,2,0.012000
1648720747.270059887,0,0.000000
1648720747.291693064,7,0.130000
1648720747.312840187,7,0.064000
1648720747.334479572,1,0.012000
1648720747.356456316,0,0.000000
1648720747.378000648,0,0.000000
1648720747.399722637,0,0.000000
1648720747.420364328,13,0.145000
1648720747.440400570,4,0.049000
1648720747.462184174,0,0.019000
1648720747.483359478,0,0.001000
1648720747.505327445,1,0.010000
1648720747.526979515,2,0.023000
1648720747.547311985,0,0.013000
1648720747.570160814,0,0.004000
1648720747.592240198,6,0.053000
1648720747.612277097,7,0.101000
1648720747.633425601,1,0.012000
1648720747.655024877,0,0.008000
1648720747.677177891,0,0.001000
1648720747.698317835,0,0.000000
1648720747.721771288,16,0.209000
1648720747.742090309,3,0.001000
1648720747.764731737,1,0.023000
1648720747.786939784,1,0.008000
1648720747.807888679,1,0.021000
1648720747.830776444,13,0.222000
1648720747.851835086,0,0.006000
1648720747.872848795,0,0.000000
1648720747.893681685,5,0.097000
1648720747.915853790,14,0.194000
1648720747.938209382,15,0.176000
1648720747.960714947,12,0.183000
1648720747.982990979,3,0.052000
1648720748.003386680,0,0.022000
1648720748.024068635,0,0.000000
1648720748.045580008,15,0.198000
1648720748.067090189,6,0.072000
1648720748.088766888,1,0.012000
1648720748.109980637,0,0.027000
1648720748.132263818,1,0.000000
1648720748.154708659,11,0.165000
1648720748.177037423,0,0.000000
1648720748.197644302,1,0.023000
1648720748.219049779,9,0.072000
1648720748.240653588,3,0.020000
1648720748.262890630,0,0.001000
1648720748.285284476,1,0.012000
1648720748.307126771,0,0.000000
1648720748.327302995,12,0.099000
1648720748.350993108,12,0.141000
1648720748.373246981,4,0.038000
1648720748.394835035,1,0.020000
