1648718940.277857152,7,0.043000
1648718940.300024314,0,0.000000
1648718940.322587036,1,0.008000
1648718940.346123552,12,0.137000
1648718940.368627402,0,0.000000
1648718940.391790799,0,0.000000
1648718940.413952552,9,0.085000
1648718940.436706847,0,0.000000
1648718940.458675669,0,0.000000
1648718940.481347554,12,0.160000
1648718940.503429528,1,0.012000
1648718940.525393385,0,0.014000
1648718940.546060792,2,0.082000
1648718940.567995619,1,0.006000
1648718940.590411289,0,0.000000
1648718940.613657470,7,0.082000
1648718940.634834879,1,0.006000
1648718940.656967060,6,0.072000
1648718940.677199278,2,0.001000
1648718940.699926616,3,0.067000
1648718940.720150710,1,0.000000
1648718940.741358592,0,0.000000
1648718940.764440528,1,0.018000
1648718940.787118089,2,0.005000
1648718940.808688164,0,0.000000
1648718940.829161719,11,0.185000
1648718940.852176580,0,0.000000
1648718940.873407369,0,0.000000
1648718940.896496979,4,0.042000
1648718940.918022205,0,0.014000
1648718940.941438668,0,0.022000
1648718940.965407683,0,0.016000
1648718940.987373259,0,0.000000
1648718941.008483427,0,0.000000
1648718941.030550840,2,0.018000
1648718941.051955768,0,0.000000
1648718941.074439898,2,0.014000
1648718941.098462883,1,0.016000
1648718941.121326410,0,0.000000
1648718941.143338841,10,0.101000
1648718941.165277434,1,0.013000
1648718941.187227122,0,0.020000
1648718941.207860010,3,0.040000
1648718941.228962718,0,0.000000
1648718941.253099064,0,0.000000
1648718941.275915843,9,0.065000
1648718941.296175829,3,0.013000
1648718941.319017791,0,0.000000
1648718941.340529742,1,0.000000
1648718941.362670202,1,0.013000
1648718941.385363186,0,0.000000
1648718941.407723846,1,0.016000
1648718941.429708431,9,0.098000
1648718941.451972277,0,0.000000
1648718941.474248970,1,0.011000
1648718941.496545364,3,0.015000
1648718941.519132764,2,0.015000
1648718941.541676566,0,0.000000
1648718941.563167129,1,0.016000
1648718941.584816683,0,0.000000
1648718941.607350448,1,0.013000
1648718941.630143605,1,0.017000
1648718941.653989430,0,0.007000
1648718941.675408227,9,0.095000
1648718941.696888142,1,0.001000
1648718941.718056158,0,0.000000
1648718941.739980608,3,0.073000
1648718941.761711935,0,0.000000
1648718941.783129187,4,0.075000
1648718941.805847837,0,0.000000
1648718941.828132274,1,0.021000
1648718941.850388781,7,0.085000
1648718941.873268119,2,0.006000
1648718941.896203640,0,0.000000
1648718941.917307266,9,0.107000
1648718941.940262790,0,0.013000
1648718941.961240634,0,0.000000
1648718941.983397146,11,0.171000
1648718942.005851798,3,0.022000
1648718942.028995806,0,0.000000
1648718942.050669521,13,0.142000
1648718942.072949386,0,0.000000
1648718942.095270569,5,0.037000
1648718942.116340766,3,0.050000
1648718942.140063113,0,0.011000
1648718942.161803330,0,0.024000
1648718942.184562347,6,0.064000
1648718942.207303945,0,0.001000
1648718942.228639408,10,0.115000
1648718942.252699891,0,0.000000
1648718942.273961995,0,0.000000
1648718942.295733014,0,0.009000
1648718942.316337419,0,0.000000
1648718942.338912983,11,0.106000
1648718942.361501236,0,0.011000
1648718942.384684406,0,0.000000
1648718942.407972592,15,0.148000
1648718942.430191158,0,0.009000
1648718942.453141676,0,0.000000
1648718942.476950107,0,0.000000
1648718942.499151247,6,0.046000
1648718942.521977157,2,0.013000
1648718942.543572626,1,0.000000
1648718942.566061502,8,0.066000
1648718942.588189319,0,0.000000
1648718942.608986110,1,0.000000
1648718942.630368295,1,0.032000
1648718942.652934270,3,0.019000
1648718942.674441218,0,0.003000
1648718942.697766804,1,0.028000
1648718942.718690997,2,0.038000
1648718942.740769837,0,0.000000
1648718942.764488349,5,0.059000
1648718942.785074800,0,0.000000
1648718942.806550780,1,0.014000
1648718942.830064512,2,0.011000
1648718942.850959301,1,0.000000
1648718942.872480051,10,0.117000
1648718942.894082870,0,0.000000
1648718942.915685724,1,0.009000
1648718942.937007872,6,0.062000
1648718942.959992307,0,0.000000
1648718942.981728868,8,0.084000
1648718943.002490056,2,0.035000
1648718943.024937863,0,0.000000
1648718943.048594830,7,0.117000
1648718943.070330646,0,0.000000
1648718943.093066178,0,0.023000
1648718943.116208371,0,0.000000
1648718943.138550810,12,0.194000
1648718943.160953404,0,0.000000
1648718943.183219828,8,0.082000
1648718943.203856362,2,0.013000
1648718943.227418712,0,0.000000
1648718943.249942668,10,0.119000
1648718943.272974024,0,0.000000
1648718943.295188856,1,0.003000
1648718943.316899513,5,0.065000
1648718943.340849768,6,0.148000
1648718943.363011391,1,0.009000
1648718943.383774470,6,0.052000
1648718943.405202918,0,0.012000
1648718943.428473244,0,0.000000
1648718943.450428966,3,0.026000
1648718943.474018300,4,0.034000
1648718943.495892570,0,0.012000
1648718943.519209424,1,0.001000
1648718943.541232314,0,0.000000
1648718943.563626292,6,0.048000
1648718943.586819821,2,0.033000
1648718943.609977628,0,0.000000
1648718943.633536411,0,0.025000
1648718943.656871161,1,0.033000
1648718943.679156242,3,0.016000
1648718943.701859952,0,0.000000
1648718943.723599995,0,0.000000
1648718943.746592514,7,0.109000
1648718943.770276708,3,0.018000
1648718943.791887919,0,0.000000
1648718943.814442129,10,0.106000
1648718943.837097292,0,0.013000
1648718943.858940603,11,0.131000
1648718943.880173964,1,0.000000
1648718943.901995900,0,0.000000
1648718943.923713497,7,0.087000
1648718943.946457117,3,0.043000
1648718943.970117348,1,0.001000
1648718943.992656451,0,0.000000
1648718944.016008168,7,0.069000
1648718944.038255068,1,0.001000
1648718944.060097623,1,0.004000
1648718944.083317107,4,0.045000
1648718944.105966270,0,0.000000
1648718944.126372060,11,0.115000
1648718944.148191143,0,0.000000
1648718944.172397903,1,0.010000
1648718944.194871283,0,0.000000
1648718944.217477582,13,0.127000
1648718944.240800843,4,0.063000
1648718944.262717570,0,0.000000
1648718944.283856467,8,0.105000
1648718944.306535440,3,0.038000
1648718944.329407551,0,0.000000
1648718944.352838217,0,0.000000
1648718944.374456996,4,0.054000
1648718944.396650126,0,0.009000
1648718944.416258383,3,0.034000
1648718944.438072006,0,0.000000
1648718944.460765248,7,0.072000
1648718944.481992010,1,0.007000
1648718944.507327219,4,0.013000
1648718944.530168197,1,0.000000
1648718944.549887971,4,0.056000
1648718944.571783679,2,0.012000
1648718944.595537636,1,0.011000
1648718944.618913921,5,0.049000
1648718944.642631268,0,0.000000
1648718944.666173014,9,0.118000
1648718944.689721622,14,0.142000
1648718944.714072179,3,0.017000
1648718944.735689160,0,0.000000
1648718944.757277661,0,0.000000
1648718944.781360346,10,0.122000
1648718944.804839275,0,0.000000
1648718944.825050291,0,0.032000
1648718944.848724432,4,0.046000
1648718944.871618041,1,0.000000
1648718944.893953994,0,0.000000
1648718944.916509837,9,0.075000
1648718944.939615183,0,0.000000
1648718944.961334329,2,0.021000
1648718944.984278733,15,0.166000
1648718945.007942301,2,0.030000
1648718945.031458447,1,0.022000
1648718945.054303956,0,0.003000
1648718945.077392471,1,0.019000
1648718945.099853295,0,0.000000
1648718945.120540608,10,0.135000
1648718945.144493321,6,0.078000
1648718945.168235027,0,0.000000
1648718945.189301678,0,0.000000
1648718945.212219860,7,0.086000
1648718945.235705868,1,0.000000
1648718945.257231498,1,0.000000
1648718945.278211661,1,0.019000
1648718945.300442112,0,0.000000
1648718945.322136948,13,0.162000
1648718945.344430551,0,0.023000
1648718945.367483067,0,0.000000
1648718945.390543417,6,0.067000
1648718945.412592048,0,0.007000
1648718945.435221441,0,0.000000
1648718945.459134424,0,0.000000
1648718945.481382729,0,0.000000
1648718945.502755130,1,0.003000
1648718945.526851663,0,0.000000
1648718945.549148852,0,0.000000
1648718945.571088538,0,0.000000
1648718945.592179599,12,0.135000
1648718945.614350856,0,0.003000
1648718945.636291735,0,0.004000
1648718945.658379955,9,0.087000
1648718945.680684510,0,0.000000
1648718945.702615355,13,0.138000
1648718945.725967686,0,0.019000
1648718945.749067688,0,0.016000
1648718945.772890426,0,0.003000
1648718945.796734919,3,0.031000
1648718945.818237128,0,0.000000
1648718945.839537858,0,0.019000
1648718945.862505173,5,0.081000
1648718945.885955658,0,0.000000
1648718945.909470693,0,0.000000
1648718945.933925596,2,0.013000
1648718945.955158157,3,0.016000
1648718945.977381775,0,0.000000
1648718946.000521986,2,0.005000
1648718946.021567483,8,0.076000
1648718946.044165700,1,0.000000
1648718946.067320847,2,0.000000
1648718946.089704349,1,0.024000
1648718946.112259614,6,0.045000
1648718946.135179176,1,0.014000
1648718946.157232924,11,0.142000
1648718946.180935171,1,0.000000
1648718946.203538852,1,0.000000
1648718946.228370150,2,0.000000
1648718946.249413945,8,0.108000
1648718946.271629952,3,0.034000
1648718946.296080127,0,0.000000
1648718946.318426413,0,0.023000
1648718946.341535633,0,0.005000
1648718946.362332507,0,0.000000
1648718946.385694133,11,0.116000
1648718946.406428154,1,0.000000
1648718946.427207004,1,0.008000
1648718946.450750732,0,0.000000
1648718946.474335845,4,0.062000
1648718946.496374327,0,0.000000
1648718946.518382955,0,0.011000
1648718946.540409706,4,0.039000
1648718946.563165399,0,0.000000
1648718946.584883348,0,0.000000
1648718946.607188859,9,0.097000
1648718946.631024568,0,0.000000
1648718946.652998865,0,0.002000
1648718946.676959684,7,0.116000
1648718946.700461477,6,0.078000
1648718946.724319059,0,0.000000
1648718946.745207096,0,0.000000
1648718946.768623873,6,0.077000
1648718946.791040620,2,0.000000
1648718946.813382611,0,0.000000
1648718946.836867602,10,0.096000
1648718946.858303518,0,0.000000
1648718946.882132730,0,0.000000
1648718946.905191975,1,0.005000
1648718946.928252783,9,0.100000
1648718946.951822124,1,0.022000
1648718946.975401452,0,0.000000
1648718946.998614909,8,0.071000
1648718947.019858688,0,0.000000
1648718947.043203056,0,0.000000
1648718947.065918435,1,0.000000
1648718947.089178605,3,0.059000
1648718947.112411823,0,0.000000
1648718947.134374519,1,0.019000
1648718947.156864320,0,0.016000
1648718947.180942757,10,0.143000
1648718947.203895431,7,0.079000
1648718947.228967535,5,0.036000
1648718947.251929997,0,0.006000
1648718947.274892119,0,0.006000
1648718947.298470912,9,0.073000
1648718947.321151631,3,0.049000
1648718947.344108150,0,0.005000
1648718947.367931965,11,0.117000
1648718947.388359995,3,0.011000
1648718947.410914969,0,0.000000
1648718947.433543119,7,0.093000
1648718947.456892907,0,0.000000
1648718947.479266448,0,0.006000
1648718947.500533568,11,0.147000
1648718947.523004772,0,0.012000
1648718947.545918819,1,0.000000
1648718947.569810380,0,0.000000
1648718947.592368700,9,0.103000
1648718947.614290836,1,0.012000
1648718947.636215338,0,0.000000
1648718947.659083167,3,0.046000
1648718947.681485164,1,0.028000
1648718947.704862771,0,0.005000
1648718947.728478383,12,0.146000
1648718947.751898531,0,0.000000
1648718947.774485684,0,0.000000
1648718947.797122038,10,0.159000
1648718947.820186160,0,0.004000
1648718947.842910340,1,0.000000
1648718947.865096783,6,0.068000
1648718947.887046613,0,0.000000
1648718947.909082559,0,0.000000
1648718947.931220761,10,0.148000
1648718947.954132331,0,0.004000
1648718947.976998744,0,0.000000
1648718948.000170691,7,0.094000
1648718948.023597616,4,0.027000
1648718948.046162210,0,0.000000
1648718948.069452225,0,0.003000
1648718948.092030862,2,0.008000
1648718948.114950655,0,0.000000
1648718948.137546581,4,0.041000
1648718948.158500506,1,0.016000
1648718948.180964448,2,0.009000
1648718948.203869788,4,0.050000
1648718948.227178971,1,0.005000
1648718948.250626407,8,0.114000
1648718948.272845724,0,0.001000
1648718948.294356027,0,0.000000
1648718948.318002387,4,0.071000
1648718948.341372676,3,0.032000
1648718948.364588772,1,0.001000
1648718948.386116777,2,0.053000
1648718948.408793484,0,0.000000
1648718948.432563935,0,0.000000
1648718948.456497762,16,0.160000
1648718948.479251938,2,0.007000
1648718948.501860943,0,0.000000
1648718948.525558431,0,0.000000
1648718948.548459307,12,0.120000
1648718948.570422683,0,0.008000
1648718948.593548359,1,0.000000
1648718948.615072670,4,0.054000
1648718948.637023209,0,0.011000
1648718948.658130837,11,0.155000
1648718948.681666693,3,0.001000
1648718948.704490251,0,0.000000
1648718948.726597581,6,0.083000
1648718948.749854685,2,0.046000
1648718948.771656333,0,0.000000
1648718948.792867349,1,0.008000
1648718948.815299167,0,0.000000
1648718948.838375590,0,0.000000
1648718948.861348984,6,0.075000
1648718948.883786242,0,0.000000
1648718948.906956887,0,0.004000
1648718948.930372660,1,0.012000
1648718948.953046922,4,0.055000
1648718948.976222330,0,0.000000
1648718948.999586963,8,0.070000
1648718949.020384821,1,0.032000
1648718949.044967307,0,0.000000
1648718949.067295828,8,0.104000
1648718949.090294863,2,0.012000
1648718949.111300668,0,0.000000
1648718949.133731216,6,0.063000
1648718949.156147016,0,0.014000
1648718949.181011951,0,0.010000
1648718949.203438536,0,0.000000
1648718949.225789538,0,0.036000
1648718949.249743588,0,0.009000
1648718949.272156722,10,0.116000
1648718949.295033391,1,0.008000
1648718949.318453332,2,0.044000
1648718949.340774169,10,0.092000
1648718949.362478778,2,0.026000
1648718949.385732372,1,0.000000
1648718949.407738145,0,0.031000
1648718949.431392626,13,0.157000
1648718949.452640123,2,0.018000
1648718949.474459149,1,0.001000
1648718949.497234215,4,0.050000
1648718949.520346291,3,0.019000
1648718949.542421845,0,0.000000
1648718949.565341897,11,0.140000
1648718949.587358070,2,0.039000
1648718949.609534287,0,0.000000
1648718949.632702526,15,0.155000
1648718949.654367558,0,0.000000
1648718949.676965249,1,0.003000
1648718949.698928452,0,0.019000
1648718949.722971684,7,0.076000
1648718949.745430285,0,0.004000
1648718949.767197999,1,0.010000
1648718949.789471339,6,0.091000
1648718949.812463757,2,0.023000
1648718949.836218114,0,0.000000
1648718949.858852717,0,0.015000
1648718949.881415181,3,0.015000
1648718949.904568597,2,0.023000
1648718949.927085084,1,0.000000
1648718949.950481247,5,0.046000
1648718949.972683306,0,0.001000
1648718949.995664491,0,0.000000
1648718950.018670293,5,0.078000
1648718950.040648031,1,0.000000
1648718950.063802818,0,0.000000
1648718950.086348563,11,0.122000
1648718950.109339520,1,0.004000
1648718950.131490930,0,0.000000
1648718950.154697744,7,0.082000
1648718950.177867879,7,0.074000
1648718950.200675240,0,0.013000
1648718950.223695924,0,0.000000
1648718950.246631576,7,0.148000
1648718950.269094251,0,0.000000
1648718950.292293698,0,0.004000
1648718950.315482144,0,0.000000
1648718950.339124848,1,0.000000
1648718950.361419057,0,0.001000
1648718950.385318483,0,0.000000
1648718950.407466153,4,0.036000
1648718950.428386485,1,0.020000
1648718950.450544294,0,0.007000
1648718950.474541061,2,0.009000
1648718950.495998191,1,0.004000
1648718950.518387570,0,0.008000
1648718950.541112441,1,0.003000
1648718950.563205797,2,0.014000
1648718950.584871575,1,0.043000
1648718950.605698508,2,0.048000
1648718950.627944731,2,0.018000
1648718950.652418036,1,0.024000
1648718950.674242525,9,0.187000
1648718950.695171197,1,0.000000
1648718950.716693906,0,0.000000
1648718950.739794233,12,0.123000
1648718950.762925115,2,0.036000
1648718950.786241468,1,0.005000
1648718950.808931902,13,0.190000
1648718950.831058323,6,0.091000
1648718950.854296645,0,0.000000
1648718950.876349463,0,0.013000
1648718950.899509131,2,0.024000
1648718950.921971943,0,0.000000
1648718950.944874680,0,0.000000
1648718950.967916559,6,0.082000
1648718950.990064266,0,0.000000
1648718951.010378615,12,0.136000
1648718951.034048988,2,0.006000
1648718951.057118923,0,0.000000
1648718951.081263677,9,0.133000
1648718951.102876013,0,0.000000
1648718951.126248125,1,0.000000
1648718951.149888737,1,0.006000
1648718951.173006671,1,0.062000
1648718951.195961124,0,0.012000
1648718951.220101072,0,0.023000
1648718951.241800836,9,0.078000
1648718951.263800649,2,0.000000
1648718951.286942826,0,0.000000
1648718951.309698915,14,0.181000
1648718951.333407518,0,0.000000
1648718951.356500224,0,0.000000
1648718951.380165941,10,0.115000
1648718951.402006852,0,0.017000
1648718951.424346340,0,0.000000
1648718951.447650434,0,0.000000
1648718951.470204579,3,0.032000
1648718951.492353354,2,0.000000
1648718951.515421022,0,0.003000
1648718951.536935914,2,0.026000
1648718951.559681848,2,0.006000
1648718951.582318446,1,0.011000
1648718951.604411405,1,0.016000
1648718951.628152054,0,0.000000
1648718951.651468857,5,0.065000
1648718951.672472820,0,0.000000
1648718951.694811446,0,0.000000
1648718951.716708153,8,0.071000
1648718951.740593801,0,0.000000
1648718951.761457833,6,0.057000
1648718951.783341548,1,0.008000
1648718951.806079570,1,0.000000
1648718951.829392790,11,0.130000
1648718951.850937769,0,0.004000
1648718951.874257118,0,0.000000
1648718951.897329772,2,0.016000
1648718951.921687205,1,0.014000
1648718951.943336399,4,0.048000
1648718951.965874759,0,0.000000
1648718951.987919836,0,0.010000
1648718952.010720517,0,0.000000
1648718952.030852487,0,0.000000
1648718952.053548029,8,0.098000
1648718952.077699558,2,0.027000
1648718952.100561550,0,0.000000
1648718952.123233906,2,0.056000
1648718952.146103354,0,0.000000
1648718952.168065071,1,0.000000
1648718952.192103104,0,0.000000
1648718952.214680216,5,0.048000
1648718952.237496200,0,0.004000
1648718952.260478836,0,0.000000
1648718952.282668220,1,0.015000
1648718952.304119348,0,0.008000
1648718952.327491328,2,0.000000
1648718952.349846760,7,0.101000
1648718952.373403881,3,0.009000
1648718952.395994462,0,0.018000
1648718952.417062293,1,0.040000
1648718952.438791910,0,0.000000
1648718952.462693450,0,0.004000
1648718952.483205258,5,0.025000
1648718952.506929000,2,0.012000
1648718952.526088988,12,0.180000
1648718952.549183107,6,0.068000
1648718952.572292985,0,0.000000
1648718952.593678369,10,0.109000
1648718952.617242833,1,0.000000
1648718952.640287770,1,0.000000
1648718952.663217750,5,0.026000
1648718952.686357260,0,0.004000
1648718952.708475997,0,0.000000
1648718952.730829872,6,0.077000
1648718952.752723691,3,0.047000
1648718952.777294971,0,0.029000
1648718952.798784545,1,0.013000
1648718952.821167256,6,0.053000
1648718952.844085536,1,0.000000
1648718952.867807378,0,0.000000
1648718952.891237725,7,0.085000
1648718952.914404149,2,0.016000
1648718952.934308441,0,0.000000
1648718952.956333346,4,0.045000
1648718952.979488818,0,0.016000
1648718953.001863383,0,0.000000
1648718953.023235224,10,0.113000
1648718953.047478138,0,0.002000
1648718953.069931265,0,0.000000
1648718953.093314215,0,0.000000
1648718953.116385935,10,0.112000
1648718953.139367756,1,0.000000
1648718953.163411592,0,0.000000
1648718953.186397309,12,0.113000
1648718953.209005289,1,0.000000
1648718953.231551079,1,0.016000
1648718953.253460426,0,0.000000
1648718953.275461261,8,0.077000
1648718953.298502785,4,0.041000
1648718953.321355015,0,0.000000
1648718953.343859642,0,0.014000
1648718953.366471835,6,0.035000
1648718953.388925364,0,0.004000
1648718953.412983145,1,0.015000
1648718953.434852121,3,0.029000
1648718953.456660068,2,0.008000
1648718953.480570171,0,0.000000
1648718953.502335871,9,0.118000
1648718953.525138697,0,0.000000
1648718953.547988154,0,0.000000
1648718953.569878859,0,0.000000
1648718953.590182139,0,0.000000
1648718953.614337530,7,0.098000
1648718953.639307231,0,0.017000
1648718953.660903644,1,0.025000
1648718953.683728099,1,0.000000
1648718953.706469646,11,0.117000
1648718953.730265749,1,0.018000
1648718953.752431400,0,0.000000
1648718953.776404773,10,0.151000
1648718953.797246430,0,0.011000
1648718953.818407937,1,0.051000
1648718953.842056510,4,0.039000
1648718953.865438593,0,0.018000
1648718953.888293269,0,0.000000
1648718953.913282434,10,0.111000
1648718953.934057034,0,0.000000
1648718953.957881226,0,0.000000
1648718953.980579766,8,0.081000
1648718954.002274430,0,0.000000
1648718954.025570001,0,0.000000
1648718954.049118725,9,0.073000
1648718954.071448411,1,0.000000
1648718954.094504420,0,0.000000
1648718954.117736223,8,0.191000
1648718954.140397480,1,0.000000
1648718954.163474439,0,0.000000
1648718954.187285760,0,0.000000
1648718954.211594869,11,0.184000
1648718954.233424548,0,0.000000
1648718954.255094388,0,0.000000
1648718954.279233728,4,0.043000
1648718954.302565554,15,0.147000
1648718954.326482094,3,0.015000
1648718954.349709573,0,0.000000
1648718954.371769707,0,0.011000
1648718954.394193740,5,0.084000
1648718954.417461496,1,0.006000
1648718954.440162776,0,0.000000
1648718954.464329002,10,0.154000
1648718954.486050554,0,0.000000
1648718954.507398822,0,0.001000
1648718954.528094939,0,0.008000
1648718954.550045325,0,0.000000
1648718954.571532633,0,0.027000
1648718954.594548611,0,0.000000
1648718954.618295063,4,0.059000
1648718954.640466310,0,0.007000
1648718954.661678109,0,0.000000
1648718954.685189617,0,0.007000
1648718954.708555517,1,0.018000
1648718954.729675432,2,0.001000
1648718954.752163638,13,0.147000
1648718954.775163679,1,0.015000
1648718954.797478946,0,0.004000
1648718954.818238464,6,0.082000
1648718954.841424370,0,0.012000
1648718954.864564482,0,0.000000
1648718954.887150488,10,0.132000
1648718954.911093032,1,0.015000
1648718954.933443284,0,0.000000
1648718954.956056136,1,0.023000
1648718954.979129885,7,0.090000
1648718955.002877935,7,0.051000
1648718955.026207873,0,0.000000
1648718955.047718646,0,0.008000
1648718955.070084604,7,0.066000
1648718955.093576511,0,0.030000
1648718955.115804722,0,0.000000
1648718955.137767102,11,0.119000
1648718955.160014155,1,0.003000
1648718955.182794574,0,0.000000
1648718955.205403713,2,0.023000
1648718955.228915163,0,0.000000
1648718955.250779055,13,0.181000
1648718955.273481724,1,0.008000
1648718955.296787831,1,0.001000
1648718955.318216539,14,0.152000
1648718955.339813004,0,0.010000
1648718955.363070865,1,0.024000
1648718955.383842758,3,0.052000
1648718955.405380385,0,0.019000
1648718955.428107691,0,0.000000
1648718955.451256016,7,0.064000
1648718955.472388425,1,0.001000
1648718955.493333867,5,0.047000
1648718955.516934161,2,0.033000
1648718955.539727742,0,0.009000
1648718955.561427645,2,0.011000
1648718955.585586856,7,0.053000
1648718955.609083242,2,0.000000
1648718955.631293105,1,0.006000
1648718955.653168647,3,0.023000
1648718955.675373593,1,0.014000
1648718955.698746228,0,0.000000
1648718955.720830637,11,0.138000
1648718955.744161630,1,0.024000
1648718955.765992857,0,0.000000
1648718955.788918386,7,0.082000
1648718955.813172975,0,0.000000
1648718955.835822111,0,0.000000
1648718955.856977164,0,0.010000
1648718955.877050740,0,0.000000
1648718955.899659438,11,0.107000
1648718955.920940982,0,0.000000
1648718955.943294773,0,0.000000
1648718955.966334669,8,0.140000
1648718955.991411396,1,0.003000
1648718956.010719238,1,0.031000
1648718956.032072571,2,0.032000
1648718956.054865569,2,0.004000
1648718956.077232064,0,0.005000
1648718956.100291126,11,0.130000
1648718956.122377351,0,0.015000
1648718956.144438152,0,0.000000
1648718956.167555519,5,0.024000
1648718956.191030417,7,0.076000
1648718956.213652411,0,0.000000
1648718956.237271954,4,0.089000
1648718956.258422565,0,0.029000
1648718956.281808866,0,0.002000
1648718956.305383164,0,0.010000
1648718956.327893396,5,0.084000
1648718956.351560927,7,0.089000
1648718956.373590529,0,0.006000
1648718956.396500876,7,0.090000
1648718956.420202249,7,0.076000
1648718956.442903394,0,0.007000
1648718956.466680454,13,0.122000
1648718956.486663069,0,0.000000
1648718956.510086510,1,0.012000
1648718956.533060646,4,0.072000
1648718956.557140658,11,0.108000
1648718956.579690357,0,0.000000
1648718956.601120542,10,0.109000
1648718956.624474799,0,0.021000
1648718956.648071309,1,0.039000
1648718956.669486101,0,0.016000
1648718956.691364761,1,0.017000
1648718956.713186084,0,0.000000
1648718956.735680731,9,0.125000
1648718956.756444884,1,0.011000
1648718956.778830080,2,0.005000
1648718956.801300719,11,0.133000
1648718956.823218590,0,0.011000
1648718956.847577414,3,0.000000
1648718956.869221018,11,0.109000
1648718956.892389615,0,0.000000
1648718956.913595076,0,0.007000
1648718956.936977863,8,0.091000
1648718956.959266488,0,0.000000
1648718956.981541980,0,0.007000
1648718957.004047609,0,0.010000
1648718957.028183909,6,0.070000
1648718957.051794997,2,0.036000
1648718957.073861818,1,0.000000
1648718957.096574115,6,0.066000
1648718957.118025918,0,0.000000
1648718957.140993820,0,0.007000
1648718957.163302645,13,0.113000
1648718957.186350861,2,0.023000
1648718957.210339715,0,0.000000
1648718957.233447594,4,0.057000
1648718957.255801582,1,0.000000
1648718957.280200266,0,0.000000
1648718957.302570359,8,0.098000
1648718957.325432527,5,0.032000
1648718957.347583721,0,0.000000
1648718957.368195706,2,0.007000
1648718957.391510931,0,0.000000
1648718957.412853329,0,0.000000
1648718957.435385125,1,0.008000
1648718957.456380317,0,0.003000
1648718957.480384688,7,0.083000
1648718957.502009142,0,0.000000
1648718957.525690289,0,0.006000
1648718957.549722541,0,0.000000
1648718957.571843903,0,0.003000
1648718957.594534224,0,0.000000
1648718957.617961586,0,0.000000
1648718957.638792180,0,0.006000
1648718957.661447214,7,0.079000
1648718957.686757087,9,0.065000
1648718957.710409213,0,0.000000
1648718957.733112544,0,0.000000
1648718957.755964319,5,0.062000
1648718957.779482864,6,0.070000
1648718957.802503881,0,0.000000
1648718957.825143878,0,0.001000
1648718957.849078625,12,0.134000
1648718957.872416843,0,0.005000
1648718957.895608316,2,0.017000
1648718957.918498371,0,0.007000
1648718957.941471902,2,0.017000
1648718957.962491752,0,0.012000
1648718957.985098677,6,0.071000
1648718958.006535687,1,0.023000
1648718958.027450628,0,0.000000
1648718958.050484176,2,0.014000
1648718958.073909063,5,0.129000
1648718958.097542677,0,0.003000
1648718958.119611798,1,0.001000
1648718958.143029552,10,0.112000
1648718958.166831389,2,0.024000
1648718958.189811185,0,0.000000
1648718958.210631589,0,0.000000
1648718958.234313735,3,0.028000
1648718958.257547386,0,0.000000
1648718958.281286562,0,0.000000
1648718958.304186441,8,0.079000
1648718958.327099439,8,0.088000
1648718958.351582922,0,0.000000
1648718958.374346367,0,0.000000
1648718958.397233836,1,0.028000
1648718958.420134336,0,0.000000
1648718958.443348699,1,0.015000
1648718958.465803997,0,0.011000
1648718958.487976860,0,0.000000
1648718958.510459249,6,0.073000
1648718958.532565080,1,0.000000
1648718958.554934562,0,0.014000
1648718958.579475753,0,0.000000
1648718958.601057021,13,0.140000
1648718958.624623171,1,0.000000
1648718958.646605722,0,0.000000
1648718958.666535939,2,0.022000
1648718958.688373678,0,0.003000
1648718958.711392316,7,0.102000
1648718958.733839101,0,0.009000
1648718958.755818605,0,0.005000
1648718958.777869374,14,0.157000
1648718958.799652763,0,0.000000
1648718958.822080042,8,0.111000
1648718958.843642291,2,0.013000
1648718958.867312234,1,0.000000
1648718958.889456877,3,0.013000
1648718958.913218957,7,0.073000
1648718958.935264178,0,0.007000
1648718958.957530151,0,0.000000
1648718958.980586388,8,0.093000
1648718959.004607399,3,0.030000
1648718959.026921367,9,0.146000
1648718959.047637660,6,0.055000
1648718959.071365980,0,0.003000
1648718959.094953928,3,0.014000
1648718959.116948999,8,0.046000
1648718959.140036697,0,0.026000
1648718959.164409628,1,0.000000
1648718959.185974435,11,0.135000
1648718959.207380900,1,0.018000
1648718959.230578062,0,0.000000
1648718959.253663022,2,0.030000
1648718959.277097312,2,0.020000
1648718959.300130908,2,0.019000
1648718959.325229043,0,0.000000
1648718959.348351926,0,0.005000
1648718959.371169978,6,0.078000
1648718959.394148280,2,0.000000
1648718959.416661584,1,0.005000
1648718959.440495341,10,0.181000
1648718959.463336502,1,0.011000
1648718959.486758924,0,0.000000
1648718959.509309956,5,0.092000
1648718959.532855276,0,0.013000
1648718959.555425728,0,0.000000
1648718959.579314344,2,0.027000
1648718959.602214490,1,0.009000
1648718959.624823530,0,0.000000
1648718959.646788966,2,0.028000
1648718959.666464985,0,0.000000
1648718959.689295512,2,0.027000
1648718959.710080823,2,0.005000
1648718959.733044416,2,0.017000
1648718959.756029154,6,0.059000
1648718959.780352280,1,0.023000
1648718959.803380986,0,0.012000
1648718959.825364871,0,0.000000
1648718959.847581599,0,0.003000
1648718959.870510378,6,0.090000
1648718959.892848200,0,0.015000
1648718959.916118182,0,0.000000
1648718959.940190444,0,0.001000
1648718959.963313110,7,0.105000
1648718959.986436868,0,0.000000
1648718960.008040302,0,0.000000
1648718960.032643178,5,0.040000
1648718960.055728585,0,0.000000
1648718960.077202289,10,0.130000
1648718960.099189345,0,0.000000
1648718960.122728853,1,0.000000
1648718960.146048064,10,0.118000
1648718960.168001613,4,0.029000
1648718960.191768783,1,0.012000
1648718960.214076623,0,0.000000
1648718960.237726206,11,0.145000
1648718960.260787856,0,0.010000
1648718960.283331719,0,0.003000
1648718960.306075609,7,0.081000
1648718960.328813402,0,0.000000
1648718960.352371387,0,0.000000
1648718960.376383142,1,0.000000
1648718960.401998208,0,0.000000
1648718960.423755733,8,0.087000
1648718960.447389792,0,0.000000
1648718960.470909551,2,0.000000
1648718960.492541247,10,0.095000
1648718960.516373879,0,0.003000
1648718960.539308828,0,0.003000
1648718960.562767965,0,0.010000
1648718960.586214760,4,0.061000
1648718960.610893659,0,0.012000
1648718960.630294652,6,0.067000
1648718960.650353351,1,0.003000
1648718960.672640392,0,0.000000
1648718960.695312598,6,0.081000
1648718960.717177728,1,0.025000
1648718960.739565725,1,0.003000
1648718960.763148185,0,0.011000
1648718960.786688986,0,0.006000
1648718960.808464564,0,0.000000
1648718960.831007045,7,0.115000
1648718960.852238752,2,0.021000
1648718960.876805055,0,0.002000
1648718960.898344287,4,0.074000
1648718960.920966435,0,0.003000
1648718960.943864011,6,0.088000
1648718960.964959378,2,0.033000
1648718960.987230275,0,0.000000
1648718961.010391787,9,0.076000
1648718961.033123559,1,0.016000
1648718961.054391487,0,0.000000
1648718961.076438299,5,0.047000
1648718961.098992112,0,0.000000
1648718961.122578899,0,0.000000
1648718961.145761655,15,0.139000
1648718961.167957978,0,0.013000
1648718961.191173393,0,0.014000
1648718961.215990750,9,0.076000
1648718961.238304131,1,0.018000
1648718961.261566223,1,0.009000
1648718961.284613098,6,0.044000
1648718961.308471423,2,0.022000
1648718961.331339238,0,0.000000
1648718961.355340314,8,0.091000
1648718961.376546937,3,0.058000
1648718961.400799988,0,0.026000
1648718961.424922949,1,0.014000
1648718961.447373573,12,0.129000
1648718961.470940195,0,0.000000
1648718961.492405330,0,0.000000
1648718961.516471209,7,0.133000
1648718961.537881490,0,0.000000
1648718961.560110101,0,0.011000
1648718961.581102274,4,0.045000
1648718961.605489534,0,0.000000
1648718961.628033468,7,0.073000
1648718961.650963432,2,0.004000
1648718961.673891711,0,0.016000
1648718961.696483436,6,0.080000
1648718961.720106257,0,0.003000
1648718961.743043748,0,0.000000
1648718961.765269988,12,0.154000
1648718961.788544418,0,0.026000
1648718961.811958769,0,0.000000
1648718961.834802131,5,0.086000
1648718961.857580786,0,0.014000
1648718961.879298610,0,0.000000
1648718961.900139936,7,0.074000
1648718961.922627907,0,0.000000
1648718961.945691238,0,0.000000
1648718961.966957278,0,0.001000
1648718961.989087439,0,0.000000
1648718962.011946787,10,0.084000
1648718962.033957811,0,0.003000
1648718962.056559465,0,0.000000
1648718962.079626812,6,0.073000
1648718962.102365089,0,0.000000
1648718962.124530517,0,0.000000
1648718962.147352108,9,0.099000
1648718962.168050057,0,0.000000
1648718962.191937259,12,0.138000
1648718962.211925368,0,0.004000
1648718962.233743075,0,0.000000
1648718962.256369869,0,0.007000
1648718962.279805457,8,0.121000
1648718962.301833631,0,0.016000
1648718962.325803727,2,0.002000
1648718962.347686251,13,0.135000
1648718962.370454266,3,0.014000
1648718962.394919548,1,0.000000
1648718962.417266210,0,0.000000
1648718962.440189038,4,0.059000
1648718962.462183724,0,0.001000
1648718962.485429687,0,0.022000
1648718962.509056405,9,0.077000
1648718962.530403626,1,0.008000
1648718962.552385853,0,0.000000
1648718962.574355807,2,0.006000
1648718962.595191258,0,0.000000
1648718962.618098796,1,0.014000
1648718962.641405013,6,0.092000
1648718962.664084172,0,0.005000
1648718962.687297767,1,0.011000
1648718962.710043739,8,0.086000
1648718962.732842617,0,0.000000
1648718962.755400973,7,0.064000
1648718962.780003499,7,0.070000
1648718962.802389128,0,0.000000
1648718962.825548462,10,0.094000
1648718962.847898995,0,0.007000
1648718962.870777063,0,0.000000
1648718962.892233455,7,0.071000
1648718962.915058219,1,0.041000
1648718962.938859572,3,0.043000
1648718962.959211245,4,0.071000
1648718962.981692436,2,0.018000
1648718963.004360333,6,0.069000
1648718963.025148704,0,0.000000
1648718963.048351070,0,0.000000
1648718963.071677721,11,0.104000
1648718963.093560562,2,0.000000
1648718963.116385543,1,0.006000
1648718963.138594398,13,0.144000
1648718963.160647374,3,0.035000
1648718963.183471934,1,0.001000
1648718963.206368161,0,0.000000
1648718963.228767683,3,0.031000
1648718963.252333341,1,0.001000
1648718963.274421759,0,0.000000
1648718963.298053116,12,0.102000
1648718963.321147634,0,0.007000
1648718963.343935263,0,0.000000
1648718963.367071762,8,0.101000
1648718963.389632565,0,0.026000
1648718963.412078681,0,0.000000
1648718963.433860452,5,0.026000
1648718963.455026328,1,0.012000
1648718963.477106289,3,0.048000
1648718963.499798048,5,0.075000
1648718963.522498850,0,0.000000
1648718963.545504016,3,0.061000
1648718963.568645921,7,0.056000
1648718963.590616133,1,0.003000
1648718963.612383218,0,0.004000
1648718963.635870107,3,0.029000
1648718963.657361914,0,0.003000
1648718963.680825311,6,0.085000
1648718963.703204128,1,0.003000
1648718963.726100228,0,0.000000
1648718963.749043052,7,0.139000
1648718963.770128799,0,0.000000
1648718963.792214001,2,0.007000
1648718963.814670705,8,0.146000
1648718963.837984796,0,0.000000
1648718963.861530332,1,0.009000
1648718963.884045958,10,0.155000
1648718963.908534308,5,0.039000
1648718963.930765201,0,0.000000
1648718963.952641150,0,0.011000
1648718963.975404970,9,0.085000
1648718963.998651671,0,0.000000
1648718964.021187577,2,0.004000
1648718964.043452671,0,0.007000
1648718964.065130851,0,0.000000
1648718964.089327443,0,0.000000
1648718964.111190598,1,0.049000
1648718964.134366164,0,0.006000
1648718964.155974712,14,0.142000
1648718964.178103019,0,0.000000
1648718964.200035818,0,0.000000
1648718964.223453753,3,0.017000
1648718964.244968773,0,0.000000
1648718964.266546934,4,0.063000
1648718964.290342894,3,0.010000
1648718964.311882029,0,0.000000
1648718964.334286776,7,0.096000
1648718964.357431568,0,0.000000
1648718964.379953875,1,0.006000
1648718964.401576907,8,0.091000
1648718964.425383578,1,0.019000
1648718964.448552448,0,0.000000
1648718964.469938597,12,0.126000
1648718964.493953704,0,0.009000
1648718964.517349946,0,0.000000
1648718964.540773370,13,0.143000
1648718964.562479754,1,0.011000
1648718964.586121307,0,0.000000
1648718964.609217669,8,0.072000
1648718964.633013869,0,0.003000
1648718964.656824228,0,0.006000
1648718964.679368188,0,0.000000
1648718964.702948980,8,0.091000
1648718964.724826972,2,0.008000
1648718964.747423375,0,0.013000
1648718964.771042427,2,0.009000
1648718964.793849752,1,0.000000
1648718964.817232099,0,0.016000
1648718964.839182054,4,0.035000
1648718964.862733188,2,0.032000
1648718964.885833991,1,0.002000
1648718964.908190242,7,0.160000
1648718964.933108650,3,0.033000
1648718964.955887141,0,0.006000
1648718964.978771407,0,0.000000
1648718965.001347378,1,0.030000
1648718965.023867430,0,0.010000
1648718965.047341357,12,0.142000
1648718965.068987410,5,0.039000
1648718965.092510117,2,0.013000
1648718965.113944827,7,0.084000
1648718965.136333720,4,0.009000
1648718965.159412435,0,0.000000
1648718965.180422445,15,0.130000
1648718965.204193080,2,0.037000
1648718965.227953897,2,0.022000
1648718965.251534127,0,0.000000
1648718965.272198369,9,0.089000
1648718965.295457268,0,0.034000
1648718965.318246594,0,0.000000
1648718965.340661288,6,0.066000
1648718965.363497388,1,0.000000
1648718965.386257426,0,0.000000
1648718965.409897105,4,0.034000
1648718965.431885343,0,0.000000
1648718965.454760821,0,0.000000
1648718965.478333910,4,0.069000
1648718965.501006683,0,0.014000
1648718965.523209592,0,0.006000
1648718965.545382747,0,0.012000
1648718965.569321654,0,0.000000
1648718965.591776584,0,0.004000
1648718965.614349324,3,0.040000
1648718965.637455788,0,0.000000
1648718965.661899784,1,0.000000
1648718965.682914857,4,0.025000
1648718965.704100105,0,0.000000
1648718965.725284359,9,0.089000
1648718965.748086118,1,0.030000
1648718965.771733820,5,0.059000
1648718965.793583331,2,0.037000
1648718965.816606661,0,0.011000
1648718965.839318740,2,0.030000
1648718965.861955641,4,0.046000
1648718965.885192850,0,0.019000
1648718965.908940145,0,0.006000
1648718965.930045820,11,0.104000
1648718965.952544983,0,0.016000
1648718965.974551608,1,0.028000
1648718965.998066032,7,0.065000
1648718966.020046488,0,0.000000
1648718966.041437708,0,0.000000
1648718966.063604742,4,0.035000
1648718966.087375502,0,0.000000
1648718966.110220029,9,0.090000
1648718966.132551949,1,0.000000
1648718966.155256576,0,0.000000
1648718966.176967989,2,0.000000
1648718966.200248914,0,0.000000
1648718966.220777364,0,0.000000
1648718966.242924382,3,0.054000
1648718966.264305534,1,0.002000
1648718966.285455054,11,0.135000
1648718966.308078984,0,0.000000
1648718966.330011618,0,0.000000
1648718966.353422465,3,0.056000
1648718966.375412794,0,0.008000
1648718966.398970335,1,0.015000
1648718966.422567700,7,0.066000
1648718966.445957354,0,0.010000
1648718966.467675589,0,0.013000
1648718966.490667515,8,0.106000
1648718966.513101346,0,0.000000
1648718966.535638898,0,0.000000
1648718966.558229160,15,0.160000
1648718966.581182167,0,0.000000
1648718966.604259840,0,0.000000
1648718966.627613516,4,0.090000
1648718966.650467284,1,0.007000
1648718966.673188701,0,0.000000
1648718966.695563768,11,0.131000
1648718966.718337361,0,0.000000
1648718966.739473866,6,0.035000
1648718966.760396476,0,0.010000
1648718966.782473589,1,0.008000
1648718966.807450309,0,0.000000
1648718966.829361729,6,0.103000
1648718966.851710791,1,0.000000
1648718966.874268991,0,0.000000
1648718966.898998715,11,0.080000
1648718966.922556713,0,0.007000
1648718966.945747476,3,0.007000
1648718966.967299111,4,0.031000
1648718966.989312418,0,0.013000
1648718967.010894223,8,0.097000
1648718967.032200049,0,0.001000
1648718967.054225832,1,0.009000
1648718967.077194743,9,0.110000
1648718967.099953897,0,0.000000
1648718967.122688697,0,0.001000
1648718967.146013853,10,0.142000
1648718967.169084471,2,0.016000
1648718967.191771335,0,0.000000
1648718967.213029294,3,0.023000
1648718967.235374362,0,0.025000
1648718967.258324899,0,0.007000
1648718967.280123640,3,0.034000
1648718967.300773790,1,0.016000
1648718967.321541078,7,0.049000
1648718967.342256591,2,0.008000
1648718967.365685361,0,0.000000
1648718967.387196590,1,0.001000
1648718967.408921696,0,0.000000
1648718967.432301787,4,0.089000
1648718967.454635227,7,0.058000
1648718967.477179359,0,0.000000
1648718967.498815236,0,0.001000
1648718967.521775481,3,0.028000
1648718967.544761016,0,0.000000
1648718967.566760717,15,0.161000
1648718967.589534836,0,0.001000
1648718967.611727385,0,0.000000
1648718967.634400466,6,0.074000
1648718967.657442221,3,0.032000
1648718967.680971969,0,0.000000
1648718967.704157395,0,0.000000
1648718967.726734927,2,0.042000
1648718967.751644141,0,0.000000
1648718967.775722725,5,0.069000
1648718967.797027226,0,0.004000
1648718967.820052255,1,0.001000
1648718967.842898494,11,0.099000
1648718967.865770818,0,0.000000
1648718967.888527586,0,0.000000
1648718967.911800761,6,0.086000
1648718967.936213659,3,0.001000
1648718967.959365586,1,0.001000
1648718967.978686959,4,0.047000
1648718968.001200466,2,0.009000
1648718968.024120455,2,0.016000
1648718968.046444765,8,0.104000
1648718968.069822469,1,0.000000
1648718968.091209453,0,0.004000
1648718968.114496037,5,0.048000
1648718968.136201890,2,0.016000
1648718968.160201105,0,0.000000
1648718968.183194774,7,0.093000
1648718968.206903903,6,0.059000
1648718968.230482431,0,0.000000
1648718968.252661160,0,0.000000
1648718968.274563527,0,0.000000
1648718968.296878652,0,0.000000
1648718968.318389518,0,0.000000
1648718968.341781839,0,0.000000
1648718968.365410771,2,0.024000
1648718968.386993550,9,0.101000
1648718968.409918965,0,0.000000
1648718968.430928214,8,0.112000
1648718968.453644996,3,0.001000
1648718968.474990638,0,0.000000
1648718968.498290622,4,0.049000
1648718968.521573282,2,0.025000
1648718968.543335084,0,0.000000
1648718968.566159616,2,0.023000
1648718968.587006208,2,0.019000
1648718968.610110158,10,0.146000
1648718968.631563817,4,0.011000
1648718968.653491728,0,0.023000
1648718968.673733412,1,0.005000
1648718968.696396698,0,0.000000
1648718968.719149401,0,0.023000
1648718968.741947278,0,0.000000
1648718968.765007307,1,0.001000
1648718968.787443487,0,0.022000
1648718968.810533582,8,0.096000
1648718968.832545153,0,0.000000
1648718968.855490936,1,0.000000
1648718968.877911841,7,0.061000
1648718968.901933268,0,0.000000
1648718968.924919206,0,0.010000
1648718968.947363938,4,0.022000
1648718968.969534171,0,0.000000
1648718968.992419827,1,0.006000
1648718969.016136554,1,0.000000
1648718969.037658509,0,0.000000
1648718969.060655748,0,0.000000
1648718969.084473347,12,0.119000
1648718969.107048345,0,0.013000
1648718969.130085872,0,0.005000
1648718969.151765293,11,0.125000
1648718969.176428285,1,0.009000
1648718969.198932732,0,0.015000
1648718969.222039995,16,0.176000
1648718969.243374205,5,0.054000
1648718969.266682980,0,0.000000
1648718969.289500615,5,0.072000
1648718969.310880915,0,0.000000
1648718969.333798888,8,0.114000
1648718969.354429614,0,0.000000
1648718969.377449508,0,0.000000
1648718969.398835180,3,0.026000
1648718969.420119254,0,0.000000
1648718969.443240518,1,0.004000
1648718969.466779935,15,0.157000
1648718969.491578466,1,0.018000
1648718969.514893284,0,0.000000
1648718969.538237796,0,0.000000
1648718969.560113461,2,0.013000
1648718969.583091547,0,0.000000
1648718969.604636293,9,0.150000
1648718969.626920893,0,0.000000
1648718969.650693158,0,0.000000
1648718969.673822600,10,0.187000
1648718969.695445425,2,0.004000
1648718969.718738614,0,0.000000
1648718969.740143853,6,0.064000
1648718969.763071274,0,0.000000
1648718969.785989335,0,0.006000
1648718969.810261574,2,0.036000
1648718969.833507171,2,0.042000
1648718969.856284743,1,0.012000
1648718969.878839769,0,0.014000
1648718969.901341983,1,0.017000
1648718969.923458778,0,0.000000
1648718969.945059284,6,0.067000
1648718969.968424925,0,0.000000
1648718969.992139442,0,0.000000
1648718970.014428504,11,0.125000
1648718970.037567075,6,0.070000
1648718970.061248080,0,0.000000
1648718970.084531044,0,0.000000
1648718970.106022957,11,0.136000
1648718970.128918291,0,0.001000
1648718970.151885222,0,0.001000
1648718970.172603875,14,0.174000
1648718970.195461387,0,0.000000
1648718970.217432150,0,0.013000
1648718970.240220337,7,0.104000
1648718970.263416971,0,0.000000
1648718970.285468552,0,0.000000
1648718970.307901829,13,0.173000
1648718970.330244679,2,0.012000
1648718970.352030354,8,0.060000
1648718970.373162381,2,0.015000
1648718970.396372219,0,0.000000
1648718970.420005624,0,0.000000
1648718970.443461877,6,0.083000
1648718970.465275142,0,0.000000
1648718970.489168087,2,0.003000
1648718970.511714213,7,0.115000
1648718970.534454323,2,0.018000
1648718970.554925287,7,0.097000
1648718970.575295400,4,0.002000
1648718970.600177986,2,0.026000
1648718970.622511012,9,0.114000
1648718970.643099630,1,0.000000
1648718970.664536826,2,0.024000
1648718970.687097241,7,0.077000
1648718970.710533868,1,0.023000
1648718970.732724400,1,0.019000
1648718970.755563435,5,0.046000
1648718970.777242427,0,0.000000
1648718970.801339172,0,0.005000
1648718970.822798945,7,0.080000
1648718970.845810865,4,0.067000
1648718970.869343780,0,0.015000
1648718970.892751977,0,0.000000
1648718970.915534332,4,0.053000
1648718970.937005304,3,0.001000
1648718970.959735972,1,0.000000
1648718970.983332068,9,0.113000
1648718971.006231725,0,0.018000
1648718971.028823852,0,0.000000
1648718971.052363296,10,0.137000
1648718971.074739333,0,0.000000
1648718971.096335185,0,0.000000
1648718971.118729820,7,0.089000
1648718971.140858597,0,0.000000
1648718971.163806502,0,0.015000
1648718971.186354506,3,0.061000
1648718971.209973265,0,0.000000
1648718971.232868367,2,0.024000
1648718971.254329497,9,0.115000
1648718971.276190347,0,0.001000
1648718971.298500107,0,0.003000
1648718971.318747340,9,0.105000
1648718971.341570952,0,0.000000
1648718971.365249092,1,0.000000
1648718971.387503719,4,0.048000
1648718971.410072377,1,0.000000
1648718971.430460277,0,0.000000
1648718971.452054239,0,0.000000
1648718971.474136546,8,0.076000
1648718971.497330820,3,0.045000
1648718971.520838733,3,0.021000
1648718971.545326471,1,0.013000
1648718971.567841407,9,0.085000
1648718971.589713728,6,0.056000
1648718971.613483060,1,0.000000
1648718971.636365417,1,0.000000
1648718971.660171286,0,0.013000
1648718971.683980935,6,0.056000
1648718971.706016451,0,0.000000
1648718971.728687212,2,0.000000
1648718971.750355525,0,0.000000
1648718971.771283917,7,0.061000
1648718971.792670570,0,0.000000
1648718971.813440406,0,0.004000
1648718971.835588950,6,0.084000
1648718971.859037824,2,0.000000
1648718971.882330235,0,0.000000
1648718971.906185247,10,0.121000
1648718971.928919560,0,0.024000
1648718971.951788821,1,0.018000
1648718971.974925512,12,0.139000
1648718971.998226913,1,0.034000
1648718972.023166116,0,0.007000
1648718972.045181805,9,0.116000
1648718972.066352631,0,0.000000
1648718972.088294993,0,0.003000
1648718972.110110370,10,0.084000
1648718972.132475538,0,0.001000
1648718972.154688745,0,0.005000
1648718972.178431901,15,0.156000
1648718972.200775417,0,0.000000
1648718972.223477252,0,0.000000
1648718972.246186025,14,0.163000
1648718972.269364356,1,0.006000
1648718972.292642794,0,0.000000
1648718972.314398536,8,0.108000
1648718972.336093633,4,0.034000
1648718972.358936518,0,0.000000
1648718972.381997665,0,0.000000
1648718972.406302624,8,0.062000
1648718972.429033446,0,0.000000
1648718972.449185270,0,0.001000
1648718972.471582894,8,0.061000
1648718972.495220143,2,0.014000
1648718972.517249117,0,0.000000
1648718972.539970166,14,0.126000
1648718972.562033823,1,0.000000
1648718972.585131322,0,0.010000
1648718972.607966172,9,0.102000
1648718972.630387371,3,0.042000
1648718972.653167993,0,0.000000
1648718972.676758131,1,0.014000
1648718972.699161804,5,0.074000
1648718972.722398348,0,0.000000
1648718972.745883356,2,0.009000
1648718972.768143143,1,0.012000
1648718972.789924120,0,0.018000
1648718972.813409750,0,0.000000
1648718972.836568108,12,0.174000
1648718972.858298049,0,0.000000
1648718972.879164452,3,0.020000
1648718972.901863466,8,0.091000
1648718972.924220851,0,0.005000
1648718972.947216899,0,0.000000
1648718972.970341507,0,0.012000
1648718972.993038895,4,0.043000
1648718973.015761835,0,0.000000
1648718973.038006636,2,0.000000
1648718973.059337289,0,0.000000
1648718973.081176902,0,0.008000
1648718973.104294096,0,0.000000
1648718973.127543732,0,0.000000
1648718973.149472044,0,0.000000
1648718973.172053763,17,0.199000
1648718973.194799810,0,0.000000
1648718973.216258011,0,0.000000
1648718973.238285577,4,0.030000
1648718973.260761517,0,0.000000
1648718973.282630271,9,0.111000
1648718973.305570958,3,0.032000
1648718973.329195121,0,0.000000
1648718973.351873654,0,0.000000
1648718973.375549223,4,0.048000
1648718973.398301222,3,0.050000
1648718973.422209754,0,0.008000
1648718973.445640029,0,0.000000
1648718973.468545458,5,0.077000
1648718973.490718391,0,0.000000
1648718973.513383579,1,0.008000
1648718973.536042937,8,0.072000
1648718973.560655674,2,0.000000
1648718973.580801424,8,0.081000
1648718973.601914612,0,0.029000
1648718973.623867614,1,0.000000
1648718973.644971761,5,0.049000
1648718973.667309663,0,0.034000
1648718973.690923780,0,0.000000
1648718973.712597776,4,0.049000
1648718973.734839025,0,0.000000
1648718973.757702482,0,0.000000
1648718973.780059614,6,0.090000
1648718973.803202338,2,0.000000
1648718973.825651347,0,0.000000
1648718973.849465181,12,0.152000
1648718973.871451397,0,0.025000
1648718973.893181094,0,0.009000
1648718973.915042411,0,0.000000
1648718973.937929543,0,0.000000
1648718973.959949523,1,0.000000
1648718973.983289878,0,0.011000
1648718974.005498706,0,0.050000
1648718974.028234366,0,0.000000
1648718974.050176283,2,0.001000
1648718974.072872760,1,0.021000
1648718974.096875689,0,0.000000
1648718974.117899128,7,0.111000
1648718974.141019278,1,0.001000
1648718974.164377362,1,0.003000
1648718974.186761976,8,0.082000
1648718974.210332856,1,0.034000
1648718974.233692830,1,0.009000
1648718974.255478155,0,0.000000
1648718974.277274700,14,0.150000
1648718974.300873140,1,0.000000
1648718974.323011376,1,0.038000
1648718974.345912723,3,0.024000
1648718974.367622541,0,0.001000
1648718974.390749699,2,0.005000
1648718974.412782782,11,0.141000
1648718974.435836193,1,0.004000
1648718974.457482609,1,0.018000
1648718974.480159125,7,0.080000
1648718974.503417327,0,0.021000
1648718974.526364007,1,0.009000
1648718974.549886110,8,0.101000
1648718974.572383668,4,0.061000
1648718974.594974058,0,0.000000
1648718974.617944981,0,0.003000
1648718974.639912085,11,0.118000
1648718974.662962779,4,0.023000
1648718974.687476831,1,0.000000
1648718974.709378220,9,0.084000
1648718974.731042044,2,0.001000
1648718974.754639109,0,0.000000
1648718974.776004947,7,0.049000
1648718974.798687201,0,0.003000
1648718974.820987694,0,0.000000
1648718974.845669496,10,0.095000
1648718974.867542490,0,0.000000
1648718974.890065209,0,0.000000
1648718974.911834173,8,0.055000
1648718974.933815268,0,0.000000
1648718974.956166940,0,0.000000
1648718974.978503179,7,0.060000
1648718975.001951177,6,0.037000
1648718975.023578478,2,0.005000
1648718975.047002054,0,0.000000
1648718975.069312392,2,0.025000
1648718975.092017385,1,0.000000
1648718975.114754070,0,0.000000
1648718975.135706621,0,0.000000
1648718975.157868458,1,0.019000
1648718975.181469192,3,0.040000
1648718975.203389710,0,0.011000
1648718975.224507162,13,0.148000
1648718975.246853908,0,0.012000
1648718975.270402172,1,0.018000
1648718975.293646734,15,0.189000
1648718975.314629422,0,0.000000
1648718975.338054648,1,0.011000
1648718975.358501400,0,0.005000
1648718975.380132226,0,0.006000
1648718975.403758294,2,0.005000
1648718975.425171572,0,0.000000
1648718975.448418042,0,0.001000
1648718975.470946454,4,0.065000
1648718975.494834275,1,0.006000
1648718975.516008873,0,0.000000
1648718975.538471120,13,0.134000
1648718975.561579861,0,0.000000
1648718975.583232818,0,0.025000
1648718975.603972709,0,0.022000
1648718975.626877682,1,0.000000
1648718975.647322756,5,0.060000
1648718975.668874158,3,0.013000
1648718975.690985392,0,0.011000
1648718975.712043468,5,0.073000
1648718975.734499632,2,0.005000
1648718975.757120478,1,0.018000
1648718975.780289333,6,0.069000
1648718975.802577662,0,0.004000
1648718975.825065560,1,0.011000
1648718975.849470598,9,0.125000
1648718975.872587063,4,0.023000
1648718975.895569402,0,0.000000
1648718975.917053914,9,0.059000
1648718975.939691994,1,0.019000
1648718975.962047910,0,0.006000
1648718975.984175548,3,0.035000
1648718976.006401651,0,0.000000
1648718976.029730795,0,0.000000
1648718976.052906078,13,0.160000
1648718976.075635440,1,0.003000
1648718976.097147352,1,0.004000
1648718976.120029194,6,0.094000
1648718976.144863744,0,0.000000
1648718976.166794957,0,0.000000
1648718976.190433356,2,0.014000
1648718976.212428945,0,0.000000
1648718976.236136425,0,0.000000
1648718976.258451343,1,0.019000
1648718976.279534212,0,0.003000
1648718976.302347390,0,0.000000
1648718976.323792522,0,0.000000
1648718976.346414282,0,0.000000
1648718976.369322227,0,0.005000
1648718976.392105637,12,0.123000
1648718976.414875657,2,0.001000
1648718976.436202284,0,0.000000
1648718976.459648081,9,0.105000
1648718976.483349544,0,0.007000
1648718976.504940881,0,0.000000
1648718976.527982632,0,0.000000
1648718976.550538668,0,0.000000
1648718976.573687319,0,0.000000
1648718976.598403214,8,0.107000
1648718976.620108290,2,0.018000
1648718976.642188436,7,0.117000
1648718976.664958618,0,0.000000
1648718976.687535476,1,0.022000
1648718976.711275594,0,0.000000
1648718976.733020172,5,0.051000
1648718976.756617313,0,0.000000
1648718976.777915227,0,0.011000
1648718976.801569981,7,0.058000
1648718976.823662403,1,0.006000
1648718976.846852037,0,0.000000
1648718976.870365857,11,0.131000
1648718976.892686307,4,0.011000
1648718976.914847591,0,0.000000
1648718976.938964790,1,0.022000
1648718976.961826831,3,0.031000
1648718976.983316367,0,0.000000
1648718977.006413515,0,0.026000
1648718977.030406592,0,0.013000
1648718977.050659397,0,0.000000
1648718977.072739277,11,0.194000
1648718977.095402109,2,0.012000
1648718977.118592952,1,0.000000
1648718977.142422053,1,0.006000
1648718977.164054402,9,0.059000
1648718977.185972396,0,0.000000
1648718977.208454318,2,0.029000
1648718977.231067073,6,0.076000
1648718977.254387683,0,0.005000
1648718977.276600209,2,0.015000
1648718977.299417298,5,0.051000
1648718977.321219457,0,0.000000
1648718977.344565741,0,0.000000
1648718977.367213776,13,0.155000
1648718977.388063759,0,0.006000
1648718977.411447035,6,0.109000
1648718977.433914891,0,0.009000
1648718977.455293992,0,0.000000
1648718977.478810388,0,0.000000
1648718977.501573337,5,0.086000
1648718977.523509343,1,0.000000
1648718977.546093558,0,0.020000
1648718977.570418227,4,0.035000
1648718977.590693919,0,0.000000
1648718977.613457936,6,0.082000
1648718977.635340419,0,0.000000
1648718977.657461271,2,0.001000
1648718977.679235819,8,0.097000
1648718977.701194751,0,0.000000
1648718977.723950531,1,0.009000
1648718977.745690468,12,0.135000
1648718977.768638273,1,0.026000
1648718977.789990093,0,0.000000
1648718977.812234073,15,0.165000
1648718977.835802609,2,0.011000
1648718977.858692374,0,0.000000
1648718977.881480975,8,0.111000
1648718977.905158600,1,0.016000
1648718977.928101779,0,0.000000
1648718977.950016321,10,0.107000
1648718977.972770349,0,0.017000
1648718977.995665919,0,0.001000
1648718978.018998514,0,0.000000
1648718978.042210411,4,0.044000
1648718978.064028865,0,0.000000
1648718978.086188920,5,0.035000
1648718978.109216188,1,0.012000
1648718978.130893799,0,0.000000
1648718978.154117703,13,0.130000
1648718978.174664110,1,0.000000
1648718978.197494312,0,0.000000
1648718978.220484780,0,0.025000
1648718978.241977188,1,0.008000
1648718978.263639988,0,0.010000
1648718978.286551164,0,0.000000
1648718978.309370424,0,0.000000
1648718978.331379421,2,0.019000
1648718978.353503985,0,0.000000
1648718978.377022245,0,0.000000
1648718978.400319944,4,0.053000
1648718978.421217855,2,0.021000
1648718978.443983742,0,0.000000
1648718978.466044611,13,0.151000
1648718978.489604444,0,0.000000
1648718978.510634044,0,0.005000
1648718978.533279015,8,0.071000
1648718978.557152479,8,0.078000
1648718978.579457793,0,0.007000
1648718978.603304479,0,0.000000
1648718978.626689608,10,0.089000
1648718978.648311690,2,0.007000
1648718978.669564609,8,0.054000
1648718978.690311056,0,0.000000
1648718978.713008729,1,0.001000
1648718978.735057236,5,0.058000
1648718978.756572794,0,0.000000
1648718978.778812306,0,0.000000
1648718978.801374973,2,0.013000
1648718978.823868727,0,0.004000
1648718978.847257071,0,0.000000
1648718978.870888154,9,0.079000
1648718978.892367553,1,0.002000
1648718978.915570606,0,0.002000
1648718978.937008016,2,0.014000
1648718978.960174977,5,0.064000
1648718978.982063120,1,0.017000
1648718979.005719293,0,0.000000
1648718979.029454532,0,0.000000
1648718979.051442969,1,0.028000
1648718979.072319760,1,0.001000
1648718979.095097012,7,0.075000
1648718979.116507166,0,0.000000
1648718979.139905733,1,0.000000
1648718979.162969336,14,0.158000
1648718979.186197922,3,0.014000
1648718979.208955535,0,0.000000
1648718979.232464265,15,0.155000
1648718979.253338911,0,0.000000
1648718979.275448553,1,0.019000
1648718979.296544398,0,0.011000
1648718979.319755366,1,0.017000
1648718979.342203182,0,0.000000
1648718979.364443115,3,0.048000
1648718979.387169824,0,0.000000
1648718979.409167942,3,0.072000
1648718979.431461160,1,0.000000
1648718979.453233694,0,0.000000
1648718979.476268854,3,0.038000
1648718979.498167349,1,0.003000
1648718979.520098243,1,0.003000
1648718979.543954319,7,0.059000
1648718979.565934547,1,0.014000
1648718979.589292598,3,0.019000
1648718979.613069214,2,0.052000
1648718979.636245357,0,0.000000
1648718979.655715170,4,0.087000
1648718979.676504326,1,0.011000
1648718979.699863691,0,0.000000
1648718979.721384746,10,0.097000
1648718979.744072820,0,0.013000
1648718979.766755395,0,0.000000
1648718979.788503214,7,0.081000
1648718979.811567656,2,0.006000
1648718979.834475097,0,0.000000
1648718979.855727404,4,0.059000
1648718979.877478427,0,0.000000
1648718979.899887235,10,0.142000
1648718979.922721364,0,0.008000
1648718979.944873322,0,0.000000
1648718979.967542725,6,0.071000
1648718979.989712498,2,0.027000
1648718980.011756102,0,0.000000
1648718980.034352847,4,0.071000
1648718980.057469149,0,0.006000
1648718980.079051323,0,0.000000
1648718980.102338089,9,0.199000
1648718980.124136745,7,0.097000
1648718980.147625991,0,0.001000
1648718980.169381300,0,0.004000
1648718980.190929576,5,0.071000
1648718980.213659045,0,0.000000
1648718980.232535078,4,0.034000
1648718980.254301669,1,0.023000
1648718980.276000084,0,0.000000
1648718980.299378823,11,0.104000
1648718980.321366042,1,0.027000
1648718980.343498634,13,0.158000
1648718980.364397355,1,0.000000
1648718980.386098406,0,0.000000
1648718980.408934840,12,0.153000
1648718980.431201382,3,0.038000
1648718980.453102944,0,0.000000
1648718980.475366249,12,0.151000
1648718980.497549277,0,0.000000
1648718980.520739645,1,0.022000
1648718980.543479977,14,0.151000
1648718980.565470426,1,0.006000
1648718980.586271577,8,0.093000
1648718980.609243877,0,0.000000
1648718980.630715677,0,0.000000
1648718980.652475126,0,0.000000
1648718980.676201178,11,0.110000
1648718980.699762953,1,0.000000
1648718980.722146983,0,0.006000
1648718980.744590609,0,0.000000
1648718980.767128584,1,0.010000
1648718980.789398879,0,0.000000
1648718980.811106323,11,0.113000
1648718980.834044400,0,0.000000
1648718980.856089837,0,0.003000
1648718980.878674604,1,0.040000
1648718980.900752306,1,0.000000
1648718980.924241941,1,0.000000
1648718980.947654414,2,0.062000
1648718980.968417524,0,0.000000
1648718980.991578371,0,0.000000
1648718981.013436983,1,0.026000
1648718981.036670062,0,0.000000
1648718981.059319651,0,0.000000
1648718981.083392848,5,0.079000
1648718981.104548744,1,0.000000
1648718981.126210511,12,0.166000
1648718981.149440846,0,0.000000
1648718981.172820680,1,0.000000
1648718981.194897553,8,0.066000
1648718981.217197334,0,0.012000
1648718981.239852324,1,0.003000
1648718981.261366423,11,0.126000
1648718981.283630896,0,0.000000
1648718981.306273167,1,0.022000
1648718981.328592803,0,0.000000
1648718981.350395478,0,0.000000
1648718981.371729962,2,0.023000
1648718981.394524191,0,0.006000
1648718981.417567256,2,0.017000
1648718981.438799596,6,0.094000
1648718981.462048473,0,0.000000
1648718981.484768004,6,0.053000
1648718981.506219711,13,0.151000
1648718981.528821458,10,0.114000
1648718981.552422984,0,0.000000
1648718981.575788348,0,0.000000
1648718981.598759799,1,0.008000
1648718981.622321409,6,0.063000
1648718981.645471693,0,0.000000
1648718981.668654927,1,0.057000
1648718981.690967710,6,0.058000
1648718981.714506209,0,0.000000
1648718981.737608184,1,0.014000
1648718981.759104155,0,0.017000
1648718981.781826608,2,0.010000
1648718981.805182867,0,0.000000
1648718981.827905722,5,0.073000
1648718981.849337077,0,0.022000
1648718981.872330142,0,0.003000
1648718981.895344769,3,0.046000
1648718981.917367589,0,0.000000
1648718981.940771647,1,0.020000
1648718981.961260815,2,0.026000
1648718981.984999463,0,0.000000
1648718982.005127244,7,0.078000
1648718982.027201278,2,0.024000
1648718982.050235987,0,0.000000
1648718982.070962080,11,0.111000
1648718982.093214289,2,0.010000
1648718982.115751626,1,0.001000
1648718982.138300739,0,0.006000
1648718982.160683103,2,0.019000
1648718982.182676659,0,0.000000
1648718982.205350270,10,0.105000
1648718982.228793107,0,0.000000
1648718982.250705539,0,0.000000
1648718982.273208943,6,0.072000
1648718982.295853325,10,0.092000
1648718982.320981465,8,0.075000
1648718982.343605632,1,0.001000
1648718982.365713265,0,0.021000
1648718982.388429429,6,0.054000
1648718982.410921815,0,0.000000
1648718982.432294523,0,0.014000
1648718982.455217045,6,0.049000
1648718982.476867543,0,0.000000
1648718982.499558642,9,0.115000
1648718982.521383274,7,0.150000
1648718982.544367532,1,0.028000
1648718982.567532757,0,0.007000
1648718982.590470411,7,0.070000
1648718982.612248428,2,0.019000
1648718982.633816284,0,0.008000
1648718982.655701707,4,0.074000
1648718982.677828206,0,0.000000
1648718982.699579776,0,0.000000
1648718982.721564889,1,0.025000
1648718982.742357451,0,0.000000
1648718982.764411839,10,0.134000
1648718982.786119862,0,0.000000
1648718982.808093655,1,0.000000
1648718982.830750750,3,0.038000
1648718982.851537183,0,0.000000
1648718982.873952763,5,0.047000
1648718982.895491827,1,0.000000
1648718982.918794286,0,0.000000
1648718982.942156866,11,0.130000
1648718982.964364617,0,0.005000
1648718982.986027747,0,0.006000
1648718983.009551672,0,0.011000
1648718983.029820596,0,0.023000
1648718983.053689731,0,0.012000
1648718983.076384039,2,0.048000
1648718983.099182143,0,0.000000
1648718983.120816626,5,0.059000
1648718983.143540683,0,0.000000
1648718983.166003391,0,0.003000
1648718983.188199172,6,0.052000
1648718983.208785889,3,0.036000
1648718983.231467607,0,0.000000
1648718983.254842888,9,0.111000
1648718983.276334765,1,0.012000
1648718983.299256359,0,0.011000
1648718983.322704926,17,0.152000
1648718983.344850780,0,0.000000
1648718983.366891255,0,0.000000
1648718983.389874556,1,0.020000
1648718983.410713734,0,0.003000
1648718983.432006468,10,0.100000
1648718983.454186687,0,0.001000
1648718983.477172773,0,0.000000
1648718983.498948765,7,0.102000
1648718983.520706533,0,0.000000
1648718983.543387079,0,0.004000
1648718983.566193818,13,0.126000
1648718983.589562663,0,0.025000
1648718983.611446548,0,0.000000
1648718983.635201319,1,0.000000
1648718983.658061585,13,0.135000
1648718983.682351005,2,0.032000
1648718983.705871463,0,0.002000
1648718983.726894846,2,0.021000
1648718983.749462635,8,0.103000
1648718983.772813769,0,0.000000
1648718983.795374245,0,0.008000
1648718983.817262845,8,0.099000
1648718983.840290727,1,0.043000
1648718983.860603449,0,0.005000
1648718983.883875967,5,0.041000
1648718983.905065557,0,0.014000
1648718983.926965124,0,0.000000
1648718983.949470758,6,0.060000
1648718983.971899023,9,0.084000
1648718983.994260789,0,0.000000
1648718984.016775281,2,0.006000
1648718984.038485430,8,0.084000
1648718984.061289940,0,0.001000
1648718984.082562774,0,0.000000
1648718984.107327059,0,0.000000
1648718984.130484830,5,0.064000
1648718984.153356736,0,0.000000
1648718984.176333341,0,0.000000
1648718984.200228150,15,0.162000
1648718984.222222414,1,0.000000
1648718984.244530995,0,0.001000
1648718984.267808388,7,0.069000
1648718984.288095357,0,0.021000
1648718984.311185278,4,0.078000
1648718984.332411512,0,0.000000
1648718984.353697700,0,0.000000
1648718984.375646321,7,0.077000
1648718984.398312509,1,0.005000
1648718984.420988608,2,0.023000
1648718984.443808609,8,0.082000
1648718984.466729250,0,0.000000
1648718984.487857508,13,0.168000
1648718984.510457460,0,0.000000
1648718984.532252768,8,0.112000
1648718984.553272210,3,0.034000
1648718984.575386734,1,0.019000
1648718984.598336419,3,0.065000
1648718984.620129304,0,0.000000
1648718984.640912425,0,0.000000
1648718984.664493599,2,0.006000
1648718984.685346750,0,0.000000
1648718984.707378557,6,0.071000
1648718984.729963773,1,0.007000
1648718984.752083412,7,0.092000
1648718984.773921607,6,0.044000
1648718984.796064830,1,0.013000
1648718984.818036072,4,0.079000
1648718984.840448608,0,0.011000
1648718984.862657872,0,0.000000
1648718984.885204923,6,0.057000
1648718984.907356104,0,0.000000
1648718984.928963993,0,0.020000
1648718984.952433961,5,0.043000
1648718984.973681008,0,0.000000
1648718984.996048357,4,0.072000
1648718985.018555175,7,0.063000
1648718985.041494296,0,0.000000
1648718985.064735961,0,0.000000
1648718985.087453070,10,0.132000
1648718985.109688671,1,0.016000
1648718985.133362219,0,0.000000
1648718985.155125416,11,0.159000
1648718985.177768812,1,0.028000
1648718985.200074337,0,0.000000
1648718985.223169888,1,0.003000
1648718985.246211416,4,0.049000
1648718985.267929087,1,0.006000
1648718985.290080724,3,0.031000
1648718985.312884804,1,0.000000
1648718985.335819317,0,0.000000
1648718985.359168834,1,0.025000
1648718985.380677432,0,0.000000
1648718985.404455343,0,0.006000
1648718985.426539943,5,0.046000
1648718985.449139127,0,0.011000
1648718985.471747375,2,0.048000
1648718985.493608874,1,0.005000
1648718985.515867303,0,0.000000
1648718985.539351732,5,0.062000
1648718985.561409533,4,0.047000
1648718985.584175439,0,0.000000
1648718985.607995731,0,0.001000
1648718985.629721998,1,0.000000
1648718985.651701538,0,0.000000
1648718985.675344595,9,0.075000
1648718985.696743020,0,0.000000
1648718985.717850124,0,0.015000
1648718985.739005900,5,0.082000
1648718985.761964888,0,0.004000
1648718985.784411496,0,0.000000
1648718985.807412863,4,0.025000
1648718985.828975679,0,0.000000
1648718985.850652308,13,0.162000
1648718985.872979704,0,0.000000
1648718985.895772493,0,0.011000
1648718985.918479348,1,0.007000
1648718985.939041328,1,0.002000
1648718985.962585366,1,0.000000
1648718985.985897540,9,0.120000
1648718986.007278617,1,0.000000
1648718986.029673073,12,0.106000
1648718986.050604778,2,0.012000
1648718986.072813189,1,0.017000
1648718986.095946552,8,0.079000
1648718986.119223394,8,0.066000
1648718986.140997322,0,0.018000
1648718986.164222992,0,0.025000
1648718986.188454642,2,0.027000
1648718986.212210178,7,0.100000
1648718986.234893827,0,0.000000
1648718986.257909585,2,0.004000
1648718986.280463743,5,0.069000
1648718986.303366363,0,0.000000
1648718986.326144172,0,0.000000
1648718986.348998152,7,0.079000
1648718986.371183318,1,0.000000
1648718986.393950028,0,0.000000
1648718986.417104036,8,0.078000
1648718986.441798463,0,0.015000
1648718986.464216933,0,0.012000
1648718986.488007413,2,0.001000
1648718986.510608670,9,0.107000
1648718986.533239018,2,0.046000
1648718986.555472093,0,0.000000
1648718986.579099629,11,0.109000
1648718986.602378195,0,0.005000
1648718986.622343507,2,0.006000
1648718986.644270756,5,0.077000
1648718986.666662625,0,0.000000
1648718986.688907225,4,0.067000
1648718986.711070806,1,0.000000
1648718986.732587305,0,0.000000
1648718986.755861404,0,0.000000
1648718986.777196042,0,0.000000
1648718986.797466533,0,0.000000
1648718986.819841355,9,0.101000
1648718986.842920397,2,0.011000
1648718986.866501058,0,0.000000
1648718986.890774749,12,0.149000
1648718986.910736042,0,0.000000
1648718986.932225348,9,0.096000
1648718986.953755989,4,0.022000
1648718986.976419729,0,0.008000
1648718986.998296576,7,0.074000
1648718987.020468970,1,0.000000
1648718987.044088708,0,0.000000
1648718987.066356665,2,0.053000
1648718987.087212248,0,0.003000
1648718987.111083586,5,0.061000
1648718987.132768133,1,0.037000
1648718987.154605986,1,0.023000
1648718987.177793544,13,0.150000
1648718987.200183715,1,0.000000
1648718987.222992104,0,0.000000
1648718987.245282458,7,0.108000
1648718987.266989681,0,0.003000
1648718987.288986545,0,0.003000
1648718987.310464992,9,0.112000
1648718987.333927709,1,0.003000
1648718987.354656340,0,0.000000
1648718987.377051547,7,0.055000
1648718987.398556678,3,0.008000
1648718987.420980214,0,0.000000
1648718987.443816259,2,0.059000
1648718987.465649397,0,0.011000
1648718987.488505922,0,0.000000
1648718987.512163977,12,0.148000
1648718987.536194441,1,0.009000
1648718987.559556951,0,0.000000
1648718987.581285738,4,0.047000
1648718987.602554177,0,0.000000
1648718987.626629052,1,0.000000
1648718987.649563129,11,0.105000
1648718987.672086778,0,0.006000
1648718987.695765173,0,0.007000
1648718987.717676737,7,0.083000
1648718987.740025008,2,0.000000
1648718987.764123204,0,0.000000
1648718987.786473998,13,0.151000
1648718987.807779500,0,0.000000
1648718987.829206042,1,0.001000
1648718987.851275739,14,0.147000
1648718987.873786609,0,0.004000
1648718987.896649211,5,0.064000
1648718987.917453307,1,0.040000
1648718987.940146612,0,0.000000
1648718987.963006138,11,0.140000
1648718987.985504367,1,0.000000
1648718988.007897167,1,0.000000
1648718988.027988266,4,0.027000
1648718988.051649545,0,0.000000
1648718988.074888890,12,0.204000
1648718988.096939266,2,0.014000
1648718988.119700514,1,0.009000
1648718988.140180491,12,0.129000
1648718988.162646733,0,0.020000
1648718988.184971660,3,0.028000
1648718988.205892717,7,0.096000
1648718988.227772754,0,0.003000
1648718988.250291083,0,0.003000
1648718988.274335213,1,0.002000
1648718988.297140665,1,0.019000
1648718988.318466840,0,0.001000
1648718988.341540038,0,0.000000
1648718988.365275642,2,0.013000
1648718988.385507949,1,0.017000
1648718988.405328570,6,0.031000
1648718988.427824053,0,0.000000
1648718988.450697972,1,0.009000
1648718988.474737049,11,0.134000
1648718988.495423182,3,0.001000
1648718988.517510338,0,0.008000
1648718988.541241910,9,0.111000
1648718988.564037511,0,0.000000
1648718988.586153368,0,0.015000
1648718988.608938806,14,0.158000
1648718988.632837917,0,0.017000
1648718988.653250069,0,0.000000
1648718988.675386168,1,0.007000
1648718988.697617196,0,0.000000
1648718988.719433854,8,0.098000
1648718988.742386034,0,0.008000
1648718988.765842970,0,0.000000
1648718988.786445742,13,0.121000
1648718988.808166052,0,0.011000
1648718988.829466490,0,0.000000
1648718988.852632351,3,0.027000
1648718988.875504725,0,0.000000
1648718988.898883263,0,0.000000
1648718988.920183184,2,0.022000
1648718988.941086769,1,0.016000
1648718988.962725923,11,0.134000
1648718988.984171526,7,0.094000
1648718989.007838714,2,0.025000
1648718989.029886488,1,0.035000
1648718989.050873585,13,0.158000
1648718989.073333827,4,0.019000
1648718989.097244497,1,0.014000
1648718989.118747318,1,0.016000
1648718989.140044075,0,0.000000
1648718989.163258643,1,0.012000
1648718989.185443625,10,0.114000
1648718989.207451044,0,0.005000
1648718989.230763349,0,0.000000
1648718989.254694086,0,0.000000
1648718989.277091268,7,0.042000
1648718989.300659491,2,0.020000
1648718989.323090776,0,0.000000
1648718989.345349272,0,0.000000
1648718989.367837523,7,0.030000
1648718989.389482439,0,0.000000
1648718989.410840178,11,0.084000
1648718989.433121708,3,0.032000
1648718989.455764260,0,0.012000
1648718989.478188633,6,0.071000
1648718989.499684428,0,0.018000
1648718989.523978619,0,0.005000
1648718989.545819525,7,0.084000
1648718989.566405458,1,0.000000
1648718989.589657539,0,0.000000
1648718989.613137069,4,0.046000
1648718989.634891322,0,0.000000
1648718989.656979816,0,0.000000
1648718989.680851103,12,0.132000
1648718989.703874858,2,0.012000
1648718989.725290673,1,0.014000
1648718989.747975784,2,0.036000
1648718989.772325574,2,0.008000
1648718989.794164259,0,0.000000
1648718989.816353365,1,0.016000
1648718989.839466923,1,0.006000
1648718989.861819238,1,0.009000
1648718989.884360939,6,0.063000
1648718989.906466399,1,0.000000
1648718989.930116052,0,0.013000
1648718989.952881176,6,0.101000
1648718989.974992932,0,0.000000
1648718989.997636732,0,0.019000
1648718990.019732118,4,0.074000
1648718990.042018424,1,0.007000
1648718990.064361903,11,0.105000
1648718990.086829970,0,0.019000
1648718990.106948352,0,0.000000
1648718990.130001627,0,0.006000
1648718990.151849656,1,0.033000
1648718990.173468120,0,0.013000
1648718990.195819873,9,0.202000
1648718990.216938603,2,0.023000
1648718990.237533683,0,0.012000
1648718990.259966094,5,0.061000
1648718990.282408627,0,0.000000
1648718990.305048362,1,0.016000
1648718990.327229329,6,0.049000
1648718990.349507155,0,0.000000
1648718990.370324165,10,0.104000
1648718990.392784518,3,0.036000
1648718990.414201196,1,0.016000
1648718990.436863671,7,0.068000
1648718990.459738994,0,0.011000
1648718990.483416224,1,0.001000
1648718990.506151866,3,0.017000
1648718990.529336708,1,0.024000
1648718990.550710784,0,0.000000
1648718990.573814271,1,0.020000
1648718990.596118612,4,0.023000
1648718990.617325389,0,0.000000
1648718990.639910694,1,0.009000
1648718990.661537600,0,0.000000
1648718990.684593885,0,0.000000
1648718990.708443968,5,0.071000
1648718990.731009437,2,0.006000
1648718990.750414874,1,0.011000
1648718990.773128539,1,0.014000
1648718990.793802273,1,0.008000
1648718990.816793595,9,0.133000
1648718990.838978649,1,0.016000
1648718990.862183671,0,0.004000
1648718990.883341707,4,0.026000
1648718990.905752050,0,0.013000
1648718990.927963879,7,0.097000
1648718990.948635405,0,0.000000
1648718990.970449332,6,0.069000
1648718990.992881065,2,0.041000
1648718991.016411368,1,0.002000
1648718991.037060917,11,0.118000
1648718991.059008409,0,0.003000
1648718991.082258963,0,0.010000
1648718991.104739734,9,0.140000
1648718991.126933848,3,0.015000
1648718991.149343215,0,0.001000
1648718991.171965040,10,0.102000
1648718991.194944773,3,0.030000
1648718991.218085921,1,0.000000
1648718991.241624532,1,0.025000
1648718991.263631096,1,0.052000
1648718991.286115818,1,0.007000
1648718991.308662046,0,0.004000
1648718991.333320428,10,0.118000
1648718991.355906644,0,0.000000
1648718991.378963150,0,0.000000
1648718991.403411759,7,0.112000
1648718991.424338366,0,0.000000
1648718991.444909245,5,0.078000
1648718991.466715068,0,0.005000
1648718991.488273083,0,0.000000
1648718991.511002222,11,0.156000
1648718991.533227544,2,0.019000
1648718991.557063078,0,0.000000
1648718991.579213618,1,0.006000
1648718991.601195344,1,0.017000
1648718991.623479000,2,0.009000
1648718991.646676243,5,0.067000
1648718991.668142994,2,0.000000
1648718991.692716252,2,0.005000
1648718991.714840975,6,0.073000
1648718991.735726027,1,0.025000
1648718991.757505718,11,0.099000
1648718991.778699441,0,0.000000
1648718991.801594717,0,0.000000
1648718991.824136431,7,0.071000
1648718991.847119290,0,0.000000
1648718991.868780138,2,0.005000
1648718991.891046229,4,0.049000
1648718991.914440369,0,0.011000
1648718991.936143333,1,0.000000
1648718991.958830036,6,0.059000
1648718991.981849985,0,0.000000
1648718992.006110304,0,0.000000
1648718992.028110228,1,0.000000
1648718992.049438784,0,0.001000
1648718992.072551995,3,0.073000
1648718992.095947323,5,0.028000
1648718992.118953937,0,0.000000
1648718992.140435830,1,0.026000
1648718992.163723031,1,0.010000
1648718992.184837171,0,0.000000
1648718992.208531565,0,0.000000
1648718992.230787322,10,0.119000
1648718992.253622920,2,0.005000
1648718992.275409652,0,0.000000
1648718992.299371488,1,0.008000
1648718992.323266891,6,0.074000
1648718992.346407945,0,0.000000
1648718992.367754664,0,0.000000
1648718992.390231159,2,0.013000
1648718992.412756564,1,0.017000
1648718992.433264931,1,0.015000
1648718992.455328847,0,0.000000
1648718992.478981325,2,0.025000
1648718992.501241559,4,0.037000
1648718992.525016792,0,0.000000
1648718992.547349034,9,0.103000
1648718992.568767562,0,0.000000
1648718992.590026790,2,0.024000
1648718992.613009325,11,0.160000
1648718992.636164791,0,0.037000
1648718992.659049411,0,0.000000
1648718992.681727851,5,0.084000
1648718992.704171390,0,0.017000
1648718992.725228628,0,0.000000
1648718992.747251394,4,0.040000
1648718992.770486548,0,0.000000
1648718992.791980447,8,0.143000
1648718992.815835231,10,0.128000
1648718992.838549667,8,0.098000
1648718992.860791749,0,0.014000
1648718992.884176955,0,0.000000
1648718992.906773524,6,0.114000
1648718992.928741891,3,0.037000
1648718992.952599602,0,0.008000
1648718992.975509070,0,0.000000
1648718992.996819401,4,0.041000
1648718993.019127529,1,0.045000
1648718993.042364885,2,0.007000
1648718993.065444798,0,0.000000
1648718993.087937388,1,0.004000
1648718993.111349536,5,0.026000
1648718993.135581428,5,0.039000
1648718993.159792543,0,0.000000
1648718993.182835212,9,0.104000
1648718993.205656072,0,0.000000
1648718993.228018733,0,0.000000
1648718993.249724160,7,0.046000
1648718993.270460914,0,0.000000
1648718993.292500487,1,0.012000
1648718993.314957465,3,0.031000
1648718993.337544802,1,0.038000
1648718993.360276865,0,0.008000
1648718993.382379853,11,0.121000
1648718993.404050119,0,0.025000
1648718993.425824668,5,0.088000
1648718993.446940435,1,0.010000
1648718993.470296501,0,0.000000
1648718993.492701985,6,0.137000
1648718993.516566295,0,0.017000
1648718993.538969964,0,0.004000
1648718993.561810876,16,0.156000
1648718993.585570167,0,0.004000
1648718993.609839170,0,0.000000
1648718993.631323498,11,0.159000
1648718993.654153448,0,0.000000
1648718993.676655355,0,0.000000
1648718993.699064892,6,0.058000
1648718993.721862902,0,0.000000
1648718993.745204821,1,0.001000
1648718993.767479826,8,0.093000
1648718993.791428708,0,0.000000
1648718993.813479975,0,0.000000
1648718993.835723143,5,0.049000
1648718993.858025812,0,0.000000
1648718993.880669253,0,0.017000
1648718993.903008153,1,0.035000
1648718993.925876866,0,0.000000
1648718993.949281532,0,0.000000
1648718993.972166358,10,0.127000
1648718993.994916474,3,0.027000
1648718994.017063872,0,0.014000
1648718994.039451747,4,0.051000
1648718994.060990325,2,0.016000
1648718994.083534498,0,0.002000
1648718994.106046504,15,0.146000
1648718994.128787694,6,0.056000
1648718994.152987122,4,0.034000
1648718994.175851775,0,0.000000
1648718994.198843983,15,0.175000
1648718994.222384106,6,0.058000
1648718994.245750271,0,0.011000
1648718994.268263966,7,0.137000
1648718994.290665052,0,0.017000
1648718994.312940214,1,0.000000
1648718994.335771069,8,0.105000
1648718994.357825219,0,0.000000
1648718994.380744084,0,0.031000
1648718994.403661230,3,0.074000
1648718994.426652715,1,0.003000
1648718994.448357995,6,0.066000
1648718994.470413124,6,0.043000
1648718994.493970698,0,0.000000
1648718994.516252331,1,0.019000
1648718994.539424038,5,0.039000
1648718994.561340290,0,0.000000
1648718994.584468994,8,0.103000
1648718994.604433866,2,0.005000
1648718994.627858398,0,0.018000
1648718994.650291645,6,0.076000
1648718994.670586388,0,0.011000
1648718994.693236019,0,0.000000
1648718994.716407986,7,0.052000
1648718994.739170027,1,0.006000
1648718994.760466365,0,0.000000
1648718994.782947858,4,0.083000
1648718994.806214801,0,0.000000
1648718994.827391956,0,0.000000
1648718994.850250123,6,0.060000
1648718994.872508762,0,0.000000
1648718994.895332121,0,0.008000
1648718994.917004196,4,0.089000
1648718994.940240791,4,0.025000
1648718994.962318166,0,0.005000
1648718994.985000961,9,0.106000
1648718995.007395866,5,0.062000
1648718995.030937265,0,0.000000
1648718995.052616694,10,0.086000
1648718995.076056304,1,0.027000
1648718995.097759513,2,0.010000
1648718995.121425898,10,0.149000
1648718995.143587550,1,0.000000
1648718995.164744764,0,0.000000
1648718995.188147692,0,0.000000
1648718995.210408630,0,0.000000
1648718995.231707135,0,0.001000
1648718995.253244584,10,0.108000
1648718995.275656666,0,0.003000
1648718995.298981769,0,0.005000
1648718995.319722684,7,0.058000
1648718995.340953239,0,0.000000
1648718995.365432811,0,0.003000
1648718995.389102170,7,0.084000
1648718995.410108272,2,0.028000
1648718995.431956728,0,0.001000
1648718995.454430168,0,0.000000
1648718995.475786488,1,0.005000
1648718995.498419647,0,0.000000
1648718995.519861912,2,0.032000
1648718995.541903475,0,0.000000
1648718995.564449855,9,0.081000
1648718995.586419907,3,0.008000
1648718995.608877049,7,0.072000
1648718995.630456125,0,0.000000
1648718995.652853562,0,0.000000
1648718995.673851411,2,0.007000
1648718995.695043901,0,0.003000
1648718995.718170432,2,0.000000
1648718995.741089660,11,0.148000
1648718995.764877521,1,0.009000
1648718995.788251374,0,0.012000
1648718995.810569438,6,0.084000
1648718995.831590346,1,0.019000
1648718995.854602729,0,0.001000
1648718995.877195793,6,0.165000
1648718995.900547887,0,0.017000
1648718995.924266710,0,0.000000
1648718995.948372438,0,0.000000
1648718995.970149432,0,0.019000
1648718995.990101895,0,0.010000
1648718996.013856524,6,0.076000
1648718996.035329822,1,0.003000
1648718996.058835976,0,0.000000
1648718996.082850515,13,0.140000
1648718996.105983743,0,0.000000
1648718996.129348796,0,0.000000
1648718996.152117001,0,0.020000
1648718996.175823376,5,0.050000
1648718996.199306070,0,0.000000
1648718996.222965692,0,0.001000
1648718996.245265391,8,0.056000
1648718996.267486613,0,0.010000
1648718996.289494245,5,0.054000
1648718996.311207391,1,0.016000
1648718996.334318267,1,0.030000
1648718996.358072808,1,0.032000
1648718996.380134134,6,0.077000
1648718996.403304112,0,0.000000
1648718996.427083175,0,0.020000
1648718996.449199261,7,0.075000
1648718996.473051547,1,0.019000
1648718996.494558057,0,0.000000
1648718996.516829385,15,0.182000
1648718996.540056951,4,0.022000
1648718996.562937373,1,0.001000
1648718996.585393259,5,0.077000
1648718996.607357561,5,0.074000
1648718996.629757981,0,0.006000
1648718996.652275166,0,0.000000
1648718996.676156622,2,0.007000
1648718996.697843377,0,0.000000
1648718996.717871376,4,0.059000
1648718996.740339403,0,0.006000
1648718996.764241572,0,0.006000
1648718996.785721553,5,0.050000
1648718996.808489669,0,0.000000
1648718996.830687276,13,0.153000
1648718996.852381648,0,0.000000
1648718996.875410046,2,0.005000
1648718996.899066919,8,0.078000
1648718996.920025242,0,0.012000
1648718996.941340787,1,0.005000
1648718996.962719164,6,0.067000
1648718996.984785398,0,0.000000
1648718997.005384535,1,0.009000
1648718997.028978888,9,0.080000
1648718997.051508946,0,0.000000
1648718997.071829894,3,0.036000
1648718997.096148751,1,0.018000
1648718997.118638861,1,0.000000
1648718997.141395413,0,0.000000
1648718997.164243638,10,0.114000
1648718997.189106430,2,0.000000
1648718997.210174595,1,0.012000
1648718997.233312376,9,0.121000
1648718997.257009481,0,0.002000
1648718997.280198554,1,0.004000
1648718997.301701914,1,0.008000
1648718997.323772924,3,0.065000
1648718997.345787328,0,0.001000
1648718997.366753688,2,0.001000
1648718997.389912963,14,0.126000
1648718997.412679964,2,0.019000
1648718997.437215535,0,0.000000
1648718997.459105540,0,0.019000
1648718997.482009597,0,0.000000
1648718997.501477855,0,0.000000
1648718997.523499261,10,0.122000
1648718997.546758186,0,0.000000
1648718997.568700099,0,0.000000
1648718997.591854745,0,0.024000
1648718997.613735230,0,0.030000
1648718997.636987123,0,0.006000
1648718997.659070014,6,0.055000
1648718997.680530264,0,0.015000
1648718997.700717598,0,0.000000
1648718997.723105526,1,0.020000
1648718997.744751159,6,0.081000
1648718997.766571226,1,0.011000
1648718997.789149657,0,0.013000
1648718997.810635150,8,0.085000
1648718997.831807639,4,0.058000
1648718997.856099468,0,0.004000
1648718997.878309090,2,0.008000
1648718997.900876111,9,0.115000
1648718997.924889557,0,0.000000
1648718997.947863630,0,0.000000
1648718997.971218621,12,0.141000
1648718997.992348611,1,0.013000
1648718998.013781667,0,0.000000
1648718998.036347177,0,0.003000
1648718998.058819747,0,0.008000
1648718998.081037392,2,0.023000
1648718998.105298590,0,0.000000
1648718998.126266639,5,0.041000
1648718998.148786541,0,0.007000
1648718998.172758870,2,0.018000
1648718998.196106256,7,0.070000
1648718998.219361168,0,0.005000
1648718998.242837296,1,0.000000
1648718998.264943103,6,0.060000
1648718998.287316652,0,0.004000
1648718998.308804873,0,0.000000
1648718998.331683229,5,0.047000
1648718998.355007455,1,0.016000
1648718998.377182126,1,0.023000
1648718998.400336293,9,0.102000
1648718998.421192600,1,0.020000
1648718998.444267961,0,0.000000
1648718998.467561646,0,0.000000
1648718998.489904575,2,0.016000
1648718998.510458765,0,0.007000
1648718998.532595188,7,0.070000
1648718998.555733026,0,0.000000
1648718998.577171517,14,0.155000
1648718998.600663248,0,0.009000
1648718998.624058959,2,0.023000
1648718998.647549192,5,0.070000
1648718998.670496302,10,0.096000
1648718998.694265017,1,0.008000
1648718998.716855524,0,0.000000
1648718998.740160180,12,0.135000
1648718998.762428654,0,0.003000
1648718998.785413900,0,0.000000
1648718998.810279460,3,0.042000
1648718998.830430342,0,0.001000
1648718998.852491725,0,0.003000
1648718998.877013312,5,0.074000
1648718998.898669484,1,0.041000
1648718998.922166808,0,0.000000
1648718998.942832790,10,0.124000
1648718998.964679878,2,0.027000
1648718998.989597646,1,0.009000
1648718999.012351344,8,0.095000
1648718999.032040060,0,0.005000
1648718999.055394617,0,0.000000
1648718999.076559928,7,0.069000
1648718999.099923306,4,0.025000
1648718999.123450001,1,0.002000
1648718999.147080821,3,0.013000
1648718999.171775564,1,0.000000
1648718999.194488364,0,0.004000
1648718999.217980346,0,0.000000
1648718999.241098804,6,0.073000
1648718999.264233120,0,0.000000
1648718999.286385025,9,0.066000
1648718999.308655338,0,0.000000
1648718999.331563146,0,0.008000
1648718999.355682187,4,0.039000
1648718999.378436322,0,0.021000
1648718999.401149016,1,0.023000
1648718999.422911270,0,0.000000
1648718999.444698163,0,0.000000
1648718999.468564749,15,0.184000
1648718999.491818104,2,0.008000
1648718999.515083532,0,0.000000
1648718999.537029781,11,0.115000
1648718999.559363042,1,0.024000
1648718999.583123306,1,0.011000
1648718999.606866057,1,0.003000
1648718999.630122369,6,0.046000
1648718999.650116072,0,0.000000
1648718999.672677432,7,0.082000
1648718999.695591671,1,0.011000
1648718999.719024609,1,0.004000
1648718999.740769739,13,0.139000
1648718999.763547632,0,0.006000
1648718999.784392289,2,0.003000
1648718999.806873452,1,0.024000
1648718999.829425077,0,0.000000
1648718999.850925897,9,0.100000
1648718999.871988082,0,0.008000
1648718999.894433657,0,0.004000
1648718999.917855905,0,0.003000
1648718999.940580477,0,0.000000
1648718999.962547803,4,0.034000
1648718999.985426644,0,0.000000
1648719000.006807901,0,0.001000
