1648716858.139111423,4,0.038000
1648716858.160149295,8,0.088000
1648716858.181628464,0,0.000000
1648716858.205115644,0,0.000000
1648716858.226974963,0,0.000000
1648716858.248887733,2,0.019000
1648716858.270346069,0,0.009000
1648716858.292897915,0,0.000000
1648716858.314401944,0,0.000000
1648716858.337335558,3,0.021000
1648716858.359366367,8,0.076000
1648716858.380651135,5,0.067000
1648716858.400644827,0,0.012000
1648716858.421664017,0,0.001000
1648716858.444322578,1,0.005000
1648716858.464921955,0,0.003000
1648716858.484575901,1,0.002000
1648716858.506410528,0,0.000000
1648716858.528613046,0,0.005000
1648716858.553482142,0,0.000000
1648716858.575568938,0,0.000000
1648716858.596257210,1,0.009000
1648716858.617499295,2,0.009000
1648716858.638017460,5,0.062000
1648716858.660776256,0,0.004000
1648716858.682166225,0,0.000000
1648716858.704463855,0,0.000000
1648716858.727330577,0,0.000000
1648716858.749799780,0,0.001000
1648716858.771554533,0,0.009000
1648716858.792445671,0,0.000000
1648716858.814903303,0,0.006000
1648716858.839249216,0,0.004000
1648716858.859690562,0,0.000000
1648716858.878762045,0,0.000000
1648716858.897980411,0,0.000000
1648716858.919902372,0,0.000000
1648716858.940787259,2,0.001000
1648716858.962857507,3,0.046000
1648716858.986242764,6,0.068000
1648716859.008840603,0,0.013000
1648716859.032626125,2,0.000000
1648716859.054187435,0,0.000000
1648716859.077526011,0,0.006000
1648716859.100320834,0,0.000000
1648716859.120662837,5,0.036000
1648716859.143038529,0,0.000000
1648716859.167218095,2,0.023000
1648716859.190741757,7,0.082000
1648716859.211489398,3,0.059000
1648716859.235454284,0,0.008000
1648716859.257018423,1,0.007000
1648716859.278805565,3,0.024000
1648716859.298911017,0,0.000000
1648716859.320387322,0,0.014000
1648716859.344027659,0,0.000000
1648716859.365973505,0,0.000000
1648716859.388045868,0,0.004000
1648716859.408160544,0,0.008000
1648716859.430150894,0,0.012000
1648716859.451238453,1,0.007000
1648716859.472901673,5,0.060000
1648716859.492777246,0,0.000000
1648716859.512874600,1,0.011000
1648716859.534956289,2,0.017000
1648716859.556014107,0,0.000000
1648716859.578047272,0,0.000000
1648716859.599963455,0,0.000000
1648716859.621841370,0,0.000000
1648716859.642256968,0,0.018000
1648716859.662111375,1,0.007000
1648716859.683536450,4,0.042000
1648716859.704565439,0,0.004000
1648716859.729179806,0,0.000000
1648716859.749438786,0,0.000000
1648716859.769390895,0,0.000000
1648716859.791683071,2,0.002000
1648716859.811564982,0,0.000000
1648716859.833700315,0,0.000000
1648716859.856019141,0,0.000000
1648716859.877102533,0,0.001000
1648716859.899706054,0,0.000000
1648716859.922175675,0,0.000000
1648716859.943893358,0,0.000000
1648716859.964870380,1,0.020000
1648716859.985500563,1,0.088000
1648716860.008151441,0,0.000000
1648716860.030164557,0,0.000000
1648716860.051315079,2,0.001000
1648716860.073948326,3,0.047000
1648716860.094555347,3,0.043000
1648716860.114503594,1,0.029000
1648716860.134128831,0,0.000000
1648716860.154109918,0,0.000000
1648716860.173751017,0,0.000000
1648716860.195119568,0,0.000000
1648716860.216612761,0,0.000000
1648716860.238978214,2,0.023000
1648716860.260408861,3,0.070000
1648716860.282235240,0,0.004000
1648716860.302565463,1,0.000000
1648716860.322595778,0,0.007000
1648716860.344444739,1,0.011000
1648716860.365113110,2,0.024000
1648716860.384368099,1,0.000000
1648716860.405208761,0,0.000000
1648716860.426810968,0,0.000000
1648716860.447458731,1,0.000000
1648716860.468219458,0,0.001000
1648716860.491220707,2,0.022000
1648716860.513862274,0,0.001000
1648716860.534312053,3,0.039000
1648716860.556427724,6,0.080000
1648716860.577361770,0,0.006000
1648716860.598809758,0,0.000000
1648716860.622243009,5,0.056000
1648716860.643378171,1,0.034000
1648716860.664488662,4,0.056000
1648716860.686835890,0,0.000000
1648716860.707394675,0,0.000000
1648716860.729329194,1,0.001000
1648716860.752544346,0,0.000000
1648716860.775583941,1,0.001000
1648716860.798419076,2,0.016000
1648716860.818252456,1,0.004000
1648716860.839469582,0,0.000000
1648716860.861304813,0,0.000000
1648716860.883955525,7,0.080000
1648716860.906248723,2,0.011000
1648716860.929224231,0,0.017000
1648716860.950281370,0,0.000000
1648716860.973063397,0,0.000000
1648716860.995381532,0,0.005000
1648716861.018063609,1,0.010000
1648716861.040432160,1,0.000000
1648716861.061777677,0,0.002000
1648716861.083857899,0,0.000000
1648716861.105160348,1,0.000000
1648716861.125268631,0,0.019000
1648716861.149106297,0,0.000000
1648716861.172187520,0,0.000000
1648716861.195591679,4,0.039000
1648716861.217972968,1,0.001000
1648716861.239569025,0,0.000000
1648716861.261630669,0,0.000000
1648716861.282457870,1,0.000000
1648716861.303888265,1,0.020000
1648716861.325245897,0,0.000000
1648716861.346370683,0,0.005000
1648716861.368339180,0,0.000000
1648716861.388824139,0,0.000000
1648716861.410351679,3,0.023000
1648716861.430013947,0,0.017000
1648716861.450056554,0,0.000000
1648716861.472559672,0,0.001000
1648716861.493394269,0,0.004000
1648716861.516683489,0,0.000000
1648716861.540402298,1,0.004000
1648716861.563403228,0,0.000000
1648716861.586913751,0,0.007000
1648716861.610095056,3,0.044000
1648716861.633443459,1,0.000000
1648716861.655840013,0,0.007000
1648716861.676294297,0,0.001000
1648716861.698169439,0,0.000000
1648716861.718596820,0,0.004000
1648716861.737663992,0,0.000000
1648716861.757968885,0,0.000000
1648716861.779150517,1,0.001000
1648716861.800690058,4,0.028000
1648716861.821076365,0,0.010000
1648716861.843360296,0,0.000000
1648716861.863900345,2,0.024000
1648716861.886604859,4,0.030000
1648716861.908935806,0,0.000000
1648716861.930768734,0,0.000000
1648716861.951440146,2,0.000000
1648716861.974182477,0,0.000000
1648716861.993179932,1,0.028000
1648716862.012892076,0,0.000000
1648716862.034094390,0,0.000000
1648716862.054830364,0,0.000000
1648716862.075908442,0,0.006000
1648716862.096366172,3,0.038000
1648716862.115393532,0,0.000000
1648716862.136848910,3,0.048000
1648716862.158992950,0,0.001000
1648716862.179644749,0,0.000000
1648716862.200282719,0,0.000000
1648716862.221617026,3,0.031000
1648716862.245209013,1,0.005000
1648716862.264685363,0,0.000000
1648716862.287011551,0,0.000000
1648716862.306420688,0,0.000000
1648716862.328702285,0,0.000000
1648716862.350055880,0,0.000000
1648716862.370115303,0,0.000000
1648716862.392087421,0,0.000000
1648716862.413313324,0,0.006000
1648716862.434653141,0,0.000000
1648716862.454279305,0,0.005000
1648716862.474202255,0,0.001000
1648716862.495251580,0,0.000000
1648716862.514411658,1,0.000000
1648716862.535336317,2,0.015000
1648716862.557328825,1,0.001000
1648716862.578664612,6,0.046000
1648716862.600016287,2,0.028000
1648716862.621941492,8,0.068000
1648716862.642697115,0,0.007000
1648716862.661952627,0,0.006000
1648716862.683678810,0,0.005000
1648716862.703648113,2,0.014000
1648716862.724498608,1,0.010000
1648716862.747039855,1,0.000000
1648716862.771085680,1,0.020000
1648716862.793255171,0,0.000000
1648716862.814607781,0,0.006000
1648716862.833958959,1,0.001000
1648716862.856829863,0,0.001000
1648716862.878792969,0,0.000000
1648716862.903573612,2,0.032000
1648716862.925321621,0,0.000000
1648716862.947080029,3,0.014000
1648716862.968086332,0,0.000000
1648716862.989821523,0,0.000000
1648716863.009782524,0,0.000000
1648716863.030988781,2,0.010000
1648716863.054066464,0,0.000000
1648716863.076013557,0,0.017000
1648716863.097519847,2,0.002000
1648716863.118158502,0,0.000000
1648716863.138674246,0,0.000000
1648716863.160507880,0,0.004000
1648716863.182260402,1,0.007000
1648716863.201138629,0,0.000000
1648716863.221335933,0,0.000000
1648716863.242564943,1,0.035000
1648716863.261840045,0,0.004000
1648716863.284774689,0,0.000000
1648716863.306643015,0,0.000000
1648716863.327554009,1,0.016000
1648716863.347780765,0,0.016000
1648716863.369035110,0,0.002000
1648716863.389627730,0,0.000000
1648716863.408907670,3,0.020000
1648716863.428917934,0,0.010000
1648716863.449998045,0,0.000000
1648716863.470753115,0,0.001000
1648716863.491598731,0,0.000000
1648716863.512909661,0,0.000000
1648716863.534808500,0,0.000000
1648716863.555852893,0,0.000000
1648716863.577884690,3,0.033000
1648716863.597541468,0,0.011000
1648716863.620591581,6,0.075000
1648716863.642431880,1,0.000000
1648716863.665816399,1,0.014000
1648716863.687051225,4,0.030000
1648716863.706640568,0,0.008000
1648716863.729098973,5,0.026000
1648716863.750324546,1,0.000000
1648716863.772581050,3,0.034000
1648716863.795070037,1,0.007000
1648716863.815843420,0,0.015000
1648716863.837854347,0,0.008000
1648716863.857693866,0,0.000000
1648716863.880691140,3,0.034000
1648716863.901596725,0,0.000000
1648716863.922357468,7,0.078000
1648716863.944108924,0,0.004000
1648716863.967671557,1,0.015000
1648716863.990614832,1,0.033000
1648716864.012804394,0,0.000000
1648716864.033595205,0,0.000000
1648716864.055752744,0,0.007000
1648716864.076998454,1,0.008000
1648716864.096969227,0,0.001000
1648716864.118437546,0,0.000000
1648716864.141853520,0,0.007000
1648716864.163292586,0,0.001000
1648716864.185269761,3,0.040000
1648716864.207695719,3,0.039000
1648716864.229013784,1,0.042000
1648716864.248489960,3,0.028000
1648716864.270119269,0,0.010000
1648716864.290195844,0,0.000000
1648716864.311033155,1,0.000000
1648716864.332535199,3,0.024000
1648716864.352375815,3,0.036000
1648716864.373747507,1,0.021000
1648716864.394902481,4,0.054000
1648716864.415335935,0,0.007000
1648716864.436256083,0,0.006000
1648716864.458643679,0,0.000000
1648716864.480137435,0,0.000000
1648716864.502952389,0,0.011000
1648716864.523707346,5,0.044000
1648716864.546019551,0,0.010000
1648716864.568151923,0,0.000000
1648716864.588404585,0,0.020000
1648716864.606488544,0,0.008000
1648716864.628667862,5,0.056000
1648716864.650145776,0,0.013000
1648716864.671553158,0,0.000000
1648716864.692047210,0,0.000000
1648716864.714975902,0,0.000000
1648716864.735758116,2,0.028000
1648716864.756028110,5,0.059000
1648716864.778082158,7,0.076000
1648716864.799816389,1,0.005000
1648716864.821575353,0,0.000000
1648716864.841697783,0,0.000000
1648716864.863923974,0,0.005000
1648716864.884736847,0,0.000000
1648716864.906318125,0,0.000000
1648716864.927729684,4,0.045000
1648716864.946471007,2,0.010000
1648716864.969156509,3,0.025000
1648716864.993376867,0,0.000000
1648716865.015981065,0,0.006000
1648716865.037532758,0,0.000000
1648716865.058809966,1,0.013000
1648716865.080405655,2,0.037000
1648716865.102593110,1,0.009000
1648716865.123222792,0,0.008000
1648716865.145011627,1,0.023000
1648716865.166787810,3,0.031000
1648716865.188054059,2,0.014000
1648716865.208478772,0,0.000000
1648716865.228266875,0,0.007000
1648716865.248385533,2,0.026000
1648716865.271311661,3,0.031000
1648716865.291811976,4,0.071000
1648716865.311423516,1,0.017000
1648716865.332008021,1,0.003000
1648716865.353640416,1,0.013000
1648716865.374867525,0,0.018000
1648716865.396990233,3,0.032000
1648716865.419840043,0,0.000000
1648716865.441137297,0,0.001000
1648716865.465224113,0,0.000000
1648716865.487201740,1,0.013000
1648716865.507142637,1,0.016000
1648716865.528961771,7,0.073000
1648716865.551594253,6,0.062000
1648716865.571746837,1,0.001000
1648716865.593211830,0,0.006000
1648716865.614712153,0,0.004000
1648716865.635790281,3,0.054000
1648716865.656765914,0,0.006000
1648716865.678597344,0,0.001000
1648716865.700705695,0,0.000000
1648716865.722849025,2,0.025000
1648716865.743483973,0,0.000000
1648716865.764029340,1,0.013000
1648716865.785831209,0,0.000000
1648716865.808597920,0,0.005000
1648716865.828679462,0,0.000000
1648716865.848143776,1,0.000000
1648716865.869721941,1,0.001000
1648716865.891713292,0,0.014000
1648716865.912958789,0,0.000000
1648716865.933946599,0,0.000000
1648716865.954996783,0,0.000000
1648716865.977441433,1,0.000000
1648716865.998009033,0,0.001000
1648716866.020684792,0,0.010000
1648716866.043070745,0,0.000000
1648716866.064318226,3,0.076000
1648716866.087590304,0,0.000000
1648716866.107305165,1,0.006000
1648716866.128331815,0,0.000000
1648716866.149217459,1,0.015000
1648716866.170392733,0,0.001000
1648716866.190778973,0,0.000000
1648716866.209560359,0,0.000000
1648716866.230247373,0,0.005000
1648716866.251611312,0,0.000000
1648716866.272613655,0,0.000000
1648716866.292799405,0,0.000000
1648716866.314709158,0,0.000000
1648716866.334114687,1,0.008000
1648716866.355555130,1,0.012000
1648716866.376547635,0,0.000000
1648716866.398924432,0,0.008000
1648716866.419080864,0,0.000000
1648716866.440426638,1,0.024000
1648716866.461950430,2,0.043000
1648716866.484322920,0,0.000000
1648716866.505887056,0,0.000000
1648716866.527186902,0,0.008000
1648716866.549912601,1,0.009000
1648716866.573040374,1,0.022000
1648716866.595264999,0,0.000000
1648716866.617072090,3,0.031000
1648716866.639646718,1,0.013000
1648716866.660944148,0,0.000000
1648716866.682321350,0,0.000000
1648716866.705508966,0,0.000000
1648716866.727656776,0,0.000000
1648716866.748974736,0,0.000000
1648716866.769775141,2,0.023000
1648716866.790055541,0,0.000000
1648716866.810940334,0,0.000000
1648716866.832803077,4,0.043000
1648716866.853848047,4,0.048000
1648716866.875313153,0,0.014000
1648716866.894727315,1,0.009000
1648716866.916558573,5,0.059000
1648716866.937724419,5,0.054000
1648716866.959060451,3,0.047000
1648716866.981376159,1,0.011000
1648716867.002827402,0,0.000000
1648716867.026117418,0,0.000000
1648716867.046265641,1,0.004000
1648716867.067193145,1,0.000000
1648716867.089579916,5,0.080000
1648716867.111755206,0,0.000000
1648716867.131301869,7,0.071000
1648716867.150648038,3,0.031000
1648716867.171447694,3,0.035000
1648716867.193833539,1,0.019000
1648716867.216798155,0,0.000000
1648716867.239798177,2,0.009000
1648716867.261948886,1,0.006000
1648716867.284135678,0,0.000000
1648716867.306129300,0,0.000000
1648716867.328086095,0,0.000000
1648716867.350645180,0,0.000000
1648716867.373473402,4,0.061000
1648716867.395433504,0,0.001000
1648716867.416272533,0,0.000000
1648716867.437888423,0,0.000000
1648716867.458903051,3,0.034000
1648716867.480474717,0,0.017000
1648716867.501453524,1,0.000000
1648716867.523556752,1,0.000000
1648716867.544555730,0,0.000000
1648716867.567133960,0,0.000000
1648716867.589472628,0,0.000000
1648716867.610887560,0,0.001000
1648716867.634696841,0,0.000000
1648716867.652701176,2,0.012000
1648716867.672951633,4,0.034000
1648716867.693408316,0,0.007000
1648716867.713279149,0,0.000000
1648716867.735678603,0,0.000000
1648716867.756756248,0,0.000000
1648716867.777806133,0,0.000000
1648716867.800274799,1,0.001000
1648716867.820925248,2,0.032000
1648716867.842681250,1,0.010000
1648716867.861955529,0,0.000000
1648716867.882063881,2,0.017000
1648716867.902664998,0,0.000000
1648716867.923747664,0,0.000000
1648716867.945347342,1,0.012000
1648716867.968948640,1,0.001000
1648716867.987923248,0,0.000000
1648716868.008538607,0,0.012000
1648716868.030317889,0,0.000000
1648716868.051388247,2,0.045000
1648716868.071966988,0,0.007000
1648716868.096127691,0,0.000000
1648716868.116852774,1,0.039000
1648716868.139243384,1,0.000000
1648716868.159580399,3,0.042000
1648716868.179098550,2,0.034000
1648716868.199603102,0,0.012000
1648716868.219391968,0,0.000000
1648716868.239804688,0,0.000000
1648716868.262399749,4,0.068000
1648716868.283695109,4,0.045000
1648716868.305374845,0,0.000000
1648716868.328562410,0,0.000000
1648716868.350635189,0,0.001000
1648716868.372927565,3,0.011000
1648716868.394644993,0,0.000000
1648716868.415350304,0,0.000000
1648716868.434302265,2,0.033000
1648716868.455590522,0,0.004000
1648716868.479654441,1,0.010000
1648716868.501489202,0,0.000000
1648716868.522396923,1,0.001000
1648716868.543203085,0,0.000000
1648716868.563980217,0,0.000000
1648716868.585174541,0,0.000000
1648716868.606085814,0,0.000000
1648716868.628026159,0,0.000000
1648716868.649004103,0,0.008000
1648716868.671323489,2,0.017000
1648716868.693357900,1,0.011000
1648716868.715083313,0,0.016000
1648716868.736643048,5,0.056000
1648716868.757371061,1,0.000000
1648716868.781336448,0,0.000000
1648716868.801283713,1,0.013000
1648716868.824972085,3,0.030000
1648716868.845494953,0,0.023000
1648716868.868169888,5,0.047000
1648716868.890856185,0,0.000000
1648716868.912478260,0,0.004000
1648716868.933735230,0,0.000000
1648716868.954352019,0,0.000000
1648716868.977336487,4,0.020000
1648716868.999426256,1,0.007000
1648716869.021850730,0,0.000000
1648716869.045300682,3,0.048000
1648716869.066637152,5,0.049000
1648716869.087859888,0,0.000000
1648716869.108552803,0,0.000000
1648716869.129153692,0,0.000000
1648716869.150406419,0,0.000000
1648716869.172928379,0,0.000000
1648716869.195283644,2,0.022000
1648716869.217494255,1,0.005000
1648716869.237728499,3,0.023000
1648716869.261205844,7,0.091000
1648716869.282703515,4,0.040000
1648716869.302770156,1,0.009000
1648716869.325945186,0,0.000000
1648716869.347749847,0,0.000000
1648716869.369075233,0,0.000000
1648716869.390886408,2,0.029000
1648716869.413597804,0,0.000000
1648716869.435444709,0,0.000000
1648716869.457865638,4,0.043000
1648716869.481395894,2,0.021000
1648716869.501793996,0,0.013000
1648716869.523895856,0,0.011000
1648716869.545846557,0,0.000000
1648716869.566329364,0,0.000000
1648716869.586649899,0,0.000000
1648716869.607432565,0,0.000000
1648716869.628728364,1,0.000000
1648716869.650888952,9,0.094000
1648716869.671404523,1,0.032000
1648716869.693983334,1,0.005000
1648716869.716217455,0,0.000000
1648716869.738697812,2,0.016000
1648716869.763251030,0,0.003000
1648716869.785959176,1,0.000000
1648716869.811715118,0,0.000000
1648716869.834758299,2,0.037000
1648716869.856580961,1,0.007000
1648716869.878252152,1,0.001000
1648716869.901918373,3,0.023000
1648716869.923359319,0,0.000000
1648716869.946848270,0,0.000000
1648716869.968659837,0,0.000000
1648716869.989627031,1,0.031000
1648716870.011473516,2,0.008000
1648716870.032715277,3,0.053000
1648716870.055613070,0,0.000000
1648716870.077325935,0,0.000000
1648716870.099776573,1,0.006000
1648716870.121899013,1,0.005000
1648716870.143459784,0,0.013000
1648716870.165261036,2,0.025000
1648716870.189260157,0,0.022000
1648716870.207778267,0,0.001000
1648716870.229552071,1,0.031000
1648716870.252433899,1,0.000000
1648716870.275193794,0,0.000000
1648716870.297012427,0,0.000000
1648716870.319720214,3,0.022000
1648716870.342082266,0,0.000000
1648716870.364415376,1,0.002000
1648716870.386345261,0,0.000000
1648716870.409019361,0,0.000000
1648716870.428685830,0,0.000000
1648716870.449824501,0,0.011000
1648716870.470441091,0,0.000000
1648716870.493438751,0,0.005000
1648716870.515270519,1,0.013000
1648716870.538422782,1,0.016000
1648716870.561046914,3,0.042000
1648716870.581036447,0,0.000000
1648716870.601317596,0,0.000000
1648716870.622718912,0,0.001000
1648716870.644878191,2,0.001000
1648716870.666931269,0,0.000000
1648716870.686758484,1,0.001000
1648716870.707892472,0,0.009000
1648716870.727772579,0,0.001000
1648716870.749451312,1,0.006000
1648716870.771989852,1,0.001000
1648716870.793288834,0,0.000000
1648716870.813741023,3,0.038000
1648716870.836271802,1,0.000000
1648716870.856994173,2,0.022000
1648716870.878161890,1,0.016000
1648716870.899852149,0,0.001000
1648716870.923932928,1,0.000000
1648716870.944687725,0,0.015000
1648716870.965283414,0,0.000000
1648716870.985914389,0,0.009000
1648716871.009646765,0,0.000000
1648716871.031614393,1,0.013000
1648716871.051419627,1,0.073000
1648716871.072740863,0,0.001000
1648716871.094597873,0,0.000000
1648716871.117150983,0,0.009000
1648716871.142042950,6,0.091000
1648716871.163870662,2,0.011000
1648716871.186412719,1,0.005000
1648716871.207469575,0,0.000000
1648716871.230802559,1,0.000000
1648716871.252683079,0,0.021000
1648716871.273285474,3,0.027000
1648716871.293925171,1,0.027000
1648716871.316742479,1,0.021000
1648716871.340522676,0,0.000000
1648716871.362176536,0,0.000000
1648716871.384722071,1,0.005000
1648716871.407331314,1,0.002000
1648716871.430026680,0,0.000000
1648716871.454074632,2,0.013000
1648716871.476468051,0,0.001000
1648716871.498965331,0,0.000000
1648716871.520801353,0,0.000000
1648716871.542306332,0,0.000000
1648716871.566690916,0,0.006000
1648716871.587918674,5,0.034000
1648716871.610859963,1,0.008000
1648716871.633895839,0,0.006000
1648716871.654738543,2,0.027000
1648716871.676170843,0,0.000000
1648716871.698543970,0,0.008000
1648716871.720966241,1,0.006000
1648716871.741207433,4,0.043000
1648716871.762858159,2,0.047000
1648716871.783877616,0,0.000000
1648716871.806022113,0,0.000000
1648716871.829003011,2,0.018000
1648716871.850858825,0,0.011000
1648716871.872309901,0,0.001000
1648716871.893313360,0,0.000000
1648716871.914015755,1,0.008000
1648716871.934093839,0,0.000000
1648716871.954385744,0,0.003000
1648716871.976848325,0,0.000000
1648716871.998484304,0,0.000000
1648716872.017589097,0,0.000000
1648716872.039566064,0,0.001000
1648716872.060614078,0,0.000000
1648716872.082354496,0,0.000000
1648716872.106281317,0,0.000000
1648716872.127572460,1,0.007000
1648716872.149131976,3,0.014000
1648716872.171237621,0,0.000000
1648716872.193732518,0,0.000000
1648716872.214956269,0,0.000000
1648716872.235926527,0,0.000000
1648716872.257360136,4,0.033000
1648716872.278869093,3,0.045000
1648716872.298598487,0,0.000000
1648716872.320889760,0,0.000000
1648716872.343343009,0,0.000000
1648716872.363055460,0,0.000000
1648716872.388105015,0,0.000000
1648716872.410282532,0,0.000000
1648716872.432279787,0,0.000000
1648716872.456215487,0,0.004000
1648716872.477657597,0,0.000000
1648716872.499815457,1,0.027000
1648716872.521850981,0,0.001000
1648716872.544049605,0,0.000000
1648716872.564406329,0,0.000000
1648716872.585308424,0,0.005000
1648716872.608135523,0,0.000000
1648716872.629668636,0,0.001000
1648716872.649757564,0,0.000000
1648716872.672059020,2,0.037000
1648716872.694394177,2,0.077000
1648716872.716327589,1,0.001000
1648716872.738120847,0,0.000000
1648716872.759819266,1,0.010000
1648716872.780612822,0,0.000000
1648716872.803324817,0,0.000000
1648716872.824238533,0,0.000000
1648716872.847202960,2,0.005000
1648716872.871577234,2,0.038000
1648716872.894611104,2,0.065000
1648716872.917284986,2,0.021000
1648716872.939337770,5,0.105000
1648716872.958848433,2,0.016000
1648716872.979217766,5,0.056000
1648716873.001121548,0,0.000000
1648716873.023928776,0,0.000000
1648716873.045163945,0,0.000000
1648716873.065846931,2,0.029000
1648716873.086907605,0,0.000000
1648716873.108336121,0,0.010000
1648716873.131027142,2,0.018000
1648716873.152001873,2,0.045000
1648716873.173619752,0,0.007000
1648716873.196541230,0,0.000000
1648716873.221816052,0,0.000000
1648716873.243876721,4,0.012000
1648716873.265593959,0,0.000000
1648716873.288313421,0,0.006000
1648716873.311833752,2,0.033000
1648716873.333693076,1,0.020000
1648716873.353815911,5,0.073000
1648716873.374984580,0,0.001000
1648716873.397379151,0,0.006000
1648716873.419972114,2,0.021000
1648716873.441748096,0,0.000000
1648716873.463135244,1,0.017000
1648716873.483752195,0,0.002000
1648716873.506936976,0,0.000000
1648716873.526856839,0,0.000000
1648716873.550478210,3,0.027000
1648716873.573841654,0,0.000000
1648716873.595582091,0,0.005000
1648716873.617152580,1,0.013000
1648716873.638204033,2,0.024000
1648716873.657531066,0,0.003000
1648716873.678805708,0,0.004000
1648716873.698120546,0,0.000000
1648716873.721022694,0,0.002000
1648716873.742737740,4,0.045000
1648716873.762949478,2,0.020000
1648716873.785433003,0,0.003000
1648716873.806001187,0,0.000000
1648716873.827342621,0,0.001000
1648716873.848816273,0,0.000000
1648716873.871473157,0,0.000000
1648716873.892914332,0,0.000000
1648716873.913080035,0,0.011000
1648716873.934886761,0,0.000000
1648716873.957336429,0,0.000000
1648716873.978529932,0,0.005000
1648716874.000426109,0,0.015000
1648716874.021252272,4,0.042000
1648716874.042015948,0,0.008000
1648716874.063141504,4,0.047000
1648716874.085534777,1,0.017000
1648716874.104800628,0,0.000000
1648716874.127636936,0,0.000000
1648716874.146772988,0,0.001000
1648716874.169758121,1,0.013000
1648716874.191108401,0,0.000000
1648716874.211929818,5,0.066000
1648716874.233545924,3,0.028000
1648716874.256498398,0,0.000000
1648716874.278389631,0,0.010000
1648716874.300655408,0,0.000000
1648716874.320629510,0,0.000000
1648716874.344087633,0,0.019000
1648716874.366572867,5,0.063000
1648716874.387811163,3,0.044000
1648716874.411142985,0,0.002000
1648716874.433655451,0,0.007000
1648716874.453950625,1,0.012000
1648716874.475888585,0,0.009000
1648716874.496737939,0,0.000000
1648716874.519228828,0,0.000000
1648716874.541907681,0,0.005000
1648716874.561707293,0,0.000000
1648716874.583073640,0,0.000000
1648716874.603749478,1,0.003000
1648716874.623907493,0,0.000000
1648716874.645530760,5,0.067000
1648716874.666727789,0,0.000000
1648716874.687945085,0,0.008000
1648716874.710024758,0,0.006000
1648716874.730470746,2,0.004000
1648716874.748615745,1,0.000000
1648716874.768462489,2,0.019000
1648716874.788111580,2,0.000000
1648716874.809486232,0,0.000000
1648716874.832504195,0,0.000000
1648716874.852617786,0,0.002000
1648716874.874311236,1,0.022000
1648716874.895773850,5,0.084000
1648716874.916001637,0,0.010000
1648716874.937883565,0,0.004000
1648716874.959187187,2,0.011000
1648716874.982494304,0,0.000000
1648716875.006562472,0,0.000000
1648716875.029599526,0,0.000000
1648716875.052126364,3,0.031000
1648716875.072524867,0,0.015000
1648716875.094758036,0,0.000000
1648716875.116846051,0,0.000000
1648716875.136853262,1,0.001000
1648716875.159158740,2,0.008000
1648716875.178441213,1,0.021000
1648716875.199217649,0,0.009000
1648716875.218615656,0,0.011000
1648716875.239897535,0,0.000000
1648716875.263879074,0,0.000000
1648716875.286649998,1,0.008000
1648716875.305904304,0,0.000000
1648716875.327599147,0,0.000000
1648716875.347124076,0,0.000000
1648716875.370172110,0,0.006000
1648716875.389769720,0,0.000000
1648716875.413320321,0,0.007000
1648716875.434257242,0,0.000000
1648716875.454012177,0,0.000000
1648716875.475287354,0,0.006000
1648716875.497242916,0,0.000000
1648716875.517848585,2,0.024000
1648716875.540053432,2,0.006000
1648716875.559421989,0,0.008000
1648716875.581808873,0,0.001000
1648716875.602602718,0,0.001000
1648716875.626132121,0,0.000000
1648716875.646446885,0,0.000000
1648716875.669897332,0,0.001000
1648716875.691441133,0,0.000000
1648716875.714242536,2,0.012000
1648716875.736190482,5,0.081000
1648716875.757864344,0,0.000000
1648716875.780206115,0,0.014000
1648716875.800210918,0,0.000000
1648716875.822492281,0,0.000000
1648716875.844858050,0,0.000000
1648716875.866006294,0,0.005000
1648716875.884971463,2,0.025000
1648716875.905397848,0,0.000000
1648716875.926796978,0,0.000000
1648716875.948337828,0,0.000000
1648716875.970903011,0,0.000000
1648716875.993938200,0,0.000000
1648716876.015349763,1,0.018000
1648716876.035840320,1,0.016000
1648716876.057738735,0,0.000000
1648716876.077463213,0,0.000000
1648716876.099600564,0,0.000000
1648716876.120626787,0,0.000000
1648716876.143156319,0,0.012000
1648716876.164719431,0,0.008000
1648716876.186207213,1,0.014000
1648716876.205476213,3,0.036000
1648716876.228398779,2,0.047000
1648716876.250606532,3,0.036000
1648716876.271369066,2,0.038000
1648716876.292608649,1,0.017000
1648716876.314183450,0,0.000000
1648716876.336420101,0,0.000000
1648716876.358155956,0,0.006000
1648716876.377753232,0,0.007000
1648716876.398864385,0,0.001000
1648716876.419715544,1,0.032000
1648716876.440859038,6,0.081000
1648716876.461251619,0,0.000000
1648716876.482405141,0,0.000000
1648716876.505120322,5,0.058000
1648716876.529564649,5,0.090000
1648716876.551058404,1,0.026000
1648716876.571491247,1,0.007000
1648716876.592531497,4,0.050000
1648716876.614348540,0,0.000000
1648716876.636343251,1,0.024000
1648716876.658211741,2,0.014000
1648716876.680550583,0,0.000000
1648716876.703155580,0,0.011000
1648716876.722969102,0,0.000000
1648716876.744930340,0,0.000000
1648716876.767332490,1,0.010000
1648716876.788532400,1,0.004000
1648716876.810597190,1,0.013000
1648716876.829580342,7,0.076000
1648716876.850150116,0,0.000000
1648716876.870916811,0,0.000000
1648716876.892431615,0,0.000000
1648716876.913346773,0,0.007000
1648716876.935441194,0,0.000000
1648716876.958216192,5,0.047000
1648716876.980670332,0,0.011000
1648716877.004473771,2,0.011000
1648716877.026385882,1,0.029000
1648716877.047355912,0,0.000000
1648716877.068566166,0,0.001000
1648716877.090827724,0,0.000000
1648716877.108655184,2,0.005000
1648716877.131098650,1,0.000000
1648716877.152356316,2,0.010000
1648716877.173679972,3,0.024000
1648716877.195332771,1,0.015000
1648716877.216016547,1,0.018000
1648716877.239005735,0,0.001000
1648716877.261944058,0,0.000000
1648716877.284024035,0,0.001000
1648716877.305923646,1,0.017000
1648716877.328297141,0,0.000000
1648716877.351118520,0,0.006000
1648716877.373040857,0,0.000000
1648716877.393477670,1,0.000000
1648716877.412919742,0,0.001000
1648716877.433476928,0,0.000000
1648716877.455479468,0,0.000000
1648716877.476002188,2,0.004000
1648716877.498445647,0,0.010000
1648716877.521096693,1,0.011000
1648716877.543316289,0,0.000000
1648716877.564915715,0,0.000000
1648716877.587463096,0,0.008000
1648716877.607166511,7,0.087000
1648716877.628115170,0,0.006000
1648716877.649305392,0,0.000000
1648716877.673131629,0,0.002000
1648716877.694928567,0,0.005000
1648716877.715498807,4,0.024000
1648716877.735954415,0,0.000000
1648716877.757324707,0,0.000000
1648716877.777253765,0,0.005000
1648716877.798940051,0,0.000000
1648716877.820724357,0,0.000000
1648716877.841496502,2,0.008000
1648716877.865767681,7,0.079000
1648716877.888973982,0,0.001000
1648716877.909495057,0,0.000000
1648716877.928604673,0,0.000000
1648716877.948100585,0,0.000000
1648716877.967452897,3,0.030000
1648716877.989463682,0,0.000000
1648716878.012782202,0,0.000000
1648716878.033643837,0,0.001000
1648716878.054152196,1,0.007000
1648716878.077359655,0,0.007000
1648716878.097632074,0,0.000000
1648716878.120153984,2,0.009000
1648716878.140661830,0,0.000000
1648716878.162851117,6,0.096000
1648716878.182479176,0,0.000000
1648716878.204319498,0,0.000000
1648716878.226198723,1,0.010000
1648716878.246950743,0,0.006000
1648716878.266571208,0,0.010000
1648716878.289599855,0,0.000000
1648716878.310823790,0,0.000000
1648716878.330809379,4,0.047000
1648716878.352130770,0,0.000000
1648716878.372816276,0,0.000000
1648716878.395348554,1,0.010000
1648716878.416436610,0,0.000000
1648716878.438870790,0,0.000000
1648716878.461239056,0,0.000000
1648716878.483003157,0,0.000000
1648716878.503768403,0,0.017000
1648716878.524033783,0,0.013000
1648716878.546265973,2,0.023000
1648716878.567495386,0,0.000000
1648716878.590411838,0,0.000000
1648716878.609745753,0,0.000000
1648716878.630145622,0,0.000000
1648716878.651306752,0,0.003000
1648716878.671233120,0,0.000000
1648716878.693465952,0,0.000000
1648716878.715602214,0,0.009000
1648716878.737655704,0,0.008000
1648716878.759712053,1,0.007000
1648716878.781034202,2,0.001000
1648716878.803469062,3,0.022000
1648716878.825266600,0,0.000000
1648716878.847078256,1,0.004000
1648716878.870830912,0,0.000000
1648716878.893233946,0,0.011000
1648716878.914640631,1,0.000000
1648716878.935113994,1,0.009000
1648716878.954949115,0,0.005000
1648716878.977201558,4,0.029000
1648716878.999878189,1,0.008000
1648716879.020148592,0,0.000000
1648716879.040341648,0,0.000000
1648716879.061296629,2,0.011000
1648716879.082980162,0,0.000000
1648716879.104853869,2,0.004000
1648716879.128590730,1,0.001000
1648716879.150072152,0,0.000000
1648716879.174278706,0,0.001000
1648716879.194992172,0,0.000000
1648716879.215324551,0,0.000000
1648716879.237653514,1,0.000000
1648716879.257887261,0,0.000000
1648716879.278953612,0,0.000000
1648716879.299836991,3,0.038000
1648716879.319294352,2,0.039000
1648716879.340213242,0,0.000000
1648716879.360638690,2,0.015000
1648716879.383101197,0,0.014000
1648716879.405692863,0,0.008000
1648716879.426179965,0,0.000000
1648716879.447450791,0,0.002000
1648716879.469565572,0,0.002000
1648716879.491101269,1,0.007000
1648716879.513777337,0,0.000000
1648716879.536217708,3,0.031000
1648716879.558604017,1,0.000000
1648716879.579276139,1,0.004000
1648716879.601434889,1,0.010000
1648716879.621215407,0,0.001000
1648716879.643672299,2,0.001000
1648716879.664495441,6,0.059000
1648716879.683970559,1,0.005000
1648716879.705810663,0,0.000000
1648716879.729062778,0,0.005000
1648716879.749812493,5,0.085000
1648716879.769963790,0,0.000000
1648716879.793160970,0,0.000000
1648716879.815050772,0,0.013000
1648716879.836430157,0,0.009000
1648716879.857491802,1,0.001000
1648716879.880368012,1,0.007000
1648716879.903831167,4,0.050000
1648716879.925815816,1,0.000000
1648716879.947201796,1,0.002000
1648716879.969087280,1,0.001000
1648716879.990382759,1,0.013000
1648716880.012056345,0,0.000000
1648716880.035498129,0,0.000000
1648716880.056000703,2,0.006000
1648716880.077745942,0,0.000000
1648716880.098778202,2,0.005000
1648716880.122690513,0,0.000000
1648716880.143904410,0,0.005000
1648716880.164180768,0,0.000000
1648716880.186425021,0,0.000000
1648716880.208869653,1,0.013000
1648716880.229310642,1,0.007000
1648716880.252950954,3,0.012000
1648716880.273838571,0,0.000000
1648716880.295441787,0,0.000000
1648716880.319623599,3,0.033000
1648716880.340309970,3,0.051000
1648716880.361499884,1,0.001000
1648716880.384089875,0,0.000000
1648716880.404898714,0,0.000000
1648716880.426624173,3,0.031000
1648716880.447983121,1,0.000000
1648716880.468416962,7,0.068000
1648716880.492189399,0,0.000000
1648716880.514895920,0,0.000000
1648716880.537519473,1,0.013000
1648716880.561137814,1,0.000000
1648716880.583375674,0,0.000000
1648716880.603648144,1,0.001000
1648716880.625306337,0,0.004000
1648716880.649349892,1,0.006000
1648716880.672107533,2,0.013000
1648716880.694028160,1,0.023000
1648716880.714145873,2,0.021000
1648716880.735768584,1,0.011000
1648716880.758101284,0,0.000000
1648716880.779822886,0,0.000000
1648716880.801337643,4,0.037000
1648716880.823493366,0,0.013000
1648716880.844389313,0,0.000000
1648716880.865907309,1,0.000000
1648716880.888365397,0,0.000000
1648716880.909245674,4,0.052000
1648716880.930628999,0,0.000000
1648716880.952320394,0,0.000000
1648716880.973967115,0,0.000000
1648716880.995607968,0,0.000000
1648716881.015849456,0,0.000000
1648716881.038239753,3,0.020000
1648716881.059186084,0,0.001000
1648716881.080056128,1,0.001000
1648716881.100216261,0,0.002000
1648716881.121873533,1,0.002000
1648716881.143262980,2,0.009000
1648716881.165075081,0,0.000000
1648716881.186391246,1,0.010000
1648716881.208757641,0,0.000000
1648716881.230929783,0,0.000000
1648716881.251294837,2,0.016000
1648716881.273878999,1,0.004000
1648716881.295548489,2,0.027000
1648716881.316205076,2,0.040000
1648716881.337112735,0,0.009000
1648716881.361135865,0,0.000000
1648716881.382241692,1,0.006000
1648716881.404392109,0,0.000000
1648716881.423479226,1,0.000000
1648716881.444247247,4,0.058000
1648716881.465961964,0,0.006000
1648716881.487099776,0,0.000000
1648716881.509367641,0,0.000000
1648716881.532246815,1,0.000000
1648716881.554232503,0,0.006000
1648716881.574710619,0,0.012000
1648716881.598255004,4,0.037000
1648716881.621289590,1,0.000000
1648716881.644939397,0,0.000000
1648716881.666027957,0,0.000000
1648716881.686181311,4,0.054000
1648716881.707372763,1,0.013000
1648716881.729414296,2,0.024000
1648716881.749533757,1,0.020000
1648716881.770611077,0,0.000000
1648716881.791345634,2,0.006000
1648716881.813881425,2,0.036000
1648716881.835735071,5,0.053000
1648716881.856834470,0,0.000000
1648716881.877241204,0,0.000000
1648716881.899537775,0,0.000000
1648716881.919733345,0,0.000000
1648716881.941411509,0,0.000000
1648716881.962686510,0,0.000000
1648716881.984166848,0,0.000000
1648716882.006550528,0,0.000000
1648716882.026770355,0,0.005000
1648716882.047869644,0,0.000000
1648716882.071161268,0,0.000000
1648716882.094289436,0,0.000000
1648716882.116281764,6,0.073000
1648716882.137602007,3,0.016000
1648716882.156360496,4,0.041000
1648716882.177879257,3,0.058000
1648716882.199251900,0,0.000000
1648716882.221448169,1,0.001000
1648716882.243567023,1,0.007000
1648716882.265496016,7,0.075000
1648716882.285680998,0,0.006000
1648716882.306227651,3,0.017000
1648716882.327460137,0,0.005000
1648716882.349187352,1,0.000000
1648716882.368960512,0,0.000000
1648716882.391621273,0,0.000000
1648716882.412321666,0,0.001000
1648716882.433995309,0,0.000000
1648716882.454094724,4,0.024000
1648716882.476863944,0,0.000000
1648716882.497405350,0,0.000000
1648716882.520249661,0,0.000000
1648716882.542143661,1,0.018000
1648716882.563891924,8,0.090000
1648716882.586720661,0,0.000000
1648716882.609902659,0,0.000000
1648716882.631849970,0,0.000000
1648716882.651919410,0,0.000000
1648716882.672915791,0,0.000000
1648716882.693864425,0,0.000000
1648716882.714061015,0,0.000000
1648716882.735904261,0,0.000000
1648716882.757781576,0,0.000000
1648716882.778691427,1,0.000000
1648716882.798104949,0,0.000000
1648716882.820892890,0,0.013000
1648716882.842299677,0,0.018000
1648716882.863283330,4,0.037000
1648716882.885184469,5,0.036000
1648716882.908017763,5,0.068000
1648716882.930000574,1,0.000000
1648716882.950681020,0,0.004000
1648716882.971637876,0,0.000000
1648716882.994501331,0,0.000000
1648716883.018215028,0,0.000000
1648716883.040920927,0,0.004000
1648716883.063362858,0,0.000000
1648716883.082707008,0,0.000000
1648716883.104668793,0,0.000000
1648716883.125089007,2,0.051000
1648716883.147313379,0,0.000000
1648716883.168698668,0,0.000000
1648716883.191542131,1,0.018000
1648716883.213201563,3,0.048000
1648716883.231954079,5,0.046000
1648716883.253594921,5,0.065000
1648716883.275068949,0,0.000000
1648716883.297013716,0,0.000000
1648716883.320315059,1,0.000000
1648716883.341850847,3,0.029000
1648716883.364265308,5,0.036000
1648716883.385436602,1,0.012000
1648716883.408208561,0,0.000000
1648716883.431028637,0,0.000000
1648716883.452339763,1,0.006000
1648716883.474476884,0,0.002000
1648716883.496275566,0,0.000000
1648716883.519436610,2,0.042000
1648716883.540232107,4,0.079000
1648716883.561952126,0,0.001000
1648716883.583306255,0,0.001000
1648716883.609854387,1,0.019000
1648716883.631001678,0,0.008000
1648716883.653039646,0,0.000000
1648716883.675205225,0,0.007000
1648716883.697198817,0,0.000000
1648716883.718973783,0,0.000000
1648716883.740764310,2,0.002000
1648716883.763770900,1,0.006000
1648716883.786486726,0,0.000000
1648716883.807669944,0,0.000000
1648716883.827068685,0,0.009000
1648716883.849640234,2,0.011000
1648716883.869794554,2,0.043000
1648716883.892304232,0,0.010000
1648716883.912377097,0,0.000000
1648716883.933844254,1,0.011000
1648716883.954799540,5,0.041000
1648716883.974849793,2,0.000000
1648716883.995995171,1,0.028000
1648716884.018625514,0,0.000000
1648716884.040718196,0,0.000000
1648716884.061458666,0,0.004000
1648716884.083982046,1,0.012000
1648716884.103080854,3,0.016000
1648716884.123412557,0,0.000000
1648716884.145711143,0,0.000000
1648716884.166896250,3,0.026000
1648716884.188580667,1,0.021000
1648716884.209237148,0,0.000000
1648716884.229983611,0,0.000000
1648716884.248997824,0,0.000000
1648716884.270048417,0,0.000000
1648716884.293404112,4,0.031000
1648716884.312186592,3,0.008000
1648716884.334731683,2,0.020000
1648716884.355086261,1,0.015000
1648716884.376331114,0,0.001000
1648716884.398487202,0,0.000000
1648716884.417774568,0,0.000000
1648716884.438346682,0,0.000000
1648716884.457260287,2,0.005000
1648716884.478371051,0,0.000000
1648716884.497875701,0,0.010000
1648716884.518794079,0,0.000000
1648716884.540286510,0,0.000000
1648716884.560981576,0,0.000000
1648716884.583282107,2,0.031000
1648716884.604889719,0,0.000000
1648716884.629189235,0,0.000000
1648716884.650482980,1,0.010000
1648716884.673833425,0,0.000000
1648716884.696735572,0,0.000000
1648716884.719116853,0,0.000000
1648716884.739837919,1,0.004000
1648716884.763436639,1,0.000000
1648716884.784233488,3,0.053000
1648716884.806474232,0,0.000000
1648716884.829336789,0,0.000000
1648716884.851148916,0,0.007000
1648716884.873260184,2,0.012000
1648716884.896175678,0,0.000000
1648716884.917554296,0,0.004000
1648716884.940414793,0,0.002000
1648716884.962115314,5,0.089000
1648716884.983977204,0,0.000000
1648716885.004941994,1,0.004000
1648716885.026868796,1,0.000000
1648716885.048313361,3,0.014000
1648716885.068954076,3,0.030000
1648716885.090674115,0,0.004000
1648716885.112867920,0,0.007000
1648716885.134437297,0,0.000000
1648716885.156679682,1,0.000000
1648716885.177717602,0,0.000000
1648716885.199265874,0,0.000000
1648716885.218455781,1,0.048000
1648716885.238822950,0,0.008000
1648716885.258810898,1,0.024000
1648716885.281689678,2,0.024000
1648716885.304963499,0,0.008000
1648716885.329486008,0,0.002000
1648716885.351162711,2,0.032000
1648716885.373000384,4,0.049000
1648716885.394374605,0,0.008000
1648716885.416881754,0,0.014000
1648716885.438788363,0,0.000000
1648716885.460231619,3,0.011000
1648716885.480237225,3,0.031000
1648716885.503093962,4,0.035000
1648716885.523399085,3,0.031000
1648716885.546900080,0,0.000000
1648716885.569620550,0,0.001000
1648716885.592648762,0,0.003000
1648716885.614052389,0,0.000000
1648716885.636360607,3,0.028000
1648716885.657452962,6,0.078000
1648716885.679166910,0,0.000000
1648716885.701147110,0,0.000000
1648716885.723575922,3,0.050000
1648716885.745884271,4,0.060000
1648716885.767208572,1,0.000000
1648716885.790993731,0,0.001000
1648716885.811938500,0,0.000000
1648716885.831866143,0,0.004000
1648716885.850551116,2,0.011000
1648716885.872605717,7,0.074000
1648716885.893319354,1,0.000000
1648716885.914023252,0,0.001000
1648716885.937988676,1,0.007000
1648716885.959348189,2,0.012000
1648716885.980820793,0,0.004000
1648716886.001392221,0,0.000000
1648716886.021839220,0,0.008000
1648716886.045307253,5,0.033000
1648716886.068387652,0,0.000000
1648716886.091421190,0,0.000000
1648716886.112544400,0,0.000000
1648716886.132936960,0,0.000000
1648716886.154249097,0,0.001000
1648716886.176532836,0,0.002000
1648716886.198337295,0,0.000000
1648716886.218827428,0,0.000000
1648716886.241741505,0,0.015000
1648716886.264326942,0,0.012000
1648716886.285499292,1,0.000000
1648716886.307086107,0,0.000000
1648716886.329831440,1,0.000000
1648716886.351536476,0,0.000000
1648716886.371583142,0,0.015000
1648716886.392097887,3,0.027000
1648716886.412620149,2,0.000000
1648716886.431858060,0,0.001000
1648716886.453408135,0,0.001000
1648716886.475351803,0,0.000000
1648716886.496247865,0,0.000000
1648716886.518410154,3,0.025000
1648716886.540975442,2,0.034000
1648716886.563792169,4,0.052000
1648716886.584023770,5,0.055000
1648716886.605875828,1,0.023000
1648716886.628211744,4,0.039000
1648716886.648103799,4,0.048000
1648716886.669850331,0,0.000000
1648716886.691320153,0,0.000000
1648716886.713162548,3,0.045000
1648716886.736324343,0,0.007000
1648716886.758368291,0,0.007000
1648716886.780042893,0,0.000000
1648716886.801098408,0,0.007000
1648716886.822549920,2,0.021000
1648716886.844540189,0,0.006000
1648716886.865675138,1,0.011000
1648716886.886202558,0,0.011000
1648716886.908055126,3,0.031000
1648716886.932059747,3,0.051000
1648716886.953037502,1,0.008000
1648716886.975858240,0,0.000000
1648716886.997134779,0,0.000000
1648716887.021007918,0,0.000000
1648716887.043317545,0,0.000000
1648716887.064738215,0,0.000000
1648716887.087441799,0,0.000000
1648716887.107937751,2,0.014000
1648716887.127943627,3,0.045000
1648716887.150492201,2,0.001000
1648716887.171019632,0,0.009000
1648716887.191884810,0,0.005000
1648716887.212749341,1,0.000000
1648716887.235108008,1,0.015000
1648716887.257467002,1,0.000000
1648716887.278240098,4,0.042000
1648716887.300510776,0,0.000000
1648716887.321228993,0,0.000000
1648716887.342944472,1,0.015000
1648716887.364155210,0,0.004000
1648716887.385404267,0,0.000000
1648716887.407369543,0,0.000000
1648716887.430916419,0,0.000000
1648716887.452454018,4,0.043000
1648716887.475703708,1,0.014000
1648716887.494102566,0,0.000000
1648716887.515261133,0,0.000000
1648716887.538263876,4,0.036000
1648716887.560105669,2,0.013000
1648716887.582614132,0,0.000000
1648716887.604451424,0,0.000000
1648716887.625824215,1,0.013000
1648716887.647854266,5,0.060000
1648716887.669504823,0,0.000000
1648716887.692728578,0,0.000000
1648716887.710904525,0,0.001000
1648716887.730602512,0,0.000000
1648716887.752846789,0,0.000000
1648716887.774034829,0,0.000000
1648716887.794215461,0,0.001000
1648716887.815757253,1,0.000000
1648716887.836607654,0,0.000000
1648716887.857084928,3,0.036000
1648716887.879967910,0,0.000000
1648716887.901235068,1,0.000000
1648716887.921766373,2,0.026000
1648716887.944212708,1,0.041000
1648716887.965030060,0,0.000000
1648716887.987966180,0,0.000000
1648716888.010549646,0,0.000000
1648716888.032771957,0,0.000000
1648716888.054929610,0,0.000000
1648716888.077141895,3,0.037000
1648716888.099138322,2,0.005000
1648716888.123287902,0,0.000000
1648716888.144448704,0,0.000000
1648716888.165210873,0,0.001000
1648716888.185135699,3,0.025000
1648716888.208414854,2,0.019000
1648716888.229180189,0,0.000000
1648716888.248350673,0,0.000000
1648716888.271734970,0,0.000000
1648716888.291691032,0,0.000000
1648716888.311973651,1,0.001000
1648716888.333043279,0,0.000000
1648716888.354942021,0,0.000000
1648716888.376849239,4,0.058000
1648716888.397724698,0,0.000000
1648716888.419231678,0,0.000000
1648716888.442788979,0,0.000000
1648716888.463478925,1,0.000000
1648716888.484421810,0,0.000000
1648716888.506166700,0,0.000000
1648716888.525320831,0,0.000000
1648716888.545994151,0,0.000000
1648716888.569161202,0,0.000000
1648716888.591556835,0,0.010000
1648716888.614344123,1,0.019000
1648716888.636362521,2,0.023000
1648716888.658189056,2,0.024000
1648716888.679687103,1,0.006000
1648716888.700173447,1,0.009000
1648716888.719946077,0,0.000000
1648716888.741997280,0,0.000000
1648716888.763271094,1,0.000000
1648716888.785238116,3,0.037000
1648716888.805658045,1,0.010000
1648716888.827484610,0,0.001000
1648716888.851074456,0,0.000000
1648716888.874011925,0,0.000000
1648716888.896407536,0,0.004000
1648716888.919691507,2,0.028000
1648716888.941114043,1,0.005000
1648716888.963672957,2,0.020000
1648716888.986440616,0,0.000000
1648716889.007200994,0,0.000000
1648716889.029311191,2,0.018000
1648716889.052043372,0,0.000000
1648716889.073731432,0,0.000000
1648716889.096573365,0,0.000000
1648716889.119361022,1,0.001000
1648716889.140252939,0,0.017000
1648716889.162744591,3,0.027000
1648716889.182002656,0,0.000000
1648716889.203573902,0,0.000000
1648716889.226718040,1,0.015000
1648716889.247219833,1,0.001000
1648716889.268395692,0,0.000000
1648716889.288735031,0,0.000000
1648716889.307540346,0,0.000000
1648716889.328374320,0,0.000000
1648716889.350963558,0,0.000000
1648716889.373060633,1,0.008000
1648716889.394669159,0,0.000000
1648716889.417572450,3,0.032000
1648716889.440368970,2,0.026000
1648716889.459441488,0,0.000000
1648716889.480752518,1,0.001000
1648716889.502410940,1,0.012000
1648716889.522255968,4,0.072000
1648716889.544329702,0,0.000000
1648716889.564324863,0,0.000000
1648716889.586552356,0,0.012000
1648716889.608502622,3,0.036000
1648716889.630974910,1,0.004000
1648716889.651099503,0,0.006000
1648716889.672325966,0,0.000000
1648716889.695208202,0,0.000000
1648716889.716497567,0,0.000000
1648716889.737422754,0,0.000000
1648716889.758466982,1,0.014000
1648716889.779674846,6,0.050000
1648716889.801364100,7,0.076000
1648716889.824582977,0,0.010000
1648716889.845449027,0,0.001000
1648716889.866767597,1,0.004000
1648716889.887951956,1,0.014000
1648716889.910917749,2,0.025000
1648716889.931084737,1,0.037000
1648716889.953773959,0,0.000000
1648716889.974921335,0,0.000000
1648716889.995392071,0,0.000000
1648716890.014725014,1,0.020000
1648716890.036323556,0,0.000000
1648716890.059387540,1,0.014000
1648716890.080777362,2,0.025000
1648716890.102370704,0,0.000000
1648716890.123851075,2,0.011000
1648716890.145296540,1,0.012000
1648716890.168567923,0,0.004000
1648716890.190920990,0,0.010000
1648716890.213468473,0,0.000000
1648716890.235251240,2,0.014000
1648716890.254310273,1,0.005000
1648716890.276467678,1,0.023000
1648716890.297666226,0,0.000000
1648716890.318205863,2,0.000000
1648716890.339919417,0,0.000000
1648716890.362150774,0,0.000000
1648716890.384382949,0,0.001000
1648716890.406282794,0,0.000000
1648716890.425936828,1,0.000000
1648716890.447388856,0,0.000000
1648716890.468881815,0,0.000000
1648716890.490259541,0,0.004000
1648716890.512496004,2,0.020000
1648716890.534434949,4,0.044000
1648716890.556795999,3,0.047000
1648716890.577187622,0,0.000000
1648716890.599438395,0,0.000000
1648716890.621095326,0,0.000000
1648716890.642474539,0,0.007000
1648716890.664234444,0,0.000000
1648716890.684025268,0,0.004000
1648716890.709069451,3,0.012000
1648716890.730319972,1,0.014000
1648716890.753009988,3,0.075000
1648716890.774846145,0,0.000000
1648716890.796708561,1,0.011000
1648716890.817481653,1,0.011000
1648716890.839704558,0,0.000000
1648716890.861609292,0,0.012000
1648716890.884465776,3,0.017000
1648716890.907005269,0,0.001000
1648716890.927747902,1,0.007000
1648716890.950291428,0,0.004000
1648716890.969978841,0,0.000000
1648716890.992917680,0,0.000000
1648716891.014334174,0,0.001000
1648716891.036981409,1,0.015000
1648716891.057865836,1,0.026000
1648716891.078640977,5,0.047000
1648716891.099538847,0,0.001000
1648716891.121122354,0,0.000000
1648716891.143606345,0,0.001000
1648716891.165246419,0,0.000000
1648716891.185583769,0,0.000000
1648716891.206674950,0,0.000000
1648716891.226140976,5,0.104000
1648716891.249293460,0,0.000000
1648716891.270865737,0,0.000000
1648716891.292716567,0,0.000000
1648716891.314143561,0,0.015000
1648716891.335585331,0,0.004000
1648716891.357042458,1,0.011000
1648716891.380776694,0,0.000000
1648716891.400532634,1,0.000000
1648716891.419024771,1,0.011000
1648716891.439173790,2,0.018000
1648716891.461639728,0,0.006000
1648716891.483303002,0,0.000000
1648716891.506212770,0,0.000000
1648716891.528745446,0,0.013000
1648716891.550749315,0,0.000000
1648716891.573438340,0,0.000000
1648716891.595255002,0,0.006000
1648716891.617977410,1,0.011000
1648716891.640302667,0,0.000000
1648716891.660155889,0,0.000000
1648716891.682030868,0,0.000000
1648716891.704745021,2,0.004000
1648716891.729725650,7,0.069000
1648716891.751763673,0,0.000000
1648716891.770233947,0,0.000000
1648716891.790444504,0,0.000000
1648716891.812436724,1,0.025000
1648716891.833590772,0,0.000000
1648716891.856507893,1,0.000000
1648716891.878358958,0,0.000000
1648716891.900426790,0,0.000000
1648716891.921440138,4,0.048000
1648716891.942505606,0,0.000000
1648716891.963443395,5,0.047000
1648716891.983899214,4,0.041000
1648716892.003311781,4,0.031000
1648716892.024859614,6,0.071000
1648716892.047163551,1,0.001000
1648716892.068640518,7,0.075000
1648716892.089255179,2,0.000000
1648716892.110993438,0,0.000000
1648716892.132458800,0,0.000000
1648716892.153862241,0,0.010000
1648716892.174891488,0,0.006000
1648716892.194274307,2,0.014000
1648716892.215618063,0,0.000000
1648716892.238664035,0,0.000000
1648716892.260172298,0,0.001000
1648716892.282013188,1,0.036000
1648716892.306071159,0,0.000000
1648716892.330628221,1,0.005000
1648716892.353393917,4,0.018000
1648716892.376398927,0,0.001000
1648716892.398689039,0,0.000000
1648716892.421059465,0,0.001000
1648716892.444506673,2,0.006000
1648716892.465336769,3,0.044000
1648716892.488393618,0,0.000000
1648716892.513043367,0,0.011000
1648716892.534665795,0,0.010000
1648716892.554214569,1,0.005000
1648716892.574881733,1,0.005000
1648716892.594317141,1,0.012000
1648716892.616031824,0,0.008000
1648716892.640395719,0,0.000000
1648716892.662040908,1,0.008000
1648716892.685126899,2,0.035000
1648716892.708305637,1,0.008000
1648716892.728586648,3,0.029000
1648716892.750551338,0,0.000000
1648716892.771957115,0,0.000000
1648716892.791996117,1,0.008000
1648716892.813616698,2,0.042000
1648716892.834164002,2,0.017000
1648716892.855208191,0,0.005000
1648716892.877851746,0,0.000000
1648716892.900032629,0,0.004000
1648716892.920801848,0,0.000000
1648716892.940950956,0,0.000000
1648716892.961096538,3,0.049000
1648716892.983176064,0,0.000000
1648716893.006181822,0,0.000000
1648716893.026712311,3,0.038000
1648716893.047389457,4,0.041000
1648716893.067057341,1,0.002000
1648716893.088129022,0,0.000000
1648716893.109729851,0,0.000000
1648716893.130131462,0,0.000000
1648716893.150688798,3,0.030000
1648716893.172654146,2,0.029000
1648716893.195482237,1,0.000000
1648716893.216725892,0,0.000000
1648716893.238753826,0,0.000000
1648716893.261318077,1,0.004000
1648716893.281875878,0,0.000000
1648716893.304811353,2,0.009000
1648716893.328208805,2,0.036000
1648716893.349508293,0,0.000000
1648716893.372733169,0,0.000000
1648716893.394864239,2,0.023000
1648716893.414177026,4,0.049000
1648716893.436645717,0,0.000000
1648716893.457771295,0,0.001000
1648716893.476987909,0,0.000000
1648716893.499597612,5,0.041000
1648716893.519958459,1,0.019000
1648716893.540195787,0,0.000000
1648716893.564086721,0,0.000000
1648716893.583044815,0,0.001000
1648716893.602465301,1,0.016000
1648716893.624054677,0,0.000000
1648716893.646619176,0,0.024000
1648716893.669833693,0,0.008000
1648716893.690216757,0,0.000000
1648716893.709048495,0,0.000000
1648716893.729360234,2,0.000000
1648716893.750298226,0,0.025000
1648716893.769993824,0,0.004000
1648716893.791409828,0,0.000000
1648716893.812832310,0,0.000000
1648716893.835207923,0,0.000000
1648716893.858298115,1,0.006000
1648716893.878504735,2,0.033000
1648716893.900325683,0,0.000000
1648716893.923142168,0,0.000000
1648716893.943530228,0,0.001000
1648716893.964764228,0,0.004000
1648716893.987038968,2,0.022000
1648716894.009570751,3,0.030000
1648716894.031354526,0,0.000000
1648716894.052197800,0,0.000000
1648716894.072449419,0,0.000000
1648716894.095599921,0,0.000000
1648716894.116921653,0,0.000000
1648716894.136553303,1,0.003000
1648716894.159890877,0,0.000000
1648716894.180547166,5,0.057000
1648716894.201349000,5,0.073000
1648716894.223006534,2,0.029000
1648716894.243148570,1,0.017000
1648716894.264152801,0,0.000000
1648716894.286355948,0,0.000000
1648716894.308454319,0,0.000000
1648716894.329378667,2,0.016000
1648716894.352480846,1,0.011000
1648716894.372981450,0,0.000000
1648716894.395663779,3,0.015000
1648716894.417757097,0,0.000000
1648716894.438615943,0,0.002000
1648716894.458089136,1,0.001000
1648716894.478757882,6,0.057000
1648716894.497875077,1,0.002000
1648716894.519731872,0,0.000000
1648716894.539830340,0,0.006000
1648716894.561189089,0,0.001000
1648716894.583416010,0,0.000000
1648716894.605143814,0,0.000000
1648716894.626447396,0,0.000000
1648716894.647405824,0,0.000000
1648716894.667096965,0,0.011000
1648716894.688684999,1,0.000000
1648716894.709154015,2,0.035000
1648716894.731898329,0,0.000000
1648716894.751503507,1,0.011000
1648716894.772797874,2,0.022000
1648716894.793672222,0,0.019000
1648716894.814558942,3,0.023000
1648716894.838624037,0,0.000000
1648716894.858874673,0,0.000000
1648716894.878242102,0,0.000000
1648716894.900621541,0,0.010000
1648716894.921066228,2,0.023000
1648716894.940463955,1,0.014000
1648716894.962686400,0,0.006000
1648716894.986465910,0,0.000000
1648716895.007155766,1,0.002000
1648716895.031408834,2,0.023000
1648716895.053046747,0,0.001000
1648716895.074762893,0,0.002000
1648716895.096362905,1,0.000000
1648716895.118798979,3,0.050000
1648716895.141200657,2,0.017000
1648716895.161709666,0,0.000000
1648716895.181089514,0,0.000000
1648716895.203403005,3,0.040000
1648716895.224837457,2,0.017000
1648716895.246816431,4,0.089000
1648716895.268154653,0,0.006000
1648716895.291048073,0,0.000000
1648716895.315640544,0,0.000000
1648716895.337390796,0,0.000000
1648716895.359293344,2,0.028000
1648716895.381104626,1,0.020000
1648716895.403602373,1,0.001000
1648716895.424974860,0,0.000000
1648716895.445688330,1,0.013000
1648716895.467025561,3,0.030000
1648716895.486942712,1,0.016000
1648716895.506848191,0,0.000000
1648716895.528287601,0,0.000000
1648716895.549397148,2,0.018000
1648716895.571354308,4,0.054000
1648716895.592689355,0,0.000000
1648716895.613606567,0,0.001000
1648716895.634669341,0,0.005000
1648716895.655473011,0,0.006000
1648716895.675858002,1,0.021000
1648716895.696059621,7,0.088000
1648716895.716225067,1,0.011000
1648716895.735931950,0,0.000000
1648716895.758802084,0,0.005000
1648716895.782815759,2,0.008000
1648716895.804459798,1,0.021000
1648716895.826318706,2,0.024000
1648716895.847753113,1,0.012000
1648716895.870168280,0,0.004000
1648716895.892933766,0,0.011000
1648716895.915452255,0,0.000000
1648716895.935619807,0,0.000000
1648716895.955854641,1,0.011000
1648716895.977449363,3,0.025000
1648716895.997756987,5,0.058000
1648716896.020060557,0,0.000000
1648716896.041304927,0,0.000000
1648716896.063212818,0,0.000000
1648716896.084658383,0,0.005000
1648716896.108388619,0,0.000000
1648716896.131470207,0,0.024000
1648716896.150065920,3,0.023000
1648716896.169918311,0,0.000000
1648716896.191568945,0,0.000000
1648716896.213782037,0,0.000000
1648716896.235690900,2,0.035000
1648716896.257327820,5,0.055000
1648716896.279098598,3,0.037000
1648716896.300638135,1,0.000000
1648716896.321699378,4,0.051000
1648716896.342594443,0,0.005000
1648716896.365228707,0,0.000000
1648716896.386206309,2,0.011000
1648716896.408120950,5,0.060000
1648716896.429665760,0,0.000000
1648716896.451639825,0,0.000000
1648716896.473387548,0,0.000000
1648716896.494441565,0,0.000000
1648716896.518948605,1,0.017000
1648716896.541614046,4,0.050000
1648716896.564242931,0,0.000000
1648716896.587014481,0,0.018000
1648716896.608936657,0,0.001000
1648716896.629877090,0,0.008000
1648716896.649374301,0,0.011000
1648716896.669530902,0,0.000000
1648716896.689657583,0,0.007000
1648716896.709257438,0,0.000000
1648716896.730582716,0,0.000000
1648716896.751856666,0,0.009000
1648716896.774504917,5,0.064000
1648716896.796896854,0,0.006000
1648716896.820118844,0,0.000000
1648716896.842053180,3,0.063000
1648716896.864159840,0,0.000000
1648716896.883416570,3,0.039000
1648716896.905504393,2,0.019000
1648716896.928127852,2,0.014000
1648716896.948717064,0,0.000000
1648716896.969078206,2,0.015000
1648716896.990442631,0,0.000000
1648716897.013232814,1,0.000000
1648716897.034422473,0,0.004000
1648716897.058084536,2,0.034000
1648716897.077785759,2,0.035000
1648716897.100921164,0,0.000000
1648716897.122982362,0,0.000000
1648716897.144073494,0,0.000000
1648716897.165639123,3,0.046000
1648716897.186223816,2,0.025000
1648716897.209153919,0,0.000000
1648716897.229423932,0,0.000000
1648716897.250301924,0,0.001000
1648716897.272961042,0,0.008000
1648716897.295473548,0,0.000000
1648716897.315470803,0,0.001000
1648716897.335582553,1,0.005000
1648716897.355767389,1,0.016000
1648716897.375683338,1,0.000000
1648716897.396972922,0,0.000000
1648716897.418645734,1,0.006000
1648716897.441937956,5,0.061000
1648716897.463661443,0,0.000000
1648716897.485461232,0,0.000000
1648716897.507995202,0,0.009000
1648716897.526817453,1,0.015000
1648716897.547952705,3,0.034000
1648716897.569963712,0,0.000000
1648716897.590996010,1,0.001000
1648716897.615692189,0,0.009000
1648716897.640474919,2,0.026000
1648716897.661882583,0,0.000000
1648716897.682413978,4,0.025000
1648716897.703019488,2,0.027000
1648716897.723356518,6,0.079000
1648716897.743353302,0,0.000000
1648716897.763047869,1,0.008000
1648716897.784566250,0,0.000000
1648716897.806669089,0,0.000000
1648716897.829232273,0,0.001000
1648716897.849812606,0,0.000000
1648716897.870828515,1,0.000000
1648716897.891887458,2,0.006000
1648716897.912826366,2,0.025000
1648716897.934936784,0,0.000000
1648716897.956398386,0,0.013000
1648716897.977741546,2,0.015000
1648716897.999931642,2,0.026000
1648716898.021478059,0,0.011000
1648716898.043882517,0,0.000000
1648716898.065062961,0,0.000000
1648716898.085052413,0,0.000000
1648716898.105955583,0,0.009000
1648716898.126096523,0,0.000000
1648716898.145687682,5,0.062000
1648716898.166226947,1,0.011000
1648716898.186861287,0,0.000000
1648716898.209471682,0,0.000000
1648716898.228729267,1,0.000000
1648716898.249520205,0,0.000000
1648716898.272116045,0,0.000000
1648716898.293495620,3,0.053000
1648716898.316067816,0,0.008000
1648716898.338846660,0,0.000000
1648716898.362205642,2,0.018000
1648716898.383724604,0,0.005000
1648716898.405030586,3,0.041000
1648716898.426402681,0,0.007000
1648716898.448772182,0,0.000000
1648716898.469768492,3,0.027000
1648716898.491868333,0,0.000000
1648716898.514485079,0,0.000000
1648716898.535595582,0,0.000000
1648716898.557603128,0,0.000000
1648716898.580301916,0,0.000000
1648716898.603208840,0,0.000000
1648716898.627127465,1,0.019000
1648716898.648647990,1,0.002000
1648716898.670558962,0,0.000000
1648716898.691285015,4,0.034000
1648716898.714500537,5,0.043000
1648716898.736228206,0,0.006000
1648716898.759138739,0,0.006000
1648716898.780392923,2,0.018000
1648716898.803257234,0,0.006000
1648716898.825456809,1,0.000000
1648716898.847442751,0,0.000000
1648716898.868857663,0,0.000000
1648716898.889070403,0,0.000000
1648716898.911139501,0,0.000000
1648716898.930748002,0,0.002000
1648716898.951203220,0,0.001000
1648716898.971469816,0,0.007000
1648716898.993504364,1,0.012000
1648716899.014829353,0,0.000000
1648716899.036841464,1,0.001000
1648716899.060617090,0,0.020000
1648716899.082990426,3,0.067000
1648716899.105531663,0,0.000000
1648716899.126727795,0,0.000000
1648716899.147149615,0,0.010000
1648716899.169928989,5,0.041000
1648716899.192720104,2,0.000000
1648716899.214169638,1,0.001000
1648716899.236882601,1,0.007000
1648716899.258208729,3,0.045000
1648716899.278306374,0,0.015000
1648716899.301068339,0,0.000000
1648716899.320941900,0,0.000000
1648716899.344496305,0,0.000000
1648716899.365803697,0,0.000000
1648716899.386180565,2,0.032000
1648716899.407030031,1,0.026000
1648716899.430152195,0,0.006000
1648716899.449848070,0,0.001000
1648716899.472844503,1,0.007000
1648716899.492409142,0,0.008000
1648716899.514029112,4,0.040000
1648716899.536411175,2,0.027000
1648716899.558113928,3,0.047000
1648716899.580806511,0,0.000000
1648716899.600967639,0,0.010000
1648716899.621807747,0,0.005000
1648716899.642418519,0,0.000000
1648716899.664202924,0,0.001000
1648716899.683596048,0,0.001000
1648716899.703324923,0,0.000000
1648716899.725574414,0,0.010000
1648716899.747250421,0,0.000000
1648716899.769151788,0,0.009000
1648716899.792005245,1,0.023000
1648716899.812533001,3,0.033000
1648716899.833324238,0,0.000000
1648716899.855914186,1,0.010000
1648716899.877321785,1,0.000000
1648716899.899856140,0,0.013000
1648716899.921448293,0,0.000000
1648716899.942559807,0,0.001000
1648716899.965883450,0,0.005000
1648716899.988316030,0,0.001000
1648716900.010490991,2,0.033000
1648716900.031096063,0,0.000000
1648716900.053194226,0,0.000000
1648716900.076933594,0,0.011000
1648716900.098132583,7,0.054000
1648716900.120574499,0,0.009000
1648716900.141478520,0,0.010000
1648716900.163456563,0,0.000000
1648716900.184913843,0,0.000000
1648716900.207952301,1,0.005000
1648716900.228028346,0,0.002000
1648716900.248683777,0,0.000000
1648716900.269964301,0,0.010000
1648716900.292720939,2,0.011000
1648716900.313777385,0,0.009000
1648716900.335775604,0,0.006000
1648716900.356784052,1,0.000000
1648716900.376563319,1,0.015000
1648716900.400227349,0,0.000000
1648716900.421416520,0,0.000000
1648716900.443219893,0,0.000000
1648716900.465611725,0,0.000000
1648716900.488169859,0,0.000000
1648716900.509933685,0,0.000000
1648716900.532328555,1,0.007000
1648716900.553955133,0,0.000000
1648716900.576237215,0,0.000000
1648716900.598421060,0,0.000000
1648716900.618176803,0,0.000000
1648716900.640403825,1,0.014000
1648716900.662392381,2,0.028000
1648716900.682478525,3,0.028000
1648716900.704188010,0,0.002000
1648716900.726669482,0,0.000000
1648716900.748849699,0,0.001000
1648716900.771411072,0,0.013000
1648716900.795021504,0,0.002000
1648716900.817336281,0,0.005000
1648716900.838827367,0,0.005000
1648716900.858070184,0,0.000000
1648716900.880414163,1,0.000000
1648716900.900974470,4,0.055000
1648716900.923350485,1,0.009000
1648716900.943324013,0,0.007000
1648716900.964140661,0,0.000000
1648716900.987378356,0,0.000000
1648716901.009980615,0,0.000000
1648716901.030831629,1,0.004000
1648716901.052474339,0,0.000000
1648716901.076237446,1,0.001000
1648716901.097536572,1,0.018000
1648716901.120166901,0,0.004000
1648716901.142482826,1,0.000000
1648716901.165955243,0,0.000000
1648716901.188044796,0,0.001000
1648716901.210090937,5,0.062000
1648716901.229958035,0,0.000000
1648716901.251291796,0,0.000000
1648716901.273604513,2,0.019000
1648716901.295626890,2,0.000000
1648716901.316891461,0,0.000000
1648716901.336335906,0,0.000000
1648716901.357678143,2,0.044000
1648716901.377494572,2,0.018000
1648716901.399865437,0,0.005000
1648716901.422646974,0,0.000000
1648716901.445724442,0,0.001000
1648716901.468890556,0,0.000000
1648716901.490417559,0,0.005000
1648716901.512089774,0,0.000000
1648716901.531759255,0,0.000000
1648716901.553246343,3,0.026000
1648716901.577307471,0,0.005000
1648716901.599012388,0,0.001000
1648716901.619379853,1,0.005000
1648716901.641442077,3,0.024000
1648716901.665234131,1,0.004000
1648716901.685786129,0,0.001000
1648716901.708370538,0,0.004000
1648716901.731858966,4,0.049000
1648716901.754930363,0,0.000000
1648716901.776309680,0,0.000000
1648716901.798482362,1,0.011000
1648716901.818286781,2,0.031000
1648716901.838871767,5,0.056000
1648716901.860843091,0,0.000000
1648716901.882080186,0,0.000000
1648716901.901865201,0,0.001000
1648716901.923979026,0,0.000000
1648716901.945346352,2,0.035000
1648716901.966375969,0,0.000000
1648716901.990188825,0,0.000000
1648716902.011527739,2,0.024000
1648716902.030271993,2,0.036000
1648716902.051221685,6,0.079000
1648716902.074282694,0,0.000000
1648716902.097080994,0,0.000000
1648716902.118969313,1,0.000000
1648716902.143326267,0,0.000000
1648716902.163126873,5,0.053000
1648716902.187297959,0,0.007000
1648716902.209319620,0,0.000000
1648716902.229149693,0,0.000000
1648716902.253060435,0,0.000000
1648716902.274826820,0,0.004000
1648716902.297077191,0,0.007000
1648716902.319001960,0,0.000000
1648716902.340162753,2,0.011000
1648716902.361371416,2,0.031000
1648716902.382140123,0,0.000000
1648716902.405256664,0,0.000000
1648716902.427009239,0,0.000000
1648716902.451091198,0,0.004000
1648716902.472011195,1,0.000000
1648716902.494016938,0,0.000000
1648716902.515973330,1,0.006000
1648716902.536538868,0,0.000000
1648716902.556697489,0,0.000000
1648716902.578941024,3,0.026000
1648716902.600405048,0,0.000000
1648716902.624082310,0,0.003000
1648716902.644320540,0,0.005000
1648716902.666725379,1,0.006000
1648716902.689617562,2,0.024000
1648716902.711001313,0,0.008000
1648716902.733126553,1,0.011000
1648716902.756245883,0,0.001000
1648716902.779417993,1,0.000000
1648716902.803446634,5,0.061000
1648716902.823799895,1,0.000000
1648716902.844590765,0,0.000000
1648716902.867661142,0,0.009000
1648716902.890679869,4,0.031000
1648716902.913248619,2,0.034000
1648716902.935847111,3,0.046000
1648716902.958814023,0,0.001000
1648716902.980717197,0,0.007000
1648716903.001209845,0,0.000000
1648716903.022351739,0,0.000000
1648716903.044336615,0,0.000000
1648716903.066708180,0,0.000000
1648716903.087284364,1,0.011000
1648716903.107324898,3,0.036000
1648716903.129980842,5,0.059000
1648716903.151105637,0,0.000000
1648716903.175193560,0,0.000000
1648716903.196422024,6,0.085000
1648716903.218389136,0,0.000000
1648716903.239951641,0,0.000000
1648716903.261059971,2,0.047000
1648716903.283773579,2,0.033000
1648716903.307133472,4,0.042000
1648716903.327996888,5,0.082000
1648716903.348926953,2,0.029000
1648716903.369978588,3,0.044000
1648716903.391663445,2,0.015000
1648716903.412801208,0,0.000000
1648716903.434663743,0,0.000000
1648716903.455544115,0,0.000000
1648716903.478023748,0,0.000000
1648716903.499778839,1,0.010000
1648716903.521896428,1,0.021000
1648716903.544380499,0,0.001000
1648716903.567173368,0,0.011000
1648716903.588754937,1,0.002000
1648716903.612373848,0,0.000000
1648716903.634324485,0,0.000000
1648716903.656251331,5,0.043000
1648716903.676343873,1,0.004000
1648716903.699117876,0,0.000000
1648716903.721379314,0,0.001000
1648716903.743722582,2,0.036000
1648716903.764822402,1,0.000000
1648716903.785062335,3,0.044000
1648716903.808487510,2,0.075000
1648716903.830285267,0,0.000000
1648716903.851639763,0,0.000000
1648716903.872420689,0,0.000000
1648716903.893300664,2,0.007000
1648716903.914087040,3,0.023000
1648716903.935426975,0,0.012000
1648716903.956882463,1,0.000000
1648716903.978249136,0,0.000000
1648716904.001318228,0,0.000000
1648716904.023978462,0,0.000000
1648716904.043422524,0,0.000000
1648716904.065075516,3,0.038000
1648716904.086699914,6,0.096000
1648716904.107050247,0,0.000000
1648716904.127905404,0,0.000000
1648716904.150208784,0,0.000000
1648716904.170447092,0,0.012000
1648716904.192084560,0,0.000000
1648716904.212709661,0,0.000000
1648716904.233604644,3,0.035000
1648716904.255828296,0,0.003000
1648716904.278798058,0,0.000000
1648716904.298391197,0,0.000000
1648716904.321452240,0,0.000000
1648716904.340695975,0,0.000000
1648716904.359944691,0,0.000000
1648716904.381427280,0,0.000000
1648716904.402505050,2,0.076000
1648716904.424912420,0,0.006000
1648716904.446290121,0,0.000000
1648716904.467376328,1,0.001000
1648716904.489387820,0,0.000000
1648716904.511412223,0,0.007000
1648716904.533080816,0,0.000000
1648716904.557290913,1,0.000000
1648716904.577590068,0,0.000000
1648716904.597141990,1,0.000000
1648716904.619920955,3,0.026000
1648716904.640766753,1,0.021000
1648716904.661544704,0,0.000000
1648716904.683325242,0,0.005000
1648716904.703280569,0,0.000000
1648716904.724214743,0,0.000000
1648716904.744079754,0,0.000000
1648716904.766970837,0,0.001000
1648716904.789847142,1,0.025000
1648716904.813154833,1,0.011000
1648716904.834591721,2,0.038000
1648716904.857928678,0,0.000000
1648716904.881330004,0,0.000000
1648716904.901731049,1,0.013000
1648716904.924038241,1,0.015000
1648716904.946037392,0,0.000000
1648716904.966649489,3,0.028000
1648716904.989472993,0,0.000000
1648716905.011410053,0,0.000000
1648716905.034420155,1,0.010000
1648716905.057719571,0,0.000000
1648716905.078839333,0,0.000000
1648716905.100423687,0,0.003000
1648716905.122701508,6,0.060000
1648716905.145596418,0,0.015000
1648716905.167960266,0,0.000000
1648716905.190070327,1,0.000000
1648716905.212067216,0,0.000000
1648716905.233238545,6,0.063000
1648716905.254267241,0,0.000000
1648716905.276821863,1,0.001000
1648716905.298219373,0,0.000000
1648716905.319683832,1,0.004000
1648716905.342870482,3,0.030000
1648716905.365295420,0,0.001000
1648716905.385926109,8,0.083000
1648716905.407482892,0,0.000000
1648716905.430127626,0,0.000000
1648716905.451835363,0,0.000000
1648716905.474276365,2,0.035000
1648716905.494811170,0,0.000000
1648716905.517093671,0,0.000000
1648716905.539021306,0,0.000000
1648716905.562467785,0,0.006000
1648716905.583660516,0,0.001000
1648716905.604833579,0,0.000000
1648716905.626919770,0,0.000000
1648716905.650213316,1,0.001000
1648716905.670483397,0,0.001000
1648716905.692814021,0,0.000000
1648716905.715330499,4,0.050000
1648716905.738008569,0,0.001000
1648716905.761302448,0,0.000000
1648716905.783805107,5,0.037000
1648716905.805011416,0,0.000000
1648716905.828340981,0,0.005000
1648716905.850673677,2,0.015000
1648716905.874155740,0,0.032000
1648716905.894895161,0,0.000000
1648716905.914642229,0,0.000000
1648716905.936203115,0,0.000000
1648716905.957700069,0,0.000000
1648716905.979949041,2,0.011000
1648716905.999791664,4,0.061000
1648716906.020629490,0,0.000000
1648716906.043295872,0,0.021000
1648716906.066031466,0,0.000000
1648716906.085694500,0,0.000000
1648716906.107366403,0,0.000000
1648716906.129903527,0,0.016000
1648716906.152421428,4,0.060000
1648716906.173705531,0,0.012000
1648716906.196676781,0,0.000000
1648716906.218250502,0,0.000000
1648716906.238270677,2,0.015000
1648716906.259505340,1,0.000000
1648716906.282613625,0,0.032000
1648716906.303837714,0,0.000000
1648716906.324472368,0,0.009000
1648716906.346869668,3,0.033000
1648716906.368400168,0,0.000000
1648716906.390986227,0,0.000000
1648716906.413320822,0,0.001000
1648716906.435917657,0,0.000000
1648716906.457367875,0,0.000000
1648716906.479650342,1,0.001000
1648716906.502732733,8,0.081000
1648716906.526424083,0,0.000000
1648716906.546675912,0,0.000000
1648716906.568034632,1,0.038000
1648716906.591359943,2,0.027000
1648716906.613532975,0,0.001000
1648716906.636128595,1,0.013000
1648716906.656480590,1,0.007000
1648716906.674549910,2,0.018000
1648716906.695665008,1,0.005000
1648716906.716345014,0,0.004000
1648716906.736664635,1,0.000000
1648716906.757150992,0,0.000000
1648716906.779441106,3,0.052000
1648716906.800192820,1,0.007000
1648716906.822022077,0,0.000000
1648716906.844375747,0,0.012000
1648716906.864450354,0,0.000000
1648716906.884727991,4,0.052000
1648716906.906060465,5,0.038000
1648716906.926700726,5,0.066000
1648716906.949273935,0,0.000000
1648716906.970527753,0,0.000000
1648716906.992818814,0,0.000000
1648716907.012145169,1,0.011000
1648716907.034718580,2,0.015000
1648716907.056585652,0,0.000000
1648716907.078595116,0,0.001000
1648716907.098695239,0,0.000000
1648716907.119640399,0,0.000000
1648716907.141626356,0,0.000000
1648716907.163395010,0,0.000000
1648716907.183688180,0,0.006000
1648716907.205441037,0,0.000000
1648716907.226032205,3,0.027000
1648716907.248545340,0,0.023000
1648716907.270177780,2,0.015000
1648716907.293088728,1,0.000000
1648716907.312941313,2,0.026000
1648716907.334607450,5,0.044000
1648716907.354797160,0,0.000000
1648716907.375918197,0,0.005000
1648716907.397485167,0,0.006000
1648716907.418931670,0,0.008000
1648716907.439291487,0,0.000000
1648716907.460762655,1,0.005000
1648716907.481281630,2,0.031000
1648716907.501839295,5,0.064000
1648716907.523731266,0,0.000000
1648716907.545386379,0,0.000000
1648716907.567095474,0,0.011000
1648716907.587656233,0,0.000000
1648716907.608330279,0,0.014000
1648716907.630757957,0,0.008000
1648716907.652327306,3,0.046000
1648716907.674363316,0,0.000000
1648716907.695202525,0,0.000000
1648716907.717772446,0,0.000000
1648716907.741128462,0,0.000000
1648716907.763122669,5,0.059000
1648716907.785035361,0,0.011000
1648716907.806237756,0,0.000000
1648716907.829140622,0,0.000000
1648716907.851339008,0,0.000000
1648716907.871350543,0,0.001000
1648716907.892181282,0,0.000000
1648716907.913732485,2,0.030000
1648716907.933567185,6,0.067000
1648716907.954573438,1,0.015000
1648716907.974548528,2,0.014000
1648716907.996401899,0,0.000000
1648716908.018215273,0,0.000000
1648716908.040173712,7,0.079000
1648716908.061405620,1,0.001000
1648716908.083288002,0,0.000000
1648716908.104734546,0,0.000000
1648716908.127397751,0,0.015000
1648716908.148909894,0,0.007000
1648716908.169175727,0,0.000000
1648716908.192335445,0,0.000000
1648716908.215721339,1,0.009000
1648716908.236134719,0,0.000000
1648716908.257722976,0,0.000000
1648716908.279472873,5,0.067000
1648716908.301429110,1,0.001000
1648716908.325359009,0,0.000000
1648716908.344756110,0,0.000000
1648716908.366496331,0,0.000000
1648716908.385643822,0,0.000000
1648716908.406435795,2,0.015000
1648716908.429697847,0,0.001000
1648716908.452223876,1,0.008000
1648716908.474320123,2,0.022000
1648716908.494795920,3,0.024000
1648716908.516644556,1,0.000000
1648716908.537551412,0,0.008000
1648716908.560900770,0,0.000000
1648716908.584844712,0,0.001000
1648716908.608379749,3,0.036000
1648716908.629805493,5,0.043000
1648716908.650995288,0,0.000000
1648716908.671321893,0,0.009000
1648716908.693742899,0,0.000000
1648716908.717058812,0,0.001000
1648716908.737502097,0,0.000000
1648716908.759436249,1,0.007000
1648716908.780147441,7,0.073000
1648716908.803003731,0,0.000000
1648716908.821259159,0,0.000000
1648716908.843874814,0,0.000000
1648716908.865909381,0,0.000000
1648716908.887195757,1,0.008000
1648716908.909107224,0,0.023000
1648716908.929721026,5,0.059000
1648716908.952367883,5,0.045000
1648716908.973712649,5,0.055000
1648716908.996938721,0,0.000000
1648716909.018550130,0,0.000000
1648716909.040688797,0,0.004000
1648716909.062238458,1,0.000000
1648716909.082818603,0,0.011000
1648716909.104484681,2,0.028000
1648716909.125307912,2,0.015000
1648716909.146099110,3,0.045000
1648716909.167864096,1,0.005000
1648716909.189941971,0,0.000000
1648716909.211640618,1,0.001000
1648716909.232868775,4,0.030000
1648716909.253375976,0,0.014000
1648716909.275488487,3,0.026000
1648716909.295113217,1,0.005000
1648716909.316552600,1,0.028000
1648716909.338023849,2,0.030000
1648716909.358460004,0,0.009000
1648716909.378349750,2,0.035000
1648716909.398360142,6,0.062000
1648716909.420944726,2,0.000000
1648716909.442134320,1,0.014000
1648716909.463271316,0,0.000000
1648716909.485417663,1,0.000000
1648716909.507953871,0,0.000000
1648716909.530191580,1,0.008000
1648716909.552324691,0,0.001000
1648716909.573080490,0,0.004000
1648716909.594440001,1,0.026000
1648716909.616784919,1,0.001000
1648716909.637943746,0,0.000000
1648716909.660082272,0,0.001000
1648716909.683212591,2,0.010000
1648716909.706392748,3,0.041000
1648716909.730026408,1,0.020000
1648716909.752402024,0,0.003000
1648716909.774869775,0,0.001000
1648716909.795870488,0,0.000000
1648716909.816629666,6,0.047000
1648716909.838729655,0,0.000000
1648716909.859701244,0,0.000000
1648716909.880632433,0,0.000000
1648716909.900106658,1,0.000000
1648716909.923243383,6,0.063000
1648716909.945490506,0,0.002000
1648716909.965838624,0,0.013000
1648716909.986788577,1,0.017000
1648716910.008676834,2,0.017000
1648716910.031361090,0,0.007000
1648716910.053101014,0,0.000000
1648716910.074183157,1,0.000000
1648716910.096143730,2,0.020000
1648716910.115865513,0,0.008000
1648716910.138728330,0,0.010000
1648716910.160597610,1,0.031000
1648716910.180683488,5,0.033000
1648716910.203131647,0,0.000000
1648716910.223640051,0,0.000000
1648716910.244177721,0,0.006000
1648716910.266752489,0,0.000000
1648716910.287243019,0,0.004000
1648716910.309907693,1,0.025000
1648716910.332935018,0,0.000000
1648716910.355457613,0,0.000000
1648716910.377720010,0,0.009000
1648716910.401000853,1,0.000000
1648716910.423155229,8,0.077000
1648716910.445161068,0,0.004000
1648716910.466260461,0,0.000000
1648716910.488579876,0,0.000000
1648716910.508436549,0,0.006000
1648716910.529795468,0,0.000000
1648716910.550813182,0,0.000000
1648716910.573348175,0,0.018000
1648716910.594111580,2,0.046000
1648716910.616758738,0,0.000000
1648716910.636986340,1,0.000000
1648716910.659947058,0,0.000000
1648716910.680816709,1,0.022000
1648716910.700843648,0,0.012000
1648716910.721122441,0,0.004000
1648716910.743572484,2,0.011000
1648716910.767335054,3,0.059000
1648716910.788995422,0,0.014000
1648716910.809783154,0,0.007000
1648716910.832051812,0,0.000000
1648716910.854675847,0,0.014000
1648716910.876208272,1,0.015000
1648716910.896841271,0,0.000000
1648716910.919625798,0,0.003000
1648716910.941728657,0,0.008000
1648716910.963137855,5,0.059000
1648716910.984310437,0,0.000000
1648716911.004975660,0,0.010000
1648716911.029056017,2,0.022000
1648716911.051741836,2,0.014000
1648716911.074542195,0,0.000000
1648716911.096098302,6,0.074000
1648716911.120069162,0,0.000000
1648716911.142541097,0,0.000000
1648716911.164183083,0,0.000000
1648716911.184449549,0,0.000000
1648716911.206683686,0,0.001000
1648716911.227566045,1,0.007000
1648716911.248792370,0,0.000000
1648716911.268579613,0,0.000000
1648716911.289913243,2,0.042000
1648716911.311782976,0,0.000000
1648716911.330028376,1,0.006000
1648716911.350232972,1,0.007000
1648716911.371691921,0,0.004000
1648716911.393075095,0,0.009000
1648716911.413374264,5,0.041000
1648716911.434907078,0,0.000000
1648716911.456894291,0,0.006000
1648716911.478312974,1,0.011000
1648716911.499294963,2,0.026000
1648716911.521533866,2,0.012000
1648716911.542904471,1,0.001000
1648716911.563137884,0,0.017000
1648716911.584203953,1,0.007000
1648716911.605415809,6,0.052000
1648716911.626356626,0,0.000000
1648716911.649206146,0,0.000000
1648716911.671419223,0,0.000000
1648716911.692332518,0,0.008000
1648716911.714215271,0,0.005000
1648716911.733787774,0,0.000000
1648716911.752342364,0,0.000000
1648716911.773408767,1,0.000000
1648716911.792891048,3,0.030000
1648716911.814421668,2,0.028000
1648716911.835179940,5,0.052000
1648716911.858192137,1,0.000000
1648716911.881003242,5,0.033000
1648716911.902669750,0,0.000000
1648716911.924667301,0,0.001000
1648716911.947876886,0,0.000000
1648716911.970395415,0,0.001000
1648716911.990619157,1,0.006000
1648716912.011585949,1,0.001000
1648716912.032415420,4,0.038000
1648716912.053563403,0,0.000000
1648716912.075047119,1,0.000000
1648716912.093327055,1,0.000000
1648716912.115395669,2,0.018000
1648716912.137178555,5,0.058000
1648716912.156211154,6,0.069000
1648716912.178052972,0,0.000000
1648716912.198450539,0,0.000000
1648716912.221747232,0,0.000000
1648716912.243549281,6,0.059000
1648716912.264988190,0,0.018000
1648716912.285351541,0,0.000000
1648716912.309451893,0,0.001000
1648716912.332604377,5,0.044000
1648716912.353207441,0,0.006000
1648716912.373911782,0,0.000000
1648716912.395297581,1,0.000000
1648716912.416962590,0,0.009000
1648716912.438017760,0,0.000000
1648716912.460140224,1,0.000000
1648716912.481840245,1,0.005000
1648716912.503804143,2,0.036000
1648716912.524920909,0,0.000000
1648716912.547226700,0,0.000000
1648716912.568393230,0,0.000000
1648716912.588438976,0,0.007000
1648716912.608641464,1,0.000000
1648716912.628208369,1,0.008000
1648716912.648933526,3,0.031000
1648716912.670995178,3,0.034000
1648716912.692063014,4,0.046000
1648716912.712124403,1,0.002000
1648716912.734041149,1,0.013000
1648716912.754999202,0,0.011000
1648716912.774866067,0,0.000000
1648716912.798117806,0,0.000000
1648716912.820980544,0,0.001000
1648716912.842420973,0,0.000000
1648716912.865152065,0,0.000000
1648716912.886865961,0,0.001000
1648716912.909217183,0,0.000000
1648716912.930897663,0,0.015000
1648716912.954143891,0,0.024000
1648716912.975825069,1,0.001000
1648716912.998146912,0,0.000000
1648716913.019594457,0,0.000000
1648716913.041789172,1,0.001000
1648716913.063818247,1,0.007000
1648716913.084287923,0,0.003000
1648716913.104475171,4,0.058000
1648716913.126229523,0,0.000000
1648716913.147561391,0,0.000000
1648716913.167634878,2,0.023000
1648716913.187923104,0,0.012000
1648716913.208848448,0,0.000000
1648716913.232633086,0,0.000000
1648716913.252948468,0,0.001000
1648716913.274927513,0,0.000000
1648716913.294975478,0,0.008000
1648716913.316247963,0,0.000000
1648716913.338707758,0,0.008000
1648716913.360255720,0,0.003000
1648716913.381448631,1,0.008000
1648716913.403575160,0,0.000000
1648716913.425040472,1,0.008000
1648716913.445738064,3,0.053000
1648716913.466721319,0,0.000000
1648716913.485991388,1,0.007000
1648716913.507437276,7,0.069000
1648716913.530747221,2,0.000000
1648716913.550508675,6,0.062000
1648716913.571434372,0,0.000000
1648716913.592221772,0,0.000000
1648716913.615531811,0,0.000000
1648716913.638453944,1,0.004000
1648716913.660140868,0,0.000000
1648716913.682004467,0,0.000000
1648716913.701946162,0,0.004000
1648716913.724024698,0,0.000000
1648716913.746409149,3,0.023000
1648716913.766272543,2,0.012000
1648716913.790349036,0,0.001000
1648716913.812860465,0,0.003000
1648716913.834044421,1,0.004000
1648716913.855266605,3,0.035000
1648716913.875649569,1,0.010000
1648716913.895194531,3,0.026000
1648716913.916194635,1,0.003000
1648716913.934627841,4,0.046000
1648716913.953285737,2,0.024000
1648716913.974462336,0,0.000000
1648716913.996370275,0,0.004000
1648716914.018397355,0,0.000000
1648716914.041341344,0,0.000000
1648716914.060933839,0,0.011000
1648716914.083426427,0,0.000000
1648716914.105464144,0,0.007000
1648716914.127820554,5,0.053000
1648716914.147382685,1,0.015000
1648716914.168218976,0,0.011000
1648716914.189752221,0,0.002000
1648716914.212351252,0,0.000000
1648716914.237389464,0,0.000000
1648716914.257056875,0,0.002000
1648716914.277734113,0,0.000000
1648716914.299609609,0,0.001000
1648716914.321124972,1,0.016000
1648716914.343196614,1,0.005000
1648716914.364564914,1,0.029000
1648716914.385367394,1,0.008000
1648716914.406177053,0,0.000000
1648716914.428441181,0,0.001000
1648716914.450972040,0,0.000000
1648716914.473452365,0,0.000000
1648716914.494023446,0,0.006000
1648716914.518185408,0,0.000000
1648716914.540262207,2,0.018000
1648716914.564005138,3,0.023000
1648716914.584626238,2,0.021000
1648716914.607081208,5,0.079000
1648716914.629037843,0,0.000000
1648716914.651285070,1,0.000000
1648716914.673138903,4,0.053000
1648716914.693197703,0,0.000000
1648716914.714732088,0,0.000000
1648716914.735424473,0,0.000000
1648716914.754121079,0,0.000000
1648716914.775392561,1,0.001000
1648716914.796424749,0,0.000000
1648716914.819138256,4,0.035000
1648716914.840460461,0,0.000000
1648716914.862595420,0,0.000000
1648716914.885442965,0,0.000000
1648716914.907505091,0,0.000000
1648716914.929067268,4,0.047000
1648716914.950343734,0,0.000000
1648716914.971122840,1,0.013000
1648716914.995959051,0,0.014000
1648716915.017089311,2,0.032000
1648716915.038438382,0,0.011000
1648716915.059975516,5,0.035000
1648716915.081469778,0,0.007000
1648716915.103598738,0,0.000000
1648716915.126543733,0,0.000000
1648716915.148499087,3,0.041000
1648716915.171141658,0,0.000000
1648716915.191973252,0,0.000000
1648716915.214598129,0,0.025000
1648716915.237306147,8,0.083000
1648716915.257312982,5,0.072000
1648716915.278115162,7,0.075000
1648716915.299810060,2,0.017000
1648716915.321344826,1,0.011000
1648716915.342009419,0,0.006000
1648716915.364909816,0,0.004000
1648716915.387265514,0,0.000000
1648716915.409360064,4,0.034000
1648716915.433209849,2,0.012000
1648716915.452770259,7,0.100000
1648716915.473889391,0,0.000000
1648716915.496885008,0,0.023000
1648716915.518833926,1,0.043000
1648716915.540900178,3,0.048000
1648716915.563498127,1,0.004000
1648716915.586467665,0,0.000000
1648716915.609887514,1,0.006000
1648716915.630823532,0,0.000000
1648716915.652921781,0,0.004000
1648716915.675116981,0,0.002000
1648716915.698780619,0,0.000000
1648716915.719183940,0,0.011000
1648716915.742569767,6,0.057000
1648716915.764710836,0,0.000000
1648716915.787430765,0,0.007000
1648716915.810010130,4,0.050000
1648716915.829938483,1,0.010000
1648716915.853035076,0,0.000000
1648716915.875385156,0,0.003000
1648716915.898509154,0,0.023000
1648716915.920128515,6,0.077000
1648716915.942931887,0,0.000000
1648716915.965753679,0,0.000000
1648716915.987459652,6,0.059000
1648716916.011867775,2,0.020000
1648716916.034639355,0,0.000000
1648716916.058902167,0,0.005000
1648716916.080052813,0,0.000000
1648716916.100792286,0,0.004000
1648716916.120392004,1,0.005000
1648716916.140800716,5,0.052000
1648716916.161144421,0,0.000000
1648716916.184282624,2,0.009000
1648716916.206159869,2,0.054000
1648716916.227322851,0,0.000000
1648716916.248641343,0,0.000000
1648716916.270854759,2,0.008000
1648716916.291688266,1,0.018000
1648716916.314336825,1,0.010000
1648716916.335722212,0,0.000000
1648716916.359415571,0,0.000000
1648716916.382361654,0,0.000000
1648716916.405367419,0,0.000000
1648716916.426057050,1,0.035000
1648716916.447467751,0,0.000000
1648716916.471131860,0,0.000000
1648716916.493956944,3,0.030000
1648716916.516133920,0,0.000000
1648716916.537453492,0,0.000000
1648716916.558793640,1,0.018000
1648716916.580915134,3,0.034000
1648716916.601389533,0,0.000000
1648716916.623784740,0,0.000000
1648716916.643404711,0,0.000000
1648716916.665492498,0,0.000000
1648716916.688379114,0,0.005000
1648716916.709537337,0,0.000000
1648716916.730968831,0,0.000000
1648716916.751747981,0,0.004000
1648716916.772873673,0,0.004000
1648716916.794310035,0,0.000000
1648716916.817936123,1,0.001000
1648716916.838331575,2,0.011000
1648716916.858671445,6,0.083000
1648716916.879575720,0,0.000000
1648716916.900669916,0,0.000000
1648716916.921014068,0,0.000000
1648716916.942306369,0,0.000000
1648716916.963016620,0,0.000000
1648716916.985646457,1,0.010000
1648716917.007648458,0,0.000000
1648716917.029820690,0,0.000000
1648716917.051920242,2,0.013000
1648716917.072398133,4,0.070000
1648716917.092104726,1,0.011000
1648716917.111934869,0,0.011000
1648716917.135316273,0,0.000000
1648716917.155338801,2,0.028000
1648716917.175151242,2,0.032000
1648716917.196023220,0,0.004000
1648716917.217894411,0,0.000000
1648716917.238056157,0,0.010000
1648716917.259839496,0,0.000000
1648716917.280798541,3,0.043000
1648716917.302961175,5,0.058000
1648716917.323925060,5,0.046000
1648716917.345863280,4,0.048000
1648716917.367628764,0,0.000000
1648716917.388383638,1,0.019000
1648716917.409495932,0,0.010000
1648716917.431451292,3,0.021000
1648716917.454497878,0,0.011000
1648716917.476665914,3,0.038000
1648716917.495284375,1,0.023000
1648716917.515957042,0,0.000000
1648716917.537028749,0,0.000000
1648716917.559245319,1,0.005000
1648716917.581357838,0,0.000000
1648716917.601849045,3,0.038000
1648716917.624281514,0,0.005000
1648716917.645680424,0,0.000000
1648716917.666865522,0,0.001000
1648716917.688901701,0,0.001000
1648716917.709832427,0,0.001000
1648716917.731744017,0,0.001000
1648716917.751659674,0,0.001000
1648716917.774539627,0,0.001000
1648716917.794818054,0,0.001000
1648716917.815903761,0,0.001000
1648716917.837543908,0,0.001000
1648716917.858853234,0,0.001000
1648716917.881860246,0,0.001000
