1648724136.219156158,1,0.038000
1648724136.240928752,0,0.000000
1648724136.264776811,0,0.007000
1648724136.286337557,2,0.013000
1648724136.308735767,2,0.018000
1648724136.333308612,6,0.074000
1648724136.356650225,2,0.007000
1648724136.380247619,1,0.017000
1648724136.401759860,0,0.010000
1648724136.424814952,0,0.021000
1648724136.446888394,0,0.009000
1648724136.467988867,3,0.039000
1648724136.491955466,1,0.025000
1648724136.515709309,0,0.023000
1648724136.538389732,1,0.006000
1648724136.560718050,0,0.000000
1648724136.584215081,2,0.033000
1648724136.604774088,0,0.002000
1648724136.627213863,1,0.011000
1648724136.649748279,0,0.000000
1648724136.672846089,0,0.006000
1648724136.695771192,2,0.014000
1648724136.718915697,0,0.009000
1648724136.742030596,0,0.000000
1648724136.765116648,0,0.011000
1648724136.788633099,1,0.000000
1648724136.809820891,2,0.011000
1648724136.833754289,0,0.002000
1648724136.856326818,1,0.022000
1648724136.880222068,2,0.032000
1648724136.903090676,0,0.000000
1648724136.925724643,1,0.007000
1648724136.949041540,2,0.017000
1648724136.972046256,1,0.009000
1648724136.995050129,0,0.011000
1648724137.017586160,4,0.055000
1648724137.038915381,3,0.017000
1648724137.063139345,1,0.016000
1648724137.086908211,5,0.050000
1648724137.109293542,0,0.000000
1648724137.131925442,3,0.014000
1648724137.154936694,0,0.000000
1648724137.176338232,2,0.019000
1648724137.198501005,0,0.000000
1648724137.222207553,0,0.000000
1648724137.245904674,0,0.005000
1648724137.270111895,1,0.011000
1648724137.293192195,1,0.031000
1648724137.315896752,0,0.000000
1648724137.336924981,3,0.026000
1648724137.359037173,2,0.000000
1648724137.381249049,3,0.009000
1648724137.407096150,0,0.000000
1648724137.429411812,1,0.009000
1648724137.451807092,1,0.015000
1648724137.473999405,2,0.020000
1648724137.497900856,0,0.000000
1648724137.521610479,2,0.026000
1648724137.545645632,1,0.000000
1648724137.568352301,5,0.051000
1648724137.591754265,0,0.000000
1648724137.614075532,0,0.000000
1648724137.636114265,0,0.000000
1648724137.659764841,0,0.018000
1648724137.682133196,0,0.000000
1648724137.706030238,0,0.011000
1648724137.728734113,1,0.001000
1648724137.751186378,2,0.034000
1648724137.773169990,0,0.000000
1648724137.797172775,1,0.019000
1648724137.821127223,2,0.039000
1648724137.844541601,5,0.046000
1648724137.868405436,2,0.024000
1648724137.891865736,0,0.018000
1648724137.915926038,0,0.008000
1648724137.939339654,4,0.017000
1648724137.962678116,0,0.003000
1648724137.985905802,4,0.066000
1648724138.008477101,1,0.016000
1648724138.031282086,0,0.004000
1648724138.055509849,0,0.003000
1648724138.076138485,1,0.005000
1648724138.096123182,0,0.002000
1648724138.115687180,0,0.000000
1648724138.137674057,1,0.000000
1648724138.159096582,0,0.000000
1648724138.178223228,2,0.012000
1648724138.196888514,2,0.017000
1648724138.215958409,0,0.000000
1648724138.236681387,0,0.003000
1648724138.256054159,0,0.009000
1648724138.275383445,0,0.028000
1648724138.293618618,1,0.012000
1648724138.314595263,1,0.008000
1648724138.334762430,1,0.000000
1648724138.356670503,0,0.011000
1648724138.375149169,1,0.000000
1648724138.395558429,1,0.000000
1648724138.415599415,2,0.010000
1648724138.437480470,1,0.026000
1648724138.458623977,1,0.014000
1648724138.479494354,5,0.060000
1648724138.503179029,0,0.014000
1648724138.523321685,1,0.000000
1648724138.543599898,3,0.004000
1648724138.563284311,2,0.016000
1648724138.586795734,0,0.000000
1648724138.608946357,0,0.012000
1648724138.628862706,1,0.035000
1648724138.648898562,2,0.025000
1648724138.670504900,1,0.024000
1648724138.692582897,0,0.001000
1648724138.714350304,1,0.009000
1648724138.736698817,0,0.000000
1648724138.758257135,0,0.010000
1648724138.778785610,1,0.011000
1648724138.800782077,0,0.000000
1648724138.822170286,0,0.000000
1648724138.841772388,5,0.059000
1648724138.863020795,0,0.012000
1648724138.883056942,0,0.000000
1648724138.904305221,0,0.000000
1648724138.927183731,2,0.010000
1648724138.946121186,1,0.012000
1648724138.968645523,2,0.011000
1648724138.992286947,1,0.001000
1648724139.011509395,1,0.004000
1648724139.033816785,3,0.037000
1648724139.055007157,0,0.000000
1648724139.078503580,8,0.081000
1648724139.099277812,1,0.007000
1648724139.120400287,0,0.000000
1648724139.141070408,2,0.021000
1648724139.162992969,0,0.000000
1648724139.183708933,6,0.055000
1648724139.204683896,5,0.085000
1648724139.226408859,0,0.000000
1648724139.249718978,5,0.070000
1648724139.268488068,1,0.024000
1648724139.286985189,0,0.005000
1648724139.309004207,1,0.001000
1648724139.330387332,9,0.104000
1648724139.352429515,0,0.000000
1648724139.372327923,5,0.040000
1648724139.393368063,0,0.031000
1648724139.414555217,1,0.004000
1648724139.435944154,0,0.012000
1648724139.456337014,1,0.013000
1648724139.477052163,8,0.085000
1648724139.498284460,2,0.003000
1648724139.519798197,1,0.004000
1648724139.538298370,1,0.004000
1648724139.559649477,2,0.019000
1648724139.579748639,2,0.021000
1648724139.601733541,1,0.016000
1648724139.622580091,0,0.006000
1648724139.643496667,2,0.003000
1648724139.664088825,0,0.000000
1648724139.682387226,1,0.008000
1648724139.702328103,2,0.015000
1648724139.722962397,1,0.000000
1648724139.744160691,0,0.000000
1648724139.764381416,1,0.011000
1648724139.784809465,1,0.013000
1648724139.805916973,1,0.000000
1648724139.825178838,0,0.000000
1648724139.845029616,2,0.051000
1648724139.867216548,0,0.000000
1648724139.887333382,0,0.000000
1648724139.910449624,1,0.007000
1648724139.932838790,0,0.012000
1648724139.953093695,0,0.004000
1648724139.973135151,0,0.029000
1648724139.994471650,1,0.006000
1648724140.015785768,1,0.000000
1648724140.039486353,0,0.005000
1648724140.062176045,1,0.030000
1648724140.082405754,2,0.011000
1648724140.103208700,3,0.052000
1648724140.123640467,1,0.029000
1648724140.146331927,9,0.089000
1648724140.166253888,2,0.023000
1648724140.188723794,0,0.000000
1648724140.211777977,0,0.000000
1648724140.232352336,2,0.007000
1648724140.253417998,1,0.023000
1648724140.273887040,2,0.018000
1648724140.294582573,11,0.093000
1648724140.316071720,0,0.000000
1648724140.336195798,6,0.059000
1648724140.356812347,0,0.011000
1648724140.378883551,0,0.000000
1648724140.400479506,0,0.017000
1648724140.419581147,0,0.010000
1648724140.439860763,0,0.000000
1648724140.459465814,0,0.000000
1648724140.479860340,2,0.037000
1648724140.503477357,1,0.008000
1648724140.521885555,0,0.013000
1648724140.543529972,1,0.017000
1648724140.564594240,6,0.071000
1648724140.586100759,0,0.001000
1648724140.608201486,4,0.057000
1648724140.628990847,0,0.000000
1648724140.647400004,2,0.017000
1648724140.669956502,2,0.012000
1648724140.689975556,1,0.004000
1648724140.711438045,1,0.001000
1648724140.732438055,2,0.007000
1648724140.753649391,1,0.001000
1648724140.774969204,0,0.000000
1648724140.795780229,0,0.000000
1648724140.818241638,0,0.017000
1648724140.839047240,0,0.011000
1648724140.859761720,1,0.011000
1648724140.880942337,2,0.003000
1648724140.903262843,0,0.015000
1648724140.923754635,2,0.037000
1648724140.945339105,0,0.000000
1648724140.966436221,1,0.014000
1648724140.987154577,3,0.006000
1648724141.007247472,0,0.002000
1648724141.026456974,0,0.000000
1648724141.048922122,1,0.012000
1648724141.069200281,0,0.000000
1648724141.091336816,0,0.000000
1648724141.112418269,1,0.018000
1648724141.134437954,1,0.000000
1648724141.155334585,0,0.000000
1648724141.175650860,0,0.003000
1648724141.195617551,1,0.012000
1648724141.217903643,1,0.020000
1648724141.237257866,3,0.048000
1648724141.260142122,0,0.013000
1648724141.280045430,1,0.013000
1648724141.300460149,2,0.006000
1648724141.323212669,0,0.004000
1648724141.343890952,0,0.005000
1648724141.365404138,2,0.001000
1648724141.387079752,0,0.000000
1648724141.407273169,0,0.000000
1648724141.427559909,0,0.013000
1648724141.448745086,1,0.000000
1648724141.471908433,3,0.015000
1648724141.491425313,0,0.000000
1648724141.513559325,1,0.012000
1648724141.535873187,0,0.003000
1648724141.558281655,6,0.075000
1648724141.578498713,0,0.000000
1648724141.600729177,0,0.000000
1648724141.621498617,1,0.012000
1648724141.642484280,0,0.018000
1648724141.664862432,0,0.000000
1648724141.684214697,2,0.018000
1648724141.703497429,1,0.004000
1648724141.725191934,2,0.004000
1648724141.746045025,1,0.014000
1648724141.766994025,5,0.058000
1648724141.787390978,8,0.077000
1648724141.809508322,9,0.102000
1648724141.832220599,0,0.003000
1648724141.850132209,10,0.106000
1648724141.870490293,2,0.008000
1648724141.890833352,1,0.017000
1648724141.912016752,11,0.138000
1648724141.933429712,1,0.001000
1648724141.954980357,1,0.000000
1648724141.975841739,2,0.010000
1648724141.995678954,0,0.000000
1648724142.017351133,2,0.013000
1648724142.036394742,1,0.005000
1648724142.058832905,1,0.000000
1648724142.079984865,0,0.004000
1648724142.100788577,2,0.016000
1648724142.121087022,2,0.028000
1648724142.140778728,1,0.011000
1648724142.162625270,0,0.000000
1648724142.183719007,0,0.008000
1648724142.205601648,0,0.008000
1648724142.229166337,2,0.008000
1648724142.252252050,2,0.017000
1648724142.271652922,3,0.001000
1648724142.292994146,1,0.005000
1648724142.314363943,0,0.004000
1648724142.335735319,0,0.000000
1648724142.357645072,0,0.000000
1648724142.378355333,0,0.000000
1648724142.400276646,0,0.000000
1648724142.421222505,0,0.004000
1648724142.440705799,1,0.017000
1648724142.461325907,2,0.024000
1648724142.482993480,5,0.067000
1648724142.504219050,2,0.015000
1648724142.526776604,0,0.000000
1648724142.547782881,7,0.094000
1648724142.567540219,1,0.004000
1648724142.589047541,1,0.000000
1648724142.610476652,0,0.000000
1648724142.631510729,0,0.005000
1648724142.652229228,1,0.019000
1648724142.671944034,0,0.006000
1648724142.694053888,4,0.042000
1648724142.718158071,0,0.021000
1648724142.741286281,4,0.056000
1648724142.762116211,0,0.008000
1648724142.784310440,14,0.169000
1648724142.803296791,1,0.010000
1648724142.823862083,3,0.022000
1648724142.846489502,0,0.007000
1648724142.868419597,0,0.000000
1648724142.888309587,1,0.003000
1648724142.910077973,1,0.001000
1648724142.931033197,0,0.000000
1648724142.950935344,1,0.032000
1648724142.970359123,0,0.001000
1648724142.992669684,0,0.004000
1648724143.012251245,0,0.006000
1648724143.033647688,1,0.020000
1648724143.053128860,1,0.022000
1648724143.075014349,0,0.000000
1648724143.096140757,1,0.000000
1648724143.117393811,3,0.057000
1648724143.139401647,3,0.053000
1648724143.162025795,8,0.085000
1648724143.182787097,0,0.000000
1648724143.203125111,1,0.000000
1648724143.224567112,2,0.013000
1648724143.245787033,2,0.027000
1648724143.267918244,2,0.023000
1648724143.288229329,1,0.007000
1648724143.309595010,0,0.000000
1648724143.330125138,0,0.002000
1648724143.351963070,2,0.010000
1648724143.373359432,1,0.000000
1648724143.395974752,0,0.000000
1648724143.414650390,0,0.013000
1648724143.436036976,0,0.017000
1648724143.457843824,4,0.031000
1648724143.483094188,0,0.000000
1648724143.504166753,0,0.000000
1648724143.525862752,0,0.004000
1648724143.548697278,2,0.019000
1648724143.568784445,0,0.000000
1648724143.591246724,0,0.002000
1648724143.613966223,4,0.065000
1648724143.635447228,0,0.000000
1648724143.655935643,2,0.006000
1648724143.677549860,1,0.000000
1648724143.698775322,0,0.000000
1648724143.722282602,2,0.028000
1648724143.743490236,0,0.000000
1648724143.766071264,8,0.090000
1648724143.786586701,0,0.000000
1648724143.807914395,15,0.144000
1648724143.827958973,0,0.018000
1648724143.847486913,3,0.047000
1648724143.867838984,0,0.026000
1648724143.889084057,2,0.011000
1648724143.909149029,1,0.015000
1648724143.928986204,1,0.000000
1648724143.949641035,0,0.000000
1648724143.970775943,0,0.000000
1648724143.990973161,0,0.003000
1648724144.011433854,3,0.017000
1648724144.032234604,0,0.005000
1648724144.052012081,0,0.004000
1648724144.075647214,0,0.000000
1648724144.098109381,1,0.013000
1648724144.120023569,2,0.008000
1648724144.140112559,0,0.000000
1648724144.160991413,0,0.000000
1648724144.180696818,0,0.000000
1648724144.202781110,1,0.015000
1648724144.221935654,0,0.000000
1648724144.242937800,1,0.000000
1648724144.264461665,0,0.004000
1648724144.284204708,1,0.011000
1648724144.304025315,0,0.000000
1648724144.325113571,0,0.000000
1648724144.346562178,1,0.022000
1648724144.366527931,0,0.000000
1648724144.385784505,0,0.000000
1648724144.406044831,0,0.011000
1648724144.427049289,0,0.006000
1648724144.447584456,1,0.015000
1648724144.468295204,10,0.107000
1648724144.491078189,1,0.023000
1648724144.512217157,0,0.000000
1648724144.535252725,0,0.000000
1648724144.556252031,0,0.000000
1648724144.577477896,0,0.000000
1648724144.598280769,2,0.017000
1648724144.619997863,0,0.000000
1648724144.641911363,4,0.030000
1648724144.663765954,0,0.012000
1648724144.683406090,2,0.040000
1648724144.704476996,0,0.004000
1648724144.724372155,3,0.019000
1648724144.744496813,1,0.007000
1648724144.766243273,0,0.000000
1648724144.785233318,2,0.016000
1648724144.807286796,0,0.001000
1648724144.828714479,0,0.013000
1648724144.851706174,0,0.010000
1648724144.872802604,0,0.000000
1648724144.895331153,0,0.000000
1648724144.917071174,0,0.000000
1648724144.937140610,0,0.000000
1648724144.957539772,8,0.090000
1648724144.978283267,1,0.017000
1648724145.001540946,0,0.023000
1648724145.020239978,6,0.061000
1648724145.042182910,0,0.000000
1648724145.063043730,7,0.087000
1648724145.084004861,1,0.013000
1648724145.104292971,0,0.016000
1648724145.125924037,0,0.000000
1648724145.146088074,0,0.000000
1648724145.166771204,0,0.000000
1648724145.186380388,1,0.012000
1648724145.208654536,1,0.013000
1648724145.228880180,2,0.022000
1648724145.251124498,0,0.017000
1648724145.272615888,1,0.014000
1648724145.291965807,6,0.058000
1648724145.312739826,3,0.038000
1648724145.332155777,1,0.025000
1648724145.353009196,2,0.001000
1648724145.372339116,2,0.015000
1648724145.392080043,0,0.000000
1648724145.414090207,1,0.012000
1648724145.433935689,0,0.000000
1648724145.457302190,0,0.000000
1648724145.478038311,1,0.035000
1648724145.497469112,1,0.000000
1648724145.518992091,8,0.107000
1648724145.541056926,0,0.000000
1648724145.560901591,1,0.013000
1648724145.582661412,0,0.010000
1648724145.603973465,2,0.015000
1648724145.625565177,1,0.021000
1648724145.646259384,3,0.014000
1648724145.666089124,0,0.000000
1648724145.687549283,8,0.083000
1648724145.711897516,2,0.023000
1648724145.733987623,1,0.000000
1648724145.753846150,2,0.000000
1648724145.776541280,2,0.016000
1648724145.796177392,6,0.076000
1648724145.815056443,0,0.000000
1648724145.834165488,9,0.104000
1648724145.855364883,1,0.008000
1648724145.873537932,2,0.014000
1648724145.895034606,1,0.000000
1648724145.915570678,0,0.007000
1648724145.938406905,1,0.004000
1648724145.958839013,5,0.036000
1648724145.980169253,1,0.001000
1648724146.000258009,2,0.028000
1648724146.021552502,0,0.000000
1648724146.041406179,0,0.005000
1648724146.061893263,1,0.016000
1648724146.084436734,3,0.012000
1648724146.106612442,1,0.028000
1648724146.128889301,2,0.004000
1648724146.150009386,0,0.006000
1648724146.171006270,2,0.020000
1648724146.189130185,4,0.033000
1648724146.210445603,0,0.008000
1648724146.229646509,6,0.077000
1648724146.250636847,0,0.000000
1648724146.272286818,15,0.179000
1648724146.296018368,1,0.029000
1648724146.318438370,4,0.033000
1648724146.338329230,0,0.000000
1648724146.359658763,5,0.068000
1648724146.380183369,0,0.000000
1648724146.403096675,0,0.016000
1648724146.423115163,1,0.000000
1648724146.443490111,0,0.004000
1648724146.465120565,4,0.048000
1648724146.487115120,0,0.000000
1648724146.508660443,0,0.008000
1648724146.527620343,8,0.094000
1648724146.551418768,0,0.000000
1648724146.573321664,1,0.008000
1648724146.594014603,0,0.018000
1648724146.615118570,0,0.000000
1648724146.636605421,1,0.028000
1648724146.658117756,0,0.008000
1648724146.680445351,0,0.000000
1648724146.700317179,0,0.000000
1648724146.722231398,0,0.000000
1648724146.744146023,2,0.000000
1648724146.765086068,0,0.000000
1648724146.783626620,0,0.001000
1648724146.807548831,0,0.000000
1648724146.828296986,2,0.012000
1648724146.850426007,1,0.006000
1648724146.872348169,6,0.058000
1648724146.896167359,5,0.065000
1648724146.917863239,0,0.004000
1648724146.938972098,1,0.003000
1648724146.959049716,0,0.013000
1648724146.977850485,1,0.029000
1648724147.000967116,0,0.000000
1648724147.018481883,0,0.001000
1648724147.039929799,3,0.030000
1648724147.061025288,3,0.031000
1648724147.081808319,1,0.020000
1648724147.102183822,1,0.006000
1648724147.122051456,0,0.000000
1648724147.142816072,0,0.000000
1648724147.165478150,2,0.021000
1648724147.188115032,0,0.000000
1648724147.209686158,1,0.000000
1648724147.232023327,1,0.019000
1648724147.253193040,0,0.009000
1648724147.275433200,0,0.016000
1648724147.296370918,1,0.023000
1648724147.317347312,0,0.000000
1648724147.338119812,5,0.061000
1648724147.360914418,1,0.021000
1648724147.383037337,2,0.011000
1648724147.404445789,0,0.000000
1648724147.424425099,1,0.005000
1648724147.446971453,3,0.016000
1648724147.468530812,0,0.000000
1648724147.490533499,3,0.022000
1648724147.513287858,5,0.057000
1648724147.536403103,0,0.015000
1648724147.556478002,7,0.078000
1648724147.577336498,1,0.017000
1648724147.600377633,11,0.101000
1648724147.624298162,2,0.006000
1648724147.643967602,1,0.008000
1648724147.664983080,1,0.010000
1648724147.686752451,5,0.093000
1648724147.708445700,0,0.000000
1648724147.730089766,1,0.015000
1648724147.752346601,1,0.028000
1648724147.772751939,2,0.007000
1648724147.794381934,2,0.018000
1648724147.814946081,2,0.024000
1648724147.835302862,1,0.026000
1648724147.855943049,0,0.000000
1648724147.878333941,0,0.019000
1648724147.901501069,0,0.005000
1648724147.922683061,0,0.000000
1648724147.944295879,1,0.000000
1648724147.965084792,0,0.000000
1648724147.986116779,0,0.000000
1648724148.010740321,0,0.007000
1648724148.033428995,2,0.007000
1648724148.052481572,0,0.012000
1648724148.073911438,1,0.005000
1648724148.094074083,1,0.010000
1648724148.117051658,0,0.000000
1648724148.136014587,3,0.025000
1648724148.156590523,1,0.019000
1648724148.176144701,1,0.021000
1648724148.197937964,0,0.000000
1648724148.217345329,0,0.007000
1648724148.237769393,0,0.001000
1648724148.257146892,0,0.000000
1648724148.279201404,0,0.002000
1648724148.303375796,0,0.000000
1648724148.324792416,4,0.074000
1648724148.345010204,0,0.009000
1648724148.366494630,16,0.174000
1648724148.388272441,1,0.003000
1648724148.409352621,4,0.031000
1648724148.431194940,0,0.007000
1648724148.451257771,0,0.000000
1648724148.473114836,0,0.000000
1648724148.496315386,0,0.000000
1648724148.519578670,1,0.011000
1648724148.542050840,0,0.000000
1648724148.560327298,1,0.012000
1648724148.581567329,1,0.014000
1648724148.604016132,3,0.009000
1648724148.625068101,0,0.016000
1648724148.647471941,0,0.000000
1648724148.667721063,0,0.000000
1648724148.688218849,1,0.011000
1648724148.708479207,0,0.003000
1648724148.729321086,0,0.000000
1648724148.752011325,4,0.002000
1648724148.775623646,2,0.021000
1648724148.798201140,2,0.016000
1648724148.819419782,2,0.020000
1648724148.841717017,0,0.000000
1648724148.862856035,1,0.009000
1648724148.882617994,2,0.039000
1648724148.903755019,2,0.018000
1648724148.928105259,0,0.024000
1648724148.950943916,3,0.039000
1648724148.974586380,4,0.026000
1648724148.993969648,0,0.012000
1648724149.015729547,3,0.034000
1648724149.038937113,1,0.007000
1648724149.059968709,1,0.014000
1648724149.081144747,5,0.052000
1648724149.102661216,1,0.003000
1648724149.124200860,3,0.016000
1648724149.145367869,0,0.000000
1648724149.166732128,1,0.007000
1648724149.190171536,0,0.000000
1648724149.212205314,1,0.005000
1648724149.231226474,0,0.013000
1648724149.253216457,5,0.054000
1648724149.275405174,0,0.000000
1648724149.297597181,0,0.011000
1648724149.321596801,3,0.028000
1648724149.342537321,0,0.000000
1648724149.365959163,1,0.014000
1648724149.387990745,0,0.011000
1648724149.407786801,0,0.000000
1648724149.432971654,1,0.012000
1648724149.456020751,2,0.001000
1648724149.478873072,1,0.011000
1648724149.500880295,1,0.007000
1648724149.521802950,1,0.002000
1648724149.542289650,0,0.001000
1648724149.563410643,0,0.000000
1648724149.587508824,2,0.016000
1648724149.609569252,1,0.011000
1648724149.633482409,1,0.028000
1648724149.657385140,0,0.000000
1648724149.678788349,5,0.083000
1648724149.698769736,0,0.000000
1648724149.719391028,0,0.023000
1648724149.740738855,3,0.032000
1648724149.761106572,2,0.020000
1648724149.783879471,2,0.013000
1648724149.805928510,2,0.017000
1648724149.826393479,1,0.000000
1648724149.847479994,2,0.012000
1648724149.870102524,2,0.010000
1648724149.892199038,1,0.000000
1648724149.911568509,3,0.042000
1648724149.932073043,0,0.007000
1648724149.954025758,1,0.017000
1648724149.976420911,1,0.023000
1648724149.998825775,3,0.020000
1648724150.021023568,0,0.003000
1648724150.041536080,1,0.012000
1648724150.063123336,0,0.001000
1648724150.088124888,2,0.013000
1648724150.109383810,3,0.050000
1648724150.129505987,1,0.008000
1648724150.150882095,2,0.017000
1648724150.172948397,0,0.010000
1648724150.193769099,9,0.088000
1648724150.216881665,0,0.008000
1648724150.238857267,9,0.097000
1648724150.259427004,0,0.000000
1648724150.281491741,0,0.000000
1648724150.301636833,2,0.022000
1648724150.324901714,1,0.000000
1648724150.346242653,0,0.000000
1648724150.366195159,8,0.078000
1648724150.388638052,1,0.019000
1648724150.410664871,3,0.009000
1648724150.433081148,0,0.006000
1648724150.453226792,0,0.000000
1648724150.475162769,2,0.036000
1648724150.497898479,0,0.021000
1648724150.518897585,0,0.015000
1648724150.540371389,0,0.000000
1648724150.562372814,5,0.041000
1648724150.584414814,1,0.006000
1648724150.605641098,0,0.000000
1648724150.627002996,1,0.026000
1648724150.648812872,0,0.000000
1648724150.669990563,3,0.020000
1648724150.690924110,0,0.000000
1648724150.712574286,3,0.028000
1648724150.733094609,6,0.057000
1648724150.753722462,1,0.000000
1648724150.775769597,0,0.000000
1648724150.798177206,2,0.026000
1648724150.818607242,0,0.000000
1648724150.840717396,0,0.000000
1648724150.862588012,7,0.087000
1648724150.883933702,0,0.000000
1648724150.905586923,6,0.055000
1648724150.925252451,0,0.000000
1648724150.946241924,1,0.019000
1648724150.969038420,0,0.004000
1648724150.990077863,1,0.012000
1648724151.013680583,3,0.045000
1648724151.036116246,1,0.011000
1648724151.058753165,0,0.013000
1648724151.083002582,0,0.000000
1648724151.103795432,2,0.017000
1648724151.127264971,0,0.000000
1648724151.150640918,1,0.021000
1648724151.172699650,3,0.020000
1648724151.195228745,3,0.035000
1648724151.215372674,0,0.007000
1648724151.237948489,0,0.001000
1648724151.260754769,0,0.026000
1648724151.283208614,3,0.017000
1648724151.303292431,2,0.008000
1648724151.323775416,0,0.000000
1648724151.346694584,3,0.025000
1648724151.368969210,0,0.007000
1648724151.391388410,2,0.055000
1648724151.413358457,3,0.013000
1648724151.434231400,2,0.017000
1648724151.457502309,0,0.011000
1648724151.479924035,0,0.004000
1648724151.502036036,4,0.025000
1648724151.524174795,0,0.009000
1648724151.546421655,2,0.001000
1648724151.568428548,0,0.001000
1648724151.590199869,1,0.022000
1648724151.611094085,0,0.016000
1648724151.632960058,1,0.003000
1648724151.652805592,1,0.036000
1648724151.672706536,1,0.009000
1648724151.694500191,0,0.000000
1648724151.716338128,3,0.042000
1648724151.735959294,1,0.003000
1648724151.757261841,0,0.005000
1648724151.780220314,1,0.005000
1648724151.801909646,1,0.018000
1648724151.821157176,1,0.024000
1648724151.841912089,0,0.000000
1648724151.861370434,3,0.017000
1648724151.882723815,0,0.009000
1648724151.904473911,0,0.000000
1648724151.925552390,0,0.005000
1648724151.946023824,5,0.069000
1648724151.966426886,3,0.024000
1648724151.989433875,7,0.105000
1648724152.010741528,1,0.008000
1648724152.032798586,4,0.041000
1648724152.056762732,11,0.140000
1648724152.077477341,1,0.000000
1648724152.097371592,2,0.031000
1648724152.117108338,0,0.000000
1648724152.136431453,3,0.018000
1648724152.158118087,0,0.018000
1648724152.178140260,0,0.016000
1648724152.197968580,0,0.024000
1648724152.219745025,1,0.015000
1648724152.242043045,0,0.012000
1648724152.265091829,2,0.003000
1648724152.285455071,1,0.023000
1648724152.306597058,1,0.016000
1648724152.329787612,0,0.000000
1648724152.350265592,4,0.081000
1648724152.373643655,0,0.000000
1648724152.395546185,1,0.015000
1648724152.418063204,0,0.000000
1648724152.439368200,0,0.008000
1648724152.460533976,1,0.004000
1648724152.483197391,0,0.000000
1648724152.504283421,3,0.011000
1648724152.527170701,1,0.007000
1648724152.546895005,1,0.020000
1648724152.567854204,0,0.009000
1648724152.588005238,4,0.059000
1648724152.609864847,2,0.006000
1648724152.630899470,2,0.005000
1648724152.651801352,3,0.022000
1648724152.674830549,2,0.003000
1648724152.696383414,11,0.120000
1648724152.715324634,3,0.045000
1648724152.737467956,3,0.023000
1648724152.761182468,0,0.011000
1648724152.780420862,1,0.015000
1648724152.803126861,0,0.000000
1648724152.824105591,4,0.033000
1648724152.843852003,1,0.004000
1648724152.866942772,0,0.000000
1648724152.889427068,2,0.002000
1648724152.909873765,0,0.006000
1648724152.931990449,2,0.017000
1648724152.952403509,0,0.006000
1648724152.974767936,0,0.000000
1648724152.996660996,3,0.022000
1648724153.018785779,2,0.035000
1648724153.040099657,0,0.015000
1648724153.062243882,1,0.012000
1648724153.082572539,0,0.000000
1648724153.103253299,0,0.004000
1648724153.124962721,3,0.036000
1648724153.146935420,0,0.001000
1648724153.168048938,1,0.024000
1648724153.190440541,1,0.010000
1648724153.210127879,0,0.004000
1648724153.232806660,1,0.013000
1648724153.252461599,2,0.023000
1648724153.273545771,1,0.032000
1648724153.295145199,2,0.029000
1648724153.316753518,2,0.011000
1648724153.338074909,0,0.000000
1648724153.359367574,2,0.017000
1648724153.379989579,2,0.000000
1648724153.402764296,0,0.013000
1648724153.423153868,0,0.005000
1648724153.445091869,1,0.014000
1648724153.465410659,0,0.011000
1648724153.487690664,1,0.008000
1648724153.508887324,1,0.019000
1648724153.532247507,0,0.016000
1648724153.551141685,0,0.000000
1648724153.572191656,1,0.000000
1648724153.594619628,0,0.000000
1648724153.615523948,6,0.057000
1648724153.636233949,0,0.003000
1648724153.657623820,0,0.006000
1648724153.680765332,0,0.000000
1648724153.701562790,0,0.000000
1648724153.723106638,1,0.001000
1648724153.741712992,0,0.003000
1648724153.761001737,3,0.014000
1648724153.783410085,0,0.007000
1648724153.805344889,2,0.019000
1648724153.825945811,1,0.017000
1648724153.846771655,2,0.028000
1648724153.869711642,1,0.019000
1648724153.892027038,0,0.000000
1648724153.914911614,0,0.000000
1648724153.936192180,0,0.001000
1648724153.957347931,1,0.000000
1648724153.977078920,1,0.000000
1648724153.996008659,1,0.007000
1648724154.017164231,1,0.008000
1648724154.040021911,2,0.012000
1648724154.062734615,0,0.009000
1648724154.083348814,1,0.007000
1648724154.104678111,1,0.000000
1648724154.126240319,1,0.014000
1648724154.147508707,1,0.000000
1648724154.166289497,2,0.000000
1648724154.187344012,0,0.000000
1648724154.209652013,1,0.014000
1648724154.229966399,1,0.000000
1648724154.251353947,1,0.000000
1648724154.272419427,1,0.009000
1648724154.293669554,1,0.020000
1648724154.312955543,2,0.003000
1648724154.335373389,0,0.004000
1648724154.357229415,4,0.061000
1648724154.378144081,7,0.065000
1648724154.399593703,3,0.044000
1648724154.421890493,1,0.014000
1648724154.442995132,0,0.000000
1648724154.462687608,16,0.177000
1648724154.485480096,6,0.088000
1648724154.506251944,2,0.000000
1648724154.529407104,4,0.044000
1648724154.549794442,2,0.003000
1648724154.569878345,0,0.008000
1648724154.593042021,1,0.016000
1648724154.615040910,4,0.035000
1648724154.637426547,1,0.019000
1648724154.658129481,11,0.111000
1648724154.679734861,0,0.001000
1648724154.699779504,2,0.015000
1648724154.721677252,0,0.005000
1648724154.745495663,5,0.058000
1648724154.768064407,0,0.000000
1648724154.789773254,0,0.000000
1648724154.812463119,2,0.001000
1648724154.833203431,0,0.000000
1648724154.855090627,1,0.016000
1648724154.877708474,0,0.012000
1648724154.898886471,1,0.014000
1648724154.922705966,1,0.026000
1648724154.941840343,2,0.030000
1648724154.964428609,0,0.000000
1648724154.985631516,2,0.021000
1648724155.007526888,1,0.018000
1648724155.029306328,0,0.000000
1648724155.051315164,1,0.018000
1648724155.072657895,1,0.001000
1648724155.095296971,4,0.023000
1648724155.116144439,0,0.000000
1648724155.138358591,0,0.000000
1648724155.161053422,0,0.004000
1648724155.181917224,0,0.020000
1648724155.201368813,1,0.000000
1648724155.222632417,0,0.000000
1648724155.243635873,0,0.000000
1648724155.265302772,1,0.004000
1648724155.287166732,2,0.016000
1648724155.306740718,0,0.010000
1648724155.325973910,1,0.028000
1648724155.348017700,0,0.007000
1648724155.369824568,1,0.001000
1648724155.392951054,0,0.000000
1648724155.414358294,2,0.046000
1648724155.435920501,1,0.000000
1648724155.456020038,1,0.000000
1648724155.475654408,1,0.000000
1648724155.495445791,0,0.000000
1648724155.517003165,0,0.000000
1648724155.538563899,0,0.000000
1648724155.560248925,0,0.000000
1648724155.582246541,0,0.023000
1648724155.603480140,3,0.018000
1648724155.626538538,2,0.011000
1648724155.648095441,0,0.000000
1648724155.668240787,0,0.016000
1648724155.689054726,1,0.019000
1648724155.711828691,1,0.022000
1648724155.733813840,2,0.029000
1648724155.752839084,1,0.011000
1648724155.773362733,0,0.000000
1648724155.794065450,2,0.058000
1648724155.814324738,0,0.000000
1648724155.837083827,0,0.013000
1648724155.860780237,0,0.010000
1648724155.882157704,0,0.005000
1648724155.902791328,0,0.000000
1648724155.925353423,0,0.009000
1648724155.945323736,0,0.000000
1648724155.967386129,2,0.011000
1648724155.989366371,0,0.000000
1648724156.010261681,4,0.027000
1648724156.031860643,1,0.018000
1648724156.051471638,2,0.031000
1648724156.069977820,0,0.000000
1648724156.091464708,0,0.003000
1648724156.111779140,1,0.027000
1648724156.133913692,1,0.012000
1648724156.154717688,0,0.000000
1648724156.175997848,1,0.000000
1648724156.197062666,0,0.001000
1648724156.216326920,0,0.015000
1648724156.235213308,0,0.000000
1648724156.257199665,2,0.015000
1648724156.280677883,1,0.018000
1648724156.302278435,1,0.020000
1648724156.322738638,0,0.000000
1648724156.343499691,1,0.011000
1648724156.363701357,0,0.000000
1648724156.384034249,0,0.007000
1648724156.405750719,4,0.079000
1648724156.425971795,0,0.004000
1648724156.446259005,1,0.000000
1648724156.466671166,1,0.000000
1648724156.486474581,3,0.024000
1648724156.506947229,1,0.023000
1648724156.527941012,0,0.001000
1648724156.548509665,0,0.000000
1648724156.570550459,2,0.018000
1648724156.591545447,1,0.000000
1648724156.612873905,0,0.001000
1648724156.632921820,2,0.001000
1648724156.655079144,0,0.010000
1648724156.674506201,0,0.004000
1648724156.697944246,3,0.034000
1648724156.718542299,0,0.014000
1648724156.738208508,1,0.003000
1648724156.759043661,0,0.000000
1648724156.779540958,2,0.009000
1648724156.801615606,0,0.000000
1648724156.824068356,0,0.011000
1648724156.844053727,0,0.000000
1648724156.865561428,0,0.000000
1648724156.885820584,0,0.000000
1648724156.906895865,0,0.004000
1648724156.928297810,0,0.000000
1648724156.948657405,0,0.001000
1648724156.969428667,0,0.018000
1648724156.991203414,0,0.010000
1648724157.010726081,0,0.011000
1648724157.030664892,0,0.000000
1648724157.051704872,1,0.010000
1648724157.071281021,0,0.004000
1648724157.092358757,0,0.000000
1648724157.111314666,1,0.001000
1648724157.132051498,1,0.000000
1648724157.152928049,2,0.006000
1648724157.175185253,2,0.024000
1648724157.196291529,1,0.009000
1648724157.215390453,2,0.001000
1648724157.235688969,0,0.000000
1648724157.256237683,3,0.021000
1648724157.278383010,0,0.005000
1648724157.300048699,1,0.023000
1648724157.321902352,0,0.004000
1648724157.342902877,5,0.059000
1648724157.363074378,0,0.004000
1648724157.382946427,3,0.037000
1648724157.403046698,0,0.011000
1648724157.423549927,13,0.141000
1648724157.445195927,0,0.001000
1648724157.465075765,5,0.051000
1648724157.486126950,0,0.000000
1648724157.508591935,0,0.010000
1648724157.529671320,0,0.000000
1648724157.549762379,0,0.010000
1648724157.572333244,0,0.000000
1648724157.591806832,2,0.001000
1648724157.611755727,1,0.019000
1648724157.634472670,0,0.006000
1648724157.655038248,6,0.108000
1648724157.675569022,3,0.011000
1648724157.695051186,3,0.029000
1648724157.717358379,1,0.000000
1648724157.738685277,1,0.000000
1648724157.761319601,1,0.028000
1648724157.781077027,3,0.036000
1648724157.801965659,1,0.000000
1648724157.823765579,0,0.000000
1648724157.845292447,1,0.001000
1648724157.867684842,2,0.008000
1648724157.887097424,1,0.026000
1648724157.909348459,2,0.016000
1648724157.929715845,1,0.003000
1648724157.949714066,3,0.025000
1648724157.970845329,0,0.009000
1648724157.993114577,1,0.017000
1648724158.011560529,2,0.030000
1648724158.032166606,0,0.000000
1648724158.053801009,2,0.005000
1648724158.072984305,0,0.000000
1648724158.093788192,3,0.031000
1648724158.113986469,0,0.000000
1648724158.134537966,10,0.141000
1648724158.154037315,3,0.001000
1648724158.173141057,5,0.049000
1648724158.193964550,2,0.008000
1648724158.214773176,3,0.021000
1648724158.236274776,2,0.026000
1648724158.254980952,1,0.000000
1648724158.274491116,0,0.000000
1648724158.295831875,1,0.001000
1648724158.318523536,6,0.059000
1648724158.340154961,2,0.010000
1648724158.360559726,2,0.022000
1648724158.382198628,0,0.000000
1648724158.403470545,0,0.001000
1648724158.423750324,0,0.000000
1648724158.442982054,0,0.007000
1648724158.463636589,1,0.008000
1648724158.483180010,1,0.021000
1648724158.504870173,0,0.000000
1648724158.524739409,3,0.021000
1648724158.545992412,7,0.073000
1648724158.567122397,0,0.002000
1648724158.589027724,0,0.012000
1648724158.609450041,0,0.000000
1648724158.633323649,0,0.000000
1648724158.656210633,2,0.007000
1648724158.678907191,1,0.003000
1648724158.700524838,1,0.038000
1648724158.721888236,2,0.000000
1648724158.743795527,0,0.000000
1648724158.764238901,0,0.000000
1648724158.787841859,1,0.007000
1648724158.808165996,0,0.013000
1648724158.828571831,3,0.019000
1648724158.848104237,2,0.005000
1648724158.870118878,2,0.019000
1648724158.891258008,0,0.010000
1648724158.911529341,5,0.076000
1648724158.932094389,0,0.018000
1648724158.953291825,6,0.047000
1648724158.975058846,0,0.000000
1648724158.995358024,1,0.004000
1648724159.016497165,0,0.001000
1648724159.040759551,0,0.000000
1648724159.065205331,0,0.020000
1648724159.087196638,5,0.037000
1648724159.104908272,0,0.000000
1648724159.124614620,1,0.000000
1648724159.144788427,0,0.019000
1648724159.165655923,1,0.006000
1648724159.186823679,0,0.015000
1648724159.207184233,0,0.002000
1648724159.229096793,0,0.000000
1648724159.249294523,2,0.005000
1648724159.268122957,0,0.000000
1648724159.287757021,2,0.015000
1648724159.309799910,1,0.014000
1648724159.330220188,1,0.008000
1648724159.351341008,1,0.002000
1648724159.374100042,1,0.005000
1648724159.393910099,0,0.037000
1648724159.414197762,1,0.000000
1648724159.436914089,0,0.014000
1648724159.457732357,0,0.008000
1648724159.478084092,1,0.000000
1648724159.499740493,2,0.029000
1648724159.523883377,0,0.000000
1648724159.543873120,2,0.017000
1648724159.565308970,3,0.040000
1648724159.587753571,0,0.015000
1648724159.609618786,5,0.062000
1648724159.629302853,2,0.005000
1648724159.649350646,4,0.044000
1648724159.670447746,1,0.007000
1648724159.690284412,0,0.005000
1648724159.709286976,1,0.016000
1648724159.729953754,0,0.014000
1648724159.750140684,3,0.043000
1648724159.772295210,1,0.028000
1648724159.794978635,0,0.010000
1648724159.816507116,0,0.000000
1648724159.836045478,0,0.000000
1648724159.857766409,1,0.001000
1648724159.878771561,4,0.036000
1648724159.901242165,2,0.001000
1648724159.921205465,2,0.025000
1648724159.941656837,2,0.022000
1648724159.964635506,3,0.011000
1648724159.986508134,11,0.135000
1648724160.007766436,1,0.000000
1648724160.030472094,1,0.030000
1648724160.050894987,0,0.000000
1648724160.071803490,0,0.003000
1648724160.092461149,3,0.032000
1648724160.113868573,0,0.005000
1648724160.135636724,2,0.011000
1648724160.156828169,2,0.014000
1648724160.179041253,0,0.018000
1648724160.201932109,0,0.023000
1648724160.223675056,0,0.000000
1648724160.243948840,0,0.010000
1648724160.265274909,12,0.134000
1648724160.287387164,1,0.004000
1648724160.307630641,4,0.023000
1648724160.327888853,0,0.014000
1648724160.350718671,2,0.019000
1648724160.371253390,10,0.146000
1648724160.394312946,4,0.060000
1648724160.414949874,0,0.000000
1648724160.434607023,0,0.000000
1648724160.457617717,0,0.000000
1648724160.479493342,1,0.027000
1648724160.500379248,0,0.000000
1648724160.520467462,2,0.019000
1648724160.543615928,1,0.010000
1648724160.564938247,2,0.017000
1648724160.586073615,1,0.006000
1648724160.608099590,3,0.036000
1648724160.631455817,2,0.009000
1648724160.653439615,3,0.033000
1648724160.677144418,0,0.007000
1648724160.700142102,6,0.059000
1648724160.719579768,1,0.015000
1648724160.739904890,0,0.000000
1648724160.761539587,0,0.005000
1648724160.784244205,0,0.000000
1648724160.804725606,3,0.021000
1648724160.827155208,1,0.001000
1648724160.847410790,3,0.021000
1648724160.871366172,0,0.000000
1648724160.893248811,1,0.007000
1648724160.913958607,1,0.004000
1648724160.933543416,0,0.008000
1648724160.955014329,3,0.017000
1648724160.977843268,1,0.007000
1648724160.999808235,2,0.027000
1648724161.022635669,1,0.012000
1648724161.043509652,2,0.013000
1648724161.063864507,7,0.082000
1648724161.087867373,0,0.010000
1648724161.110733779,1,0.012000
1648724161.132409152,2,0.023000
1648724161.154691929,1,0.001000
1648724161.177658703,0,0.014000
1648724161.195704150,3,0.007000
1648724161.215562209,2,0.012000
1648724161.236135849,1,0.028000
1648724161.255774285,1,0.004000
1648724161.276208145,0,0.000000
1648724161.298460775,2,0.022000
1648724161.320110687,2,0.018000
1648724161.341172557,1,0.017000
1648724161.362234046,0,0.010000
1648724161.381989497,0,0.006000
1648724161.402033369,0,0.000000
1648724161.422308929,0,0.005000
1648724161.443670905,0,0.018000
1648724161.467364205,1,0.000000
1648724161.487916416,3,0.028000
1648724161.510215177,1,0.007000
1648724161.529725730,2,0.007000
1648724161.549190140,1,0.025000
1648724161.570915303,0,0.011000
1648724161.593244188,1,0.027000
1648724161.613700843,1,0.016000
1648724161.637296131,0,0.000000
1648724161.658067853,2,0.012000
1648724161.680996017,0,0.005000
1648724161.701637723,12,0.144000
1648724161.723136329,0,0.001000
1648724161.744409521,0,0.000000
1648724161.765017693,1,0.001000
1648724161.785323373,0,0.000000
1648724161.805140515,2,0.034000
1648724161.828966110,1,0.014000
1648724161.848321224,0,0.000000
1648724161.868454275,0,0.000000
1648724161.890215122,0,0.000000
1648724161.911040577,3,0.044000
1648724161.934963295,0,0.022000
1648724161.956335680,2,0.029000
1648724161.977075723,2,0.023000
1648724161.997165190,0,0.000000
1648724162.016339714,2,0.003000
1648724162.039561936,2,0.016000
1648724162.060039477,2,0.014000
1648724162.079826439,2,0.028000
1648724162.100199873,0,0.001000
1648724162.119786855,0,0.000000
1648724162.141680785,3,0.016000
1648724162.161487084,0,0.000000
1648724162.183697112,0,0.000000
1648724162.204126956,0,0.000000
1648724162.224679428,0,0.000000
1648724162.245386855,1,0.013000
1648724162.266636058,0,0.000000
1648724162.287208089,1,0.000000
1648724162.309501852,1,0.032000
1648724162.332789529,0,0.010000
1648724162.354404741,3,0.017000
1648724162.375311086,0,0.000000
1648724162.396106923,8,0.078000
1648724162.418083143,3,0.012000
1648724162.437840470,0,0.003000
1648724162.459302219,1,0.000000
1648724162.480313662,1,0.009000
1648724162.503553475,0,0.000000
1648724162.525996562,0,0.000000
1648724162.547497162,0,0.006000
1648724162.568261025,1,0.009000
1648724162.590203492,5,0.038000
1648724162.611365073,3,0.026000
1648724162.633017543,1,0.033000
1648724162.655485637,0,0.000000
1648724162.676675194,2,0.019000
1648724162.698783013,0,0.000000
1648724162.722167195,0,0.012000
1648724162.744300007,2,0.029000
1648724162.764308747,0,0.019000
1648724162.784576653,0,0.000000
1648724162.803473798,5,0.060000
1648724162.823635108,1,0.018000
1648724162.844593022,2,0.017000
1648724162.867135183,0,0.000000
1648724162.890097196,1,0.013000
1648724162.911789043,0,0.000000
1648724162.932314814,0,0.000000
1648724162.954844512,0,0.011000
1648724162.975612142,1,0.000000
1648724162.997093010,1,0.000000
1648724163.018983178,2,0.040000
1648724163.040569385,1,0.016000
1648724163.061558494,0,0.000000
1648724163.082546188,1,0.007000
1648724163.104997311,0,0.000000
1648724163.124665322,0,0.001000
1648724163.144235487,0,0.000000
1648724163.164996684,2,0.018000
1648724163.186437567,1,0.004000
1648724163.208773865,1,0.005000
1648724163.229849243,1,0.030000
1648724163.249242802,1,0.008000
1648724163.271001487,0,0.007000
1648724163.291711406,5,0.038000
1648724163.312094532,0,0.000000
1648724163.334560141,4,0.036000
1648724163.354925672,0,0.003000
1648724163.377477645,2,0.007000
1648724163.399930352,1,0.000000
1648724163.421027658,1,0.010000
1648724163.441755729,0,0.017000
1648724163.462313545,0,0.001000
1648724163.484189154,1,0.020000
1648724163.506021119,0,0.000000
1648724163.524921351,0,0.000000
1648724163.546709441,4,0.026000
1648724163.566734332,1,0.000000
1648724163.588260434,16,0.184000
1648724163.611130718,2,0.042000
1648724163.632723956,0,0.003000
1648724163.654424321,2,0.023000
1648724163.675292541,1,0.019000
1648724163.696471166,1,0.025000
1648724163.716956385,1,0.032000
1648724163.737638857,0,0.000000
1648724163.757779550,1,0.010000
1648724163.780252671,0,0.015000
1648724163.802256895,1,0.013000
1648724163.825728422,0,0.000000
1648724163.846948027,2,0.024000
1648724163.867430735,1,0.010000
1648724163.887397534,0,0.000000
1648724163.908682336,2,0.022000
1648724163.930302176,2,0.005000
1648724163.951069693,1,0.009000
1648724163.972482149,1,0.039000
1648724163.993899906,1,0.001000
1648724164.016261465,3,0.023000
1648724164.037979188,0,0.000000
1648724164.058133938,4,0.048000
1648724164.080198862,0,0.000000
1648724164.100381560,10,0.096000
1648724164.120017505,2,0.020000
1648724164.141028246,1,0.000000
1648724164.162099842,1,0.008000
1648724164.183655551,0,0.000000
1648724164.207170314,1,0.036000
1648724164.229164310,0,0.000000
1648724164.250731992,2,0.026000
1648724164.269474732,0,0.001000
1648724164.290833698,0,0.016000
1648724164.310123636,0,0.000000
1648724164.333797494,3,0.011000
1648724164.356395806,0,0.007000
1648724164.378465076,1,0.029000
1648724164.399466292,4,0.025000
1648724164.420037458,2,0.032000
1648724164.440412845,1,0.000000
1648724164.461746352,0,0.008000
1648724164.483039610,7,0.067000
1648724164.503072243,0,0.014000
1648724164.522823885,7,0.072000
1648724164.543854914,0,0.020000
1648724164.565120238,2,0.021000
1648724164.586976556,0,0.000000
1648724164.607120266,0,0.011000
1648724164.627199443,0,0.031000
1648724164.649475690,1,0.015000
1648724164.671991576,0,0.000000
1648724164.692835731,0,0.000000
1648724164.714237077,0,0.004000
1648724164.735718705,1,0.002000
1648724164.758197403,0,0.000000
1648724164.777354435,1,0.005000
1648724164.797113487,1,0.001000
1648724164.815906189,1,0.001000
1648724164.836571641,1,0.027000
1648724164.859187002,2,0.007000
1648724164.877881436,0,0.012000
1648724164.900662760,0,0.000000
1648724164.922079025,1,0.001000
1648724164.942591815,0,0.000000
1648724164.963324798,0,0.000000
1648724164.986108509,3,0.028000
1648724165.007279963,0,0.017000
1648724165.030369645,2,0.001000
1648724165.051732270,0,0.000000
1648724165.071106201,1,0.000000
1648724165.092007756,0,0.013000
1648724165.112897968,0,0.000000
1648724165.134700192,2,0.033000
1648724165.155118467,1,0.006000
1648724165.175631426,1,0.024000
1648724165.197892570,0,0.007000
1648724165.221024536,1,0.019000
1648724165.243387987,0,0.000000
1648724165.262552618,0,0.000000
1648724165.281348765,0,0.007000
1648724165.300945780,1,0.011000
1648724165.322440798,0,0.007000
1648724165.341935972,0,0.016000
1648724165.363742257,2,0.015000
1648724165.384788834,2,0.014000
1648724165.407082363,2,0.035000
1648724165.428699201,1,0.000000
1648724165.448241104,0,0.015000
1648724165.469689698,2,0.014000
1648724165.491656666,0,0.022000
1648724165.513459194,0,0.009000
1648724165.535442314,0,0.000000
1648724165.556466526,2,0.034000
1648724165.576487657,2,0.021000
1648724165.595245910,1,0.028000
1648724165.616531502,1,0.032000
1648724165.639359332,0,0.000000
1648724165.662478374,0,0.003000
1648724165.684760873,0,0.003000
1648724165.706404177,0,0.000000
1648724165.727075828,0,0.000000
1648724165.748834244,2,0.027000
1648724165.771146778,1,0.014000
1648724165.792198301,0,0.000000
1648724165.813509277,3,0.007000
1648724165.835832598,0,0.005000
1648724165.856106255,1,0.001000
1648724165.877275196,1,0.004000
1648724165.899361769,1,0.001000
1648724165.920120348,0,0.000000
1648724165.940014851,0,0.000000
1648724165.963156648,2,0.006000
1648724165.984476373,0,0.007000
1648724166.006764908,4,0.035000
1648724166.028856545,0,0.005000
1648724166.049326590,2,0.022000
1648724166.070438687,0,0.002000
1648724166.089951469,1,0.006000
1648724166.111255439,2,0.029000
1648724166.131324876,3,0.020000
1648724166.153091531,1,0.018000
1648724166.173853846,3,0.024000
1648724166.194890126,0,0.000000
1648724166.214850750,2,0.041000
1648724166.237508108,0,0.000000
1648724166.257304829,0,0.017000
1648724166.279892933,2,0.023000
1648724166.299923021,0,0.004000
1648724166.322050447,4,0.054000
1648724166.342122829,0,0.000000
1648724166.362067204,2,0.021000
1648724166.383116496,1,0.000000
1648724166.403710217,1,0.016000
1648724166.425987325,2,0.008000
1648724166.445564790,0,0.001000
1648724166.467200959,1,0.004000
1648724166.488322161,1,0.010000
1648724166.510719940,0,0.000000
1648724166.532168390,4,0.018000
1648724166.553169915,0,0.000000
1648724166.574733740,2,0.004000
1648724166.593696414,0,0.000000
1648724166.616737450,1,0.008000
1648724166.637616838,2,0.013000
1648724166.658979103,0,0.000000
1648724166.681327058,0,0.006000
1648724166.704025475,1,0.006000
1648724166.724287999,2,0.006000
1648724166.747232273,0,0.000000
1648724166.767285803,1,0.034000
1648724166.789063695,0,0.002000
1648724166.810465895,1,0.015000
1648724166.830303862,0,0.003000
1648724166.852127196,0,0.000000
1648724166.872253113,1,0.006000
1648724166.891996323,0,0.001000
1648724166.913440510,2,0.026000
1648724166.936104731,0,0.013000
1648724166.958198018,1,0.007000
1648724166.978854489,1,0.002000
1648724167.000371793,2,0.022000
1648724167.020584216,1,0.012000
1648724167.041845446,0,0.000000
1648724167.065030977,3,0.026000
1648724167.084603721,0,0.000000
1648724167.105415974,3,0.024000
1648724167.125702527,0,0.000000
1648724167.146413052,1,0.000000
1648724167.167172745,2,0.008000
1648724167.187310459,1,0.003000
1648724167.207061485,1,0.014000
1648724167.229300967,2,0.000000
1648724167.252103758,3,0.029000
1648724167.275750792,1,0.005000
1648724167.295910259,1,0.015000
1648724167.317957579,1,0.022000
1648724167.339739191,1,0.001000
1648724167.359922321,0,0.005000
1648724167.379365416,2,0.022000
1648724167.401371310,0,0.000000
1648724167.422906702,0,0.004000
1648724167.444103709,0,0.007000
1648724167.467166406,0,0.011000
1648724167.485922570,0,0.000000
1648724167.507960615,2,0.006000
1648724167.529989464,0,0.000000
1648724167.550591291,2,0.032000
1648724167.570216525,1,0.022000
1648724167.592227761,0,0.010000
1648724167.613750379,2,0.012000
1648724167.634573315,4,0.063000
1648724167.657082447,0,0.000000
1648724167.676863699,5,0.091000
1648724167.698014064,0,0.000000
1648724167.722017773,0,0.012000
1648724167.743482930,1,0.020000
1648724167.763974578,0,0.000000
1648724167.784675833,0,0.000000
1648724167.804038031,1,0.009000
1648724167.824901482,0,0.000000
1648724167.847096551,0,0.004000
1648724167.867506083,0,0.000000
1648724167.889210618,1,0.027000
1648724167.912393660,1,0.009000
1648724167.934110112,0,0.000000
1648724167.954416606,1,0.000000
1648724167.972109351,1,0.004000
1648724167.995308823,0,0.011000
1648724168.016654725,0,0.000000
1648724168.040058078,0,0.010000
1648724168.060549933,8,0.093000
1648724168.083480725,1,0.005000
1648724168.103957603,8,0.090000
1648724168.123172275,1,0.018000
1648724168.143020426,5,0.055000
1648724168.164012403,2,0.007000
1648724168.185153294,1,0.015000
1648724168.205660612,2,0.011000
1648724168.228384158,0,0.000000
1648724168.251247181,1,0.000000
1648724168.271922909,0,0.000000
1648724168.293398119,1,0.018000
1648724168.314455383,0,0.005000
1648724168.333926395,0,0.000000
1648724168.355004981,2,0.042000
1648724168.374866210,1,0.015000
1648724168.397672849,0,0.000000
1648724168.418033584,13,0.126000
1648724168.440093479,4,0.060000
1648724168.459904606,2,0.000000
1648724168.482363596,1,0.000000
1648724168.503858693,6,0.078000
1648724168.525076818,0,0.016000
1648724168.544781159,3,0.027000
1648724168.566343798,0,0.000000
1648724168.587626843,1,0.010000
1648724168.608373097,5,0.071000
1648724168.630209201,3,0.022000
1648724168.652701677,3,0.018000
1648724168.673707866,4,0.044000
1648724168.694173500,0,0.000000
1648724168.715450295,2,0.040000
1648724168.740044227,1,0.040000
1648724168.761473251,0,0.000000
1648724168.782162300,6,0.053000
1648724168.803621764,0,0.000000
1648724168.823563942,17,0.192000
1648724168.844431990,1,0.015000
1648724168.863719630,5,0.079000
1648724168.884439481,1,0.008000
1648724168.906160254,12,0.153000
1648724168.927693221,2,0.018000
1648724168.947384548,1,0.001000
1648724168.968063698,0,0.000000
1648724168.992173165,0,0.000000
1648724169.012493147,0,0.000000
1648724169.033461533,2,0.006000
1648724169.056909112,0,0.000000
1648724169.076907790,0,0.000000
1648724169.098132439,6,0.060000
1648724169.121423874,1,0.017000
1648724169.140613247,8,0.104000
1648724169.163760752,0,0.000000
1648724169.184565886,2,0.019000
1648724169.205388128,2,0.008000
1648724169.226120018,0,0.001000
1648724169.247260133,1,0.009000
1648724169.269718096,2,0.010000
1648724169.292089088,1,0.000000
1648724169.313758548,0,0.006000
1648724169.336703344,3,0.035000
1648724169.356657717,0,0.008000
1648724169.376144212,3,0.016000
1648724169.396483529,6,0.073000
1648724169.416952064,0,0.009000
1648724169.437424315,0,0.000000
1648724169.458772883,1,0.000000
1648724169.481737384,1,0.010000
1648724169.501601871,1,0.000000
1648724169.521739731,0,0.019000
1648724169.542118976,3,0.031000
1648724169.564140823,1,0.014000
1648724169.585871496,0,0.000000
1648724169.608145734,0,0.000000
1648724169.630409148,2,0.005000
1648724169.651901420,0,0.000000
1648724169.673915939,2,0.000000
1648724169.693982389,1,0.000000
1648724169.715007488,0,0.011000
1648724169.735020071,7,0.076000
1648724169.755189569,1,0.013000
1648724169.775462173,1,0.003000
1648724169.798382966,0,0.000000
1648724169.817312057,1,0.005000
1648724169.837137502,3,0.037000
1648724169.859327277,0,0.000000
1648724169.881945709,3,0.037000
1648724169.903253685,2,0.037000
1648724169.926492415,0,0.000000
1648724169.947502249,0,0.000000
1648724169.966548752,1,0.005000
1648724169.987015284,2,0.017000
1648724170.007999735,2,0.032000
1648724170.029362375,0,0.012000
1648724170.050460285,0,0.000000
1648724170.071715721,0,0.000000
1648724170.091291885,1,0.011000
1648724170.112141388,0,0.000000
1648724170.133448813,0,0.003000
1648724170.154096282,1,0.000000
1648724170.174935591,2,0.012000
1648724170.196033841,1,0.026000
1648724170.216312907,0,0.014000
1648724170.238048505,0,0.000000
1648724170.260333509,1,0.012000
1648724170.282141302,0,0.017000
1648724170.303913354,0,0.017000
1648724170.328190999,0,0.004000
1648724170.347710007,1,0.010000
1648724170.369433722,0,0.011000
1648724170.391419264,0,0.000000
1648724170.413591904,2,0.024000
1648724170.435318853,2,0.022000
1648724170.455328601,2,0.035000
1648724170.476933046,1,0.018000
1648724170.498783221,3,0.033000
1648724170.518564539,1,0.010000
1648724170.541270325,0,0.000000
1648724170.561913663,0,0.011000
1648724170.586025752,0,0.000000
1648724170.607883089,0,0.006000
1648724170.628197702,1,0.011000
1648724170.651594272,12,0.138000
1648724170.674353066,0,0.003000
1648724170.694247206,1,0.015000
1648724170.716705613,1,0.008000
1648724170.737839559,0,0.000000
1648724170.758605566,0,0.009000
1648724170.779048800,0,0.000000
1648724170.799574783,0,0.000000
1648724170.819184066,2,0.019000
1648724170.841203856,0,0.000000
1648724170.862291171,0,0.000000
1648724170.882562061,0,0.003000
1648724170.906837258,0,0.005000
1648724170.927378794,1,0.011000
1648724170.949537426,3,0.014000
1648724170.971290841,0,0.000000
1648724170.992801130,9,0.114000
1648724171.014884709,1,0.013000
1648724171.036568497,2,0.019000
1648724171.056520721,0,0.012000
1648724171.077469548,1,0.009000
1648724171.099374882,2,0.013000
1648724171.120173719,0,0.010000
1648724171.142272264,1,0.011000
1648724171.165368757,2,0.024000
1648724171.186149735,0,0.015000
1648724171.208035456,0,0.000000
1648724171.230879387,0,0.000000
1648724171.251347797,1,0.038000
1648724171.272851439,2,0.024000
1648724171.293730812,0,0.000000
1648724171.314897352,0,0.006000
1648724171.335874682,0,0.000000
1648724171.357738856,3,0.050000
1648724171.377949489,1,0.015000
1648724171.399170277,0,0.004000
1648724171.421322756,0,0.001000
1648724171.445866741,0,0.005000
1648724171.466569545,1,0.016000
1648724171.485118701,3,0.014000
1648724171.504476312,1,0.006000
1648724171.523729667,0,0.012000
1648724171.544572303,1,0.000000
1648724171.562882247,0,0.020000
1648724171.583499998,0,0.000000
1648724171.606897323,1,0.006000
1648724171.628884619,1,0.001000
1648724171.650590951,0,0.000000
1648724171.670939419,1,0.019000
1648724171.693439630,2,0.023000
1648724171.714339999,2,0.022000
1648724171.736174996,2,0.005000
1648724171.758193177,1,0.000000
1648724171.780904376,0,0.000000
1648724171.801704638,1,0.007000
1648724171.822459236,0,0.012000
1648724171.841713745,0,0.004000
1648724171.862069525,0,0.000000
1648724171.884234353,1,0.028000
1648724171.906910380,2,0.012000
1648724171.927903851,0,0.014000
1648724171.948675818,0,0.000000
1648724171.972377090,3,0.017000
1648724171.992710349,2,0.042000
1648724172.013353738,0,0.000000
1648724172.034299122,2,0.021000
1648724172.056643840,0,0.000000
1648724172.076508262,1,0.000000
1648724172.097796658,0,0.013000
1648724172.120406801,0,0.000000
1648724172.140910833,1,0.007000
1648724172.162313365,0,0.000000
1648724172.182092125,2,0.030000
1648724172.201243139,1,0.013000
1648724172.221615701,4,0.046000
1648724172.242473446,2,0.042000
1648724172.264441993,3,0.061000
1648724172.284266188,0,0.000000
1648724172.305119742,1,0.018000
1648724172.326255611,1,0.000000
1648724172.349228585,1,0.026000
1648724172.369240503,0,0.000000
1648724172.390377708,0,0.002000
1648724172.411466494,2,0.017000
1648724172.431352897,3,0.025000
1648724172.450766177,0,0.001000
1648724172.473628996,5,0.018000
1648724172.496105864,3,0.026000
1648724172.515612022,0,0.001000
1648724172.537937436,0,0.007000
1648724172.559143293,1,0.017000
1648724172.579872983,0,0.004000
1648724172.600174337,8,0.088000
1648724172.623394210,2,0.024000
1648724172.646357665,0,0.020000
1648724172.668252986,3,0.009000
1648724172.689704301,2,0.023000
1648724172.711257427,1,0.004000
1648724172.733136167,1,0.000000
1648724172.756790973,0,0.000000
1648724172.779241119,1,0.018000
1648724172.800562263,1,0.003000
1648724172.822205505,6,0.051000
1648724172.842456840,1,0.001000
1648724172.863329909,0,0.000000
1648724172.883886572,2,0.022000
1648724172.906442388,1,0.017000
1648724172.928454877,2,0.041000
1648724172.950642851,0,0.006000
1648724172.971563197,0,0.000000
1648724172.992332645,1,0.038000
1648724173.014056485,0,0.000000
1648724173.036047832,6,0.056000
1648724173.057682758,0,0.011000
1648724173.080232938,3,0.017000
1648724173.100424156,0,0.000000
1648724173.120982279,8,0.101000
1648724173.142136798,0,0.001000
1648724173.164464082,1,0.000000
1648724173.185219001,0,0.005000
1648724173.206862436,1,0.016000
1648724173.227886310,3,0.027000
1648724173.249685088,1,0.012000
1648724173.270776448,0,0.000000
1648724173.291041670,0,0.000000
1648724173.313182634,2,0.033000
1648724173.333440389,0,0.014000
1648724173.353436505,2,0.018000
1648724173.373344718,0,0.000000
1648724173.393982816,3,0.023000
1648724173.415230298,1,0.025000
1648724173.436284413,1,0.003000
1648724173.459871078,0,0.001000
1648724173.480012100,0,0.000000
1648724173.500177692,0,0.000000
1648724173.522600631,1,0.000000
1648724173.544961148,0,0.000000
1648724173.566695726,2,0.006000
1648724173.589570500,0,0.006000
1648724173.611750968,0,0.000000
1648724173.634756475,0,0.020000
1648724173.657016574,0,0.001000
1648724173.678614952,0,0.015000
1648724173.699007902,1,0.022000
1648724173.720971724,1,0.005000
1648724173.741254489,1,0.008000
1648724173.761548855,1,0.017000
1648724173.782909817,3,0.033000
1648724173.805952598,0,0.008000
1648724173.827918582,2,0.001000
1648724173.848298264,2,0.001000
1648724173.868888505,1,0.018000
1648724173.891134905,2,0.031000
1648724173.913505743,0,0.015000
1648724173.935437885,1,0.011000
1648724173.957656829,7,0.043000
1648724173.978846997,0,0.003000
1648724174.000715814,1,0.004000
1648724174.021694054,0,0.024000
1648724174.042211512,0,0.000000
1648724174.063760742,0,0.005000
1648724174.086356963,4,0.046000
1648724174.107701804,5,0.043000
1648724174.129239363,3,0.028000
1648724174.151341007,0,0.000000
1648724174.170982455,1,0.003000
1648724174.191987044,0,0.015000
1648724174.212120787,0,0.000000
1648724174.234824372,2,0.022000
1648724174.255578517,1,0.004000
1648724174.275483913,1,0.033000
1648724174.296560591,0,0.000000
1648724174.317926610,0,0.003000
1648724174.340933047,8,0.034000
1648724174.361794065,0,0.020000
1648724174.386067948,0,0.000000
1648724174.407951561,2,0.032000
1648724174.428943140,0,0.003000
1648724174.448597932,1,0.016000
1648724174.470965446,0,0.011000
1648724174.494521751,1,0.025000
1648724174.517274542,4,0.045000
1648724174.537399609,1,0.014000
1648724174.559795190,3,0.025000
1648724174.582027255,0,0.000000
1648724174.603092277,2,0.001000
1648724174.625069981,14,0.163000
1648724174.646431467,3,0.021000
1648724174.666815202,4,0.034000
1648724174.687191474,6,0.093000
1648724174.707459345,2,0.012000
1648724174.727576409,3,0.023000
1648724174.747447699,0,0.001000
1648724174.769022966,2,0.000000
1648724174.789784906,1,0.001000
1648724174.810556112,1,0.006000
1648724174.830952832,4,0.023000
1648724174.853366800,2,0.001000
1648724174.874042071,2,0.017000
1648724174.895914872,3,0.029000
1648724174.917294345,2,0.014000
1648724174.938341115,0,0.000000
1648724174.959971675,1,0.010000
1648724174.979411607,1,0.017000
1648724175.001949939,1,0.004000
1648724175.023383040,12,0.111000
1648724175.045534621,0,0.000000
1648724175.066320663,7,0.110000
1648724175.087057081,0,0.000000
1648724175.107391166,1,0.015000
1648724175.127977649,1,0.000000
1648724175.148497255,0,0.003000
1648724175.168087214,0,0.000000
1648724175.188356605,4,0.041000
1648724175.210139549,0,0.000000
1648724175.232344574,1,0.020000
1648724175.254678882,2,0.027000
1648724175.275922021,0,0.000000
1648724175.298366554,2,0.015000
1648724175.318791828,0,0.000000
1648724175.339900575,0,0.008000
1648724175.360863048,1,0.001000
1648724175.382079056,1,0.021000
1648724175.402886998,0,0.000000
1648724175.423848070,0,0.003000
1648724175.442890845,0,0.006000
1648724175.463627742,1,0.022000
1648724175.487631010,1,0.000000
1648724175.508400919,5,0.088000
1648724175.529954843,0,0.026000
1648724175.551873731,3,0.043000
1648724175.572168177,0,0.000000
1648724175.595305172,0,0.004000
1648724175.619394559,3,0.023000
1648724175.641009467,1,0.025000
1648724175.659818518,4,0.033000
1648724175.681336153,0,0.010000
1648724175.700836032,1,0.000000
1648724175.721860089,6,0.084000
1648724175.741287271,0,0.000000
1648724175.759939810,6,0.086000
1648724175.782280002,0,0.014000
1648724175.806998511,1,0.020000
1648724175.827402644,3,0.022000
1648724175.849343275,1,0.000000
1648724175.869773687,0,0.005000
1648724175.893121242,0,0.015000
1648724175.913767989,9,0.077000
1648724175.936503121,1,0.026000
1648724175.958820663,1,0.005000
1648724175.979319794,2,0.021000
1648724176.001724468,0,0.006000
1648724176.020884185,3,0.015000
1648724176.042835327,3,0.015000
1648724176.065420259,1,0.011000
1648724176.086412325,2,0.001000
1648724176.109487159,4,0.022000
1648724176.130100303,0,0.008000
1648724176.151163668,0,0.012000
1648724176.174426747,0,0.000000
1648724176.197995175,0,0.003000
1648724176.216971493,0,0.008000
1648724176.238517984,2,0.010000
1648724176.259231819,1,0.001000
1648724176.281833705,7,0.094000
1648724176.304257737,1,0.011000
1648724176.325479488,1,0.036000
1648724176.346630130,0,0.003000
1648724176.368978638,1,0.010000
1648724176.391820360,0,0.000000
1648724176.413535481,7,0.070000
1648724176.434110762,2,0.022000
1648724176.456048259,0,0.000000
1648724176.475880379,3,0.024000
1648724176.498124076,1,0.017000
1648724176.520779530,2,0.025000
1648724176.541817723,0,0.000000
1648724176.561027310,3,0.019000
1648724176.581970813,1,0.004000
1648724176.605843391,2,0.017000
1648724176.625688427,2,0.007000
1648724176.645825179,1,0.018000
1648724176.667151196,0,0.000000
1648724176.688462896,1,0.004000
1648724176.710665286,0,0.000000
1648724176.733604061,8,0.078000
1648724176.755568272,0,0.008000
1648724176.777390099,2,0.011000
1648724176.799471858,10,0.094000
1648724176.820930257,0,0.004000
1648724176.841798275,0,0.000000
1648724176.865205568,2,0.003000
1648724176.886419084,2,0.014000
1648724176.907805466,0,0.001000
1648724176.930563314,7,0.095000
1648724176.953913088,0,0.000000
1648724176.974389834,10,0.112000
1648724176.995837241,1,0.007000
1648724177.015863117,3,0.064000
1648724177.035058778,0,0.006000
1648724177.054062466,2,0.005000
1648724177.075916670,0,0.001000
1648724177.096071338,1,0.035000
1648724177.116217302,1,0.022000
1648724177.137505875,0,0.000000
1648724177.156946092,1,0.012000
1648724177.180799065,3,0.023000
1648724177.202704210,1,0.000000
1648724177.223569404,3,0.067000
1648724177.243304111,0,0.000000
1648724177.264410949,2,0.021000
1648724177.284569259,0,0.000000
1648724177.305812928,2,0.006000
1648724177.326881764,0,0.000000
1648724177.348745830,0,0.000000
1648724177.371540069,2,0.003000
1648724177.393912764,1,0.021000
1648724177.416019186,1,0.001000
1648724177.436910754,1,0.018000
1648724177.457767512,1,0.023000
1648724177.480059717,3,0.025000
1648724177.501661804,0,0.004000
1648724177.523428556,0,0.000000
1648724177.547082888,0,0.013000
1648724177.568964363,2,0.016000
1648724177.591620318,0,0.000000
1648724177.612031899,0,0.010000
1648724177.634294026,0,0.011000
1648724177.655878316,0,0.000000
1648724177.677634722,1,0.021000
1648724177.700967844,0,0.000000
1648724177.723076807,0,0.000000
1648724177.744589912,0,0.000000
1648724177.763810299,2,0.014000
1648724177.786991104,2,0.023000
1648724177.808092582,1,0.013000
1648724177.827549369,8,0.093000
1648724177.849110871,1,0.022000
1648724177.870244474,1,0.007000
1648724177.892063564,0,0.013000
1648724177.913849657,0,0.007000
1648724177.935848530,0,0.000000
1648724177.957356390,1,0.011000
1648724177.980021296,7,0.069000
1648724178.001982915,1,0.013000
1648724178.022413372,0,0.000000
1648724178.043006509,1,0.000000
1648724178.063986649,5,0.067000
1648724178.085796809,0,0.000000
1648724178.107455213,2,0.033000
1648724178.129946645,3,0.033000
1648724178.151872152,1,0.026000
1648724178.173129811,5,0.058000
1648724178.193744892,0,0.011000
1648724178.215010537,0,0.002000
1648724178.235344653,2,0.017000
1648724178.255257327,0,0.014000
1648724178.276009620,2,0.019000
1648724178.297855579,1,0.005000
1648724178.319439114,2,0.033000
1648724178.342206362,0,0.029000
1648724178.362126357,0,0.002000
1648724178.381938502,8,0.094000
1648724178.403146571,0,0.001000
1648724178.426117606,2,0.024000
1648724178.446207260,1,0.000000
1648724178.468006651,1,0.012000
1648724178.488338361,0,0.000000
1648724178.510997820,2,0.012000
1648724178.533265780,2,0.017000
1648724178.554107668,1,0.000000
1648724178.576134206,9,0.108000
1648724178.600469506,0,0.000000
1648724178.623676492,3,0.043000
1648724178.645287018,3,0.022000
1648724178.665938353,0,0.009000
1648724178.685244264,4,0.075000
1648724178.707040693,2,0.000000
1648724178.729271774,1,0.013000
1648724178.749685768,0,0.000000
1648724178.772071199,8,0.106000
1648724178.792890792,3,0.012000
1648724178.815420882,1,0.007000
1648724178.836501217,2,0.028000
1648724178.858256617,0,0.000000
1648724178.879226200,1,0.001000
1648724178.899929578,10,0.110000
1648724178.922420659,7,0.058000
1648724178.942041996,0,0.011000
1648724178.964440247,4,0.037000
1648724178.986655050,0,0.011000
1648724179.006980111,4,0.040000
1648724179.028845690,0,0.000000
1648724179.050443887,0,0.004000
1648724179.072745726,0,0.014000
1648724179.093757976,0,0.000000
1648724179.114431206,1,0.009000
1648724179.134753270,0,0.018000
1648724179.154091148,0,0.003000
1648724179.174053913,1,0.004000
1648724179.195408131,3,0.022000
1648724179.214189329,0,0.027000
1648724179.237100189,1,0.000000
1648724179.256728705,1,0.000000
1648724179.277401195,0,0.006000
1648724179.297976120,1,0.001000
1648724179.320059329,3,0.034000
1648724179.339658891,2,0.000000
1648724179.361181187,2,0.027000
1648724179.380289028,0,0.007000
1648724179.402365077,0,0.012000
1648724179.426176790,0,0.000000
1648724179.448505724,0,0.017000
1648724179.468806791,2,0.001000
1648724179.490221758,2,0.013000
1648724179.511630144,1,0.006000
1648724179.531191483,2,0.013000
1648724179.551118212,0,0.000000
1648724179.575718692,2,0.031000
1648724179.597596100,5,0.066000
1648724179.617756822,2,0.024000
1648724179.642451145,5,0.047000
1648724179.662922805,1,0.000000
1648724179.683364396,1,0.000000
1648724179.704402393,0,0.004000
1648724179.725839253,4,0.020000
1648724179.746894247,0,0.000000
1648724179.767554135,0,0.000000
1648724179.789164281,3,0.030000
1648724179.810867414,0,0.005000
1648724179.832410958,1,0.016000
1648724179.852742614,1,0.013000
1648724179.875197497,0,0.012000
1648724179.898386237,3,0.026000
1648724179.918819012,0,0.008000
1648724179.941758232,3,0.054000
1648724179.963557668,0,0.007000
1648724179.984899104,0,0.000000
1648724180.007201700,0,0.021000
1648724180.030344155,1,0.029000
1648724180.051151485,2,0.036000
1648724180.072991141,1,0.000000
1648724180.094732946,2,0.016000
1648724180.117204488,1,0.013000
1648724180.138965056,1,0.017000
1648724180.161003667,1,0.009000
1648724180.181414804,5,0.071000
1648724180.201811866,0,0.000000
1648724180.223575965,3,0.016000
1648724180.244116122,1,0.002000
1648724180.265281735,0,0.000000
1648724180.287728735,1,0.033000
1648724180.310949750,0,0.003000
1648724180.332809815,1,0.000000
1648724180.354717862,1,0.000000
1648724180.375965169,0,0.008000
1648724180.398051638,0,0.014000
1648724180.419590875,2,0.014000
1648724180.442263458,0,0.000000
1648724180.463479957,1,0.017000
1648724180.484228670,0,0.009000
1648724180.504857802,0,0.000000
1648724180.527801919,0,0.011000
1648724180.550898323,0,0.000000
1648724180.571554395,0,0.012000
1648724180.593378409,2,0.024000
1648724180.615314605,2,0.014000
1648724180.637818563,17,0.201000
1648724180.659542096,3,0.031000
1648724180.681682369,0,0.011000
1648724180.703265862,1,0.013000
1648724180.724347591,0,0.000000
1648724180.743608585,2,0.022000
1648724180.765870885,0,0.008000
1648724180.789827480,2,0.009000
1648724180.811771856,0,0.000000
1648724180.832877592,3,0.031000
1648724180.852925598,0,0.000000
1648724180.873953025,0,0.009000
1648724180.894181727,1,0.014000
1648724180.914613227,0,0.000000
1648724180.936714621,11,0.125000
1648724180.958472495,0,0.000000
1648724180.979112038,1,0.025000
1648724181.000006524,2,0.017000
1648724181.023236360,0,0.027000
1648724181.044851702,2,0.019000
1648724181.064167605,2,0.000000
1648724181.086107886,1,0.022000
1648724181.106706675,1,0.000000
1648724181.124889317,1,0.014000
1648724181.143411007,2,0.000000
1648724181.163886956,1,0.012000
1648724181.184461561,3,0.013000
1648724181.206080569,1,0.046000
1648724181.225953056,0,0.004000
1648724181.246707741,1,0.010000
1648724181.269740578,1,0.041000
1648724181.288711760,1,0.016000
1648724181.308553997,0,0.000000
1648724181.331865017,5,0.047000
1648724181.355073995,0,0.000000
1648724181.376408586,0,0.000000
1648724181.397043918,1,0.021000
1648724181.419064197,3,0.058000
1648724181.441504272,2,0.036000
1648724181.464412315,3,0.022000
1648724181.485717868,0,0.017000
1648724181.508248418,1,0.008000
1648724181.529878458,1,0.014000
1648724181.551947094,0,0.007000
1648724181.574211375,0,0.000000
1648724181.595765638,2,0.001000
1648724181.617149663,0,0.000000
1648724181.639739964,0,0.013000
1648724181.659248243,2,0.010000
1648724181.680486481,0,0.003000
1648724181.699976359,2,0.025000
1648724181.720771449,2,0.019000
1648724181.743990888,1,0.005000
1648724181.765012340,0,0.025000
1648724181.787363424,2,0.024000
1648724181.809537398,0,0.000000
1648724181.830096121,7,0.084000
1648724181.852719024,0,0.010000
1648724181.874396295,1,0.024000
1648724181.896975493,0,0.011000
1648724181.918475238,2,0.024000
1648724181.940759667,2,0.018000
1648724181.963344519,2,0.014000
1648724181.983374360,0,0.000000
1648724182.001993016,0,0.010000
1648724182.023227117,2,0.018000
1648724182.046734815,0,0.000000
1648724182.067303007,0,0.007000
1648724182.089578557,2,0.001000
1648724182.110875756,1,0.020000
1648724182.132377706,0,0.000000
1648724182.153306437,2,0.013000
1648724182.175993499,0,0.012000
1648724182.196283771,1,0.001000
1648724182.217857239,2,0.007000
1648724182.239215733,2,0.007000
1648724182.259802613,2,0.020000
1648724182.279676241,0,0.000000
1648724182.299021517,4,0.057000
1648724182.321483065,0,0.008000
1648724182.343322762,1,0.001000
1648724182.364603605,19,0.222000
1648724182.386188972,6,0.050000
1648724182.407985835,0,0.006000
1648724182.427478477,2,0.028000
1648724182.448395930,1,0.030000
1648724182.469898997,1,0.014000
1648724182.491348481,0,0.000000
1648724182.512370230,1,0.026000
1648724182.535372130,0,0.023000
1648724182.556615330,0,0.000000
1648724182.578811489,0,0.000000
1648724182.601333074,1,0.009000
1648724182.621262168,0,0.000000
1648724182.643275891,0,0.009000
1648724182.664802224,4,0.034000
1648724182.687098369,0,0.004000
1648724182.707870853,1,0.002000
1648724182.729131371,1,0.002000
1648724182.751827267,2,0.007000
1648724182.773043775,0,0.000000
1648724182.793459092,0,0.003000
1648724182.815399894,1,0.014000
1648724182.836758532,0,0.009000
1648724182.858921867,2,0.005000
1648724182.882328092,1,0.020000
1648724182.905204979,0,0.000000
1648724182.926887725,0,0.000000
1648724182.946216053,3,0.023000
1648724182.967388862,0,0.002000
1648724182.988063134,8,0.084000
1648724183.007710509,0,0.001000
1648724183.029330914,2,0.003000
1648724183.051835256,1,0.011000
1648724183.072986135,5,0.069000
1648724183.094037779,1,0.007000
1648724183.114878692,5,0.051000
1648724183.134527630,2,0.013000
1648724183.156925038,2,0.049000
1648724183.177161190,1,0.035000
1648724183.198698221,3,0.015000
1648724183.223570410,1,0.035000
1648724183.246080360,4,0.028000
1648724183.268502357,2,0.018000
1648724183.290482542,0,0.000000
1648724183.311701199,1,0.016000
1648724183.332140417,1,0.019000
1648724183.353621991,1,0.013000
1648724183.374611574,1,0.022000
1648724183.396531111,0,0.007000
1648724183.420281934,0,0.000000
1648724183.441858375,0,0.000000
1648724183.463445802,1,0.017000
1648724183.483936418,2,0.010000
1648724183.505878272,0,0.003000
1648724183.527105616,0,0.000000
1648724183.547153828,1,0.026000
1648724183.570808119,0,0.000000
1648724183.595271738,0,0.000000
1648724183.616929203,0,0.004000
1648724183.639542198,3,0.014000
1648724183.660588061,0,0.019000
1648724183.683452171,2,0.018000
1648724183.705920627,0,0.000000
1648724183.729386262,1,0.000000
1648724183.751606791,2,0.012000
1648724183.773590067,1,0.022000
1648724183.794088243,1,0.014000
1648724183.814540679,1,0.000000
1648724183.834141234,2,0.033000
1648724183.857213068,0,0.000000
1648724183.878010661,2,0.027000
1648724183.901164113,1,0.003000
1648724183.923146787,2,0.014000
1648724183.944906088,0,0.018000
1648724183.964793026,0,0.019000
1648724183.982724563,4,0.044000
1648724184.003988260,1,0.014000
1648724184.025002755,2,0.023000
1648724184.046996330,8,0.079000
1648724184.065990067,2,0.026000
1648724184.087072901,1,0.009000
1648724184.110400938,0,0.000000
1648724184.130810182,1,0.004000
1648724184.153311362,2,0.028000
1648724184.172458134,0,0.000000
1648724184.193837778,0,0.000000
1648724184.215083574,2,0.013000
1648724184.235311275,1,0.012000
1648724184.256242279,0,0.000000
1648724184.276021327,3,0.034000
1648724184.297036414,0,0.012000
1648724184.318605690,2,0.023000
1648724184.337338931,9,0.093000
1648724184.358335792,2,0.023000
1648724184.379582827,0,0.009000
1648724184.399491482,4,0.031000
1648724184.421177121,0,0.011000
1648724184.440524878,0,0.000000
1648724184.462898514,3,0.037000
1648724184.486076862,2,0.013000
1648724184.506728572,1,0.003000
1648724184.528705685,2,0.025000
1648724184.550219849,6,0.067000
1648724184.572729846,1,0.008000
1648724184.592114616,0,0.000000
1648724184.613904233,0,0.022000
1648724184.635486662,1,0.017000
1648724184.657174996,0,0.033000
1648724184.678126047,0,0.000000
1648724184.699682933,1,0.027000
1648724184.723362141,1,0.032000
1648724184.744215583,0,0.021000
1648724184.766121100,0,0.003000
1648724184.786045778,0,0.000000
1648724184.806761230,0,0.000000
1648724184.827601945,1,0.014000
1648724184.851271974,1,0.008000
1648724184.871213055,3,0.029000
1648724184.891725970,1,0.007000
1648724184.913589550,1,0.024000
1648724184.931882225,2,0.016000
1648724184.951721574,10,0.147000
1648724184.973420881,1,0.027000
1648724184.994086264,3,0.042000
1648724185.016389777,1,0.016000
1648724185.036115197,3,0.038000
1648724185.057660103,2,0.026000
1648724185.078873373,13,0.169000
1648724185.100364223,0,0.000000
1648724185.119377881,0,0.005000
1648724185.140155361,0,0.005000
1648724185.160171951,0,0.000000
1648724185.180480872,3,0.025000
1648724185.202488329,3,0.043000
1648724185.224002448,1,0.003000
1648724185.246236243,3,0.024000
1648724185.268201476,0,0.000000
1648724185.289478690,2,0.023000
1648724185.311546235,1,0.000000
1648724185.331470869,1,0.004000
1648724185.353598570,0,0.004000
1648724185.373149909,1,0.009000
1648724185.396334338,2,0.023000
1648724185.416464170,0,0.000000
1648724185.438598251,0,0.000000
1648724185.459912074,0,0.000000
1648724185.480790625,0,0.000000
1648724185.500024482,3,0.024000
1648724185.524427396,0,0.004000
1648724185.548385983,1,0.007000
1648724185.570335463,0,0.000000
1648724185.592916439,3,0.038000
1648724185.613180935,3,0.009000
1648724185.636159290,0,0.000000
1648724185.657265609,4,0.039000
1648724185.678362198,4,0.055000
1648724185.698264207,0,0.000000
1648724185.718994074,5,0.019000
1648724185.739183347,3,0.025000
1648724185.758929494,0,0.000000
1648724185.779695700,2,0.004000
1648724185.798346397,1,0.008000
1648724185.819598644,2,0.000000
1648724185.840837652,0,0.008000
1648724185.862357811,0,0.000000
1648724185.884967952,1,0.001000
1648724185.905975738,2,0.007000
1648724185.926618057,1,0.005000
1648724185.948801784,0,0.000000
1648724185.970584739,1,0.011000
1648724185.993680084,1,0.012000
1648724186.013804165,3,0.024000
1648724186.035039577,1,0.020000
1648724186.058034514,1,0.012000
1648724186.079215218,0,0.008000
1648724186.100586478,2,0.021000
1648724186.123742976,1,0.000000
1648724186.143260443,1,0.012000
1648724186.165204895,1,0.013000
1648724186.184746599,1,0.000000
1648724186.205895540,1,0.007000
1648724186.225948751,4,0.034000
1648724186.246564489,0,0.000000
1648724186.267918200,1,0.021000
1648724186.290660602,1,0.007000
1648724186.312286704,0,0.007000
1648724186.334573980,0,0.014000
1648724186.357708804,0,0.000000
1648724186.377585579,0,0.000000
1648724186.399921652,2,0.018000
1648724186.420251584,0,0.004000
1648724186.442526243,0,0.000000
1648724186.463140400,6,0.056000
1648724186.483284841,1,0.018000
1648724186.505491096,6,0.085000
1648724186.527064689,0,0.000000
1648724186.548792431,12,0.134000
1648724186.570580396,0,0.000000
1648724186.593104097,4,0.038000
1648724186.614110683,0,0.000000
1648724186.634483731,2,0.025000
1648724186.654980263,1,0.015000
1648724186.677402254,0,0.000000
1648724186.699737247,1,0.019000
1648724186.719464712,2,0.019000
1648724186.738453255,1,0.000000
1648724186.760538501,0,0.000000
1648724186.782566454,0,0.004000
1648724186.802575256,6,0.039000
1648724186.825814105,0,0.000000
1648724186.847850689,0,0.009000
1648724186.869753079,2,0.003000
1648724186.893557546,1,0.000000
1648724186.913209602,1,0.010000
1648724186.933056629,0,0.000000
1648724186.956639940,0,0.000000
1648724186.979241517,0,0.006000
1648724187.002340725,2,0.022000
1648724187.023075020,0,0.000000
1648724187.043417843,1,0.001000
1648724187.063421057,0,0.005000
1648724187.086611081,2,0.008000
1648724187.107918114,2,0.000000
1648724187.127865473,0,0.000000
1648724187.148885138,0,0.005000
1648724187.169622704,0,0.000000
1648724187.190695957,0,0.004000
1648724187.211158823,2,0.013000
1648724187.231606283,0,0.023000
1648724187.252822307,0,0.006000
1648724187.275064663,0,0.000000
1648724187.297095980,0,0.000000
1648724187.317357038,0,0.006000
1648724187.340119575,1,0.021000
1648724187.359683933,0,0.000000
1648724187.382472840,2,0.018000
1648724187.405035253,0,0.000000
1648724187.427215813,5,0.048000
1648724187.447422930,0,0.000000
1648724187.466476628,0,0.010000
1648724187.487352293,1,0.015000
1648724187.508013767,0,0.000000
1648724187.527093704,1,0.019000
1648724187.547564084,0,0.000000
1648724187.568383762,1,0.000000
1648724187.590242047,1,0.001000
1648724187.613919687,0,0.000000
1648724187.636260170,4,0.052000
1648724187.657462183,3,0.035000
1648724187.679363695,2,0.007000
1648724187.699442156,5,0.038000
1648724187.720040779,0,0.000000
1648724187.741679145,0,0.000000
1648724187.764127807,0,0.003000
1648724187.785173128,0,0.000000
1648724187.807896008,0,0.000000
1648724187.826793960,0,0.005000
1648724187.848003996,0,0.007000
1648724187.869298248,0,0.000000
1648724187.893640923,6,0.066000
1648724187.914432107,2,0.013000
1648724187.936187052,10,0.156000
1648724187.956361608,0,0.010000
1648724187.978231873,1,0.018000
1648724187.998998813,0,0.001000
1648724188.021699432,0,0.004000
1648724188.042806427,0,0.012000
1648724188.065814111,0,0.010000
1648724188.087981889,0,0.003000
1648724188.110685929,1,0.007000
1648724188.130684595,1,0.016000
1648724188.152606417,1,0.000000
1648724188.174297093,0,0.000000
1648724188.193282838,0,0.009000
1648724188.213652302,1,0.000000
1648724188.235812687,8,0.090000
1648724188.258873665,2,0.001000
1648724188.283854747,4,0.046000
1648724188.304699718,1,0.017000
1648724188.327044509,1,0.044000
1648724188.347770134,2,0.013000
1648724188.369414273,0,0.019000
1648724188.391824156,2,0.028000
1648724188.412308479,1,0.019000
1648724188.432459815,10,0.068000
1648724188.454924927,1,0.023000
1648724188.474712774,0,0.000000
1648724188.499183144,0,0.000000
1648724188.520532700,1,0.003000
1648724188.541486962,0,0.006000
1648724188.561036899,2,0.021000
1648724188.584103011,0,0.004000
1648724188.604907695,2,0.015000
1648724188.629087611,1,0.002000
1648724188.651441108,0,0.009000
1648724188.674348313,0,0.000000
1648724188.697503387,1,0.000000
1648724188.716439591,0,0.000000
1648724188.739223859,0,0.011000
1648724188.761106816,2,0.013000
1648724188.782213738,3,0.034000
1648724188.803948986,0,0.014000
1648724188.824481422,1,0.001000
1648724188.847901470,1,0.000000
1648724188.868580164,2,0.012000
1648724188.890527900,0,0.000000
1648724188.911580641,0,0.002000
1648724188.933054848,0,0.012000
1648724188.956400318,1,0.005000
1648724188.977883423,0,0.000000
1648724188.999960700,2,0.024000
1648724189.022757990,1,0.015000
1648724189.042778364,2,0.001000
1648724189.064177720,1,0.021000
1648724189.086111534,2,0.003000
1648724189.108609437,6,0.073000
1648724189.128924523,0,0.011000
1648724189.149559383,2,0.007000
1648724189.171484886,0,0.001000
1648724189.191545844,1,0.000000
1648724189.212266353,3,0.032000
1648724189.232698930,1,0.005000
1648724189.254219028,7,0.094000
1648724189.274980403,1,0.004000
1648724189.296885476,1,0.005000
1648724189.319591730,7,0.082000
1648724189.341950927,1,0.000000
1648724189.362708760,3,0.035000
1648724189.382810872,2,0.003000
1648724189.403352868,0,0.000000
1648724189.424055676,8,0.092000
1648724189.444714797,1,0.005000
1648724189.465306803,1,0.022000
1648724189.485739591,0,0.000000
1648724189.506234759,3,0.040000
1648724189.527428507,0,0.000000
1648724189.548211664,2,0.025000
1648724189.567162310,1,0.000000
1648724189.588019699,2,0.017000
1648724189.609464528,0,0.000000
1648724189.630972072,0,0.013000
1648724189.652784266,0,0.009000
1648724189.675411657,0,0.019000
1648724189.697498227,0,0.004000
1648724189.717661764,2,0.022000
1648724189.742009185,0,0.000000
1648724189.764238760,3,0.029000
1648724189.783976634,0,0.022000
1648724189.808048176,0,0.013000
1648724189.828423927,0,0.000000
1648724189.849468286,1,0.003000
1648724189.869578304,0,0.000000
1648724189.889004906,0,0.016000
1648724189.909833440,1,0.000000
1648724189.931082822,2,0.026000
1648724189.952289478,2,0.030000
1648724189.972294333,4,0.022000
1648724189.993820748,0,0.000000
1648724190.015055325,0,0.000000
1648724190.038198632,0,0.006000
1648724190.058852267,0,0.011000
1648724190.078789113,0,0.000000
1648724190.100078978,7,0.102000
1648724190.123205276,1,0.013000
1648724190.143123875,2,0.036000
1648724190.164747659,2,0.023000
1648724190.186103714,0,0.005000
1648724190.205360604,2,0.017000
1648724190.225400331,0,0.000000
1648724190.246941542,0,0.010000
1648724190.268734630,0,0.025000
1648724190.288921647,1,0.015000
1648724190.310063265,1,0.024000
1648724190.331351090,1,0.010000
1648724190.352998333,3,0.052000
1648724190.375467897,0,0.004000
1648724190.396176855,4,0.025000
1648724190.414813015,0,0.004000
1648724190.435776291,1,0.023000
1648724190.455625142,0,0.000000
1648724190.476917514,1,0.000000
1648724190.497733932,0,0.018000
1648724190.518450910,0,0.020000
1648724190.540206328,0,0.003000
1648724190.559914821,2,0.001000
1648724190.583948457,4,0.060000
1648724190.605089239,0,0.010000
1648724190.626092015,7,0.088000
1648724190.646747874,0,0.008000
1648724190.670441409,0,0.007000
1648724190.692346649,0,0.000000
1648724190.713924327,0,0.005000
1648724190.736014397,2,0.020000
1648724190.760423076,1,0.012000
1648724190.782250479,1,0.008000
1648724190.802590290,0,0.007000
1648724190.823829218,1,0.007000
1648724190.847428490,3,0.014000
1648724190.868448207,0,0.004000
1648724190.887793923,0,0.000000
1648724190.908213821,2,0.011000
1648724190.928905655,1,0.001000
1648724190.951728516,4,0.052000
1648724190.972234547,2,0.001000
1648724190.995907658,0,0.000000
1648724191.015297726,3,0.013000
1648724191.036735407,0,0.003000
1648724191.059453859,0,0.000000
1648724191.081535040,0,0.000000
1648724191.100925108,0,0.000000
1648724191.120582734,0,0.000000
1648724191.139035811,2,0.010000
1648724191.160100856,0,0.001000
1648724191.181186993,1,0.014000
1648724191.201773080,0,0.000000
1648724191.223903347,1,0.000000
1648724191.246974145,0,0.000000
1648724191.268759781,2,0.030000
1648724191.290757477,1,0.000000
1648724191.311296561,3,0.040000
1648724191.332369181,4,0.047000
1648724191.355060116,1,0.008000
1648724191.374788304,2,0.042000
1648724191.396596880,2,0.014000
1648724191.417570426,1,0.011000
1648724191.439023003,1,0.011000
1648724191.459786667,0,0.000000
1648724191.479880321,0,0.008000
1648724191.500665235,0,0.005000
1648724191.522049565,1,0.004000
1648724191.541478552,0,0.023000
1648724191.562343663,5,0.075000
1648724191.582571699,1,0.000000
1648724191.605062153,2,0.020000
1648724191.626482375,1,0.026000
1648724191.648314301,0,0.002000
1648724191.668952532,6,0.042000
1648724191.690182400,0,0.000000
1648724191.711136034,3,0.042000
1648724191.732209883,2,0.012000
1648724191.754129176,1,0.004000
1648724191.775985531,0,0.000000
1648724191.800108480,0,0.000000
1648724191.820737289,13,0.168000
1648724191.839813118,9,0.107000
1648724191.859330408,0,0.000000
1648724191.879510977,0,0.000000
1648724191.900044863,0,0.007000
1648724191.923420489,0,0.010000
1648724191.943907022,0,0.009000
1648724191.964340780,3,0.022000
1648724191.986213825,2,0.012000
1648724192.006917852,1,0.008000
1648724192.027180995,9,0.088000
1648724192.047687817,1,0.010000
1648724192.068845775,10,0.114000
1648724192.088945926,1,0.004000
1648724192.110227467,4,0.030000
1648724192.131078125,0,0.005000
1648724192.152565159,5,0.073000
1648724192.173942765,0,0.007000
1648724192.195554498,0,0.000000
1648724192.216198926,1,0.015000
1648724192.236020233,0,0.000000
1648724192.257265520,5,0.065000
1648724192.278330028,2,0.008000
1648724192.299624956,0,0.000000
1648724192.319955463,1,0.032000
1648724192.341322976,0,0.001000
1648724192.362456041,1,0.007000
1648724192.381433680,0,0.000000
1648724192.404393303,2,0.024000
1648724192.425483561,0,0.006000
1648724192.447047819,8,0.084000
1648724192.467872797,1,0.009000
1648724192.489006031,2,0.008000
1648724192.510021199,1,0.001000
1648724192.529506468,2,0.005000
1648724192.550623785,0,0.000000
1648724192.570322452,5,0.078000
1648724192.593018034,2,0.024000
1648724192.613205336,2,0.025000
1648724192.634539689,1,0.000000
1648724192.657610779,1,0.005000
1648724192.679325517,1,0.028000
1648724192.700615494,0,0.000000
1648724192.723445608,3,0.018000
1648724192.744063822,0,0.006000
1648724192.765796150,0,0.000000
1648724192.789506901,0,0.000000
1648724192.811188060,1,0.000000
1648724192.833625114,4,0.032000
1648724192.853190534,0,0.000000
1648724192.873187852,1,0.005000
1648724192.894642960,1,0.005000
1648724192.915338773,4,0.043000
1648724192.938012088,0,0.001000
1648724192.958706600,1,0.000000
1648724192.979715459,1,0.004000
1648724193.001660130,0,0.021000
1648724193.022601915,1,0.007000
1648724193.041829574,1,0.014000
1648724193.063498311,0,0.000000
1648724193.082695595,0,0.000000
1648724193.102304169,0,0.000000
1648724193.124435319,3,0.008000
1648724193.145111413,0,0.006000
1648724193.165968129,0,0.008000
1648724193.186896815,1,0.007000
1648724193.207700587,0,0.000000
1648724193.227533876,0,0.000000
1648724193.248495674,1,0.003000
1648724193.268286247,1,0.021000
1648724193.291665144,1,0.020000
1648724193.312395964,4,0.030000
1648724193.332585683,0,0.016000
1648724193.351458279,5,0.028000
1648724193.372811097,1,0.001000
1648724193.393420563,0,0.024000
1648724193.413822033,2,0.034000
1648724193.437350605,0,0.000000
1648724193.457600695,2,0.034000
1648724193.478908727,2,0.027000
1648724193.502529925,1,0.015000
1648724193.523709847,0,0.003000
1648724193.542987249,0,0.000000
1648724193.565782237,0,0.000000
1648724193.586580187,0,0.003000
1648724193.607027624,0,0.003000
1648724193.628844269,0,0.001000
1648724193.652621809,0,0.012000
1648724193.675172507,0,0.011000
1648724193.695562984,2,0.014000
1648724193.715798667,2,0.014000
1648724193.736601242,0,0.000000
1648724193.760096951,1,0.000000
1648724193.781789683,4,0.052000
1648724193.800568923,0,0.006000
1648724193.822872770,0,0.000000
1648724193.841905659,2,0.039000
1648724193.865608014,0,0.000000
1648724193.887668247,6,0.088000
1648724193.910311389,0,0.000000
1648724193.931246574,1,0.004000
1648724193.950751377,0,0.001000
1648724193.972870985,0,0.003000
1648724193.995231778,0,0.000000
1648724194.015287617,0,0.000000
1648724194.037338107,1,0.022000
1648724194.058232933,2,0.024000
1648724194.079504611,0,0.013000
1648724194.101575010,3,0.012000
1648724194.122887406,0,0.000000
1648724194.144039234,3,0.031000
1648724194.165508424,0,0.019000
1648724194.185369437,5,0.048000
1648724194.206099090,0,0.000000
1648724194.226009089,0,0.000000
1648724194.245334349,0,0.016000
1648724194.265946944,0,0.000000
1648724194.287257601,2,0.007000
1648724194.310304220,8,0.092000
1648724194.332219783,0,0.000000
1648724194.354593013,1,0.005000
1648724194.374338542,0,0.018000
1648724194.395007025,1,0.000000
1648724194.416932065,1,0.023000
1648724194.436502922,0,0.011000
1648724194.456956535,0,0.012000
1648724194.475921502,0,0.016000
1648724194.497876692,6,0.081000
1648724194.521382405,0,0.000000
1648724194.541154983,1,0.000000
1648724194.562138463,0,0.000000
1648724194.582679232,1,0.012000
1648724194.603866887,0,0.000000
1648724194.624928833,2,0.013000
1648724194.646563181,1,0.029000
1648724194.669486753,2,0.021000
1648724194.691642417,1,0.008000
1648724194.712699963,1,0.001000
1648724194.736745549,1,0.000000
1648724194.757195261,1,0.006000
1648724194.780186642,0,0.019000
1648724194.801305306,1,0.010000
1648724194.825606916,1,0.010000
1648724194.848326455,0,0.000000
1648724194.869899074,0,0.007000
1648724194.891486636,1,0.013000
1648724194.913357258,2,0.017000
1648724194.935486041,1,0.014000
1648724194.957610594,5,0.046000
1648724194.977401115,0,0.003000
1648724194.998708555,8,0.079000
1648724195.020153371,0,0.000000
1648724195.040634190,2,0.023000
1648724195.061008688,1,0.001000
1648724195.081879592,12,0.130000
1648724195.102072502,0,0.009000
1648724195.125488629,13,0.154000
1648724195.147595024,2,0.001000
1648724195.168242808,2,0.022000
1648724195.188973308,0,0.000000
1648724195.209059221,3,0.048000
1648724195.228862569,1,0.000000
1648724195.249987875,7,0.107000
1648724195.271865678,0,0.000000
1648724195.293315937,7,0.046000
1648724195.312155075,0,0.023000
1648724195.335117854,0,0.023000
1648724195.355421152,2,0.012000
1648724195.376437367,0,0.000000
1648724195.396479478,3,0.041000
1648724195.416745892,0,0.000000
1648724195.437251453,0,0.004000
1648724195.459729201,0,0.000000
1648724195.480922627,0,0.014000
1648724195.501953789,2,0.016000
1648724195.521447132,2,0.005000
1648724195.541430880,7,0.132000
1648724195.563476855,1,0.032000
1648724195.585039932,18,0.208000
1648724195.605368112,3,0.025000
1648724195.627350593,0,0.000000
1648724195.648767105,0,0.001000
1648724195.669323534,8,0.086000
1648724195.690287109,0,0.003000
1648724195.712741796,2,0.035000
1648724195.733572424,20,0.239000
1648724195.756326777,0,0.000000
1648724195.777306639,0,0.000000
1648724195.797367868,0,0.000000
1648724195.816998110,0,0.000000
1648724195.840010720,0,0.000000
1648724195.862245306,0,0.000000
1648724195.882720065,0,0.000000
1648724195.905434132,0,0.000000
1648724195.927183421,0,0.000000
