1648718537.447703702,0,0.000000
1648718537.469932987,6,0.046000
1648718537.492493993,0,0.000000
1648718537.515691420,0,0.000000
1648718537.539892527,4,0.061000
1648718537.563309747,3,0.051000
1648718537.585362357,0,0.000000
1648718537.607355772,0,0.002000
1648718537.629693541,0,0.001000
1648718537.652381018,2,0.013000
1648718537.676858198,0,0.000000
1648718537.700107338,1,0.015000
1648718537.722943860,0,0.001000
1648718537.746045963,1,0.001000
1648718537.769506339,0,0.000000
1648718537.792203914,0,0.000000
1648718537.812805281,6,0.063000
1648718537.834857079,0,0.000000
1648718537.857015341,0,0.014000
1648718537.879801921,5,0.060000
1648718537.903567606,0,0.000000
1648718537.926080705,2,0.000000
1648718537.949217660,2,0.016000
1648718537.972620429,1,0.000000
1648718537.994661855,10,0.111000
1648718538.015931692,0,0.013000
1648718538.040152608,6,0.062000
1648718538.064239381,0,0.006000
1648718538.086151115,0,0.004000
1648718538.109748153,1,0.008000
1648718538.131811173,0,0.001000
1648718538.155252636,8,0.083000
1648718538.178066072,0,0.022000
1648718538.200158853,6,0.082000
1648718538.223975036,3,0.017000
1648718538.246982601,0,0.000000
1648718538.270090500,9,0.095000
1648718538.291149364,0,0.005000
1648718538.313219147,0,0.005000
1648718538.335365385,6,0.071000
1648718538.359480387,2,0.001000
1648718538.382902167,1,0.026000
1648718538.405909579,7,0.075000
1648718538.429841576,2,0.001000
1648718538.452614964,1,0.001000
1648718538.476357974,0,0.000000
1648718538.499401302,0,0.000000
1648718538.521649773,4,0.032000
1648718538.544462801,0,0.000000
1648718538.568213280,0,0.000000
1648718538.591028564,1,0.020000
1648718538.614665791,4,0.082000
1648718538.637213430,1,0.000000
1648718538.659828057,0,0.012000
1648718538.680976626,3,0.041000
1648718538.702436889,0,0.004000
1648718538.723122094,1,0.000000
1648718538.746226441,4,0.062000
1648718538.770367802,0,0.000000
1648718538.792640360,0,0.000000
1648718538.816388952,11,0.112000
1648718538.839530943,1,0.000000
1648718538.861827364,0,0.000000
1648718538.884504169,5,0.129000
1648718538.909950745,2,0.022000
1648718538.932785373,0,0.000000
1648718538.956453561,0,0.000000
1648718538.980317641,7,0.070000
1648718539.002912127,2,0.006000
1648718539.024986299,2,0.080000
1648718539.047546502,0,0.004000
1648718539.070561592,0,0.000000
1648718539.092697351,9,0.096000
1648718539.116560183,1,0.015000
1648718539.140168637,0,0.012000
1648718539.163504178,0,0.000000
1648718539.187359541,0,0.014000
1648718539.208947184,0,0.000000
1648718539.233240117,0,0.000000
1648718539.256808504,1,0.020000
1648718539.278508961,2,0.019000
1648718539.302470000,7,0.043000
1648718539.325157984,0,0.007000
1648718539.348672653,2,0.042000
1648718539.372058463,3,0.017000
1648718539.396265381,0,0.000000
1648718539.418818800,1,0.015000
1648718539.442221098,11,0.136000
1648718539.464919119,0,0.000000
1648718539.488488321,0,0.015000
1648718539.511124687,8,0.102000
1648718539.534296451,3,0.053000
1648718539.556727804,0,0.000000
1648718539.578498827,8,0.104000
1648718539.601843684,0,0.004000
1648718539.624772647,0,0.000000
1648718539.647969512,9,0.108000
1648718539.671210179,1,0.003000
1648718539.693426582,0,0.000000
1648718539.715997250,2,0.014000
1648718539.737344545,0,0.005000
1648718539.761485700,2,0.005000
1648718539.784098686,1,0.017000
1648718539.806165927,0,0.000000
1648718539.829247860,4,0.060000
1648718539.851017175,0,0.000000
1648718539.872632182,8,0.082000
1648718539.895622502,0,0.000000
1648718539.919435505,0,0.000000
1648718539.942446483,10,0.111000
1648718539.966154374,0,0.001000
1648718539.989897461,0,0.004000
1648718540.012865998,9,0.119000
1648718540.035858315,0,0.003000
1648718540.058362757,0,0.000000
1648718540.081488933,15,0.161000
1648718540.102811543,1,0.004000
1648718540.126814316,0,0.000000
1648718540.149484003,6,0.081000
1648718540.172253086,0,0.000000
1648718540.195533112,0,0.000000
1648718540.218869585,0,0.000000
1648718540.242794395,0,0.000000
1648718540.267153237,5,0.081000
1648718540.290366201,0,0.000000
1648718540.312197235,0,0.023000
1648718540.334080422,2,0.022000
1648718540.357383702,0,0.000000
1648718540.379870980,3,0.071000
1648718540.402504534,4,0.062000
1648718540.425812462,0,0.000000
1648718540.448132401,8,0.082000
1648718540.469335044,0,0.014000
1648718540.492600733,0,0.000000
1648718540.516903638,0,0.000000
1648718540.539933216,8,0.105000
1648718540.563378384,0,0.000000
1648718540.584598378,0,0.000000
1648718540.607400055,4,0.047000
1648718540.630155107,2,0.027000
1648718540.652729018,4,0.023000
1648718540.675228332,2,0.000000
1648718540.699433709,0,0.000000
1648718540.722424070,4,0.045000
1648718540.746142156,12,0.137000
1648718540.770337839,0,0.017000
1648718540.791338792,1,0.000000
1648718540.814087448,7,0.081000
1648718540.836762091,0,0.000000
1648718540.859946192,8,0.107000
1648718540.881865021,0,0.012000
1648718540.905295810,1,0.009000
1648718540.929234353,3,0.104000
1648718540.952188748,1,0.026000
1648718540.974117950,1,0.020000
1648718540.997028626,0,0.009000
1648718541.019822507,5,0.021000
1648718541.043464868,1,0.018000
1648718541.065878860,1,0.000000
1648718541.087124057,7,0.090000
1648718541.110694847,2,0.005000
1648718541.135004447,1,0.000000
1648718541.157682569,4,0.066000
1648718541.181153620,2,0.032000
1648718541.203961091,0,0.000000
1648718541.226491365,4,0.049000
1648718541.249164786,3,0.063000
1648718541.272707570,1,0.000000
1648718541.297483148,0,0.000000
1648718541.320819557,12,0.119000
1648718541.343348529,2,0.012000
1648718541.365118477,0,0.000000
1648718541.389129746,9,0.083000
1648718541.410444452,1,0.044000
1648718541.433050474,0,0.000000
1648718541.457175122,11,0.130000
1648718541.480509098,0,0.018000
1648718541.502965703,0,0.000000
1648718541.524556618,4,0.055000
1648718541.549600723,3,0.057000
1648718541.572218434,2,0.027000
1648718541.594794952,1,0.002000
1648718541.618339446,0,0.003000
1648718541.640924527,0,0.009000
1648718541.664373726,0,0.000000
1648718541.684871174,0,0.009000
1648718541.707842529,12,0.181000
1648718541.732435977,4,0.030000
1648718541.756255509,0,0.019000
1648718541.778934054,0,0.000000
1648718541.801201708,2,0.013000
1648718541.824045983,0,0.000000
1648718541.846317607,0,0.000000
1648718541.870061262,3,0.050000
1648718541.891550222,4,0.025000
1648718541.915439461,0,0.000000
1648718541.938044696,13,0.175000
1648718541.961227095,4,0.060000
1648718541.984400785,0,0.012000
1648718542.007095854,3,0.042000
1648718542.028988073,2,0.019000
1648718542.051361594,0,0.006000
1648718542.076429112,0,0.010000
1648718542.098312579,15,0.165000
1648718542.120548806,2,0.024000
1648718542.144051562,0,0.000000
1648718542.167337820,8,0.097000
1648718542.190396021,11,0.102000
1648718542.214019629,2,0.000000
1648718542.235699663,0,0.005000
1648718542.257780297,7,0.072000
1648718542.281662612,0,0.008000
1648718542.302592545,1,0.008000
1648718542.325656452,3,0.067000
1648718542.348413114,0,0.000000
1648718542.371907501,1,0.001000
1648718542.395899774,7,0.070000
1648718542.418728020,0,0.003000
1648718542.441559712,0,0.006000
1648718542.466105101,0,0.000000
1648718542.488338748,4,0.052000
1648718542.511282130,0,0.000000
1648718542.534361340,6,0.074000
1648718542.556669197,0,0.009000
1648718542.578561725,0,0.000000
1648718542.600546155,9,0.120000
1648718542.626258113,1,0.022000
1648718542.646280986,1,0.015000
1648718542.668731790,0,0.000000
1648718542.689810783,2,0.007000
1648718542.711575804,7,0.073000
1648718542.734762964,2,0.005000
1648718542.758064290,0,0.000000
1648718542.780077587,1,0.013000
1648718542.801862881,0,0.000000
1648718542.825934428,0,0.000000
1648718542.848118391,7,0.061000
1648718542.870029387,0,0.000000
1648718542.892437641,0,0.000000
1648718542.915143780,5,0.050000
1648718542.937925882,3,0.022000
1648718542.962979655,0,0.000000
1648718542.985678886,13,0.181000
1648718543.006384938,1,0.011000
1648718543.028704378,0,0.008000
1648718543.051471066,12,0.101000
1648718543.074454932,1,0.032000
1648718543.096289864,0,0.016000
1648718543.120022489,2,0.031000
1648718543.142272297,9,0.089000
1648718543.164804586,0,0.004000
1648718543.188210041,0,0.000000
1648718543.210901363,0,0.000000
1648718543.232553586,0,0.018000
1648718543.255885872,2,0.038000
1648718543.278225477,9,0.083000
1648718543.303315521,0,0.018000
1648718543.325861357,3,0.003000
1648718543.349363309,1,0.000000
1648718543.370708579,4,0.069000
1648718543.395365556,0,0.012000
1648718543.417018410,0,0.000000
1648718543.439438351,10,0.102000
1648718543.462344469,0,0.003000
1648718543.484197369,0,0.008000
1648718543.507338136,7,0.081000
1648718543.530801020,1,0.000000
1648718543.553403575,0,0.000000
1648718543.576586992,4,0.065000
1648718543.599930389,3,0.038000
1648718543.623016994,0,0.010000
1648718543.645103311,1,0.008000
1648718543.669155093,3,0.018000
1648718543.689382212,0,0.000000
1648718543.712213146,0,0.000000
1648718543.734737149,6,0.073000
1648718543.758171697,0,0.010000
1648718543.778960269,10,0.074000
1648718543.802316568,2,0.009000
1648718543.826202559,0,0.003000
1648718543.848481539,0,0.001000
1648718543.873694893,0,0.005000
1648718543.897217693,7,0.119000
1648718543.919241862,3,0.036000
1648718543.941761944,0,0.000000
1648718543.965210116,11,0.150000
1648718543.986254758,2,0.041000
1648718544.009377092,0,0.000000
1648718544.032939183,12,0.119000
1648718544.055382580,0,0.000000
1648718544.076324379,0,0.000000
1648718544.098491895,8,0.096000
1648718544.120783969,0,0.011000
1648718544.143866246,0,0.000000
1648718544.166190346,13,0.144000
1648718544.187956798,0,0.000000
1648718544.211385667,2,0.018000
1648718544.235739282,1,0.010000
1648718544.259581529,10,0.117000
1648718544.282180363,2,0.034000
1648718544.304089137,0,0.001000
1648718544.327255054,0,0.000000
1648718544.350692448,11,0.126000
1648718544.373317582,1,0.009000
1648718544.397108693,0,0.000000
1648718544.419412524,0,0.005000
1648718544.442268794,7,0.070000
1648718544.465904496,1,0.025000
1648718544.489866063,0,0.000000
1648718544.512167011,3,0.033000
1648718544.535553622,0,0.000000
1648718544.557737191,0,0.000000
1648718544.580256709,2,0.024000
1648718544.604556598,11,0.150000
1648718544.627501760,3,0.037000
1648718544.649392046,0,0.011000
1648718544.672163197,12,0.127000
1648718544.694429770,0,0.000000
1648718544.716310433,1,0.019000
1648718544.739607779,14,0.148000
1648718544.763255136,0,0.011000
1648718544.784187088,0,0.000000
1648718544.805596875,9,0.130000
1648718544.828074334,0,0.000000
1648718544.850721305,0,0.000000
1648718544.873465372,6,0.142000
1648718544.896508290,1,0.002000
1648718544.919659405,0,0.016000
1648718544.942594143,0,0.000000
1648718544.966998459,3,0.046000
1648718544.989007069,0,0.012000
1648718545.011662863,1,0.000000
1648718545.034921288,2,0.010000
1648718545.058743492,0,0.000000
1648718545.081458651,0,0.000000
1648718545.104210156,3,0.052000
1648718545.126359557,1,0.000000
1648718545.149546357,0,0.000000
1648718545.173116175,10,0.140000
1648718545.195679331,0,0.000000
1648718545.218303231,0,0.013000
1648718545.241664582,0,0.000000
1648718545.265366123,3,0.046000
1648718545.288049555,0,0.000000
1648718545.309186645,0,0.000000
1648718545.332075873,14,0.126000
1648718545.356136352,1,0.000000
1648718545.377548249,0,0.016000
1648718545.400943530,0,0.000000
1648718545.424597931,1,0.003000
1648718545.449017927,5,0.060000
1648718545.472189527,0,0.000000
1648718545.496540902,0,0.000000
1648718545.519566752,9,0.090000
1648718545.541587494,2,0.015000
1648718545.565508990,0,0.000000
1648718545.587293255,11,0.101000
1648718545.609707266,1,0.006000
1648718545.633677957,0,0.000000
1648718545.656549877,1,0.008000
1648718545.679885231,4,0.085000
1648718545.701978459,0,0.000000
1648718545.723350034,6,0.061000
1648718545.746340025,0,0.002000
1648718545.768915715,0,0.000000
1648718545.793020296,2,0.019000
1648718545.812843232,0,0.000000
1648718545.835720811,11,0.111000
1648718545.858688469,0,0.007000
1648718545.880104784,0,0.000000
1648718545.904340515,6,0.050000
1648718545.926903830,1,0.006000
1648718545.949752198,0,0.001000
1648718545.972950661,7,0.092000
1648718545.994509783,0,0.011000
1648718546.017070352,1,0.026000
1648718546.039978526,7,0.060000
1648718546.062569405,3,0.010000
1648718546.088177526,0,0.000000
1648718546.111625829,0,0.003000
1648718546.135110142,7,0.070000
1648718546.158539086,0,0.000000
1648718546.180411948,11,0.116000
1648718546.203800481,0,0.001000
1648718546.227383292,0,0.000000
1648718546.251628400,0,0.019000
1648718546.275362904,10,0.131000
1648718546.297621600,0,0.015000
1648718546.319564194,0,0.000000
1648718546.343350289,6,0.065000
1648718546.365215219,0,0.007000
1648718546.387849383,0,0.027000
1648718546.411816292,3,0.043000
1648718546.433417508,2,0.006000
1648718546.456346491,1,0.000000
1648718546.479765079,13,0.162000
1648718546.502219182,3,0.025000
1648718546.526683552,0,0.000000
1648718546.550495151,0,0.000000
1648718546.573844132,11,0.127000
1648718546.597456823,1,0.029000
1648718546.620980840,0,0.000000
1648718546.645115945,0,0.000000
1648718546.669553614,14,0.188000
1648718546.691906981,0,0.000000
1648718546.714552653,2,0.021000
1648718546.736509022,3,0.071000
1648718546.760344852,0,0.000000
1648718546.783446560,0,0.000000
1648718546.807147423,0,0.000000
1648718546.830077191,0,0.000000
1648718546.851652523,0,0.000000
1648718546.874896365,0,0.000000
1648718546.898446382,6,0.050000
1648718546.922439394,0,0.000000
1648718546.945027208,1,0.008000
1648718546.967926319,0,0.000000
1648718546.990567747,0,0.000000
1648718547.011126547,11,0.100000
1648718547.034461668,0,0.000000
1648718547.058407442,1,0.006000
1648718547.080868074,5,0.111000
1648718547.103581969,2,0.031000
1648718547.126330788,0,0.000000
1648718547.149837364,1,0.000000
1648718547.172879248,3,0.032000
1648718547.196353962,0,0.000000
1648718547.220070976,0,0.000000
1648718547.242878528,13,0.150000
1648718547.264805643,0,0.000000
1648718547.287985376,0,0.000000
1648718547.310548708,14,0.134000
1648718547.333438164,2,0.008000
1648718547.356716613,0,0.000000
1648718547.379313503,6,0.091000
1648718547.402728049,9,0.121000
1648718547.425609838,1,0.004000
1648718547.449543624,0,0.000000
1648718547.473984498,2,0.036000
1648718547.497104468,0,0.000000
1648718547.517749634,0,0.026000
1648718547.541862802,8,0.102000
1648718547.564159865,1,0.010000
1648718547.587909612,0,0.000000
1648718547.610581487,1,0.008000
1648718547.633680880,12,0.123000
1648718547.657623411,0,0.000000
1648718547.679016310,8,0.047000
1648718547.698360642,0,0.000000
1648718547.720308624,0,0.000000
1648718547.743508505,0,0.000000
1648718547.767781522,0,0.004000
1648718547.789308169,0,0.000000
1648718547.811242856,10,0.133000
1648718547.835014392,0,0.000000
1648718547.855525559,4,0.018000
1648718547.878492079,10,0.107000
1648718547.902257877,0,0.000000
1648718547.925159890,0,0.001000
1648718547.949039960,9,0.134000
1648718547.971214431,3,0.027000
1648718547.992331473,0,0.000000
1648718548.015328522,9,0.147000
1648718548.037643255,0,0.000000
1648718548.059628354,0,0.000000
1648718548.080745818,3,0.039000
1648718548.101487019,0,0.000000
1648718548.124376356,4,0.046000
1648718548.146561666,0,0.011000
1648718548.167748871,0,0.008000
1648718548.189939277,0,0.002000
1648718548.211497498,0,0.003000
1648718548.234326787,0,0.000000
1648718548.257870599,4,0.070000
1648718548.281024575,1,0.005000
1648718548.304222028,0,0.000000
1648718548.328238750,13,0.154000
1648718548.350451275,0,0.000000
1648718548.373905055,0,0.000000
1648718548.397977061,7,0.096000
1648718548.420161120,1,0.000000
1648718548.443965497,0,0.001000
1648718548.467609455,0,0.000000
1648718548.490047563,10,0.103000
1648718548.513858242,0,0.012000
1648718548.536692737,0,0.000000
1648718548.560472545,0,0.000000
1648718548.583156938,5,0.060000
1648718548.608101057,2,0.000000
1648718548.630888685,0,0.000000
1648718548.655191210,7,0.107000
1648718548.678287283,2,0.041000
1648718548.700664443,0,0.013000
1648718548.721064048,4,0.047000
1648718548.743138983,0,0.000000
1648718548.765687273,0,0.012000
1648718548.787884787,5,0.056000
1648718548.811328343,0,0.000000
1648718548.834053507,4,0.070000
1648718548.856966364,0,0.026000
1648718548.878835529,1,0.009000
1648718548.903253719,0,0.000000
1648718548.923969228,0,0.000000
1648718548.945209297,0,0.000000
1648718548.968130488,14,0.171000
1648718548.991608226,0,0.000000
1648718549.014207003,0,0.000000
1648718549.037256006,0,0.007000
1648718549.061694443,10,0.107000
1648718549.082178645,1,0.022000
1648718549.105851021,0,0.000000
1648718549.128480075,3,0.090000
1648718549.151863311,5,0.042000
1648718549.175997029,0,0.000000
1648718549.197898315,0,0.000000
1648718549.221701837,6,0.079000
1648718549.245436718,0,0.000000
1648718549.267294520,0,0.003000
1648718549.288226293,14,0.166000
1648718549.312962493,0,0.009000
1648718549.336193115,0,0.000000
1648718549.359263570,6,0.097000
1648718549.382231798,1,0.011000
1648718549.405866650,0,0.000000
1648718549.428462341,0,0.000000
1648718549.452386944,10,0.126000
1648718549.475086656,1,0.000000
1648718549.496562107,0,0.000000
1648718549.522294082,10,0.079000
1648718549.546056313,2,0.005000
1648718549.568806400,0,0.000000
1648718549.592344742,6,0.079000
1648718549.613823697,1,0.009000
1648718549.636531111,0,0.000000
1648718549.660354299,6,0.074000
1648718549.681960299,2,0.042000
1648718549.705100020,0,0.002000
1648718549.727641886,9,0.120000
1648718549.750721201,0,0.000000
1648718549.773168919,0,0.000000
1648718549.795962884,2,0.065000
1648718549.817544602,0,0.014000
1648718549.839828461,0,0.000000
1648718549.863404700,0,0.014000
1648718549.886474973,7,0.067000
1648718549.909667694,0,0.000000
1648718549.931834660,1,0.003000
1648718549.954973062,3,0.021000
1648718549.976097519,9,0.090000
1648718549.999536651,2,0.047000
1648718550.022131918,0,0.008000
1648718550.044391101,12,0.124000
1648718550.067302376,4,0.044000
1648718550.090495278,0,0.001000
1648718550.114543719,0,0.006000
1648718550.135250799,7,0.065000
1648718550.160258164,2,0.012000
1648718550.182933458,0,0.009000
1648718550.205860340,0,0.004000
1648718550.228131844,6,0.033000
1648718550.250900662,5,0.053000
1648718550.274440249,2,0.026000
1648718550.299414292,0,0.000000
1648718550.321528219,8,0.091000
1648718550.344459488,1,0.055000
1648718550.367534445,0,0.000000
1648718550.390861570,7,0.055000
1648718550.412840423,0,0.004000
1648718550.437398019,0,0.003000
1648718550.459717240,0,0.000000
1648718550.482565115,11,0.131000
1648718550.508298285,1,0.000000
1648718550.531904911,1,0.001000
1648718550.556559110,1,0.006000
1648718550.577121030,0,0.000000
1648718550.600343763,0,0.003000
1648718550.623405931,2,0.030000
1648718550.647347663,7,0.075000
1648718550.672550012,9,0.139000
1648718550.693847682,1,0.005000
1648718550.716357832,0,0.019000
1648718550.740502823,14,0.134000
1648718550.763549577,3,0.061000
1648718550.787321606,0,0.000000
1648718550.810246681,7,0.075000
1648718550.834184960,5,0.061000
1648718550.856982958,1,0.012000
1648718550.879723553,1,0.008000
1648718550.902437795,7,0.079000
1648718550.924878582,0,0.023000
1648718550.950222650,0,0.005000
1648718550.973217678,0,0.008000
1648718550.997268868,5,0.049000
1648718551.019942393,0,0.014000
1648718551.042069742,1,0.000000
1648718551.064458541,7,0.063000
1648718551.086686186,0,0.006000
1648718551.108241705,1,0.008000
1648718551.132998995,6,0.074000
1648718551.155105697,0,0.000000
1648718551.176015790,0,0.011000
1648718551.200025894,4,0.067000
1648718551.223073462,0,0.000000
1648718551.247910171,9,0.134000
1648718551.269626593,1,0.010000
1648718551.291632014,0,0.000000
1648718551.315318126,0,0.000000
1648718551.338902131,12,0.149000
1648718551.362642402,0,0.023000
1648718551.385163263,1,0.002000
1648718551.408189902,6,0.063000
1648718551.431241345,3,0.051000
1648718551.453485461,0,0.000000
1648718551.477180856,5,0.055000
1648718551.499373269,3,0.020000
1648718551.523288303,0,0.006000
1648718551.544451255,9,0.073000
1648718551.566370792,0,0.016000
1648718551.589454026,0,0.007000
1648718551.612480607,5,0.092000
1648718551.635253588,0,0.016000
1648718551.657323911,0,0.000000
1648718551.679618328,10,0.135000
1648718551.703806310,5,0.085000
1648718551.726592226,0,0.000000
1648718551.749335355,0,0.000000
1648718551.772214810,9,0.114000
1648718551.795336666,0,0.008000
1648718551.816982597,0,0.000000
1648718551.838466896,5,0.048000
1648718551.859377018,0,0.019000
1648718551.884305439,0,0.006000
1648718551.907578201,4,0.034000
1648718551.930569557,4,0.045000
1648718551.953346307,1,0.001000
1648718551.974975730,5,0.031000
1648718551.997129869,0,0.000000
1648718552.020678171,15,0.144000
1648718552.043659922,0,0.000000
1648718552.067362578,0,0.011000
1648718552.090017829,15,0.166000
1648718552.113287541,0,0.006000
1648718552.135912008,0,0.008000
1648718552.159916169,7,0.059000
1648718552.181866977,0,0.010000
1648718552.205071886,0,0.014000
1648718552.228410355,6,0.093000
1648718552.251619827,1,0.028000
1648718552.274937419,0,0.000000
1648718552.298072350,3,0.062000
1648718552.321187667,1,0.008000
1648718552.344708339,0,0.000000
1648718552.368196973,0,0.000000
1648718552.392733645,7,0.078000
1648718552.414845666,1,0.020000
1648718552.438409732,0,0.001000
1648718552.460595182,15,0.163000
1648718552.484476883,0,0.000000
1648718552.507418951,0,0.000000
1648718552.530440898,13,0.165000
1648718552.553285459,0,0.000000
1648718552.575081354,0,0.003000
1648718552.596954588,4,0.051000
1648718552.619459510,0,0.011000
1648718552.645482081,0,0.000000
1648718552.668549713,0,0.014000
1648718552.690094377,2,0.034000
1648718552.711135762,0,0.000000
1648718552.732447280,1,0.004000
1648718552.754298274,0,0.000000
1648718552.777586106,10,0.111000
1648718552.801495448,0,0.035000
1648718552.825299411,0,0.008000
1648718552.849143327,0,0.006000
1648718552.873040067,8,0.093000
1648718552.895853702,1,0.020000
1648718552.918977269,0,0.000000
1648718552.941723365,0,0.000000
1648718552.964943856,3,0.031000
1648718552.987840044,0,0.003000
1648718553.009722849,12,0.147000
1648718553.033086015,0,0.007000
1648718553.055219391,0,0.000000
1648718553.077705810,10,0.128000
1648718553.099986204,0,0.027000
1648718553.121591555,0,0.001000
1648718553.144541986,0,0.000000
1648718553.167988493,13,0.148000
1648718553.192385974,3,0.022000
1648718553.214520835,0,0.013000
1648718553.236920096,12,0.129000
1648718553.260081196,0,0.000000
1648718553.281950828,0,0.000000
1648718553.306451589,9,0.113000
1648718553.329486112,0,0.000000
1648718553.351231428,0,0.011000
1648718553.374923923,13,0.129000
1648718553.397110509,0,0.000000
1648718553.421088011,0,0.000000
1648718553.444494008,0,0.000000
1648718553.467306965,11,0.115000
1648718553.491240779,0,0.000000
1648718553.513108666,0,0.000000
1648718553.536432917,0,0.015000
1648718553.559250137,4,0.047000
1648718553.582762882,1,0.011000
1648718553.606437580,0,0.000000
1648718553.628739263,9,0.101000
1648718553.650713797,0,0.000000
1648718553.672080452,7,0.083000
1648718553.695180530,7,0.050000
1648718553.717259514,0,0.000000
1648718553.740566866,0,0.000000
1648718553.764189458,8,0.144000
1648718553.787378580,0,0.000000
1648718553.808691000,0,0.000000
1648718553.832093356,10,0.131000
1648718553.856636039,0,0.027000
1648718553.879662296,0,0.000000
1648718553.902960484,0,0.003000
1648718553.925601604,1,0.019000
1648718553.948321419,1,0.006000
1648718553.972186787,0,0.000000
1648718553.993770176,3,0.019000
1648718554.017253364,1,0.016000
1648718554.042330291,0,0.008000
1648718554.065505809,13,0.149000
1648718554.087338688,0,0.034000
1648718554.111642631,0,0.000000
1648718554.134404362,9,0.132000
1648718554.157166141,3,0.037000
1648718554.181652720,0,0.013000
1648718554.202505156,7,0.075000
1648718554.225743664,6,0.055000
1648718554.248861164,0,0.000000
1648718554.270946777,0,0.003000
1648718554.292712235,0,0.000000
1648718554.313938624,0,0.005000
1648718554.336476327,5,0.060000
1648718554.360197878,1,0.030000
1648718554.380510029,0,0.016000
1648718554.403435813,3,0.046000
1648718554.425370690,0,0.000000
1648718554.448214508,0,0.000000
1648718554.470934577,0,0.000000
1648718554.493016580,0,0.000000
1648718554.516386292,9,0.111000
1648718554.540278484,0,0.000000
1648718554.562841989,1,0.011000
1648718554.586958174,15,0.155000
1648718554.609577338,1,0.000000
1648718554.631961150,0,0.000000
1648718554.655854367,0,0.000000
1648718554.680477984,1,0.015000
1648718554.702770096,0,0.000000
1648718554.725216904,0,0.001000
1648718554.748957401,2,0.037000
1648718554.771038346,1,0.000000
1648718554.794228217,1,0.000000
1648718554.819240719,11,0.141000
1648718554.841450995,2,0.028000
1648718554.865191847,0,0.000000
1648718554.887405835,9,0.120000
1648718554.910177924,0,0.021000
1648718554.933716847,1,0.023000
1648718554.955509632,0,0.000000
1648718554.979026332,4,0.048000
1648718555.002238815,0,0.013000
1648718555.026695413,1,0.000000
1648718555.049750681,0,0.000000
1648718555.073040587,0,0.000000
1648718555.095903843,0,0.000000
1648718555.119030331,10,0.108000
1648718555.141067956,0,0.000000
1648718555.164790025,0,0.011000
1648718555.188283028,0,0.001000
1648718555.211811111,1,0.013000
1648718555.235557282,5,0.056000
1648718555.259546765,0,0.016000
1648718555.282779780,0,0.000000
1648718555.304989139,7,0.100000
1648718555.327218460,0,0.000000
1648718555.350990335,0,0.000000
1648718555.372469194,7,0.076000
1648718555.394735279,0,0.000000
1648718555.418519588,0,0.000000
1648718555.441871329,11,0.120000
1648718555.465103237,0,0.011000
1648718555.489137374,0,0.010000
1648718555.511376965,14,0.161000
1648718555.534600409,1,0.008000
1648718555.558321777,0,0.000000
1648718555.580703591,8,0.101000
1648718555.605144235,4,0.054000
1648718555.628974491,0,0.000000
1648718555.651028522,2,0.012000
1648718555.675284741,0,0.000000
1648718555.696920991,0,0.000000
1648718555.719844374,7,0.074000
1648718555.743450726,0,0.008000
1648718555.766906421,1,0.022000
1648718555.788221488,5,0.099000
1648718555.811149433,2,0.029000
1648718555.835659207,0,0.000000
1648718555.858921580,0,0.000000
1648718555.883429115,13,0.121000
1648718555.905457108,0,0.000000
1648718555.927850392,0,0.000000
1648718555.953092665,0,0.011000
1648718555.975927148,3,0.040000
1648718555.999601362,0,0.006000
1648718556.021202740,9,0.089000
1648718556.045444010,0,0.037000
1648718556.068049624,0,0.000000
1648718556.091631772,1,0.000000
1648718556.114736375,1,0.000000
1648718556.137323293,11,0.142000
1648718556.160355721,3,0.044000
1648718556.184403264,0,0.006000
1648718556.208273618,0,0.000000
1648718556.231239464,8,0.111000
1648718556.254304416,0,0.000000
1648718556.277507232,0,0.004000
1648718556.301086035,0,0.002000
1648718556.324714889,6,0.065000
1648718556.348280099,0,0.000000
1648718556.371460307,0,0.000000
1648718556.395187273,7,0.098000
1648718556.417714595,0,0.000000
1648718556.441511166,2,0.028000
1648718556.465828899,0,0.000000
1648718556.487527130,10,0.107000
1648718556.511477984,2,0.023000
1648718556.535883283,0,0.000000
1648718556.558076941,0,0.012000
1648718556.581802704,7,0.094000
1648718556.603891655,0,0.002000
1648718556.627636058,0,0.000000
1648718556.650561796,5,0.076000
1648718556.672367224,0,0.000000
1648718556.694982912,0,0.000000
1648718556.717659319,6,0.085000
1648718556.741095768,5,0.058000
1648718556.763750851,2,0.006000
1648718556.786017133,0,0.000000
1648718556.809024020,6,0.083000
1648718556.830457482,0,0.034000
1648718556.853891496,1,0.025000
1648718556.876938183,4,0.060000
1648718556.900417743,2,0.013000
1648718556.923320512,0,0.000000
1648718556.947713088,6,0.076000
1648718556.972734658,0,0.012000
1648718556.992955654,10,0.121000
1648718557.015504067,0,0.000000
1648718557.038661531,0,0.000000
1648718557.061672682,10,0.090000
1648718557.083718112,0,0.014000
1648718557.105195006,1,0.007000
1648718557.129587348,14,0.129000
1648718557.152539210,2,0.000000
1648718557.174027161,0,0.015000
1648718557.196246465,3,0.038000
1648718557.219429789,0,0.000000
1648718557.242967605,1,0.000000
1648718557.265278160,10,0.082000
1648718557.288457386,2,0.015000
1648718557.310604021,0,0.000000
1648718557.334544677,12,0.118000
1648718557.357489268,1,0.000000
1648718557.379199720,0,0.007000
1648718557.402267152,0,0.006000
1648718557.423234877,0,0.000000
1648718557.446492806,6,0.059000
1648718557.467334676,0,0.000000
1648718557.490349217,5,0.035000
1648718557.512861884,0,0.000000
1648718557.535482534,0,0.006000
1648718557.557899567,14,0.117000
1648718557.579298502,4,0.054000
1648718557.602551938,0,0.011000
1648718557.626089842,0,0.009000
1648718557.648251131,6,0.076000
1648718557.670186707,0,0.000000
1648718557.691160417,11,0.110000
1648718557.713341250,0,0.003000
1648718557.736437826,0,0.000000
1648718557.759106294,8,0.080000
1648718557.781939452,2,0.002000
1648718557.805419305,0,0.000000
1648718557.828477876,5,0.068000
1648718557.851260752,3,0.031000
1648718557.874573447,0,0.000000
1648718557.896040414,0,0.000000
1648718557.919925932,1,0.013000
1648718557.943065675,0,0.000000
1648718557.964794257,9,0.085000
1648718557.987474577,0,0.002000
1648718558.010050758,0,0.000000
1648718558.034243080,3,0.030000
1648718558.055558308,0,0.000000
1648718558.079583115,0,0.003000
1648718558.103675061,0,0.000000
1648718558.128667032,0,0.022000
1648718558.153433352,0,0.003000
1648718558.175293086,0,0.000000
1648718558.196869007,14,0.168000
1648718558.220129527,6,0.063000
1648718558.243200250,1,0.002000
1648718558.266198390,2,0.011000
1648718558.287911933,1,0.016000
1648718558.310913444,1,0.008000
1648718558.333981200,6,0.102000
1648718558.357617579,0,0.013000
1648718558.379217859,0,0.012000
1648718558.400758143,16,0.149000
1648718558.423159456,2,0.046000
1648718558.447158349,0,0.019000
1648718558.470014871,0,0.000000
1648718558.494031752,0,0.002000
1648718558.516972039,11,0.156000
1648718558.541803896,2,0.029000
1648718558.564358184,0,0.000000
1648718558.588153707,2,0.003000
1648718558.610546453,8,0.095000
1648718558.634293309,0,0.011000
1648718558.657066370,0,0.000000
1648718558.680417802,5,0.087000
1648718558.701905814,7,0.032000
1648718558.725556128,0,0.000000
1648718558.749165223,0,0.000000
1648718558.770410266,0,0.008000
1648718558.790966025,0,0.000000
1648718558.813925220,7,0.099000
1648718558.835960223,0,0.032000
1648718558.858816511,1,0.029000
1648718558.880436875,9,0.174000
1648718558.903851709,2,0.051000
1648718558.927011652,0,0.008000
1648718558.950628913,10,0.120000
1648718558.971492496,1,0.014000
1648718558.994118975,0,0.000000
1648718559.017075628,7,0.089000
1648718559.041154688,3,0.019000
1648718559.064115778,0,0.000000
1648718559.086976155,0,0.000000
1648718559.109357881,2,0.014000
1648718559.132242920,0,0.003000
1648718559.156122290,0,0.000000
1648718559.179327179,17,0.162000
1648718559.203045935,0,0.010000
1648718559.225804719,0,0.001000
1648718559.249065857,5,0.070000
1648718559.272486866,9,0.075000
1648718559.297418296,0,0.005000
1648718559.319048664,0,0.000000
1648718559.342881491,6,0.054000
1648718559.366524308,1,0.034000
1648718559.388967580,0,0.000000
1648718559.412437383,0,0.000000
1648718559.436730397,0,0.014000
1648718559.459803591,2,0.010000
1648718559.480904914,0,0.000000
1648718559.503009661,9,0.101000
1648718559.525606249,0,0.004000
1648718559.549352901,0,0.000000
1648718559.573439517,4,0.051000
1648718559.594580240,2,0.007000
1648718559.617845175,0,0.008000
1648718559.641045793,0,0.000000
1648718559.663769742,5,0.048000
1648718559.685979809,1,0.008000
1648718559.709140875,0,0.000000
1648718559.730982200,2,0.000000
1648718559.753380651,0,0.014000
1648718559.776764870,0,0.000000
1648718559.799907379,0,0.020000
1648718559.822454726,0,0.008000
1648718559.845192528,8,0.092000
1648718559.867952401,0,0.000000
1648718559.889737677,0,0.000000
1648718559.911535158,16,0.154000
1648718559.934976747,2,0.011000
1648718559.959368837,2,0.014000
1648718559.981090047,0,0.000000
1648718560.002990344,1,0.000000
1648718560.025870378,0,0.008000
1648718560.048874954,0,0.000000
1648718560.070557025,2,0.034000
1648718560.092583239,0,0.000000
1648718560.115565642,14,0.167000
1648718560.136954615,0,0.030000
1648718560.160136026,0,0.004000
1648718560.182609555,5,0.071000
1648718560.205247683,2,0.011000
1648718560.226391190,1,0.034000
1648718560.248770220,4,0.063000
1648718560.271399209,0,0.008000
1648718560.294397710,1,0.006000
1648718560.318397041,0,0.000000
1648718560.341104979,4,0.026000
1648718560.364274661,3,0.023000
1648718560.386856182,0,0.000000
1648718560.409152928,0,0.013000
1648718560.432651076,2,0.031000
1648718560.455733685,0,0.005000
1648718560.478625902,0,0.000000
1648718560.501847063,5,0.049000
1648718560.523098579,2,0.014000
1648718560.547347696,2,0.006000
1648718560.570381182,0,0.000000
1648718560.593368524,6,0.076000
1648718560.617095060,5,0.051000
1648718560.639339800,0,0.000000
1648718560.661771422,0,0.004000
1648718560.685435659,4,0.052000
1648718560.709104187,0,0.000000
1648718560.732202150,0,0.000000
1648718560.756133427,13,0.145000
1648718560.778421591,0,0.005000
1648718560.800129865,0,0.004000
1648718560.822354537,4,0.060000
1648718560.843296912,1,0.000000
1648718560.867876925,11,0.115000
1648718560.890349364,1,0.012000
1648718560.912630379,0,0.000000
1648718560.932126241,8,0.087000
1648718560.956461854,1,0.028000
1648718560.980159934,0,0.000000
1648718561.003171862,0,0.000000
1648718561.026261130,4,0.069000
1648718561.047808247,0,0.000000
1648718561.068175843,0,0.001000
1648718561.092215958,5,0.067000
1648718561.114426702,0,0.000000
1648718561.137658733,0,0.021000
1648718561.160483828,14,0.170000
1648718561.184454795,0,0.008000
1648718561.207673709,0,0.000000
1648718561.227965599,9,0.150000
1648718561.251797947,0,0.000000
1648718561.273952171,0,0.000000
1648718561.296877109,10,0.177000
1648718561.320788204,4,0.019000
1648718561.342508901,0,0.000000
1648718561.365247090,2,0.052000
1648718561.388930710,4,0.086000
1648718561.412562243,0,0.000000
1648718561.433927813,7,0.051000
1648718561.456460333,0,0.020000
1648718561.480419253,1,0.000000
1648718561.503552902,1,0.004000
1648718561.526886936,9,0.112000
1648718561.548246754,2,0.034000
1648718561.570838626,0,0.000000
1648718561.595013339,12,0.126000
1648718561.617599618,0,0.031000
1648718561.640316455,1,0.013000
1648718561.664375387,0,0.003000
1648718561.687309516,12,0.121000
1648718561.710713928,2,0.038000
1648718561.734061857,0,0.000000
1648718561.756286394,1,0.000000
1648718561.780338991,10,0.107000
1648718561.804249504,0,0.010000
1648718561.825996964,1,0.005000
1648718561.848043779,3,0.038000
1648718561.870305931,3,0.024000
1648718561.892078189,0,0.006000
1648718561.915112532,12,0.143000
1648718561.938627844,1,0.020000
1648718561.961263207,0,0.000000
1648718561.983913548,7,0.097000
1648718562.006898646,1,0.037000
1648718562.031818780,0,0.000000
1648718562.054343070,0,0.000000
1648718562.075787628,10,0.114000
1648718562.099197716,1,0.004000
1648718562.120896486,0,0.004000
1648718562.144494961,4,0.069000
1648718562.165543076,0,0.000000
1648718562.188009402,0,0.000000
1648718562.212275948,10,0.119000
1648718562.235402245,7,0.062000
1648718562.258024390,0,0.000000
1648718562.281726537,10,0.115000
1648718562.304729189,0,0.003000
1648718562.327803108,0,0.000000
1648718562.351120752,2,0.000000
1648718562.375423474,2,0.033000
1648718562.397888087,0,0.010000
1648718562.420893475,2,0.013000
1648718562.443543307,3,0.024000
1648718562.465022795,0,0.000000
1648718562.487666635,6,0.062000
1648718562.510125002,0,0.009000
1648718562.532652699,0,0.000000
1648718562.554212632,6,0.039000
1648718562.577092764,0,0.004000
1648718562.600012246,1,0.004000
1648718562.622872664,8,0.082000
1648718562.646449263,2,0.018000
1648718562.668352113,0,0.000000
1648718562.690098157,4,0.038000
1648718562.709913226,0,0.000000
1648718562.732344504,10,0.095000
1648718562.752937111,0,0.000000
1648718562.776214808,0,0.000000
1648718562.798718387,0,0.002000
1648718562.822181737,0,0.000000
1648718562.845060047,2,0.019000
1648718562.867368717,10,0.096000
1648718562.891103904,2,0.005000
1648718562.914149759,1,0.001000
1648718562.935275477,8,0.091000
1648718562.957494670,0,0.008000
1648718562.979063829,2,0.045000
1648718563.000939637,1,0.011000
1648718563.023847738,0,0.013000
1648718563.047700821,8,0.099000
1648718563.071347640,1,0.006000
1648718563.092343868,0,0.000000
1648718563.115099251,9,0.118000
1648718563.138305174,0,0.016000
1648718563.162700314,0,0.001000
1648718563.185127421,7,0.108000
1648718563.208082822,2,0.025000
1648718563.230749772,0,0.000000
1648718563.252209688,2,0.028000
1648718563.274547460,0,0.000000
1648718563.297267081,0,0.000000
1648718563.319760537,1,0.027000
1648718563.341805990,0,0.001000
1648718563.365793399,0,0.000000
1648718563.387931147,7,0.093000
1648718563.411057194,0,0.020000
1648718563.433135016,0,0.000000
1648718563.455911224,3,0.022000
1648718563.477536783,0,0.000000
1648718563.500133922,9,0.083000
1648718563.523380039,0,0.010000
1648718563.545599037,0,0.000000
1648718563.571048121,8,0.094000
1648718563.593265098,4,0.071000
1648718563.617555733,0,0.000000
1648718563.639198097,6,0.069000
1648718563.661404874,0,0.001000
1648718563.683951841,0,0.008000
1648718563.706215671,9,0.104000
1648718563.728484642,0,0.000000
1648718563.750572482,1,0.010000
1648718563.773658248,8,0.063000
1648718563.796579145,1,0.000000
1648718563.820057527,0,0.000000
1648718563.842771064,9,0.094000
1648718563.863150818,0,0.000000
1648718563.885986242,0,0.000000
1648718563.908765794,8,0.116000
1648718563.930799824,1,0.003000
1648718563.955063343,0,0.000000
1648718563.977150773,8,0.099000
1648718563.999216320,0,0.006000
1648718564.021997247,0,0.022000
1648718564.045646659,5,0.047000
1648718564.067210132,0,0.000000
1648718564.089701641,1,0.003000
1648718564.114480389,0,0.001000
1648718564.136182846,0,0.000000
1648718564.159681161,0,0.011000
1648718564.182097341,0,0.000000
1648718564.204622790,0,0.000000
1648718564.227021786,10,0.106000
1648718564.248971680,1,0.000000
1648718564.270369082,0,0.017000
1648718564.293081791,1,0.023000
1648718564.314248548,2,0.000000
1648718564.338282816,4,0.064000
1648718564.360319506,1,0.001000
1648718564.382852406,0,0.000000
1648718564.406374055,11,0.160000
1648718564.429979009,0,0.013000
1648718564.452945295,0,0.000000
1648718564.476059942,0,0.003000
1648718564.497457199,0,0.000000
1648718564.518138327,1,0.024000
1648718564.541098373,10,0.150000
1648718564.565524109,2,0.000000
1648718564.587967912,0,0.009000
1648718564.611577494,12,0.143000
1648718564.634177035,1,0.012000
1648718564.654942503,1,0.000000
1648718564.677980964,5,0.041000
1648718564.699199524,0,0.000000
1648718564.721965527,2,0.000000
1648718564.746330208,6,0.039000
1648718564.766843444,0,0.000000
1648718564.789119586,9,0.080000
1648718564.811213082,0,0.000000
1648718564.833975689,0,0.000000
1648718564.857986691,2,0.011000
1648718564.879565278,0,0.010000
1648718564.901105058,3,0.022000
1648718564.924206826,1,0.004000
1648718564.947206298,1,0.011000
1648718564.969605526,11,0.151000
1648718564.991965460,1,0.009000
1648718565.013262512,6,0.065000
1648718565.035280996,0,0.000000
1648718565.058001024,3,0.051000
1648718565.082072835,0,0.000000
1648718565.104288148,0,0.000000
1648718565.126593275,11,0.129000
1648718565.151682590,4,0.047000
1648718565.174697660,0,0.008000
1648718565.198460741,0,0.000000
1648718565.220598129,1,0.013000
1648718565.242710972,0,0.000000
1648718565.266259776,7,0.093000
1648718565.288162847,6,0.060000
1648718565.312156738,0,0.001000
1648718565.332681154,10,0.105000
1648718565.353645951,0,0.008000
1648718565.377071344,0,0.000000
1648718565.400773528,6,0.096000
1648718565.424459968,0,0.020000
1648718565.446707315,0,0.000000
1648718565.467979473,9,0.107000
1648718565.491156265,0,0.005000
1648718565.513187048,0,0.000000
1648718565.535432105,0,0.000000
1648718565.556984219,0,0.000000
1648718565.579826217,6,0.085000
1648718565.602780532,2,0.056000
1648718565.624567054,1,0.004000
1648718565.646484593,4,0.023000
1648718565.669340697,0,0.001000
1648718565.694019144,0,0.019000
1648718565.716288063,7,0.077000
1648718565.737219030,0,0.018000
1648718565.761631694,0,0.000000
1648718565.782929284,10,0.086000
1648718565.805950568,1,0.011000
1648718565.827832617,0,0.000000
1648718565.851103420,2,0.007000
1648718565.872111888,0,0.011000
1648718565.895476444,15,0.135000
1648718565.917149943,1,0.001000
1648718565.940840155,0,0.000000
1648718565.962080419,0,0.000000
1648718565.984803584,0,0.009000
1648718566.008328824,0,0.000000
1648718566.030661029,7,0.084000
1648718566.053107545,0,0.000000
1648718566.075957846,0,0.005000
1648718566.098096065,6,0.065000
1648718566.120641282,0,0.002000
1648718566.141902734,9,0.104000
1648718566.164883333,1,0.012000
1648718566.190167142,0,0.000000
1648718566.212286055,0,0.005000
1648718566.235465291,12,0.108000
1648718566.260077214,1,0.000000
1648718566.282045902,1,0.019000
1648718566.302934576,3,0.029000
1648718566.325577385,1,0.011000
1648718566.349352300,0,0.000000
1648718566.371103031,0,0.000000
1648718566.395571242,0,0.006000
1648718566.417901814,0,0.009000
1648718566.441075438,0,0.005000
1648718566.463877737,11,0.123000
1648718566.486589054,0,0.000000
1648718566.509427579,0,0.000000
1648718566.534806609,0,0.000000
1648718566.558284263,5,0.088000
1648718566.581413257,0,0.000000
1648718566.603110782,0,0.000000
1648718566.628181140,8,0.107000
1648718566.650408653,0,0.005000
1648718566.674125060,0,0.000000
1648718566.697302076,0,0.011000
1648718566.718332877,0,0.012000
1648718566.740334686,0,0.000000
1648718566.763284240,2,0.010000
1648718566.783971787,0,0.000000
1648718566.806729239,8,0.114000
1648718566.830459569,1,0.039000
1648718566.852818035,0,0.000000
1648718566.873892618,4,0.058000
1648718566.897527372,1,0.000000
1648718566.919239428,0,0.000000
1648718566.941773091,4,0.045000
1648718566.964051196,4,0.019000
1648718566.986987365,0,0.000000
1648718567.010219195,0,0.000000
1648718567.034484106,13,0.150000
1648718567.057416039,0,0.013000
1648718567.079737645,0,0.000000
1648718567.101210077,4,0.046000
1648718567.124509736,1,0.022000
1648718567.146572753,0,0.000000
1648718567.167216052,7,0.050000
1648718567.189934355,0,0.008000
1648718567.214153553,1,0.015000
1648718567.236052058,0,0.011000
1648718567.256670444,0,0.000000
1648718567.278671876,14,0.165000
1648718567.301375779,0,0.004000
1648718567.323687051,0,0.013000
1648718567.346158869,4,0.035000
1648718567.368345388,0,0.000000
1648718567.391092224,0,0.000000
1648718567.414669973,7,0.067000
1648718567.438457927,0,0.000000
1648718567.460916493,0,0.004000
1648718567.483142097,10,0.105000
1648718567.506192970,0,0.001000
1648718567.529044168,0,0.000000
1648718567.552585407,2,0.005000
1648718567.575493255,0,0.003000
1648718567.597346661,0,0.000000
1648718567.620398318,0,0.000000
1648718567.645142830,6,0.054000
1648718567.664751936,1,0.009000
1648718567.688038103,0,0.000000
1648718567.710197548,3,0.007000
1648718567.732243975,0,0.017000
1648718567.754415813,13,0.140000
1648718567.778929048,3,0.041000
1648718567.802360808,0,0.000000
1648718567.824137442,6,0.059000
1648718567.846324946,1,0.010000
1648718567.869020221,0,0.000000
1648718567.891873607,0,0.000000
1648718567.915046821,3,0.017000
1648718567.937281332,2,0.013000
1648718567.961128105,0,0.011000
1648718567.985194177,1,0.030000
1648718568.008379750,1,0.000000
1648718568.031967308,7,0.062000
1648718568.053990124,0,0.012000
1648718568.076813176,0,0.013000
1648718568.099068371,1,0.017000
1648718568.121749645,0,0.006000
1648718568.145173686,0,0.000000
1648718568.168442203,14,0.147000
1648718568.192628025,2,0.024000
1648718568.214793843,0,0.000000
1648718568.237260749,10,0.122000
1648718568.260083208,0,0.000000
1648718568.283674144,2,0.022000
1648718568.305767457,0,0.000000
1648718568.327709407,4,0.032000
1648718568.350575740,0,0.000000
1648718568.372320219,5,0.098000
1648718568.393926135,5,0.061000
1648718568.416383918,0,0.000000
1648718568.437156224,15,0.147000
1648718568.459139297,2,0.037000
1648718568.482367634,0,0.005000
1648718568.504315473,0,0.000000
1648718568.527233067,0,0.000000
1648718568.548874294,3,0.027000
1648718568.571743574,1,0.000000
1648718568.594298854,0,0.000000
1648718568.616361751,7,0.074000
1648718568.639025444,1,0.008000
1648718568.660865311,1,0.000000
1648718568.684104816,7,0.091000
1648718568.706625793,5,0.064000
1648718568.729386900,0,0.000000
1648718568.752245484,0,0.003000
1648718568.776178624,10,0.100000
1648718568.798868105,0,0.000000
1648718568.823324511,0,0.004000
1648718568.847185398,0,0.000000
1648718568.871587477,0,0.000000
1648718568.894058251,2,0.043000
1648718568.917456605,2,0.024000
1648718568.942230411,0,0.000000
1648718568.964680531,14,0.167000
1648718568.989832893,9,0.094000
1648718569.012402818,0,0.000000
1648718569.033277171,2,0.015000
1648718569.055266182,2,0.040000
1648718569.079359697,0,0.009000
1648718569.101143711,7,0.097000
1648718569.122486908,0,0.000000
1648718569.144503365,0,0.020000
1648718569.167510917,6,0.071000
1648718569.189556360,0,0.000000
1648718569.213142118,1,0.000000
1648718569.235701501,4,0.057000
1648718569.258802332,3,0.063000
1648718569.282469421,0,0.000000
1648718569.304523839,2,0.010000
1648718569.327815849,6,0.064000
1648718569.350284241,0,0.000000
1648718569.373579685,0,0.000000
1648718569.396297815,11,0.154000
1648718569.418566677,0,0.000000
1648718569.440989557,1,0.011000
1648718569.464238974,9,0.104000
1648718569.486219043,1,0.000000
1648718569.509172945,0,0.000000
1648718569.532997635,0,0.007000
1648718569.554148153,3,0.028000
1648718569.577184772,0,0.007000
1648718569.599961314,6,0.056000
1648718569.622066093,2,0.036000
1648718569.646582829,0,0.000000
1648718569.668981185,1,0.019000
1648718569.694039435,1,0.000000
1648718569.717437441,0,0.014000
1648718569.739365955,7,0.068000
1648718569.762772299,4,0.042000
1648718569.785696480,2,0.006000
1648718569.807793224,2,0.018000
1648718569.831799463,0,0.008000
1648718569.855384810,0,0.000000
1648718569.879086573,1,0.042000
1648718569.900239998,1,0.003000
1648718569.922254876,0,0.001000
1648718569.945292405,8,0.059000
1648718569.969117519,5,0.036000
1648718569.991958189,1,0.000000
1648718570.013468921,8,0.086000
1648718570.036393689,0,0.000000
1648718570.057847966,0,0.007000
1648718570.079804871,2,0.018000
1648718570.101682621,2,0.024000
1648718570.126338548,0,0.000000
1648718570.148664964,10,0.167000
1648718570.171300684,1,0.022000
1648718570.193729073,1,0.001000
1648718570.216011783,6,0.098000
1648718570.238636973,0,0.009000
1648718570.260870908,2,0.000000
1648718570.281313491,0,0.000000
1648718570.304900125,8,0.091000
1648718570.326690445,0,0.000000
1648718570.349486513,1,0.008000
1648718570.371427812,8,0.073000
1648718570.394717313,0,0.005000
1648718570.415812853,0,0.012000
1648718570.438072874,0,0.000000
1648718570.460990597,0,0.001000
1648718570.482624053,7,0.124000
1648718570.505185339,1,0.008000
1648718570.526598477,0,0.004000
1648718570.549651014,9,0.144000
1648718570.573219899,0,0.000000
1648718570.596734430,0,0.011000
1648718570.619716549,2,0.044000
1648718570.641976977,2,0.016000
1648718570.666966685,0,0.000000
1648718570.691148967,0,0.012000
1648718570.713980228,1,0.006000
1648718570.736617809,2,0.013000
1648718570.758575419,0,0.000000
1648718570.783061642,0,0.005000
1648718570.807555571,0,0.000000
1648718570.829306974,6,0.026000
1648718570.852777988,0,0.000000
1648718570.876353546,0,0.000000
1648718570.898812006,11,0.149000
1648718570.921089628,0,0.000000
1648718570.943493541,0,0.000000
1648718570.964902644,3,0.032000
1648718570.988768075,0,0.000000
1648718571.011141525,1,0.010000
1648718571.033960093,5,0.081000
1648718571.056815962,0,0.000000
1648718571.081282016,0,0.000000
1648718571.101863262,1,0.020000
1648718571.123571884,0,0.000000
1648718571.148128741,0,0.000000
1648718571.170873825,13,0.120000
1648718571.193431572,1,0.022000
1648718571.217206004,0,0.000000
1648718571.239947288,13,0.148000
1648718571.261475366,2,0.006000
1648718571.284941143,0,0.000000
1648718571.307807350,6,0.072000
1648718571.330489861,2,0.007000
1648718571.354660832,0,0.001000
1648718571.377081290,0,0.000000
1648718571.399680864,2,0.011000
1648718571.421477085,1,0.000000
1648718571.444804466,7,0.066000
1648718571.467299359,1,0.028000
1648718571.490537140,1,0.013000
1648718571.513217456,2,0.056000
1648718571.534395936,3,0.003000
1648718571.556318477,0,0.000000
1648718571.578989746,6,0.078000
1648718571.601212809,0,0.005000
1648718571.626013473,0,0.000000
1648718571.648183696,0,0.000000
1648718571.670895452,4,0.060000
1648718571.693466377,0,0.000000
1648718571.715881799,15,0.152000
1648718571.738854534,0,0.000000
1648718571.761958101,0,0.004000
1648718571.784126075,14,0.147000
1648718571.805990009,2,0.019000
1648718571.830237797,0,0.000000
1648718571.853026513,0,0.000000
1648718571.875070851,0,0.011000
1648718571.896058432,0,0.000000
1648718571.919811515,0,0.000000
1648718571.943065048,0,0.000000
1648718571.967853735,10,0.110000
1648718571.990978751,0,0.016000
1648718572.013474761,0,0.000000
1648718572.036119352,10,0.124000
1648718572.056731926,0,0.000000
1648718572.078859624,6,0.069000
1648718572.099473984,1,0.006000
1648718572.121017665,6,0.068000
1648718572.143010671,2,0.028000
1648718572.167577965,0,0.004000
1648718572.190503078,0,0.010000
1648718572.213992301,12,0.102000
1648718572.236894859,0,0.003000
1648718572.259441280,1,0.000000
1648718572.284148805,0,0.010000
1648718572.308297186,1,0.000000
1648718572.330054278,0,0.000000
1648718572.352669927,0,0.000000
1648718572.376991130,7,0.067000
1648718572.399785433,0,0.000000
1648718572.423764325,1,0.000000
1648718572.444893319,5,0.065000
1648718572.467150535,0,0.000000
1648718572.490866643,0,0.000000
1648718572.512199337,2,0.025000
1648718572.535689866,0,0.003000
1648718572.559469873,0,0.000000
1648718572.582092763,8,0.093000
1648718572.605585498,7,0.049000
1648718572.630226232,0,0.000000
1648718572.652347801,0,0.000000
1648718572.674546463,11,0.128000
1648718572.698476355,0,0.000000
1648718572.719775637,0,0.000000
1648718572.741817731,5,0.040000
1648718572.764438368,0,0.000000
1648718572.787262335,0,0.000000
1648718572.810194118,12,0.133000
1648718572.833316330,7,0.074000
1648718572.854703521,2,0.003000
1648718572.876943442,8,0.094000
1648718572.897186619,0,0.000000
1648718572.920132889,0,0.000000
1648718572.942943255,6,0.056000
1648718572.964902460,0,0.000000
1648718572.988426802,0,0.004000
1648718573.011816864,6,0.090000
1648718573.034992137,2,0.000000
1648718573.060607762,0,0.000000
1648718573.082805425,0,0.000000
1648718573.106750901,8,0.090000
1648718573.132107018,5,0.072000
1648718573.154648484,0,0.000000
1648718573.177603713,6,0.066000
1648718573.199493570,2,0.033000
1648718573.223465619,2,0.016000
1648718573.246286149,0,0.025000
1648718573.268018696,1,0.015000
1648718573.291370514,0,0.009000
1648718573.314403035,0,0.000000
1648718573.337763936,0,0.008000
1648718573.360478101,1,0.001000
1648718573.384352456,6,0.031000
1648718573.407561439,1,0.000000
1648718573.430329103,7,0.082000
1648718573.451709834,2,0.010000
1648718573.474399259,0,0.000000
1648718573.497460985,14,0.150000
1648718573.519545294,0,0.000000
1648718573.543297894,0,0.012000
1648718573.565783261,6,0.102000
1648718573.588139585,1,0.000000
1648718573.610038062,0,0.000000
1648718573.633223303,2,0.050000
1648718573.657656371,6,0.055000
1648718573.680127553,1,0.000000
1648718573.702071921,3,0.026000
1648718573.724911780,6,0.056000
1648718573.747146081,0,0.000000
1648718573.768327528,10,0.106000
1648718573.789777629,3,0.011000
1648718573.814165080,0,0.000000
1648718573.835397597,3,0.057000
1648718573.855161598,0,0.000000
1648718573.876867294,9,0.108000
1648718573.898155583,0,0.001000
1648718573.921256183,0,0.000000
1648718573.944959008,12,0.145000
1648718573.967564119,0,0.000000
1648718573.990037009,0,0.000000
1648718574.012411063,11,0.117000
1648718574.034333043,1,0.025000
1648718574.058087761,1,0.020000
1648718574.078789674,7,0.083000
1648718574.101856579,1,0.011000
1648718574.124302598,0,0.011000
1648718574.149147247,9,0.090000
1648718574.170762737,1,0.004000
1648718574.193916660,0,0.003000
1648718574.216783637,7,0.093000
1648718574.239665672,0,0.018000
1648718574.261670888,0,0.000000
1648718574.285032601,0,0.000000
1648718574.307253306,0,0.009000
1648718574.328442010,0,0.000000
1648718574.352012090,15,0.144000
1648718574.374748899,2,0.000000
1648718574.396590542,0,0.000000
1648718574.418571800,7,0.070000
1648718574.443540878,15,0.158000
1648718574.467753968,1,0.008000
1648718574.489672961,2,0.018000
1648718574.513391607,0,0.005000
1648718574.535227816,1,0.013000
1648718574.557768171,0,0.000000
1648718574.579812384,4,0.034000
1648718574.601094539,0,0.001000
1648718574.624233874,2,0.011000
1648718574.646739055,2,0.024000
1648718574.668961969,0,0.000000
1648718574.691188902,7,0.096000
1648718574.713334283,7,0.109000
1648718574.737092281,0,0.005000
1648718574.761491259,0,0.000000
1648718574.784331145,6,0.082000
1648718574.806810876,2,0.033000
1648718574.827802635,2,0.022000
1648718574.848902421,1,0.007000
1648718574.871643963,0,0.017000
1648718574.893469414,2,0.035000
1648718574.916322221,0,0.000000
1648718574.937853641,0,0.000000
1648718574.960479082,12,0.131000
1648718574.982481673,0,0.012000
1648718575.005966873,0,0.000000
1648718575.028460200,0,0.000000
1648718575.052362264,0,0.003000
1648718575.075998994,0,0.008000
1648718575.098708826,0,0.000000
1648718575.120784439,8,0.092000
1648718575.144551022,6,0.095000
1648718575.167792624,0,0.000000
1648718575.189401017,0,0.008000
1648718575.212693655,8,0.070000
1648718575.236316326,3,0.003000
1648718575.259133578,0,0.000000
1648718575.282304680,0,0.025000
1648718575.305330343,4,0.042000
1648718575.327113448,2,0.010000
1648718575.352013705,0,0.000000
1648718575.374255177,5,0.031000
1648718575.398503552,2,0.000000
1648718575.420182697,2,0.009000
1648718575.443779374,1,0.012000
1648718575.466298128,6,0.060000
1648718575.488225269,1,0.051000
1648718575.512245842,0,0.000000
1648718575.534279591,0,0.000000
1648718575.555347559,0,0.031000
1648718575.578084185,0,0.004000
1648718575.601072670,0,0.006000
1648718575.622873355,2,0.018000
1648718575.645626697,0,0.000000
1648718575.667995478,1,0.029000
1648718575.691213365,8,0.112000
1648718575.715361050,2,0.020000
1648718575.736560911,0,0.000000
1648718575.759199562,9,0.118000
1648718575.782095470,0,0.000000
1648718575.806019426,0,0.000000
1648718575.828554328,9,0.091000
1648718575.851772743,5,0.051000
1648718575.874890457,0,0.000000
1648718575.898558534,1,0.019000
1648718575.920287794,10,0.088000
1648718575.942905555,0,0.000000
1648718575.966304272,0,0.000000
1648718575.989315142,7,0.151000
1648718576.013782816,1,0.019000
1648718576.036813553,0,0.000000
1648718576.060072283,8,0.096000
1648718576.081441964,2,0.008000
1648718576.104904828,0,0.000000
1648718576.126492446,1,0.011000
1648718576.151878236,9,0.092000
1648718576.174084342,1,0.022000
1648718576.197858697,0,0.008000
1648718576.221106262,6,0.062000
1648718576.242575402,0,0.009000
1648718576.265241521,0,0.013000
1648718576.287381996,10,0.096000
1648718576.311956703,0,0.000000
1648718576.335106464,0,0.008000
1648718576.357193023,0,0.000000
1648718576.379835958,3,0.035000
1648718576.401276187,0,0.004000
1648718576.422745921,11,0.114000
1648718576.445064319,3,0.022000
1648718576.466242060,1,0.000000
1648718576.488328240,10,0.086000
1648718576.513139570,1,0.000000
1648718576.535840451,0,0.000000
1648718576.559085272,13,0.113000
1648718576.580661820,1,0.007000
1648718576.602722084,0,0.000000
1648718576.627476917,8,0.077000
1648718576.650321966,2,0.020000
1648718576.673240647,1,0.000000
1648718576.696674816,0,0.019000
1648718576.718617546,3,0.006000
1648718576.740381612,0,0.000000
1648718576.762814826,3,0.073000
1648718576.786462459,2,0.036000
1648718576.810458522,1,0.009000
1648718576.831944371,1,0.019000
1648718576.854679355,8,0.122000
1648718576.878416753,0,0.000000
1648718576.901980965,0,0.000000
1648718576.925228040,0,0.000000
1648718576.947762612,4,0.073000
1648718576.970205135,0,0.000000
1648718576.992445110,0,0.000000
1648718577.015297092,6,0.080000
1648718577.037273334,2,0.000000
1648718577.061351496,0,0.000000
1648718577.084476048,7,0.078000
1648718577.108180661,0,0.009000
1648718577.131573327,0,0.000000
1648718577.154470283,0,0.008000
1648718577.176907143,0,0.034000
1648718577.199027748,0,0.005000
1648718577.222075620,0,0.004000
1648718577.244086246,1,0.017000
1648718577.264854996,1,0.000000
1648718577.287874260,11,0.105000
1648718577.310320181,3,0.059000
1648718577.333100917,1,0.018000
1648718577.355565612,0,0.003000
1648718577.379127384,12,0.150000
1648718577.401235868,2,0.001000
1648718577.424240024,0,0.000000
1648718577.445444625,9,0.113000
1648718577.468487359,0,0.012000
1648718577.491589779,0,0.001000
1648718577.513923596,0,0.000000
1648718577.535869642,4,0.025000
1648718577.558334017,0,0.008000
1648718577.583359227,2,0.016000
1648718577.606570693,8,0.108000
1648718577.629759047,4,0.035000
1648718577.652950653,0,0.000000
1648718577.676553465,1,0.012000
1648718577.697765765,0,0.000000
1648718577.719593609,0,0.001000
1648718577.742349665,8,0.108000
1648718577.766233112,5,0.043000
1648718577.791281373,0,0.000000
1648718577.814120154,0,0.000000
1648718577.838471459,4,0.055000
1648718577.860360497,2,0.000000
1648718577.882752268,6,0.087000
1648718577.903665172,1,0.003000
1648718577.927147271,0,0.013000
1648718577.949037767,6,0.099000
1648718577.972017131,3,0.025000
1648718577.995090064,0,0.000000
1648718578.017300238,7,0.165000
1648718578.039848459,1,0.014000
1648718578.063138912,0,0.000000
1648718578.085964234,7,0.068000
1648718578.108350641,0,0.019000
1648718578.130246761,0,0.000000
1648718578.153119685,9,0.111000
1648718578.175250461,5,0.059000
1648718578.199410221,0,0.000000
1648718578.222067402,7,0.069000
1648718578.242800773,0,0.000000
1648718578.263615847,0,0.000000
1648718578.287287298,7,0.066000
1648718578.309024412,3,0.008000
1648718578.333437840,1,0.005000
1648718578.356635497,0,0.000000
1648718578.378232263,14,0.146000
1648718578.403027537,3,0.009000
1648718578.424854534,0,0.000000
1648718578.447700498,8,0.116000
1648718578.470538695,0,0.000000
1648718578.493255814,0,0.011000
1648718578.515717841,11,0.124000
1648718578.538495939,0,0.001000
1648718578.560470290,0,0.000000
1648718578.581748893,1,0.026000
1648718578.604404673,0,0.007000
1648718578.627216945,1,0.026000
1648718578.651224156,8,0.089000
1648718578.674861531,1,0.001000
1648718578.698798525,0,0.000000
1648718578.721542072,5,0.139000
1648718578.743050301,0,0.000000
1648718578.764230933,0,0.000000
1648718578.785441271,6,0.048000
1648718578.809593401,0,0.009000
1648718578.831326196,0,0.012000
1648718578.854331857,5,0.060000
1648718578.878097252,1,0.000000
1648718578.902219063,0,0.000000
1648718578.924330487,5,0.071000
1648718578.944374456,0,0.000000
1648718578.966560760,1,0.030000
1648718578.990487235,1,0.005000
1648718579.011915184,1,0.012000
1648718579.034841120,7,0.051000
1648718579.058160304,0,0.000000
1648718579.082207967,1,0.000000
1648718579.103982385,8,0.083000
1648718579.128181024,0,0.001000
1648718579.149659845,1,0.004000
1648718579.170219619,7,0.041000
1648718579.194896835,2,0.002000
1648718579.216549604,0,0.018000
1648718579.238176044,6,0.038000
1648718579.260267426,0,0.000000
1648718579.282587159,2,0.090000
1648718579.306091782,9,0.068000
1648718579.330001945,0,0.009000
1648718579.352018036,0,0.000000
1648718579.375538140,13,0.144000
1648718579.397332474,2,0.020000
1648718579.420630820,0,0.000000
1648718579.441713222,6,0.078000
1648718579.463981269,1,0.012000
1648718579.486359279,2,0.010000
1648718579.510288378,4,0.039000
1648718579.533282266,0,0.015000
1648718579.556693106,0,0.000000
1648718579.579525856,5,0.029000
1648718579.601343944,0,0.011000
1648718579.624074885,0,0.000000
1648718579.648768784,3,0.035000
1648718579.671404497,0,0.031000
1648718579.694187053,0,0.012000
1648718579.717584531,0,0.007000
1648718579.740332179,11,0.100000
1648718579.762803867,0,0.000000
1648718579.785297568,15,0.141000
1648718579.807490921,1,0.000000
1648718579.830708653,0,0.000000
1648718579.854312051,10,0.123000
1648718579.876068367,0,0.000000
1648718579.900838467,2,0.005000
1648718579.924554223,0,0.000000
1648718579.945957189,0,0.007000
1648718579.966524378,0,0.000000
1648718579.989264427,3,0.021000
1648718580.014375415,1,0.017000
1648718580.034989127,0,0.000000
1648718580.057666196,8,0.087000
1648718580.079155253,7,0.100000
1648718580.102214602,2,0.010000
1648718580.125162939,1,0.000000
1648718580.146173355,2,0.034000
1648718580.169925991,0,0.006000
1648718580.192956112,0,0.000000
1648718580.216733403,0,0.000000
1648718580.240301297,13,0.133000
1648718580.263393605,0,0.000000
1648718580.285502361,0,0.000000
1648718580.306922883,5,0.061000
1648718580.330031018,0,0.000000
1648718580.352439178,1,0.008000
1648718580.375302792,16,0.181000
1648718580.399461552,0,0.000000
1648718580.420774131,0,0.000000
1648718580.443562067,0,0.008000
1648718580.468190507,3,0.017000
1648718580.490056713,0,0.018000
1648718580.513061990,0,0.000000
1648718580.536096560,7,0.082000
1648718580.557232337,2,0.023000
1648718580.579979427,2,0.025000
1648718580.602491323,7,0.057000
1648718580.625287417,0,0.000000
1648718580.647013801,0,0.000000
1648718580.669876607,11,0.105000
1648718580.692481882,0,0.004000
1648718580.715963718,0,0.000000
1648718580.735754186,2,0.045000
1648718580.757391429,0,0.000000
1648718580.781914419,0,0.000000
1648718580.807097630,5,0.058000
1648718580.828869616,0,0.006000
1648718580.852180100,0,0.000000
1648718580.874837605,8,0.192000
1648718580.898477609,7,0.085000
1648718580.921037065,0,0.000000
1648718580.943460544,10,0.114000
1648718580.965813963,0,0.003000
1648718580.989987840,0,0.000000
1648718581.012236098,7,0.087000
1648718581.034953341,0,0.000000
1648718581.058736286,0,0.000000
1648718581.081933245,2,0.041000
1648718581.104996155,5,0.019000
1648718581.126827685,1,0.000000
1648718581.150845648,0,0.000000
1648718581.175996928,1,0.006000
1648718581.198494169,12,0.122000
1648718581.222707938,3,0.048000
1648718581.245241227,0,0.000000
1648718581.267251169,13,0.170000
1648718581.288508003,1,0.030000
1648718581.312248608,0,0.000000
1648718581.335866877,0,0.000000
1648718581.358286318,1,0.012000
1648718581.380383132,4,0.027000
1648718581.403776997,0,0.006000
1648718581.427750922,0,0.000000
1648718581.449464559,3,0.032000
1648718581.471557203,0,0.000000
1648718581.494503430,5,0.049000
1648718581.516428403,6,0.036000
1648718581.540051801,0,0.013000
1648718581.562207009,0,0.000000
1648718581.585819932,8,0.073000
1648718581.609063788,11,0.088000
1648718581.632624775,0,0.000000
1648718581.656608418,0,0.000000
1648718581.679214126,0,0.017000
1648718581.701738442,0,0.009000
1648718581.723892620,0,0.002000
1648718581.744402320,4,0.059000
1648718581.767550368,2,0.003000
1648718581.788427062,4,0.040000
1648718581.808341060,0,0.000000
1648718581.832182000,10,0.130000
1648718581.856831401,4,0.041000
1648718581.878419022,0,0.000000
1648718581.901739877,0,0.014000
1648718581.924901335,10,0.116000
1648718581.949362052,0,0.003000
1648718581.972800304,1,0.003000
1648718581.996368304,6,0.120000
1648718582.018367659,0,0.010000
1648718582.041020253,0,0.005000
1648718582.064273071,7,0.047000
1648718582.086152641,0,0.000000
1648718582.109666993,0,0.003000
1648718582.132660671,0,0.000000
1648718582.158151688,8,0.115000
1648718582.180801492,2,0.008000
1648718582.203172192,1,0.008000
1648718582.224859935,5,0.066000
1648718582.247451520,0,0.006000
1648718582.271382132,1,0.000000
1648718582.293709341,7,0.081000
1648718582.315936326,0,0.000000
1648718582.339173383,1,0.000000
1648718582.360300366,1,0.001000
1648718582.384033876,0,0.000000
1648718582.405267127,0,0.000000
1648718582.428057736,10,0.095000
1648718582.449712055,1,0.025000
1648718582.471796668,0,0.000000
1648718582.494592659,5,0.063000
1648718582.518113978,0,0.000000
1648718582.540669274,0,0.003000
1648718582.564696908,0,0.000000
1648718582.585898916,0,0.000000
1648718582.609836020,0,0.003000
1648718582.632435395,5,0.062000
1648718582.654373339,1,0.004000
1648718582.675098794,4,0.038000
1648718582.696318105,1,0.007000
1648718582.718458741,6,0.070000
1648718582.740052574,0,0.000000
1648718582.762126513,1,0.000000
1648718582.785484845,12,0.137000
1648718582.808561066,0,0.000000
1648718582.830894917,2,0.001000
1648718582.852065729,4,0.032000
1648718582.874250759,0,0.016000
1648718582.897117503,0,0.001000
1648718582.919356042,3,0.038000
1648718582.943064912,0,0.000000
1648718582.965097378,5,0.069000
1648718582.987973440,2,0.039000
1648718583.010644802,0,0.000000
1648718583.033035162,11,0.115000
1648718583.058064059,6,0.063000
1648718583.080490128,0,0.000000
1648718583.103022624,6,0.062000
1648718583.124108654,1,0.020000
1648718583.147423811,0,0.000000
1648718583.169289071,9,0.104000
1648718583.192045786,0,0.000000
1648718583.214881586,1,0.009000
1648718583.237579372,12,0.147000
1648718583.260388362,1,0.012000
1648718583.284319243,0,0.000000
1648718583.308239958,0,0.000000
1648718583.330179525,2,0.028000
1648718583.352271039,0,0.000000
1648718583.374570056,8,0.095000
1648718583.397128776,0,0.003000
1648718583.419036393,1,0.027000
1648718583.441952350,4,0.069000
1648718583.465124521,0,0.000000
1648718583.488881181,0,0.000000
1648718583.512082616,6,0.057000
1648718583.531706988,0,0.015000
1648718583.555309610,3,0.010000
1648718583.578947702,3,0.015000
1648718583.600684515,0,0.000000
1648718583.623164817,2,0.041000
1648718583.645945703,0,0.000000
1648718583.668318797,0,0.008000
1648718583.691214124,1,0.010000
1648718583.716594159,4,0.034000
1648718583.737492972,1,0.006000
1648718583.759864642,4,0.064000
1648718583.782851102,2,0.014000
1648718583.805250812,0,0.001000
1648718583.828559128,5,0.097000
1648718583.851406570,0,0.007000
1648718583.872569805,0,0.000000
1648718583.897220968,0,0.014000
1648718583.919244746,0,0.000000
1648718583.941216120,6,0.046000
1648718583.963624075,1,0.010000
1648718583.987954729,0,0.009000
1648718584.009375293,3,0.032000
1648718584.031832146,0,0.001000
1648718584.055126867,0,0.000000
1648718584.078222687,4,0.028000
1648718584.102424316,3,0.025000
1648718584.126320245,1,0.004000
1648718584.149392262,9,0.101000
1648718584.169501901,0,0.000000
1648718584.191083682,2,0.004000
1648718584.214445862,7,0.068000
1648718584.238163096,1,0.009000
1648718584.259654940,0,0.000000
1648718584.283509828,8,0.084000
1648718584.305746872,0,0.004000
1648718584.328877301,0,0.003000
1648718584.351135798,3,0.018000
1648718584.374730809,1,0.016000
1648718584.397295481,6,0.081000
1648718584.417634220,0,0.000000
1648718584.440600848,1,0.005000
1648718584.464120255,5,0.036000
1648718584.486354002,0,0.000000
1648718584.508425670,5,0.029000
1648718584.530780325,0,0.000000
1648718584.552500671,0,0.004000
1648718584.574762615,15,0.157000
1648718584.600092715,3,0.015000
1648718584.622450971,0,0.000000
1648718584.644914002,6,0.076000
1648718584.667698856,0,0.000000
1648718584.690611541,0,0.000000
1648718584.712437021,4,0.054000
1648718584.734393327,0,0.000000
1648718584.758031551,0,0.011000
1648718584.780289437,3,0.029000
1648718584.803649745,1,0.015000
1648718584.827441566,0,0.000000
1648718584.848435475,1,0.000000
1648718584.871009109,0,0.012000
1648718584.893740258,0,0.010000
1648718584.915912419,0,0.022000
1648718584.937279547,0,0.000000
1648718584.960584242,12,0.116000
1648718584.981138894,0,0.000000
1648718585.002762191,3,0.020000
1648718585.026830071,0,0.001000
1648718585.050884197,1,0.011000
1648718585.072829001,4,0.026000
1648718585.096333585,0,0.000000
1648718585.117486079,10,0.136000
1648718585.140342464,0,0.016000
1648718585.163371638,0,0.005000
1648718585.186882778,1,0.037000
1648718585.211489858,0,0.000000
1648718585.233990366,0,0.000000
1648718585.258236099,5,0.072000
1648718585.282188548,0,0.036000
1648718585.304721571,0,0.019000
1648718585.324362191,0,0.012000
1648718585.346104907,1,0.000000
1648718585.368379957,5,0.047000
1648718585.388641625,0,0.014000
1648718585.413473857,0,0.000000
1648718585.436945210,0,0.000000
1648718585.457379511,0,0.000000
1648718585.479557203,5,0.056000
1648718585.502749644,0,0.000000
1648718585.525420945,0,0.000000
1648718585.547807903,11,0.128000
1648718585.571208747,0,0.000000
1648718585.593136803,0,0.011000
1648718585.616154860,11,0.124000
1648718585.638330659,1,0.001000
1648718585.660905699,0,0.007000
1648718585.681468703,1,0.006000
1648718585.704668119,0,0.000000
1648718585.727137224,4,0.043000
1648718585.749252491,0,0.000000
1648718585.772314138,0,0.017000
1648718585.795359180,14,0.131000
1648718585.820083298,0,0.001000
1648718585.843126868,1,0.007000
1648718585.866833594,10,0.120000
1648718585.889876363,1,0.004000
1648718585.912878011,1,0.000000
1648718585.934663552,3,0.092000
1648718585.957867419,0,0.000000
1648718585.980589731,1,0.008000
1648718586.004446584,7,0.059000
1648718586.026802156,0,0.000000
1648718586.050042848,15,0.141000
1648718586.073360111,0,0.001000
1648718586.096240424,3,0.004000
1648718586.119579483,7,0.046000
1648718586.144372603,0,0.008000
1648718586.166367884,0,0.036000
1648718586.190193545,11,0.124000
1648718586.213759689,0,0.000000
1648718586.237561165,0,0.000000
1648718586.260846525,6,0.025000
1648718586.281671045,0,0.014000
1648718586.303501240,2,0.000000
1648718586.326891839,0,0.030000
1648718586.349134975,0,0.007000
1648718586.370740534,0,0.000000
1648718586.394690370,4,0.040000
1648718586.417731735,0,0.000000
1648718586.438100914,0,0.000000
1648718586.460563228,2,0.006000
1648718586.483088975,10,0.124000
1648718586.506635887,3,0.059000
1648718586.529248414,4,0.030000
1648718586.554060364,0,0.000000
1648718586.576597379,10,0.177000
1648718586.598380233,0,0.000000
1648718586.620768898,0,0.000000
1648718586.643174935,7,0.091000
1648718586.665936911,0,0.006000
1648718586.687930690,0,0.000000
1648718586.712804153,13,0.135000
1648718586.734194231,0,0.000000
1648718586.756201421,0,0.000000
1648718586.779870918,0,0.000000
1648718586.804107236,5,0.078000
1648718586.826200296,0,0.000000
1648718586.848430962,2,0.041000
1648718586.870205820,3,0.007000
1648718586.893632948,1,0.012000
1648718586.916731700,0,0.013000
1648718586.940360994,0,0.000000
1648718586.964256015,0,0.000000
1648718586.986493572,0,0.000000
1648718587.010945895,7,0.077000
1648718587.030982594,1,0.020000
1648718587.053806799,1,0.021000
1648718587.076663745,5,0.051000
1648718587.101235207,4,0.047000
1648718587.123754587,0,0.007000
1648718587.147344874,0,0.000000
1648718587.170672399,6,0.072000
1648718587.194460694,1,0.041000
1648718587.218651758,0,0.000000
1648718587.243570397,0,0.009000
1648718587.266548888,0,0.013000
1648718587.289403668,5,0.029000
1648718587.312508800,1,0.001000
1648718587.335170974,1,0.005000
1648718587.359137083,10,0.088000
1648718587.380433778,1,0.022000
1648718587.403667817,0,0.000000
1648718587.426960376,0,0.009000
1648718587.448975922,5,0.061000
1648718587.470356491,1,0.006000
1648718587.493552887,0,0.021000
1648718587.517039961,15,0.168000
1648718587.540283138,3,0.032000
1648718587.562476893,3,0.022000
1648718587.584667066,6,0.046000
1648718587.608279237,4,0.051000
1648718587.630962837,3,0.000000
1648718587.656416241,0,0.001000
1648718587.678385075,8,0.119000
1648718587.699655878,1,0.000000
1648718587.722132301,0,0.000000
1648718587.746280278,1,0.024000
1648718587.767065966,0,0.007000
1648718587.789989283,0,0.004000
1648718587.812474372,1,0.000000
1648718587.833567938,0,0.000000
1648718587.856372282,11,0.119000
1648718587.879909290,2,0.030000
1648718587.902071218,1,0.009000
1648718587.924069968,5,0.063000
1648718587.945357349,0,0.000000
1648718587.970601509,0,0.005000
1648718587.993682499,1,0.013000
1648718588.017222273,3,0.042000
1648718588.038472096,0,0.000000
1648718588.060375057,6,0.059000
1648718588.084123281,2,0.015000
1648718588.107262860,0,0.000000
1648718588.131309426,1,0.004000
1648718588.155726932,11,0.134000
1648718588.179908573,0,0.030000
1648718588.201572721,0,0.000000
1648718588.224920009,15,0.145000
1648718588.248704810,4,0.049000
1648718588.272471148,0,0.000000
1648718588.295924377,2,0.006000
1648718588.318453513,12,0.118000
1648718588.342139677,0,0.000000
1648718588.364951334,0,0.000000
1648718588.387991964,0,0.000000
1648718588.411471507,7,0.083000
1648718588.435134108,0,0.023000
1648718588.457430010,0,0.000000
1648718588.480697132,0,0.000000
1648718588.504917144,3,0.022000
1648718588.526297878,2,0.006000
1648718588.550165987,0,0.002000
1648718588.573973976,2,0.008000
1648718588.597609812,3,0.022000
1648718588.620959440,1,0.006000
1648718588.643224460,1,0.025000
1648718588.665999760,8,0.109000
1648718588.689968442,0,0.001000
1648718588.713039064,0,0.014000
1648718588.737754532,0,0.000000
1648718588.760382751,1,0.026000
1648718588.782920997,0,0.000000
1648718588.806379344,0,0.000000
1648718588.830310372,0,0.000000
1648718588.853141738,1,0.010000
1648718588.875220861,0,0.000000
1648718588.898924463,1,0.010000
1648718588.923575595,5,0.028000
1648718588.945932042,0,0.009000
1648718588.969234114,0,0.000000
1648718588.992058252,5,0.088000
1648718589.015987648,0,0.014000
1648718589.037055061,1,0.000000
1648718589.058952856,7,0.092000
1648718589.083433763,5,0.073000
1648718589.106141200,0,0.000000
1648718589.129589372,1,0.000000
1648718589.152266152,3,0.034000
1648718589.175108230,0,0.001000
1648718589.197402428,0,0.000000
1648718589.218894398,2,0.005000
1648718589.238970463,8,0.107000
1648718589.259461624,4,0.016000
1648718589.283372121,0,0.000000
1648718589.305906394,0,0.000000
1648718589.328517474,7,0.053000
1648718589.351648446,0,0.000000
1648718589.374396889,6,0.081000
1648718589.396852612,1,0.006000
1648718589.421028492,0,0.000000
1648718589.443661843,2,0.014000
1648718589.468868992,12,0.141000
1648718589.491920755,0,0.000000
1648718589.515047967,0,0.005000
1648718589.535855023,1,0.010000
1648718589.556258631,2,0.024000
1648718589.578413270,15,0.160000
1648718589.602584584,0,0.008000
1648718589.625695155,0,0.000000
1648718589.648094083,5,0.117000
1648718589.670252784,1,0.023000
1648718589.692659481,0,0.000000
1648718589.715592299,8,0.065000
1648718589.737039661,0,0.011000
1648718589.759690198,2,0.012000
1648718589.781095127,5,0.046000
1648718589.803458425,1,0.000000
1648718589.824551803,0,0.004000
1648718589.848415074,13,0.162000
1648718589.871035373,0,0.004000
1648718589.894383330,0,0.004000
1648718589.916499709,2,0.037000
1648718589.939427048,0,0.000000
1648718589.961872112,0,0.000000
1648718589.983609200,3,0.071000
1648718590.005622291,0,0.000000
1648718590.027035545,0,0.009000
1648718590.051899630,7,0.070000
1648718590.074396830,0,0.000000
1648718590.098241749,0,0.010000
1648718590.123451818,16,0.133000
1648718590.145114715,2,0.031000
1648718590.167732831,0,0.000000
1648718590.191437200,6,0.086000
1648718590.213844354,5,0.049000
1648718590.237502813,0,0.000000
1648718590.259539603,2,0.012000
1648718590.283022237,0,0.003000
1648718590.306585207,0,0.000000
1648718590.330454162,0,0.000000
1648718590.354590423,1,0.033000
1648718590.376658486,0,0.016000
1648718590.399071320,1,0.018000
1648718590.421282794,4,0.048000
1648718590.443544359,0,0.000000
1648718590.467302699,7,0.066000
1648718590.490277191,0,0.003000
1648718590.514376725,1,0.004000
1648718590.537053356,0,0.001000
1648718590.560283370,10,0.133000
1648718590.583385202,0,0.000000
1648718590.607416009,0,0.000000
1648718590.630337267,0,0.000000
1648718590.653265866,9,0.103000
1648718590.675178421,0,0.000000
1648718590.697901672,0,0.000000
1648718590.719873905,8,0.110000
1648718590.743715361,0,0.000000
1648718590.766568426,0,0.000000
1648718590.789988643,3,0.051000
1648718590.813105302,6,0.040000
1648718590.834978865,0,0.009000
1648718590.857404706,11,0.127000
1648718590.879672467,1,0.029000
1648718590.902539487,1,0.012000
1648718590.927168063,0,0.001000
1648718590.950080210,13,0.154000
1648718590.970949068,0,0.014000
1648718590.992720445,9,0.115000
1648718591.014301543,0,0.017000
1648718591.037904811,1,0.007000
1648718591.059197909,0,0.009000
1648718591.080895356,0,0.000000
1648718591.103101252,6,0.062000
1648718591.126116117,4,0.028000
1648718591.149610404,0,0.000000
1648718591.172093579,0,0.006000
1648718591.197628695,13,0.126000
1648718591.219981551,0,0.000000
1648718591.242687007,0,0.000000
1648718591.265846756,0,0.000000
1648718591.288901152,5,0.048000
1648718591.313178473,0,0.000000
1648718591.335785809,0,0.000000
1648718591.357491035,8,0.117000
1648718591.382660200,0,0.020000
1648718591.404399639,2,0.017000
1648718591.427619882,0,0.013000
1648718591.450801667,0,0.000000
1648718591.472381717,2,0.014000
1648718591.494467126,0,0.000000
1648718591.517140625,4,0.081000
1648718591.538994385,0,0.000000
1648718591.561118628,0,0.000000
1648718591.585696027,12,0.136000
1648718591.607901228,0,0.000000
1648718591.630977100,0,0.000000
1648718591.653305724,5,0.069000
1648718591.677415687,1,0.020000
1648718591.699937047,0,0.000000
1648718591.725240569,0,0.001000
1648718591.746453443,4,0.037000
1648718591.770015796,0,0.000000
1648718591.790471986,13,0.137000
1648718591.813230913,1,0.000000
1648718591.835371932,0,0.000000
1648718591.858976882,0,0.000000
1648718591.879972702,0,0.000000
1648718591.905319645,0,0.010000
1648718591.928175824,10,0.173000
1648718591.950861965,0,0.000000
1648718591.971751561,0,0.000000
1648718591.995235153,4,0.054000
1648718592.017220873,0,0.010000
1648718592.040470100,0,0.009000
1648718592.064216669,7,0.060000
1648718592.085672577,2,0.017000
1648718592.108796515,0,0.000000
1648718592.132150074,0,0.004000
1648718592.155658146,4,0.029000
1648718592.179301082,1,0.000000
1648718592.202575101,10,0.110000
1648718592.225485604,1,0.000000
1648718592.248487234,0,0.003000
1648718592.270677907,13,0.132000
1648718592.293930382,3,0.047000
1648718592.318007921,0,0.013000
1648718592.341371752,1,0.015000
1648718592.364897761,8,0.099000
1648718592.388248431,0,0.000000
1648718592.411667722,0,0.000000
1648718592.434426221,14,0.147000
1648718592.457226539,0,0.008000
1648718592.480673770,1,0.016000
1648718592.501558421,9,0.105000
1648718592.523691569,0,0.000000
1648718592.547144899,0,0.000000
1648718592.571039044,8,0.109000
1648718592.591849130,0,0.000000
1648718592.613335921,2,0.009000
1648718592.635937714,5,0.047000
1648718592.658169577,1,0.009000
1648718592.681572404,0,0.014000
1648718592.704195606,12,0.136000
1648718592.727547133,3,0.030000
1648718592.750434495,0,0.001000
1648718592.773076243,6,0.089000
1648718592.796401758,1,0.001000
1648718592.819499572,0,0.000000
1648718592.840025871,3,0.027000
1648718592.861260629,0,0.000000
1648718592.884662713,0,0.018000
1648718592.908041674,2,0.079000
1648718592.931354142,1,0.007000
1648718592.953580908,0,0.011000
1648718592.977312121,11,0.141000
1648718593.000991899,1,0.014000
1648718593.023940078,0,0.000000
1648718593.047167605,0,0.000000
1648718593.070600552,0,0.020000
1648718593.093210615,1,0.021000
1648718593.116500340,0,0.000000
1648718593.139576800,1,0.012000
1648718593.163368454,7,0.082000
1648718593.186944423,2,0.003000
1648718593.208979498,0,0.000000
1648718593.231050628,11,0.120000
1648718593.255622438,2,0.028000
1648718593.279672188,0,0.000000
1648718593.300703659,1,0.016000
1648718593.323665118,7,0.044000
1648718593.346005135,0,0.000000
1648718593.367983221,12,0.130000
1648718593.390027727,2,0.000000
1648718593.413053032,0,0.000000
1648718593.437189878,1,0.000000
1648718593.461279530,10,0.126000
1648718593.484924937,2,0.000000
1648718593.507763451,0,0.000000
1648718593.531591568,0,0.006000
1648718593.554916141,5,0.072000
1648718593.578103829,0,0.007000
1648718593.601757375,1,0.023000
1648718593.624989979,7,0.079000
1648718593.646999407,0,0.016000
1648718593.670709044,0,0.009000
1648718593.692434895,0,0.036000
1648718593.713817650,0,0.000000
1648718593.736721515,5,0.050000
1648718593.758126377,0,0.000000
1648718593.779283382,2,0.000000
1648718593.804846306,0,0.000000
1648718593.826753598,5,0.020000
1648718593.850086946,1,0.010000
1648718593.872272833,6,0.077000
1648718593.893183055,0,0.000000
1648718593.916987216,0,0.000000
1648718593.941119678,8,0.078000
1648718593.963417780,0,0.000000
1648718593.986817757,1,0.000000
1648718594.009458713,0,0.000000
1648718594.032529372,3,0.032000
1648718594.055914004,0,0.009000
1648718594.078653202,4,0.040000
1648718594.102471708,0,0.012000
1648718594.125331477,2,0.007000
1648718594.149069134,0,0.006000
1648718594.171478614,0,0.000000
1648718594.192568298,0,0.001000
1648718594.215180417,7,0.071000
1648718594.239061373,0,0.019000
1648718594.261772415,0,0.007000
1648718594.285142430,0,0.001000
1648718594.308693433,5,0.067000
1648718594.332942703,1,0.007000
1648718594.354372911,0,0.000000
1648718594.376326928,1,0.000000
1648718594.397659846,0,0.000000
1648718594.419832467,6,0.083000
1648718594.442468018,0,0.000000
1648718594.465161112,0,0.000000
1648718594.487469115,13,0.150000
1648718594.510976364,2,0.026000
1648718594.534222835,0,0.000000
1648718594.557461420,3,0.029000
1648718594.580546520,0,0.013000
1648718594.603949309,0,0.000000
1648718594.627209286,1,0.010000
1648718594.650112949,0,0.000000
1648718594.670990077,0,0.000000
1648718594.693697905,5,0.059000
1648718594.718195926,4,0.069000
1648718594.740017403,0,0.009000
1648718594.763023431,8,0.126000
1648718594.785680886,1,0.000000
1648718594.808006414,1,0.001000
1648718594.830340340,2,0.001000
1648718594.853087931,9,0.133000
1648718594.877269587,11,0.130000
1648718594.898675209,1,0.001000
1648718594.921562924,0,0.009000
1648718594.944926614,7,0.065000
1648718594.967324921,1,0.040000
1648718594.990644601,0,0.000000
1648718595.014813790,0,0.000000
1648718595.036790404,11,0.120000
1648718595.062301146,2,0.031000
1648718595.085707252,0,0.000000
1648718595.108280132,3,0.019000
1648718595.131234104,7,0.098000
1648718595.155252934,0,0.000000
1648718595.176667726,15,0.185000
1648718595.197495225,0,0.000000
1648718595.219905153,0,0.000000
1648718595.243382869,6,0.052000
1648718595.267271203,1,0.022000
1648718595.290457290,0,0.000000
1648718595.313168670,10,0.107000
1648718595.335652321,0,0.000000
1648718595.359136570,0,0.005000
1648718595.382768795,7,0.077000
1648718595.405565135,0,0.006000
1648718595.427354161,2,0.013000
1648718595.451833683,0,0.000000
1648718595.472438061,0,0.000000
1648718595.494611041,1,0.000000
1648718595.517346315,1,0.000000
1648718595.540464619,0,0.010000
1648718595.563405316,0,0.000000
1648718595.586398240,13,0.141000
1648718595.610561360,0,0.000000
1648718595.632315929,0,0.000000
1648718595.653911231,5,0.066000
1648718595.677571048,1,0.000000
1648718595.700708789,0,0.000000
1648718595.724900908,9,0.166000
1648718595.746900094,0,0.012000
1648718595.769112049,0,0.003000
1648718595.792847461,0,0.003000
1648718595.815346331,5,0.033000
1648718595.837073966,0,0.015000
1648718595.859905436,0,0.011000
1648718595.882731569,6,0.048000
1648718595.905496770,0,0.000000
1648718595.928600938,0,0.008000
1648718595.951028976,0,0.008000
1648718595.973603669,2,0.000000
1648718595.996160830,6,0.059000
1648718596.019275253,2,0.011000
1648718596.041308960,12,0.133000
1648718596.063921431,2,0.023000
1648718596.088963068,0,0.000000
1648718596.112550731,0,0.000000
1648718596.137810088,0,0.000000
1648718596.161410563,6,0.066000
1648718596.184707492,0,0.000000
1648718596.208792907,0,0.003000
1648718596.230742278,13,0.135000
1648718596.254222764,2,0.000000
1648718596.276555853,0,0.000000
1648718596.299339699,6,0.069000
1648718596.321225922,1,0.007000
1648718596.344317989,0,0.009000
1648718596.366601800,8,0.165000
1648718596.390292734,4,0.025000
1648718596.412967870,0,0.000000
1648718596.436505164,0,0.000000
1648718596.459876404,12,0.104000
1648718596.483569103,0,0.000000
1648718596.505422506,0,0.000000
1648718596.529481997,7,0.098000
1648718596.552181298,2,0.046000
1648718596.575234932,0,0.000000
1648718596.597065339,0,0.003000
1648718596.619460325,0,0.000000
1648718596.642227806,0,0.000000
1648718596.666138234,1,0.031000
1648718596.690496206,2,0.019000
1648718596.712895300,1,0.010000
1648718596.734833766,7,0.097000
1648718596.758271633,2,0.032000
1648718596.781451396,0,0.000000
1648718596.805555476,1,0.000000
1648718596.828484539,1,0.031000
1648718596.850110686,0,0.000000
1648718596.872204175,0,0.000000
1648718596.895322734,13,0.198000
1648718596.919272166,1,0.018000
1648718596.941733588,0,0.000000
1648718596.966065439,0,0.017000
1648718596.991457197,7,0.093000
1648718597.011614067,0,0.005000
1648718597.034498891,2,0.006000
1648718597.059718498,0,0.000000
1648718597.080076426,0,0.000000
1648718597.103743393,0,0.000000
1648718597.127686927,0,0.000000
1648718597.150899722,0,0.000000
