1648727497.718911973,0,0.007000
1648727497.741603066,5,0.064000
1648727497.763991425,0,0.007000
1648727497.786457766,4,0.089000
1648727497.809211944,2,0.024000
1648727497.832979083,1,0.036000
1648727497.856851003,2,0.025000
1648727497.877412024,4,0.029000
1648727497.899676874,2,0.009000
1648727497.921270038,0,0.011000
1648727497.943314494,3,0.029000
1648727497.967289932,4,0.058000
1648727497.989203724,4,0.041000
1648727498.013741338,3,0.001000
1648727498.038628327,5,0.040000
1648727498.062654319,2,0.021000
1648727498.086051027,8,0.094000
1648727498.109319078,9,0.084000
1648727498.130186942,3,0.043000
1648727498.152043814,2,0.027000
1648727498.176079374,0,0.000000
1648727498.198640689,5,0.075000
1648727498.219150741,7,0.052000
1648727498.241258348,21,0.274000
1648727498.262428893,17,0.213000
1648727498.285077703,4,0.039000
1648727498.308299969,1,0.030000
1648727498.331499930,3,0.029000
1648727498.352269270,5,0.041000
1648727498.374306623,1,0.001000
1648727498.396380662,2,0.011000
1648727498.418214059,4,0.052000
1648727498.439152857,4,0.060000
1648727498.460252405,2,0.023000
1648727498.482947756,2,0.035000
1648727498.506331924,2,0.023000
1648727498.527341757,2,0.001000
1648727498.549881255,5,0.047000
1648727498.573046766,4,0.041000
1648727498.595960372,0,0.020000
1648727498.619964767,2,0.041000
1648727498.644502202,1,0.011000
1648727498.665377299,5,0.046000
1648727498.688426909,8,0.077000
1648727498.710476022,8,0.072000
1648727498.731086160,3,0.024000
1648727498.753049985,2,0.020000
1648727498.776276639,4,0.045000
1648727498.797328927,3,0.030000
1648727498.820203417,8,0.127000
1648727498.843631558,15,0.193000
1648727498.866706310,9,0.082000
1648727498.889572897,3,0.037000
1648727498.914101270,1,0.021000
1648727498.935517624,0,0.003000
1648727498.960115431,3,0.048000
1648727498.983580601,5,0.049000
1648727499.005901103,2,0.031000
1648727499.028388463,3,0.021000
1648727499.049746049,6,0.063000
1648727499.073215777,2,0.045000
1648727499.094932139,3,0.034000
1648727499.117859846,4,0.015000
1648727499.140201737,2,0.027000
1648727499.161646131,4,0.034000
1648727499.183685288,7,0.069000
1648727499.207204323,0,0.008000
1648727499.229707261,1,0.000000
1648727499.251990003,2,0.034000
1648727499.275139370,3,0.033000
1648727499.296790021,4,0.025000
1648727499.319182524,3,0.064000
1648727499.339280472,6,0.053000
1648727499.362397038,1,0.037000
1648727499.385502989,5,0.036000
1648727499.407973717,2,0.006000
1648727499.431128422,1,0.001000
1648727499.452764940,6,0.046000
1648727499.474973559,3,0.033000
1648727499.496459708,3,0.010000
1648727499.518760384,6,0.081000
1648727499.541901833,3,0.011000
1648727499.562334542,2,0.012000
1648727499.583095674,11,0.102000
1648727499.605982756,7,0.097000
1648727499.628938116,4,0.058000
1648727499.652253815,0,0.001000
1648727499.675259201,3,0.036000
1648727499.697253581,3,0.058000
1648727499.718734734,2,0.019000
1648727499.739386195,1,0.014000
1648727499.762043418,9,0.084000
1648727499.785661127,4,0.068000
1648727499.809429556,0,0.010000
1648727499.831543505,3,0.041000
1648727499.853466244,5,0.046000
1648727499.876266685,0,0.007000
1648727499.896643367,3,0.022000
1648727499.918890331,2,0.017000
1648727499.939106969,4,0.043000
1648727499.962227659,8,0.092000
1648727499.984959632,4,0.017000
1648727500.007142061,12,0.125000
1648727500.028812801,10,0.125000
1648727500.051884171,2,0.023000
1648727500.074286059,2,0.039000
1648727500.096257200,0,0.023000
1648727500.119904959,2,0.058000
1648727500.141192669,17,0.202000
1648727500.164320458,8,0.106000
1648727500.186043476,5,0.043000
1648727500.206433222,2,0.011000
1648727500.228362612,3,0.041000
1648727500.248936843,2,0.014000
1648727500.272643556,0,0.007000
1648727500.295542921,8,0.090000
1648727500.317051091,8,0.085000
1648727500.339346791,3,0.048000
1648727500.361505786,5,0.051000
1648727500.382025718,3,0.040000
1648727500.403803101,17,0.177000
1648727500.426002812,10,0.139000
1648727500.446385337,2,0.079000
1648727500.470299866,1,0.030000
1648727500.495379594,3,0.038000
1648727500.519137537,2,0.023000
1648727500.541080875,10,0.138000
1648727500.562556015,13,0.169000
1648727500.585567490,8,0.108000
1648727500.607961235,5,0.027000
1648727500.630223783,0,0.000000
1648727500.654158302,0,0.011000
1648727500.675885599,9,0.109000
1648727500.698252632,9,0.079000
1648727500.720696092,3,0.027000
1648727500.741345896,3,0.033000
1648727500.762939435,4,0.031000
1648727500.785687684,9,0.059000
1648727500.808808328,2,0.041000
1648727500.830787249,2,0.026000
1648727500.851073207,0,0.009000
1648727500.874060084,6,0.052000
1648727500.896901339,4,0.048000
1648727500.919599356,1,0.002000
1648727500.942269865,3,0.031000
1648727500.965491961,2,0.024000
1648727500.988216570,2,0.035000
1648727501.009053401,8,0.062000
1648727501.031265481,4,0.032000
1648727501.054011838,3,0.050000
1648727501.074729451,3,0.035000
1648727501.096995782,4,0.053000
1648727501.119299819,0,0.020000
1648727501.139945628,3,0.015000
1648727501.162924621,3,0.025000
1648727501.185594808,2,0.016000
1648727501.208288143,3,0.022000
1648727501.230205071,5,0.058000
1648727501.253190895,1,0.002000
1648727501.276962080,9,0.094000
1648727501.299214086,1,0.027000
1648727501.321540115,6,0.033000
1648727501.344061342,3,0.055000
1648727501.367103161,12,0.139000
1648727501.388551703,10,0.130000
1648727501.411112571,7,0.093000
1648727501.433872892,6,0.048000
1648727501.456186049,2,0.027000
1648727501.478664520,3,0.044000
1648727501.496110387,14,0.167000
1648727501.519901075,5,0.047000
1648727501.542444609,5,0.041000
1648727501.566361020,2,0.071000
1648727501.588661790,1,0.028000
1648727501.611152862,14,0.150000
1648727501.632885935,11,0.156000
1648727501.653780836,7,0.058000
1648727501.674992534,4,0.036000
1648727501.698322514,9,0.084000
1648727501.721961544,0,0.000000
1648727501.740785972,3,0.060000
1648727501.763778708,10,0.089000
1648727501.786420084,7,0.035000
1648727501.810101799,1,0.017000
1648727501.832189413,0,0.023000
1648727501.854929563,5,0.046000
1648727501.877225192,3,0.061000
1648727501.899130086,10,0.154000
1648727501.920313823,7,0.062000
1648727501.942688467,4,0.036000
1648727501.965714824,1,0.016000
1648727501.989195013,4,0.039000
1648727502.012016038,5,0.046000
1648727502.033291059,3,0.024000
1648727502.057084305,3,0.032000
1648727502.079169875,3,0.040000
1648727502.101902110,8,0.097000
1648727502.125177604,5,0.065000
1648727502.147779517,0,0.008000
1648727502.169022068,3,0.033000
1648727502.192121335,8,0.059000
1648727502.216052863,8,0.094000
1648727502.237815513,2,0.022000
1648727502.260018542,4,0.027000
1648727502.284001928,2,0.001000
1648727502.306489603,2,0.018000
1648727502.327553700,0,0.010000
1648727502.350563207,1,0.004000
1648727502.371549021,2,0.024000
1648727502.394103287,4,0.069000
1648727502.417417691,4,0.027000
1648727502.442184326,0,0.000000
1648727502.465328843,4,0.032000
1648727502.486731626,2,0.022000
1648727502.508817996,4,0.041000
1648727502.532272498,0,0.000000
1648727502.553297545,4,0.065000
1648727502.577719270,3,0.034000
1648727502.600193593,3,0.023000
1648727502.623144827,4,0.035000
1648727502.642319451,3,0.069000
1648727502.664351450,4,0.028000
1648727502.687372167,5,0.039000
1648727502.709589720,0,0.010000
1648727502.731902184,5,0.058000
1648727502.753216700,5,0.041000
1648727502.778156995,6,0.085000
1648727502.801204361,3,0.028000
1648727502.825178964,3,0.026000
1648727502.848172799,6,0.055000
1648727502.870332865,4,0.055000
1648727502.893698460,5,0.055000
1648727502.917307208,5,0.039000
1648727502.939572486,5,0.047000
1648727502.962050094,1,0.056000
1648727502.985210181,3,0.072000
1648727503.007143603,1,0.020000
1648727503.030134202,1,0.008000
1648727503.052311219,7,0.068000
1648727503.077535262,6,0.070000
1648727503.100395836,2,0.007000
1648727503.125357152,4,0.008000
1648727503.148223095,1,0.025000
1648727503.170998897,1,0.000000
1648727503.193059111,10,0.127000
1648727503.216163418,13,0.121000
1648727503.237989372,4,0.018000
1648727503.260769826,7,0.052000
1648727503.284050209,4,0.053000
1648727503.307957078,2,0.039000
1648727503.331053905,3,0.071000
1648727503.354320834,5,0.032000
1648727503.374660477,7,0.048000
1648727503.395005594,3,0.027000
1648727503.418904248,4,0.082000
1648727503.442301938,4,0.043000
1648727503.463382707,2,0.031000
1648727503.487313598,3,0.021000
1648727503.511291642,1,0.072000
1648727503.534112593,3,0.035000
1648727503.558196174,7,0.067000
1648727503.580932390,5,0.042000
1648727503.604005121,4,0.059000
1648727503.626109512,7,0.072000
1648727503.647261687,3,0.021000
1648727503.669238158,1,0.016000
1648727503.693308867,10,0.117000
1648727503.717200110,7,0.088000
1648727503.740418744,1,0.040000
1648727503.762604140,1,0.000000
1648727503.783780701,2,0.020000
1648727503.807505019,16,0.177000
1648727503.831326132,12,0.167000
1648727503.854482789,4,0.091000
1648727503.877466951,2,0.020000
1648727503.901134902,1,0.001000
1648727503.922902068,5,0.082000
1648727503.946632364,6,0.066000
1648727503.970744468,6,0.060000
1648727503.993085908,2,0.034000
1648727504.012204545,0,0.019000
1648727504.033977521,3,0.048000
1648727504.055557731,5,0.078000
1648727504.078153036,2,0.039000
1648727504.101809213,4,0.040000
1648727504.123208840,2,0.037000
1648727504.145191197,2,0.029000
1648727504.167028788,3,0.038000
1648727504.189371407,4,0.040000
1648727504.212406661,3,0.034000
1648727504.235976989,1,0.015000
1648727504.257537572,20,0.230000
1648727504.279369690,17,0.219000
1648727504.303012597,5,0.080000
1648727504.325691428,2,0.046000
1648727504.347627201,0,0.000000
1648727504.369750280,4,0.021000
1648727504.392447044,3,0.015000
1648727504.414216584,3,0.046000
1648727504.434364897,2,0.043000
1648727504.458521224,2,0.048000
1648727504.480227006,10,0.125000
1648727504.502719652,10,0.100000
1648727504.525818283,6,0.055000
1648727504.548331863,1,0.030000
1648727504.569162309,1,0.001000
1648727504.589945123,2,0.018000
1648727504.611142813,1,0.030000
1648727504.633055049,9,0.129000
1648727504.655006645,2,0.038000
1648727504.675939122,2,0.001000
1648727504.695093758,1,0.031000
1648727504.718313350,5,0.064000
1648727504.739999230,2,0.032000
1648727504.761461371,1,0.012000
1648727504.782681731,2,0.026000
1648727504.805419210,1,0.016000
1648727504.827469431,2,0.019000
1648727504.851319270,3,0.037000
1648727504.874379953,0,0.013000
1648727504.895668471,3,0.024000
1648727504.917111526,1,0.000000
1648727504.937373150,1,0.029000
1648727504.960178905,5,0.062000
1648727504.981155748,4,0.010000
1648727505.002930011,6,0.065000
1648727505.026088902,3,0.037000
1648727505.046127719,2,0.015000
1648727505.067745535,3,0.022000
1648727505.089780454,2,0.026000
1648727505.112131629,2,0.024000
1648727505.135651621,3,0.049000
1648727505.158052361,0,0.000000
1648727505.180104315,6,0.061000
1648727505.200875058,9,0.092000
1648727505.223035115,7,0.099000
1648727505.244336043,5,0.046000
1648727505.267178849,1,0.018000
1648727505.289084227,13,0.152000
1648727505.311473803,11,0.109000
1648727505.333706113,2,0.017000
1648727505.357086261,1,0.008000
1648727505.377728685,3,0.011000
1648727505.399102792,1,0.001000
1648727505.422021247,5,0.068000
1648727505.445060401,4,0.040000
1648727505.467504231,4,0.042000
1648727505.489174545,3,0.053000
1648727505.508749475,3,0.021000
1648727505.531699004,0,0.025000
1648727505.555102277,1,0.017000
1648727505.577139584,5,0.083000
1648727505.601375914,3,0.045000
1648727505.624792969,16,0.210000
1648727505.646113100,18,0.193000
1648727505.668214026,5,0.041000
1648727505.691927372,0,0.000000
1648727505.713407113,2,0.018000
1648727505.735727217,5,0.061000
1648727505.758404645,2,0.027000
1648727505.780196013,0,0.000000
1648727505.802215784,0,0.000000
1648727505.826126752,2,0.041000
1648727505.848152910,0,0.028000
1648727505.870977603,2,0.018000
1648727505.894398926,3,0.018000
1648727505.917040984,6,0.069000
1648727505.941091069,3,0.035000
1648727505.965507173,2,0.036000
1648727505.987944745,3,0.055000
1648727506.012727475,16,0.161000
1648727506.036089419,13,0.192000
1648727506.060348077,5,0.092000
1648727506.084127882,4,0.044000
1648727506.107193474,3,0.036000
1648727506.129551229,5,0.019000
1648727506.152387915,12,0.094000
1648727506.176269239,9,0.141000
1648727506.199715571,3,0.028000
1648727506.223587464,2,0.032000
1648727506.246900163,2,0.019000
1648727506.268398107,5,0.027000
1648727506.291610885,1,0.002000
1648727506.316148334,2,0.043000
1648727506.339636305,3,0.059000
1648727506.362656011,27,0.337000
1648727506.385044860,28,0.347000
1648727506.408747015,17,0.212000
1648727506.433126581,8,0.074000
1648727506.455423241,4,0.042000
1648727506.479578803,12,0.115000
1648727506.504728470,3,0.030000
1648727506.526958704,0,0.021000
1648727506.549202487,1,0.052000
1648727506.570547038,6,0.071000
1648727506.593240191,7,0.079000
1648727506.616635149,0,0.037000
1648727506.639967228,11,0.135000
1648727506.659507312,9,0.105000
1648727506.679281721,4,0.027000
1648727506.699578772,4,0.065000
1648727506.723441295,4,0.041000
1648727506.744991160,4,0.028000
1648727506.766269799,1,0.015000
1648727506.785272222,4,0.018000
1648727506.806663903,1,0.033000
1648727506.828640651,13,0.177000
1648727506.848283672,11,0.113000
1648727506.870447125,5,0.010000
1648727506.893912139,8,0.095000
1648727506.916047872,16,0.169000
1648727506.938668463,5,0.082000
1648727506.961203352,3,0.025000
1648727506.983623842,4,0.038000
1648727507.006496146,2,0.024000
1648727507.026680417,3,0.055000
1648727507.047094656,7,0.060000
1648727507.068487434,2,0.031000
1648727507.090998509,3,0.046000
1648727507.114557844,3,0.047000
1648727507.138745689,2,0.035000
1648727507.159281486,3,0.035000
1648727507.183442830,2,0.050000
1648727507.206910507,7,0.067000
1648727507.230274998,5,0.085000
1648727507.252297686,2,0.025000
1648727507.275956405,3,0.034000
1648727507.297747245,4,0.042000
1648727507.321780902,6,0.041000
1648727507.342724387,1,0.021000
1648727507.364558156,2,0.022000
1648727507.384492658,5,0.076000
1648727507.408045075,1,0.023000
1648727507.429127930,3,0.026000
1648727507.451697137,2,0.000000
1648727507.475887574,5,0.051000
1648727507.498137144,6,0.064000
1648727507.518278526,6,0.054000
1648727507.540753515,4,0.061000
1648727507.563725080,3,0.020000
1648727507.583376241,14,0.176000
1648727507.605287689,11,0.141000
1648727507.627344033,4,0.018000
1648727507.648452207,3,0.034000
1648727507.669366173,5,0.067000
1648727507.691086939,6,0.049000
1648727507.714976653,3,0.020000
1648727507.739164461,6,0.059000
1648727507.762292037,4,0.061000
1648727507.783239796,2,0.057000
1648727507.805274411,3,0.028000
1648727507.826099332,8,0.054000
1648727507.848936066,3,0.030000
1648727507.871452345,0,0.019000
1648727507.892662752,3,0.012000
1648727507.913211942,5,0.084000
1648727507.935078372,2,0.030000
1648727507.955702050,1,0.011000
1648727507.979920531,4,0.082000
1648727508.001304486,2,0.017000
1648727508.022850974,1,0.000000
1648727508.048667584,5,0.042000
1648727508.071221860,0,0.000000
1648727508.094324226,3,0.023000
1648727508.115247175,1,0.006000
1648727508.135036807,16,0.207000
1648727508.155285423,21,0.240000
1648727508.177174195,13,0.136000
1648727508.199212238,4,0.033000
1648727508.220575869,7,0.095000
1648727508.242892715,6,0.060000
1648727508.264786534,5,0.089000
1648727508.287880721,8,0.076000
1648727508.310189163,2,0.051000
1648727508.332209405,2,0.018000
1648727508.353506917,2,0.011000
1648727508.375966756,1,0.020000
1648727508.396792809,1,0.001000
1648727508.418426128,4,0.048000
1648727508.437495930,4,0.032000
1648727508.459069471,4,0.041000
1648727508.481119234,3,0.026000
1648727508.504281950,1,0.020000
1648727508.527228828,2,0.025000
1648727508.548188988,8,0.091000
1648727508.568159178,5,0.077000
1648727508.588508370,1,0.023000
1648727508.609990927,11,0.137000
1648727508.632293355,11,0.123000
1648727508.653107439,8,0.086000
1648727508.672738765,5,0.049000
1648727508.694888128,4,0.046000
1648727508.714965705,1,0.027000
1648727508.736264814,2,0.035000
1648727508.758860956,6,0.067000
1648727508.779762174,4,0.020000
1648727508.800481425,3,0.050000
1648727508.821974918,5,0.064000
1648727508.842645853,7,0.062000
1648727508.864195361,2,0.027000
1648727508.885710559,4,0.050000
1648727508.907439300,2,0.023000
1648727508.928395001,2,0.020000
1648727508.949082485,2,0.006000
1648727508.970867749,0,0.012000
1648727508.990657867,2,0.011000
1648727509.010447361,4,0.077000
1648727509.032195846,3,0.029000
1648727509.054243894,1,0.023000
1648727509.075580228,2,0.014000
1648727509.097821563,3,0.029000
1648727509.117161425,6,0.092000
1648727509.137267242,10,0.116000
1648727509.159501413,2,0.036000
1648727509.180006481,14,0.121000
1648727509.201617815,14,0.189000
1648727509.220688120,7,0.088000
1648727509.243519214,4,0.025000
1648727509.263934449,3,0.046000
1648727509.286310881,1,0.029000
1648727509.305308550,2,0.042000
1648727509.325988293,0,0.000000
1648727509.347150212,2,0.024000
1648727509.370752296,11,0.202000
1648727509.391402575,9,0.118000
1648727509.412604067,7,0.084000
1648727509.432496112,2,0.042000
1648727509.452916130,2,0.036000
1648727509.475086627,1,0.023000
1648727509.495935708,5,0.043000
1648727509.517782643,3,0.047000
1648727509.536854483,3,0.030000
1648727509.558092592,5,0.058000
1648727509.579442285,0,0.028000
1648727509.600412297,1,0.006000
1648727509.622287343,3,0.029000
1648727509.643356928,2,0.010000
1648727509.664699992,2,0.005000
1648727509.686550512,1,0.014000
1648727509.705919686,5,0.052000
1648727509.727601952,2,0.037000
1648727509.750370623,2,0.025000
1648727509.769750968,4,0.043000
1648727509.790747333,6,0.048000
1648727509.812993183,3,0.005000
1648727509.833335674,1,0.015000
1648727509.852421687,7,0.058000
1648727509.873677799,7,0.083000
1648727509.894729268,4,0.076000
1648727509.913927944,4,0.036000
1648727509.936088512,4,0.042000
1648727509.957510532,1,0.003000
1648727509.979560953,3,0.013000
1648727510.000467050,3,0.053000
1648727510.022820927,2,0.013000
1648727510.042383645,5,0.074000
1648727510.062992173,5,0.058000
1648727510.084402563,3,0.036000
1648727510.106480753,1,0.029000
1648727510.127798766,3,0.031000
1648727510.149726667,0,0.000000
1648727510.170927079,3,0.005000
1648727510.190651701,3,0.067000
1648727510.213825708,2,0.046000
1648727510.233797107,5,0.088000
1648727510.255351104,6,0.029000
1648727510.274302940,10,0.118000
1648727510.294612809,9,0.071000
1648727510.316166594,4,0.028000
1648727510.335543566,1,0.024000
1648727510.357285128,7,0.057000
1648727510.378208082,3,0.053000
1648727510.397023632,2,0.009000
1648727510.417875618,4,0.050000
1648727510.440233258,1,0.000000
1648727510.462146831,0,0.008000
1648727510.483466475,0,0.000000
1648727510.502814326,4,0.041000
1648727510.523474997,3,0.023000
1648727510.543750060,7,0.080000
1648727510.564394419,7,0.089000
1648727510.584862420,5,0.026000
1648727510.606211154,2,0.025000
1648727510.626226639,1,0.023000
1648727510.646591252,1,0.029000
1648727510.667708710,3,0.022000
1648727510.688312719,2,0.017000
1648727510.710111726,0,0.000000
1648727510.730696555,2,0.006000
1648727510.750357516,5,0.049000
1648727510.771265838,3,0.037000
1648727510.793148842,2,0.033000
1648727510.815220360,6,0.053000
1648727510.835179071,2,0.046000
1648727510.856203302,1,0.024000
1648727510.877985478,14,0.156000
1648727510.898203525,13,0.138000
1648727510.920081832,4,0.079000
1648727510.940292029,5,0.043000
1648727510.961762754,4,0.057000
1648727510.982018355,3,0.002000
1648727511.002884776,0,0.009000
1648727511.022375554,5,0.037000
1648727511.043793818,7,0.107000
1648727511.064376669,8,0.076000
1648727511.086437548,2,0.008000
1648727511.108267248,3,0.035000
1648727511.129234119,1,0.029000
1648727511.151406132,6,0.042000
1648727511.173527668,6,0.072000
1648727511.194894947,5,0.057000
1648727511.216091928,3,0.027000
1648727511.237543762,2,0.024000
1648727511.259491553,2,0.033000
1648727511.282323931,1,0.010000
1648727511.302547554,2,0.042000
1648727511.322095850,7,0.046000
1648727511.344085030,6,0.054000
1648727511.365873182,4,0.055000
1648727511.387631595,1,0.000000
1648727511.410217185,5,0.070000
1648727511.432696364,0,0.046000
1648727511.452143609,3,0.016000
1648727511.475753393,0,0.000000
1648727511.497459868,4,0.072000
1648727511.519872112,5,0.040000
1648727511.544432347,2,0.028000
1648727511.565730077,2,0.035000
1648727511.586052272,3,0.070000
1648727511.607220341,3,0.021000
1648727511.627988225,2,0.019000
1648727511.648622258,23,0.274000
1648727511.669155228,24,0.264000
1648727511.689142323,10,0.160000
1648727511.711265473,2,0.036000
1648727511.733218126,1,0.019000
1648727511.753856728,11,0.098000
1648727511.774304244,4,0.051000
1648727511.795925490,1,0.058000
1648727511.818311374,3,0.007000
1648727511.838995872,1,0.004000
1648727511.859691988,2,0.024000
1648727511.881561532,2,0.040000
1648727511.904095504,0,0.023000
1648727511.926905343,5,0.038000
1648727511.948579927,3,0.039000
1648727511.968826399,1,0.014000
1648727511.991117756,4,0.038000
1648727512.012427404,5,0.064000
1648727512.034068750,2,0.028000
1648727512.054720396,24,0.278000
1648727512.075332050,21,0.228000
1648727512.096331345,9,0.144000
1648727512.117915646,5,0.066000
1648727512.138770624,3,0.022000
1648727512.158961551,3,0.017000
1648727512.179249789,8,0.118000
1648727512.198656264,9,0.089000
1648727512.220751136,3,0.022000
1648727512.240373846,2,0.043000
1648727512.259657860,3,0.042000
1648727512.280572046,2,0.019000
1648727512.303368877,0,0.016000
1648727512.325307106,4,0.021000
1648727512.347844994,2,0.034000
1648727512.368905780,2,0.006000
1648727512.387795049,7,0.085000
1648727512.410563761,8,0.060000
1648727512.432972856,0,0.034000
1648727512.453621412,1,0.040000
1648727512.475349403,5,0.073000
1648727512.495656253,3,0.070000
1648727512.518322856,1,0.007000
1648727512.540470274,7,0.094000
1648727512.561675209,7,0.066000
1648727512.582818967,0,0.000000
1648727512.604233774,9,0.084000
1648727512.629754386,0,0.007000
1648727512.652242776,2,0.012000
1648727512.672036188,3,0.045000
1648727512.692168915,12,0.114000
1648727512.713475689,15,0.186000
1648727512.732865750,11,0.124000
1648727512.751382638,3,0.027000
1648727512.771913339,6,0.053000
1648727512.790601230,0,0.023000
1648727512.813434517,0,0.000000
1648727512.832608605,4,0.047000
1648727512.852721775,4,0.023000
1648727512.874201567,1,0.000000
1648727512.896027237,5,0.050000
1648727512.917727339,6,0.078000
1648727512.938053467,4,0.034000
1648727512.959582210,4,0.051000
1648727512.980700429,3,0.046000
1648727513.001325535,5,0.031000
1648727513.022830304,1,0.013000
1648727513.043386135,0,0.009000
1648727513.062977334,2,0.084000
1648727513.084469741,1,0.027000
1648727513.105458950,14,0.163000
1648727513.125688175,13,0.175000
1648727513.146733327,9,0.091000
1648727513.167452407,2,0.032000
1648727513.189687480,8,0.084000
1648727513.211204596,10,0.105000
1648727513.231488966,1,0.014000
1648727513.252588125,4,0.058000
1648727513.274267597,3,0.035000
1648727513.294478869,2,0.029000
1648727513.315654535,4,0.066000
1648727513.336083760,3,0.018000
1648727513.357403278,1,0.016000
1648727513.381052502,1,0.003000
1648727513.402419159,5,0.047000
1648727513.424660759,3,0.028000
1648727513.446564080,3,0.049000
1648727513.468555854,0,0.000000
1648727513.489909301,2,0.031000
1648727513.511776635,2,0.028000
1648727513.531429550,4,0.037000
1648727513.553191013,3,0.027000
1648727513.574438026,1,0.021000
1648727513.597064240,25,0.271000
1648727513.617477005,26,0.318000
1648727513.639731978,17,0.195000
1648727513.661741906,5,0.069000
1648727513.683196548,4,0.038000
1648727513.704024860,5,0.031000
1648727513.724194927,6,0.030000
1648727513.747275610,1,0.006000
1648727513.769122402,6,0.072000
1648727513.791326368,4,0.051000
1648727513.812504589,2,0.032000
1648727513.834430728,3,0.039000
1648727513.856549070,3,0.003000
1648727513.877109691,3,0.052000
1648727513.898317562,3,0.018000
1648727513.919577761,1,0.022000
1648727513.942566914,2,0.017000
1648727513.964711880,8,0.102000
1648727513.987863508,0,0.005000
1648727514.010283025,4,0.042000
1648727514.032115279,1,0.010000
1648727514.053016673,3,0.027000
1648727514.074354912,3,0.074000
1648727514.098334690,4,0.040000
1648727514.121507884,2,0.031000
1648727514.143660613,2,0.080000
1648727514.164462322,4,0.025000
1648727514.186995280,16,0.165000
1648727514.207699293,14,0.161000
1648727514.229824410,6,0.055000
1648727514.251164145,4,0.023000
1648727514.272148077,2,0.015000
1648727514.295161012,5,0.071000
1648727514.315385411,2,0.010000
1648727514.338980015,4,0.032000
1648727514.362093471,5,0.060000
1648727514.382825112,0,0.000000
1648727514.405464325,2,0.048000
1648727514.427386106,2,0.037000
1648727514.446958385,8,0.066000
1648727514.469060483,6,0.065000
1648727514.490142957,2,0.020000
1648727514.512199098,1,0.002000
1648727514.537019693,5,0.060000
1648727514.558581398,5,0.067000
1648727514.580268848,3,0.014000
1648727514.602966155,10,0.139000
1648727514.625362860,7,0.110000
1648727514.648276031,4,0.039000
1648727514.671445283,2,0.023000
1648727514.693191468,0,0.004000
1648727514.714964006,1,0.007000
1648727514.736581563,3,0.069000
1648727514.758218536,0,0.013000
1648727514.777446504,3,0.039000
1648727514.798019766,1,0.013000
1648727514.820414668,4,0.042000
1648727514.841656129,5,0.048000
1648727514.863777602,5,0.098000
1648727514.886055561,5,0.068000
1648727514.905358088,0,0.001000
1648727514.929080899,9,0.139000
1648727514.950920621,10,0.094000
1648727514.972572005,2,0.011000
1648727514.995578985,5,0.066000
1648727515.017154930,4,0.053000
1648727515.038154143,1,0.011000
1648727515.061581715,1,0.007000
1648727515.082821282,0,0.000000
1648727515.105262313,4,0.066000
1648727515.127323164,2,0.023000
1648727515.149015725,7,0.064000
1648727515.171309667,4,0.048000
1648727515.195234595,5,0.037000
1648727515.217047111,6,0.019000
1648727515.239158277,4,0.057000
1648727515.263022541,1,0.007000
1648727515.283296715,2,0.006000
1648727515.303530582,4,0.038000
1648727515.324241578,2,0.024000
1648727515.346954405,5,0.036000
1648727515.369669134,4,0.043000
1648727515.391625187,2,0.054000
1648727515.412904459,2,0.003000
1648727515.432878013,3,0.013000
1648727515.452853593,1,0.001000
1648727515.474325135,2,0.039000
1648727515.495196515,2,0.015000
1648727515.515926727,1,0.028000
1648727515.537003780,4,0.061000
1648727515.557403700,4,0.019000
1648727515.577525247,0,0.002000
1648727515.597236407,9,0.111000
1648727515.617286540,7,0.083000
1648727515.638106539,3,0.029000
1648727515.659478990,0,0.006000
1648727515.682591888,3,0.025000
1648727515.703197943,0,0.000000
1648727515.725269480,0,0.000000
1648727515.747399928,6,0.078000
1648727515.768230985,5,0.068000
1648727515.788836067,1,0.039000
1648727515.811276464,3,0.048000
1648727515.833275339,2,0.015000
1648727515.853323353,7,0.060000
1648727515.874491796,3,0.026000
1648727515.896145148,1,0.017000
1648727515.916332838,7,0.088000
1648727515.938571101,8,0.107000
1648727515.962283374,1,0.021000
1648727515.981570888,2,0.008000
1648727516.000828464,7,0.073000
1648727516.022289000,3,0.043000
1648727516.045293208,13,0.144000
1648727516.064910763,11,0.116000
1648727516.085294202,3,0.017000
1648727516.107310618,5,0.057000
1648727516.128340659,4,0.032000
1648727516.149370875,0,0.028000
1648727516.170692436,1,0.000000
1648727516.192340462,4,0.051000
1648727516.212507082,3,0.065000
1648727516.233235502,3,0.038000
1648727516.254678554,1,0.007000
1648727516.277235727,6,0.102000
1648727516.298841607,4,0.065000
1648727516.320986581,1,0.000000
1648727516.342853827,5,0.076000
1648727516.363807539,12,0.142000
1648727516.386152768,10,0.108000
1648727516.407191086,5,0.077000
1648727516.429196209,5,0.049000
1648727516.450374516,1,0.001000
1648727516.473299105,6,0.059000
1648727516.494092206,4,0.066000
1648727516.514404326,2,0.024000
1648727516.537307113,5,0.034000
1648727516.558900815,1,0.013000
1648727516.579274306,13,0.160000
1648727516.601541654,8,0.095000
1648727516.624444660,12,0.130000
1648727516.645737440,9,0.086000
1648727516.668615366,0,0.000000
1648727516.689901121,6,0.073000
1648727516.711750244,8,0.097000
1648727516.732912190,6,0.045000
1648727516.752897973,9,0.083000
1648727516.773928003,4,0.063000
1648727516.795248694,0,0.023000
1648727516.816922466,0,0.000000
1648727516.839079755,9,0.084000
1648727516.861863482,7,0.065000
1648727516.881907681,9,0.081000
1648727516.903009760,7,0.107000
1648727516.923735065,3,0.018000
1648727516.943658204,14,0.134000
1648727516.964821420,10,0.123000
1648727516.984024478,6,0.106000
1648727517.005799127,7,0.039000
1648727517.026559940,5,0.046000
1648727517.048273913,4,0.039000
1648727517.069723794,5,0.048000
1648727517.091585582,2,0.046000
1648727517.112014238,2,0.043000
1648727517.133388797,6,0.060000
1648727517.154372944,1,0.000000
1648727517.175730609,2,0.018000
1648727517.198874924,1,0.032000
1648727517.218897770,2,0.020000
1648727517.241896781,4,0.049000
1648727517.263011841,4,0.078000
1648727517.285723838,4,0.041000
1648727517.305567392,2,0.035000
1648727517.330165391,0,0.007000
1648727517.351721089,0,0.000000
1648727517.372348742,7,0.063000
1648727517.392953084,6,0.095000
1648727517.415091313,4,0.041000
1648727517.436717182,1,0.033000
1648727517.458855719,1,0.003000
1648727517.480594902,4,0.024000
1648727517.503248610,2,0.042000
1648727517.524264768,2,0.033000
1648727517.545740642,1,0.008000
1648727517.568281146,4,0.074000
1648727517.590796780,2,0.016000
1648727517.612420005,1,0.022000
1648727517.634660602,5,0.094000
1648727517.655944629,4,0.066000
1648727517.676905105,0,0.000000
1648727517.698319999,1,0.013000
1648727517.722133924,1,0.040000
1648727517.743061138,1,0.018000
1648727517.763239469,0,0.008000
1648727517.784427836,9,0.122000
1648727517.806885286,5,0.059000
1648727517.829952501,9,0.098000
1648727517.852129599,10,0.104000
1648727517.874438141,1,0.011000
1648727517.897358264,7,0.080000
1648727517.920218888,3,0.019000
1648727517.941823691,2,0.045000
1648727517.964194969,13,0.142000
1648727517.987319402,11,0.093000
1648727518.008763505,12,0.151000
1648727518.030093031,15,0.167000
1648727518.050185863,12,0.147000
1648727518.072950451,3,0.046000
1648727518.094325632,3,0.053000
1648727518.115680883,2,0.023000
1648727518.139795714,13,0.152000
1648727518.162385875,10,0.140000
1648727518.183975854,2,0.033000
1648727518.204550018,2,0.007000
1648727518.226761169,2,0.024000
1648727518.248307600,4,0.029000
1648727518.270375958,0,0.000000
1648727518.292494401,1,0.027000
1648727518.313780611,3,0.031000
1648727518.336382988,4,0.027000
1648727518.356180472,0,0.000000
1648727518.378124475,4,0.054000
1648727518.399886959,1,0.000000
1648727518.420490577,0,0.016000
1648727518.441224897,7,0.076000
1648727518.463132016,5,0.065000
1648727518.485206078,3,0.028000
1648727518.506719979,0,0.005000
1648727518.530054185,0,0.005000
1648727518.551780092,0,0.011000
1648727518.574208575,7,0.049000
1648727518.594861147,5,0.043000
1648727518.615843178,3,0.007000
1648727518.636039220,3,0.035000
1648727518.655640564,0,0.027000
1648727518.678794013,0,0.000000
1648727518.701098546,2,0.017000
1648727518.724345584,14,0.140000
1648727518.747439318,14,0.200000
1648727518.768600698,6,0.062000
1648727518.790759612,2,0.051000
1648727518.813549536,3,0.046000
1648727518.834187421,11,0.130000
1648727518.854826864,10,0.127000
1648727518.877205676,6,0.068000
1648727518.897733884,3,0.049000
1648727518.920891697,2,0.040000
1648727518.943924492,3,0.029000
1648727518.965903502,13,0.158000
1648727518.986429748,8,0.087000
1648727519.007614572,5,0.063000
1648727519.030062074,2,0.017000
1648727519.050727525,9,0.135000
1648727519.073852422,12,0.133000
1648727519.095755506,2,0.033000
1648727519.118412559,3,0.036000
1648727519.141728156,4,0.043000
1648727519.162519315,0,0.016000
1648727519.183860759,5,0.066000
1648727519.206703324,5,0.067000
1648727519.227955673,4,0.053000
1648727519.250958508,2,0.021000
1648727519.270789327,5,0.047000
1648727519.293106429,4,0.062000
1648727519.314601250,1,0.024000
1648727519.336801906,0,0.000000
1648727519.357810213,4,0.043000
1648727519.379758711,0,0.000000
1648727519.401035678,3,0.059000
1648727519.423066246,8,0.119000
1648727519.445254435,5,0.061000
1648727519.466972835,1,0.035000
1648727519.490884599,0,0.000000
1648727519.511088793,2,0.001000
1648727519.533742379,3,0.034000
1648727519.555854959,5,0.020000
1648727519.576059537,1,0.011000
1648727519.598269129,0,0.000000
1648727519.618802938,3,0.026000
1648727519.641984801,2,0.026000
1648727519.661817456,4,0.050000
1648727519.681464135,13,0.190000
1648727519.703231321,8,0.077000
1648727519.725415721,3,0.033000
1648727519.746491482,2,0.039000
1648727519.769136224,3,0.041000
1648727519.788638560,1,0.001000
1648727519.811208803,6,0.031000
1648727519.832723678,4,0.073000
1648727519.853974773,2,0.037000
1648727519.875196888,4,0.030000
1648727519.897013919,2,0.017000
1648727519.919891463,1,0.000000
1648727519.942526766,3,0.016000
1648727519.965905290,3,0.036000
1648727519.989372319,4,0.038000
1648727520.011392034,2,0.000000
1648727520.033503210,2,0.029000
1648727520.054713860,4,0.045000
1648727520.077456950,7,0.105000
1648727520.103601767,1,0.054000
1648727520.125560228,2,0.026000
1648727520.147447239,5,0.036000
1648727520.169569576,2,0.038000
1648727520.189649300,3,0.055000
1648727520.210926234,6,0.071000
1648727520.233572039,4,0.023000
1648727520.257310572,1,0.024000
1648727520.278801438,2,0.034000
1648727520.301353705,4,0.078000
1648727520.321564318,5,0.058000
1648727520.344600133,3,0.032000
1648727520.367031870,4,0.046000
1648727520.388562906,10,0.129000
1648727520.409174237,4,0.082000
1648727520.433496009,6,0.056000
1648727520.455949795,2,0.020000
1648727520.478447261,2,0.026000
1648727520.501738513,3,0.032000
1648727520.524297508,2,0.035000
1648727520.544690460,3,0.024000
1648727520.566987099,6,0.074000
1648727520.589386916,9,0.095000
1648727520.611774621,8,0.063000
1648727520.634145381,5,0.032000
1648727520.656622017,3,0.054000
1648727520.677770456,3,0.042000
1648727520.700450855,1,0.019000
1648727520.721481809,6,0.038000
1648727520.743523898,1,0.020000
1648727520.764674484,2,0.026000
1648727520.787972226,5,0.061000
1648727520.812201748,2,0.029000
1648727520.833550549,8,0.090000
1648727520.852985039,8,0.105000
1648727520.875491278,7,0.039000
1648727520.896488470,4,0.016000
1648727520.919413469,1,0.005000
1648727520.941466343,0,0.017000
1648727520.964100128,2,0.058000
1648727520.987116584,3,0.033000
1648727521.009359012,4,0.021000
1648727521.031456393,2,0.014000
1648727521.054905816,4,0.024000
1648727521.078183405,4,0.069000
1648727521.101030604,6,0.090000
1648727521.122413556,5,0.047000
1648727521.144838980,8,0.106000
1648727521.167570310,9,0.077000
1648727521.189098060,2,0.011000
1648727521.211685038,2,0.040000
1648727521.234549116,0,0.004000
1648727521.255237968,7,0.103000
1648727521.278793855,14,0.134000
1648727521.300485759,5,0.067000
1648727521.323692828,4,0.046000
1648727521.345300921,2,0.041000
1648727521.367477813,0,0.008000
1648727521.389564081,3,0.034000
1648727521.414769668,2,0.029000
1648727521.436165936,4,0.028000
1648727521.459071255,1,0.010000
1648727521.482818609,2,0.028000
1648727521.504945709,7,0.039000
1648727521.526425222,1,0.000000
1648727521.548435867,0,0.001000
1648727521.570001801,1,0.041000
1648727521.593187367,4,0.020000
1648727521.615140071,3,0.038000
1648727521.636924484,2,0.021000
1648727521.658031659,0,0.023000
1648727521.676925180,4,0.062000
1648727521.695568940,5,0.036000
1648727521.716806537,4,0.040000
1648727521.738449228,4,0.037000
1648727521.760100488,3,0.049000
1648727521.784270919,3,0.022000
1648727521.806645547,3,0.021000
1648727521.828610302,4,0.019000
1648727521.850883950,2,0.041000
1648727521.874057888,0,0.000000
1648727521.898095861,2,0.011000
1648727521.919027977,1,0.000000
1648727521.942741563,1,0.014000
1648727521.965456365,0,0.010000
1648727521.984449926,1,0.031000
1648727522.007349402,4,0.022000
1648727522.028968871,1,0.031000
1648727522.050791693,1,0.025000
1648727522.073465915,2,0.066000
1648727522.095351142,2,0.011000
1648727522.117164004,4,0.027000
1648727522.140344286,3,0.041000
1648727522.162254395,3,0.040000
1648727522.185996550,2,0.043000
1648727522.208403463,6,0.035000
1648727522.230469659,11,0.172000
1648727522.253931585,10,0.169000
1648727522.276353338,6,0.059000
1648727522.298410822,12,0.149000
1648727522.318716730,7,0.076000
1648727522.341367508,6,0.058000
1648727522.364314496,3,0.030000
1648727522.386192501,4,0.039000
1648727522.407902574,3,0.039000
1648727522.429650708,1,0.006000
1648727522.451857197,4,0.045000
1648727522.474757154,4,0.076000
1648727522.497296162,4,0.038000
1648727522.520709782,5,0.045000
1648727522.544178989,1,0.032000
1648727522.566799975,1,0.013000
1648727522.588313498,6,0.059000
1648727522.610376930,4,0.042000
1648727522.632313644,1,0.024000
1648727522.655427447,4,0.057000
1648727522.678788664,2,0.026000
1648727522.699842809,2,0.030000
1648727522.722905834,3,0.028000
1648727522.746125573,3,0.035000
1648727522.769453175,4,0.034000
1648727522.791835407,3,0.036000
1648727522.812761460,4,0.033000
1648727522.835050523,14,0.148000
1648727522.859243054,10,0.092000
1648727522.879649866,4,0.055000
1648727522.902547097,2,0.019000
1648727522.924154876,2,0.034000
1648727522.945415746,0,0.001000
1648727522.967719112,2,0.034000
1648727522.991409330,1,0.005000
1648727523.016251830,3,0.044000
1648727523.037790396,4,0.000000
1648727523.060710232,3,0.023000
1648727523.083417154,3,0.030000
1648727523.105563846,10,0.049000
1648727523.126973140,6,0.064000
1648727523.148772109,3,0.031000
1648727523.169690755,2,0.020000
1648727523.191431645,3,0.036000
1648727523.213651886,5,0.042000
1648727523.237995493,1,0.024000
1648727523.259570570,4,0.050000
1648727523.281455954,6,0.071000
1648727523.301860910,0,0.009000
1648727523.325067722,7,0.065000
1648727523.346132250,4,0.018000
1648727523.370186386,0,0.029000
1648727523.394339141,3,0.041000
1648727523.416064544,3,0.074000
1648727523.438193319,8,0.100000
1648727523.461404063,1,0.029000
1648727523.485130854,2,0.039000
1648727523.508257424,0,0.000000
1648727523.531688552,5,0.032000
1648727523.552592741,7,0.079000
1648727523.573792163,7,0.066000
1648727523.595339853,3,0.024000
1648727523.616825704,2,0.036000
1648727523.637594498,2,0.036000
1648727523.658367529,5,0.037000
1648727523.679375972,5,0.029000
1648727523.701592536,2,0.030000
1648727523.723189662,5,0.062000
1648727523.746018418,2,0.019000
1648727523.767300672,2,0.061000
1648727523.788735142,5,0.046000
1648727523.810486463,3,0.017000
1648727523.833425105,5,0.060000
1648727523.857066566,1,0.012000
1648727523.878822618,12,0.146000
1648727523.902149370,20,0.248000
1648727523.924541393,16,0.184000
1648727523.946905060,5,0.046000
1648727523.968785534,3,0.018000
1648727523.990307814,6,0.064000
1648727524.012325556,5,0.068000
1648727524.035450355,4,0.060000
1648727524.058291895,1,0.042000
1648727524.079351616,3,0.017000
1648727524.102226266,2,0.029000
1648727524.124559617,5,0.056000
1648727524.147056299,1,0.012000
1648727524.169866601,7,0.070000
1648727524.189136958,6,0.077000
1648727524.210719207,7,0.081000
1648727524.233150567,0,0.000000
1648727524.253855274,2,0.022000
1648727524.273352400,4,0.015000
1648727524.296303172,1,0.005000
1648727524.318047514,3,0.044000
1648727524.340244546,9,0.102000
1648727524.362492738,6,0.074000
1648727524.384157887,1,0.008000
1648727524.405561616,2,0.000000
1648727524.426923339,2,0.024000
1648727524.449057655,1,0.010000
1648727524.469418200,5,0.071000
1648727524.489687124,0,0.032000
1648727524.511235793,4,0.057000
1648727524.532572026,5,0.065000
1648727524.554266653,2,0.008000
1648727524.575530108,2,0.023000
1648727524.596280417,2,0.023000
1648727524.617785080,5,0.021000
1648727524.638080152,2,0.024000
1648727524.661447486,3,0.043000
1648727524.684082699,4,0.043000
1648727524.705504572,0,0.021000
1648727524.727458058,1,0.015000
1648727524.750246317,3,0.026000
1648727524.772819869,1,0.018000
1648727524.795037255,3,0.027000
1648727524.816044512,14,0.164000
1648727524.837003731,13,0.178000
1648727524.860039349,8,0.094000
1648727524.881767385,1,0.010000
1648727524.903349898,2,0.057000
1648727524.924235479,2,0.046000
1648727524.948382084,4,0.024000
1648727524.970614562,0,0.000000
1648727524.993306561,5,0.030000
1648727525.015738761,1,0.005000
1648727525.036669763,2,0.001000
1648727525.057343872,3,0.033000
1648727525.079583085,3,0.025000
1648727525.101974410,6,0.072000
1648727525.124691333,9,0.142000
1648727525.146199335,2,0.026000
1648727525.168420339,11,0.107000
1648727525.191812044,7,0.102000
1648727525.214802436,1,0.015000
1648727525.236572559,3,0.048000
1648727525.259826923,1,0.001000
1648727525.280310532,2,0.040000
1648727525.301063088,9,0.114000
1648727525.323850927,9,0.070000
1648727525.346133007,5,0.071000
1648727525.368581066,1,0.001000
1648727525.390158107,2,0.038000
1648727525.411882586,7,0.102000
1648727525.432459386,5,0.058000
1648727525.452681400,2,0.063000
1648727525.476171699,4,0.030000
1648727525.499313669,4,0.037000
1648727525.521730254,2,0.031000
1648727525.543454326,2,0.009000
1648727525.563625865,0,0.016000
1648727525.585163187,2,0.023000
1648727525.608469149,6,0.068000
1648727525.630644551,2,0.025000
1648727525.652259579,2,0.017000
1648727525.673487878,5,0.055000
1648727525.694280557,3,0.034000
1648727525.715606222,3,0.025000
1648727525.736577534,3,0.007000
1648727525.759277611,1,0.044000
1648727525.780589168,4,0.060000
1648727525.800334795,1,0.008000
1648727525.821700895,2,0.036000
1648727525.843904739,2,0.011000
1648727525.864405834,0,0.000000
1648727525.884651458,1,0.014000
1648727525.907226659,0,0.023000
1648727525.930093517,1,0.034000
1648727525.952472157,3,0.055000
1648727525.975906876,4,0.034000
1648727525.998893072,6,0.063000
1648727526.020277722,6,0.068000
1648727526.042392574,3,0.035000
1648727526.063753262,0,0.000000
1648727526.085730943,0,0.000000
1648727526.106352324,4,0.040000
1648727526.128017129,0,0.000000
1648727526.150378967,0,0.004000
1648727526.172365676,3,0.041000
1648727526.194611161,2,0.007000
1648727526.214775543,1,0.010000
1648727526.237991683,2,0.023000
1648727526.259080802,3,0.032000
1648727526.280188327,3,0.032000
1648727526.302086757,1,0.011000
1648727526.323504006,1,0.007000
1648727526.344958891,6,0.040000
1648727526.367959381,1,0.020000
1648727526.390480849,3,0.040000
1648727526.411481318,2,0.026000
1648727526.434055928,5,0.034000
1648727526.455743548,2,0.037000
1648727526.478097187,0,0.016000
1648727526.499965633,5,0.063000
1648727526.520932478,7,0.098000
1648727526.543103350,1,0.021000
1648727526.563271047,4,0.058000
1648727526.585831307,4,0.031000
1648727526.609910788,0,0.000000
1648727526.632609183,5,0.026000
1648727526.654500451,3,0.019000
1648727526.675592130,2,0.021000
1648727526.696498138,0,0.026000
1648727526.717346338,3,0.030000
1648727526.737400393,1,0.001000
1648727526.760453103,2,0.039000
1648727526.784624509,2,0.023000
1648727526.806209238,2,0.039000
1648727526.827503898,1,0.023000
1648727526.850787370,0,0.016000
1648727526.872386943,1,0.018000
1648727526.893989616,0,0.000000
1648727526.916201796,3,0.032000
1648727526.939834352,3,0.022000
1648727526.958910789,2,0.027000
1648727526.979866321,5,0.080000
1648727527.001766531,4,0.026000
1648727527.024208786,2,0.008000
1648727527.045787730,0,0.011000
1648727527.068262775,2,0.008000
1648727527.091171412,3,0.030000
1648727527.114729391,3,0.049000
1648727527.137062325,4,0.033000
1648727527.157623440,10,0.118000
1648727527.181120058,8,0.112000
1648727527.202724143,3,0.051000
1648727527.226114910,0,0.010000
1648727527.248975912,4,0.027000
1648727527.271677180,4,0.036000
1648727527.291947189,2,0.011000
1648727527.312163027,0,0.000000
1648727527.335305547,3,0.047000
1648727527.355778182,5,0.029000
1648727527.376114436,5,0.048000
1648727527.397210549,4,0.021000
1648727527.418957883,0,0.047000
1648727527.440088882,4,0.047000
1648727527.460398681,1,0.009000
1648727527.481949788,6,0.052000
1648727527.502445406,1,0.032000
1648727527.521594393,4,0.029000
1648727527.543955559,0,0.007000
1648727527.565134390,4,0.032000
1648727527.584378827,1,0.011000
1648727527.606337790,1,0.024000
1648727527.627425232,3,0.030000
1648727527.649894999,9,0.137000
1648727527.670503880,15,0.160000
1648727527.693234235,6,0.073000
1648727527.715159370,2,0.026000
1648727527.737400181,2,0.014000
1648727527.759155534,1,0.020000
1648727527.781412032,2,0.022000
1648727527.805219186,4,0.038000
1648727527.829342308,4,0.018000
1648727527.851891885,7,0.087000
1648727527.874502771,5,0.064000
1648727527.897878264,1,0.000000
1648727527.921202697,6,0.097000
1648727527.940205515,4,0.050000
1648727527.961762825,1,0.032000
1648727527.983958049,3,0.033000
1648727528.004742355,3,0.046000
1648727528.026962727,3,0.031000
1648727528.047138526,0,0.017000
1648727528.070653936,2,0.018000
1648727528.089750753,0,0.012000
1648727528.112602060,3,0.043000
1648727528.133909134,2,0.023000
1648727528.154542297,0,0.017000
1648727528.175596129,1,0.004000
1648727528.198954064,4,0.031000
1648727528.219462920,5,0.038000
1648727528.240205464,0,0.005000
1648727528.260381545,2,0.048000
1648727528.281376456,4,0.010000
1648727528.303892544,3,0.065000
1648727528.326760183,2,0.008000
1648727528.348131863,4,0.058000
1648727528.369484109,3,0.023000
1648727528.391479179,2,0.040000
1648727528.414504943,6,0.053000
1648727528.435305162,6,0.071000
1648727528.457709175,8,0.047000
1648727528.480281653,0,0.013000
1648727528.503219670,3,0.063000
1648727528.524867748,3,0.036000
1648727528.545303640,4,0.047000
1648727528.566747965,7,0.068000
1648727528.587365393,4,0.044000
1648727528.608394835,4,0.041000
1648727528.629139781,3,0.047000
1648727528.650838990,0,0.013000
1648727528.673489056,3,0.043000
1648727528.696501053,4,0.041000
1648727528.716443813,1,0.022000
1648727528.734967627,1,0.031000
1648727528.756391103,1,0.007000
1648727528.779082825,3,0.018000
1648727528.799348345,2,0.030000
1648727528.825086255,7,0.050000
1648727528.846169014,2,0.023000
1648727528.866477305,6,0.059000
1648727528.888591716,7,0.076000
1648727528.911232657,0,0.000000
1648727528.932898285,13,0.120000
1648727528.956378857,13,0.169000
1648727528.976786235,4,0.036000
1648727528.998064700,5,0.088000
1648727529.020654087,8,0.074000
1648727529.044566584,3,0.046000
1648727529.064582136,0,0.005000
1648727529.087365534,13,0.180000
1648727529.109894849,10,0.141000
1648727529.130375361,5,0.059000
1648727529.152131377,3,0.040000
1648727529.174033347,5,0.061000
1648727529.195525361,2,0.048000
1648727529.219812039,4,0.056000
1648727529.242969003,2,0.014000
1648727529.267037739,5,0.064000
1648727529.289914692,3,0.054000
1648727529.311476702,1,0.038000
1648727529.333707660,2,0.039000
1648727529.355985277,1,0.005000
1648727529.376902374,9,0.124000
1648727529.397313670,2,0.074000
1648727529.420165949,4,0.023000
1648727529.441051219,0,0.000000
1648727529.461054505,3,0.039000
1648727529.484262561,4,0.015000
1648727529.506352014,4,0.054000
1648727529.527556000,0,0.014000
1648727529.548984805,3,0.013000
1648727529.570981496,2,0.022000
1648727529.591407086,3,0.043000
1648727529.613785361,1,0.037000
1648727529.634959603,4,0.039000
1648727529.657550151,0,0.011000
1648727529.677635430,0,0.013000
1648727529.700403177,2,0.035000
1648727529.721995576,2,0.010000
1648727529.743423937,4,0.045000
1648727529.762355348,1,0.029000
1648727529.784174485,6,0.084000
1648727529.807247834,6,0.069000
1648727529.828429481,1,0.037000
1648727529.852228208,4,0.046000
1648727529.874660229,2,0.011000
1648727529.897347488,4,0.038000
1648727529.918449537,1,0.016000
1648727529.939874155,8,0.089000
1648727529.964671612,2,0.020000
1648727529.986361332,1,0.011000
1648727530.006109743,2,0.030000
1648727530.025696215,2,0.017000
1648727530.047927619,2,0.033000
1648727530.068479907,2,0.013000
1648727530.091043157,1,0.023000
1648727530.114357755,4,0.034000
1648727530.137337365,5,0.037000
1648727530.159384680,4,0.038000
1648727530.182453902,4,0.056000
1648727530.204079063,2,0.038000
1648727530.226749400,1,0.015000
1648727530.248147001,0,0.000000
1648727530.268705691,2,0.044000
1648727530.294090719,1,0.048000
1648727530.315880147,4,0.038000
1648727530.336473980,3,0.035000
1648727530.359655958,3,0.048000
1648727530.381471237,4,0.034000
1648727530.403370934,0,0.006000
1648727530.426744701,7,0.095000
1648727530.448824164,8,0.104000
1648727530.473242798,2,0.051000
1648727530.494810807,1,0.029000
1648727530.517193402,11,0.107000
1648727530.539043814,9,0.083000
1648727530.560982365,1,0.008000
1648727530.583280351,0,0.000000
1648727530.605523607,1,0.000000
1648727530.627563668,2,0.018000
1648727530.649834650,0,0.016000
1648727530.671111537,4,0.040000
1648727530.691728071,4,0.034000
1648727530.714549772,3,0.033000
1648727530.735585223,5,0.023000
1648727530.756424066,6,0.075000
1648727530.779874393,2,0.040000
1648727530.800417679,3,0.026000
1648727530.822714853,0,0.000000
1648727530.844197339,0,0.000000
1648727530.865283343,13,0.091000
1648727530.886430721,6,0.086000
1648727530.909669633,2,0.029000
1648727530.930976889,3,0.024000
1648727530.952324571,2,0.043000
1648727530.976395172,14,0.127000
1648727530.999714869,13,0.171000
1648727531.020838602,3,0.038000
1648727531.042253131,3,0.022000
1648727531.064846389,5,0.042000
1648727531.088138436,2,0.021000
1648727531.112192258,5,0.050000
1648727531.136351330,4,0.037000
1648727531.158448242,4,0.022000
1648727531.179882786,0,0.004000
1648727531.202855847,1,0.018000
1648727531.224399455,6,0.058000
1648727531.248435690,2,0.042000
1648727531.270277683,3,0.068000
1648727531.293132297,1,0.015000
1648727531.315123551,3,0.026000
1648727531.338202511,3,0.025000
1648727531.362234247,1,0.015000
1648727531.384391227,6,0.038000
1648727531.406434724,22,0.241000
1648727531.428238320,20,0.247000
1648727531.450336632,11,0.132000
1648727531.471367747,5,0.037000
1648727531.492797015,2,0.007000
1648727531.513032867,2,0.025000
1648727531.534854576,6,0.038000
1648727531.557950886,1,0.035000
1648727531.581289059,1,0.032000
1648727531.603652498,0,0.000000
1648727531.622659971,3,0.028000
1648727531.645624106,4,0.012000
1648727531.666395888,2,0.061000
1648727531.687432537,7,0.115000
1648727531.710674940,3,0.009000
1648727531.733790405,2,0.045000
1648727531.754116403,5,0.081000
1648727531.775416422,2,0.059000
1648727531.796061005,1,0.018000
1648727531.818580591,1,0.028000
1648727531.839257032,2,0.021000
1648727531.862707498,11,0.129000
1648727531.885248892,10,0.127000
1648727531.907356474,4,0.046000
1648727531.929584136,3,0.011000
1648727531.949626371,2,0.026000
1648727531.970635743,2,0.008000
1648727531.990995707,0,0.034000
1648727532.013247697,2,0.031000
1648727532.036440036,6,0.056000
1648727532.058855549,5,0.056000
1648727532.081764011,13,0.135000
1648727532.103037919,2,0.044000
1648727532.125724862,2,0.027000
1648727532.146289149,1,0.013000
1648727532.168265804,0,0.012000
1648727532.190663893,3,0.013000
1648727532.212547612,5,0.051000
1648727532.233200612,3,0.029000
1648727532.255344952,7,0.042000
1648727532.276420626,4,0.082000
1648727532.299471279,0,0.006000
1648727532.323440838,2,0.058000
1648727532.346180407,4,0.039000
1648727532.366440522,7,0.116000
1648727532.389544200,5,0.054000
1648727532.409598911,3,0.035000
1648727532.431031887,3,0.052000
1648727532.454063712,15,0.142000
1648727532.475369388,11,0.138000
1648727532.497721953,3,0.044000
1648727532.519161703,5,0.030000
1648727532.541695565,3,0.023000
1648727532.564330602,0,0.029000
1648727532.586826628,1,0.024000
1648727532.608081791,2,0.046000
1648727532.632757200,2,0.023000
1648727532.654132147,4,0.050000
1648727532.675163149,4,0.024000
1648727532.696075350,3,0.053000
1648727532.715907262,5,0.021000
1648727532.737905234,2,0.018000
1648727532.760149754,5,0.100000
1648727532.783823520,5,0.058000
1648727532.804844983,1,0.012000
1648727532.824977503,1,0.035000
1648727532.846436540,4,0.042000
1648727532.866408060,3,0.038000
1648727532.888410621,2,0.047000
1648727532.911383727,3,0.044000
1648727532.935458610,5,0.063000
1648727532.957687522,4,0.035000
1648727532.979522999,6,0.065000
1648727533.001489270,8,0.094000
1648727533.022461803,3,0.062000
1648727533.044582232,3,0.027000
1648727533.066355071,1,0.019000
1648727533.090003963,2,0.029000
1648727533.113362873,4,0.023000
1648727533.138195163,8,0.137000
1648727533.159866679,7,0.078000
1648727533.181964938,3,0.043000
1648727533.204760611,5,0.024000
1648727533.227171750,6,0.091000
1648727533.248967794,3,0.041000
1648727533.271628253,1,0.047000
1648727533.295248551,2,0.012000
1648727533.316805933,5,0.023000
1648727533.339130203,2,0.024000
1648727533.361469353,0,0.000000
1648727533.383710212,2,0.001000
1648727533.407416315,6,0.073000
1648727533.429475839,4,0.034000
1648727533.451141332,0,0.034000
1648727533.474000558,16,0.176000
1648727533.496247976,10,0.121000
1648727533.517269201,5,0.081000
1648727533.535892809,1,0.020000
1648727533.557916377,2,0.031000
1648727533.579390342,3,0.035000
1648727533.601578897,4,0.057000
1648727533.624585618,2,0.035000
1648727533.645462003,8,0.084000
1648727533.667141185,8,0.087000
1648727533.687860714,2,0.035000
1648727533.708640149,1,0.036000
1648727533.731303336,4,0.069000
1648727533.753007240,3,0.030000
1648727533.774694872,1,0.011000
1648727533.796110007,1,0.036000
1648727533.819159808,2,0.025000
1648727533.840661946,1,0.023000
1648727533.862659987,1,0.004000
1648727533.884610392,6,0.075000
1648727533.905664272,1,0.041000
1648727533.926441464,4,0.016000
1648727533.951689245,1,0.010000
1648727533.973710765,5,0.057000
1648727533.993812093,7,0.091000
1648727534.017449699,9,0.090000
1648727534.037934227,2,0.007000
1648727534.059348158,4,0.051000
1648727534.078909079,2,0.007000
1648727534.100312096,0,0.000000
1648727534.123442772,3,0.022000
1648727534.145214282,4,0.039000
1648727534.167543275,7,0.083000
1648727534.190733839,3,0.028000
1648727534.211018314,9,0.132000
1648727534.232809511,5,0.070000
1648727534.256193537,4,0.065000
1648727534.278019658,1,0.021000
1648727534.298924446,1,0.000000
1648727534.320970415,1,0.013000
1648727534.343792351,2,0.036000
1648727534.366178338,0,0.000000
1648727534.385795452,3,0.031000
1648727534.406054601,5,0.045000
1648727534.425896062,0,0.000000
1648727534.447032217,1,0.001000
1648727534.470171634,1,0.049000
1648727534.492856269,3,0.028000
1648727534.514542948,3,0.023000
1648727534.537678683,1,0.036000
1648727534.558612246,10,0.126000
1648727534.579749186,6,0.063000
1648727534.604495888,0,0.000000
1648727534.624569443,6,0.028000
1648727534.648838732,4,0.069000
1648727534.671465191,0,0.011000
1648727534.694185840,5,0.020000
1648727534.715642879,3,0.024000
1648727534.734490292,1,0.007000
1648727534.757236139,6,0.108000
1648727534.780916509,6,0.106000
1648727534.801941707,3,0.015000
1648727534.823244798,4,0.039000
1648727534.845434926,11,0.132000
1648727534.867480457,3,0.058000
1648727534.889278458,2,0.057000
1648727534.911437005,2,0.022000
1648727534.934045456,2,0.012000
1648727534.956452964,3,0.030000
1648727534.979479297,10,0.141000
1648727535.003810403,10,0.135000
1648727535.025602739,6,0.061000
1648727535.047484174,3,0.015000
1648727535.068458887,0,0.000000
1648727535.091122291,5,0.029000
1648727535.114022394,7,0.063000
1648727535.135301382,8,0.080000
1648727535.157427534,2,0.038000
1648727535.179163023,1,0.036000
1648727535.199203804,2,0.019000
1648727535.221337652,0,0.000000
1648727535.243737891,2,0.040000
1648727535.264905339,2,0.028000
1648727535.287048566,2,0.052000
1648727535.309254984,5,0.062000
1648727535.332226694,4,0.041000
1648727535.353405069,0,0.005000
1648727535.374510144,0,0.015000
1648727535.397807354,4,0.038000
1648727535.420233752,7,0.077000
1648727535.443972725,3,0.051000
1648727535.464896215,1,0.012000
1648727535.485510646,1,0.023000
1648727535.507385621,1,0.030000
1648727535.529254225,4,0.025000
1648727535.550696852,5,0.069000
1648727535.573061700,4,0.030000
1648727535.596998826,0,0.000000
1648727535.618410678,3,0.029000
1648727535.640008549,2,0.033000
1648727535.660981179,2,0.006000
1648727535.684931642,2,0.010000
1648727535.707036526,3,0.033000
1648727535.728640231,4,0.042000
1648727535.750213043,1,0.053000
1648727535.772954091,4,0.065000
1648727535.794888189,4,0.053000
1648727535.815645980,7,0.068000
1648727535.837951045,7,0.090000
1648727535.861882848,4,0.059000
1648727535.882296073,4,0.037000
1648727535.903462348,4,0.046000
1648727535.924851730,3,0.055000
1648727535.945278698,0,0.008000
1648727535.966357722,7,0.079000
1648727535.990008117,7,0.069000
1648727536.012138842,4,0.042000
1648727536.033833654,2,0.005000
1648727536.056786590,2,0.011000
1648727536.077181932,2,0.008000
1648727536.100015338,8,0.102000
1648727536.122723033,6,0.106000
1648727536.145779793,1,0.000000
1648727536.165700397,2,0.041000
1648727536.187957918,1,0.018000
1648727536.210132025,0,0.004000
1648727536.231188397,5,0.050000
1648727536.250128263,1,0.001000
1648727536.270990291,0,0.000000
1648727536.292896232,5,0.047000
1648727536.313987504,3,0.030000
1648727536.334298932,2,0.024000
1648727536.356314528,5,0.045000
1648727536.378706434,1,0.006000
1648727536.400094620,1,0.019000
1648727536.422915007,4,0.030000
1648727536.445039153,3,0.046000
1648727536.466622645,2,0.019000
1648727536.490145469,3,0.016000
1648727536.511879556,0,0.006000
1648727536.533571215,2,0.010000
1648727536.556126714,5,0.044000
1648727536.577444952,2,0.015000
1648727536.599797799,3,0.042000
1648727536.620926432,3,0.037000
1648727536.642141993,3,0.014000
1648727536.661394713,22,0.293000
1648727536.681364417,19,0.256000
1648727536.704356655,6,0.070000
1648727536.726796329,0,0.018000
1648727536.748227053,2,0.018000
1648727536.769417019,3,0.035000
1648727536.794580134,8,0.084000
1648727536.818450869,6,0.060000
1648727536.838468024,0,0.000000
1648727536.860926181,2,0.021000
1648727536.882930778,1,0.017000
1648727536.905829500,1,0.033000
1648727536.929210388,3,0.058000
1648727536.952727816,7,0.063000
1648727536.975822655,6,0.055000
1648727536.998500638,1,0.000000
1648727537.020716351,6,0.020000
1648727537.043384365,13,0.181000
1648727537.064144934,10,0.085000
1648727537.085059598,1,0.011000
1648727537.104198866,2,0.014000
1648727537.124735870,2,0.007000
1648727537.144938289,2,0.002000
1648727537.163777697,4,0.061000
1648727537.184433088,5,0.028000
1648727537.206138781,1,0.013000
1648727537.227984498,2,0.034000
1648727537.251099802,3,0.025000
1648727537.271433076,1,0.010000
1648727537.293433415,1,0.013000
1648727537.316303940,8,0.098000
1648727537.337997428,10,0.099000
1648727537.357524040,4,0.044000
1648727537.381244996,8,0.096000
1648727537.400167491,5,0.055000
1648727537.421978110,3,0.031000
1648727537.444171344,3,0.040000
1648727537.467543095,5,0.064000
1648727537.489264570,3,0.035000
1648727537.510934305,4,0.016000
1648727537.534048929,0,0.000000
1648727537.557543973,2,0.000000
1648727537.577454667,2,0.005000
1648727537.602208619,3,0.022000
1648727537.622084020,3,0.048000
1648727537.643256298,2,0.034000
1648727537.666172252,3,0.047000
1648727537.687297464,3,0.074000
1648727537.708280046,0,0.004000
1648727537.730343042,0,0.000000
1648727537.752048736,5,0.018000
1648727537.773228427,4,0.029000
1648727537.794300063,2,0.028000
1648727537.816357702,4,0.051000
1648727537.838153878,3,0.056000
1648727537.860500258,17,0.231000
1648727537.881406337,13,0.201000
1648727537.904194356,5,0.051000
1648727537.925046183,0,0.000000
1648727537.947047368,5,0.024000
1648727537.968824953,8,0.078000
1648727537.990191294,10,0.108000
1648727538.016012625,2,0.014000
1648727538.038886306,2,0.010000
1648727538.060394117,2,0.001000
1648727538.081356373,2,0.062000
1648727538.102930892,2,0.058000
1648727538.124243215,5,0.061000
1648727538.144329384,4,0.047000
1648727538.164734448,4,0.039000
1648727538.185082878,3,0.064000
1648727538.207877745,4,0.049000
1648727538.229480856,4,0.062000
1648727538.253028570,3,0.034000
1648727538.272574148,20,0.236000
1648727538.294072602,13,0.175000
1648727538.317577637,4,0.033000
1648727538.340412253,2,0.041000
1648727538.360976447,0,0.000000
1648727538.382011742,3,0.034000
1648727538.404975870,2,0.046000
1648727538.425020898,3,0.025000
1648727538.446350663,1,0.011000
1648727538.468047010,1,0.022000
1648727538.488335054,3,0.014000
1648727538.509205142,2,0.024000
1648727538.530362763,4,0.039000
1648727538.550768417,2,0.020000
1648727538.572450710,12,0.152000
1648727538.594013564,8,0.072000
1648727538.613594974,4,0.051000
1648727538.636439331,9,0.082000
1648727538.657209173,7,0.071000
1648727538.679608755,11,0.139000
1648727538.700844649,15,0.213000
1648727538.723155677,9,0.095000
1648727538.744748834,7,0.043000
1648727538.764640881,3,0.019000
1648727538.784841148,2,0.042000
1648727538.804640676,6,0.051000
1648727538.826509781,5,0.038000
1648727538.846601566,1,0.018000
1648727538.869461899,4,0.038000
1648727538.889425728,2,0.007000
1648727538.913711037,0,0.023000
1648727538.936367296,4,0.058000
1648727538.958532961,7,0.087000
1648727538.981236877,3,0.010000
1648727539.003524371,2,0.015000
1648727539.024534052,9,0.107000
1648727539.046727364,3,0.045000
1648727539.069258392,5,0.036000
1648727539.091573290,0,0.014000
1648727539.115484445,7,0.061000
1648727539.135611537,3,0.055000
1648727539.159242610,2,0.025000
1648727539.179404047,18,0.214000
1648727539.201135888,18,0.232000
1648727539.223163372,12,0.145000
1648727539.242110831,6,0.085000
1648727539.262216227,5,0.060000
1648727539.284055128,2,0.049000
1648727539.308584010,0,0.030000
1648727539.329583754,2,0.011000
1648727539.350451919,1,0.040000
1648727539.372483640,5,0.035000
1648727539.395400152,2,0.029000
1648727539.416436036,1,0.025000
1648727539.438632186,3,0.021000
1648727539.460768599,3,0.023000
1648727539.480433214,2,0.029000
1648727539.502988136,0,0.000000
1648727539.526726812,1,0.014000
1648727539.546707233,3,0.023000
1648727539.566365224,8,0.125000
1648727539.586338550,10,0.082000
1648727539.605403225,5,0.109000
1648727539.627537968,4,0.048000
1648727539.649096340,3,0.045000
1648727539.670772957,1,0.001000
1648727539.691586586,2,0.017000
1648727539.713784267,2,0.013000
1648727539.735684164,11,0.096000
1648727539.756879335,6,0.077000
1648727539.777099752,1,0.000000
1648727539.799172559,5,0.082000
1648727539.824035447,5,0.073000
1648727539.846985633,4,0.071000
1648727539.868557784,4,0.065000
1648727539.891143023,2,0.054000
1648727539.911143593,2,0.072000
1648727539.934137176,0,0.030000
1648727539.957234449,3,0.034000
1648727539.978484013,1,0.025000
1648727539.999927068,1,0.030000
1648727540.021014792,3,0.012000
1648727540.042172591,3,0.062000
1648727540.066027475,3,0.014000
1648727540.088938448,3,0.033000
1648727540.110082625,3,0.020000
1648727540.131745573,4,0.041000
1648727540.151417695,3,0.076000
1648727540.173808968,4,0.039000
1648727540.195158040,4,0.090000
1648727540.217678338,3,0.050000
1648727540.239969393,2,0.036000
1648727540.262278545,2,0.034000
1648727540.284788820,3,0.035000
1648727540.307117202,5,0.046000
1648727540.329850043,4,0.073000
1648727540.349921949,2,0.013000
1648727540.372796270,4,0.054000
1648727540.392951565,6,0.054000
1648727540.414452338,3,0.033000
1648727540.437802182,15,0.178000
1648727540.458629333,15,0.162000
1648727540.479824713,4,0.060000
1648727540.500464547,1,0.010000
1648727540.520387513,1,0.008000
1648727540.540083877,5,0.054000
1648727540.559079408,4,0.052000
1648727540.581121642,1,0.012000
1648727540.601021245,5,0.060000
1648727540.623023252,2,0.023000
1648727540.645259448,1,0.025000
1648727540.666312063,5,0.056000
1648727540.689792815,7,0.075000
1648727540.712340705,2,0.028000
1648727540.733013642,4,0.047000
1648727540.757271448,8,0.074000
1648727540.778239510,0,0.008000
1648727540.799327555,1,0.026000
1648727540.822992275,0,0.012000
1648727540.842736790,3,0.019000
1648727540.864353750,2,0.013000
1648727540.886653649,2,0.013000
1648727540.909936153,3,0.045000
1648727540.930497272,5,0.068000
1648727540.951478216,2,0.034000
1648727540.972405189,12,0.117000
1648727540.994870935,11,0.108000
1648727541.014139714,7,0.051000
1648727541.034176226,4,0.049000
1648727541.054950271,1,0.045000
1648727541.074963629,4,0.050000
1648727541.097396641,1,0.037000
1648727541.119365949,6,0.094000
1648727541.141666201,9,0.074000
1648727541.163127226,3,0.056000
1648727541.185947178,1,0.055000
1648727541.208833273,3,0.029000
1648727541.229401836,2,0.037000
1648727541.248631600,1,0.004000
1648727541.270362798,3,0.014000
1648727541.291331396,4,0.048000
1648727541.313521547,6,0.050000
1648727541.335749539,1,0.021000
1648727541.358733706,8,0.089000
1648727541.381100686,3,0.029000
1648727541.402734812,1,0.025000
1648727541.424562388,3,0.035000
1648727541.444759608,3,0.062000
1648727541.466257845,2,0.003000
1648727541.486090635,5,0.056000
1648727541.508923183,2,0.014000
1648727541.532520802,0,0.011000
1648727541.554113790,1,0.043000
1648727541.575934339,8,0.092000
1648727541.596620225,3,0.052000
1648727541.617859494,3,0.017000
1648727541.638991773,4,0.054000
1648727541.658353644,3,0.053000
1648727541.678944954,0,0.022000
1648727541.700561963,4,0.042000
1648727541.722241794,0,0.011000
1648727541.744167446,7,0.079000
1648727541.764979744,7,0.122000
1648727541.786943800,2,0.042000
1648727541.808561030,2,0.038000
1648727541.833315658,0,0.000000
1648727541.855826930,2,0.037000
1648727541.877313185,4,0.035000
1648727541.900041517,3,0.058000
1648727541.922199984,6,0.091000
1648727541.941218993,7,0.077000
1648727541.964305825,0,0.009000
1648727541.986099314,3,0.032000
1648727542.008314405,2,0.026000
1648727542.030597500,13,0.153000
1648727542.053894963,8,0.108000
1648727542.075481394,4,0.064000
1648727542.097078727,2,0.011000
1648727542.119083654,5,0.056000
1648727542.140528011,1,0.013000
1648727542.162880737,9,0.093000
1648727542.183834354,6,0.076000
1648727542.203722176,5,0.030000
1648727542.224851820,2,0.038000
1648727542.246560524,0,0.003000
1648727542.268388942,3,0.028000
1648727542.290716031,6,0.079000
1648727542.313079154,5,0.046000
1648727542.334665048,2,0.026000
1648727542.356567645,5,0.031000
1648727542.381219039,5,0.034000
1648727542.402267618,3,0.012000
1648727542.424443562,5,0.088000
1648727542.446019100,5,0.062000
1648727542.468015688,4,0.041000
1648727542.487867746,2,0.017000
1648727542.509442017,4,0.074000
1648727542.531224896,0,0.000000
1648727542.551769676,7,0.074000
1648727542.572316165,3,0.050000
1648727542.593919857,5,0.078000
1648727542.616414392,3,0.050000
1648727542.638167273,0,0.000000
1648727542.659406393,2,0.030000
1648727542.683196831,6,0.078000
1648727542.706078340,2,0.023000
1648727542.728982923,5,0.035000
1648727542.753026561,0,0.008000
1648727542.776719725,2,0.013000
1648727542.797740562,4,0.037000
1648727542.819980270,3,0.009000
1648727542.840564343,2,0.031000
1648727542.860398791,4,0.011000
1648727542.881735307,2,0.034000
1648727542.904146607,2,0.022000
1648727542.924771342,11,0.132000
1648727542.945945296,12,0.092000
1648727542.967699627,7,0.079000
1648727542.990200977,3,0.060000
1648727543.012930828,2,0.004000
1648727543.035043539,5,0.068000
1648727543.056908880,1,0.004000
1648727543.079393047,2,0.036000
1648727543.099958297,4,0.075000
1648727543.121006519,12,0.118000
1648727543.141491472,12,0.151000
1648727543.164724469,6,0.061000
1648727543.186720486,0,0.000000
1648727543.209315122,8,0.076000
1648727543.229972486,3,0.028000
1648727543.253271379,2,0.050000
1648727543.274845470,0,0.030000
1648727543.298037245,2,0.038000
1648727543.319243796,3,0.039000
1648727543.341362523,2,0.000000
1648727543.362995023,1,0.042000
1648727543.384559564,3,0.057000
1648727543.406163585,2,0.036000
1648727543.428097111,2,0.025000
1648727543.448545671,2,0.019000
1648727543.471465754,3,0.051000
1648727543.494040085,3,0.034000
1648727543.513860649,0,0.023000
1648727543.534910085,3,0.038000
1648727543.557781475,2,0.013000
1648727543.580697226,3,0.022000
1648727543.602896019,3,0.034000
1648727543.624702529,5,0.052000
1648727543.646473443,1,0.000000
1648727543.666379902,3,0.029000
1648727543.686545851,3,0.025000
1648727543.707894938,2,0.001000
1648727543.728418680,2,0.041000
1648727543.749163976,3,0.015000
1648727543.772098461,0,0.024000
1648727543.794336387,2,0.044000
1648727543.813803311,0,0.008000
1648727543.835098389,14,0.186000
1648727543.856784105,8,0.104000
1648727543.877771629,3,0.031000
1648727543.899752005,1,0.018000
1648727543.919001284,1,0.026000
1648727543.940168631,7,0.066000
1648727543.961594181,6,0.079000
1648727543.982861092,0,0.010000
1648727544.006028662,4,0.070000
1648727544.029674414,3,0.045000
1648727544.050434409,2,0.021000
1648727544.071753764,1,0.021000
1648727544.093923202,5,0.031000
1648727544.115357360,2,0.030000
1648727544.136199496,6,0.043000
1648727544.155782501,0,0.000000
1648727544.178755980,1,0.020000
1648727544.201335223,2,0.000000
1648727544.221308797,1,0.011000
1648727544.242858809,6,0.078000
1648727544.264128446,12,0.146000
1648727544.286762440,7,0.083000
1648727544.309932758,3,0.015000
1648727544.331934878,3,0.020000
1648727544.353436519,5,0.052000
1648727544.375772672,3,0.027000
1648727544.399538718,4,0.036000
1648727544.422746505,5,0.091000
1648727544.445151760,5,0.041000
1648727544.467757989,4,0.073000
1648727544.488360903,4,0.035000
1648727544.510236990,0,0.007000
1648727544.532726965,0,0.012000
1648727544.553977102,4,0.031000
1648727544.573660295,1,0.003000
1648727544.596312361,5,0.067000
1648727544.615306012,5,0.061000
1648727544.638066338,1,0.019000
1648727544.659625118,4,0.059000
1648727544.681131643,3,0.028000
1648727544.702663390,2,0.020000
1648727544.725042945,3,0.009000
1648727544.747225192,3,0.047000
1648727544.768361771,5,0.051000
1648727544.791480887,2,0.017000
1648727544.813356883,3,0.039000
1648727544.836648177,3,0.029000
1648727544.856215287,3,0.033000
1648727544.876630511,1,0.019000
1648727544.898847061,3,0.023000
1648727544.920045358,4,0.061000
1648727544.942916058,5,0.068000
1648727544.963592191,3,0.040000
1648727544.986998470,2,0.023000
1648727545.009175698,3,0.036000
1648727545.031540062,3,0.024000
1648727545.054701107,2,0.029000
1648727545.075322555,9,0.097000
1648727545.094921275,4,0.070000
1648727545.117758452,2,0.068000
1648727545.139120229,1,0.013000
1648727545.159305917,2,0.031000
1648727545.182372982,2,0.011000
1648727545.203652022,1,0.015000
1648727545.225873522,2,0.014000
1648727545.247113464,4,0.051000
1648727545.270666093,1,0.001000
1648727545.289853397,1,0.013000
1648727545.311304285,5,0.046000
1648727545.331842627,2,0.025000
1648727545.355239386,1,0.030000
1648727545.376871341,11,0.158000
1648727545.399217870,11,0.164000
1648727545.422654551,4,0.043000
1648727545.444783685,2,0.007000
1648727545.466044500,0,0.011000
1648727545.487787475,11,0.154000
1648727545.510930619,9,0.100000
1648727545.533064297,2,0.017000
1648727545.554249292,2,0.040000
1648727545.577939539,5,0.046000
1648727545.599851087,3,0.016000
1648727545.623174683,3,0.040000
1648727545.643064907,4,0.035000
1648727545.664840391,2,0.030000
1648727545.687341373,6,0.091000
1648727545.708387953,3,0.038000
1648727545.729644161,2,0.014000
1648727545.751418308,2,0.019000
1648727545.770907226,3,0.018000
1648727545.792376717,1,0.009000
1648727545.815289894,3,0.031000
1648727545.835256926,0,0.000000
1648727545.855316193,4,0.037000
1648727545.876363647,4,0.028000
1648727545.898059486,3,0.019000
1648727545.918945774,8,0.097000
1648727545.941255995,6,0.091000
1648727545.962350485,1,0.013000
1648727545.982506211,0,0.005000
1648727546.004969624,1,0.043000
1648727546.026584324,3,0.024000
1648727546.050726296,0,0.005000
1648727546.072097355,8,0.099000
1648727546.095206193,5,0.027000
1648727546.117844025,6,0.056000
1648727546.138067571,4,0.045000
1648727546.161301821,3,0.036000
1648727546.182686463,2,0.038000
1648727546.203918953,2,0.029000
1648727546.226342853,0,0.000000
1648727546.246119446,0,0.009000
1648727546.270145068,4,0.050000
1648727546.291471956,8,0.075000
1648727546.314982741,2,0.035000
1648727546.336056686,1,0.000000
1648727546.355968576,2,0.012000
1648727546.377571050,14,0.175000
1648727546.400240517,15,0.146000
1648727546.421562081,8,0.064000
1648727546.443985562,5,0.081000
1648727546.466299967,1,0.000000
1648727546.487410366,1,0.025000
1648727546.509154674,2,0.010000
1648727546.532009102,0,0.008000
1648727546.552862172,2,0.025000
1648727546.574039905,5,0.060000
1648727546.596548798,8,0.078000
1648727546.617549821,0,0.000000
1648727546.639263312,1,0.015000
1648727546.660661712,6,0.064000
1648727546.682492286,6,0.054000
1648727546.702896214,1,0.005000
1648727546.724681922,1,0.011000
1648727546.744915813,8,0.076000
1648727546.763920004,5,0.096000
1648727546.783283010,0,0.011000
1648727546.805417508,5,0.024000
1648727546.826435847,3,0.021000
1648727546.848361503,4,0.051000
1648727546.870982663,6,0.060000
1648727546.892843976,1,0.029000
1648727546.915628985,10,0.081000
1648727546.936959867,9,0.085000
1648727546.958035078,2,0.028000
1648727546.978732380,2,0.039000
1648727547.001347483,16,0.144000
1648727547.021482978,12,0.107000
1648727547.044323398,7,0.058000
1648727547.065197175,0,0.015000
1648727547.087059363,2,0.009000
1648727547.109333235,2,0.017000
1648727547.130895678,4,0.055000
1648727547.151443648,4,0.056000
1648727547.172228694,0,0.008000
1648727547.194308149,7,0.047000
1648727547.215772754,4,0.076000
1648727547.236794947,0,0.000000
1648727547.259084221,3,0.055000
1648727547.280316490,2,0.014000
1648727547.301963084,1,0.006000
1648727547.323536677,59,0.674000
1648727547.346947015,59,0.709000
1648727547.368443768,39,0.480000
1648727547.390629021,19,0.253000
1648727547.411928415,9,0.087000
1648727547.434260497,0,0.007000
1648727547.456501054,9,0.112000
1648727547.478474256,4,0.056000
1648727547.499695197,2,0.021000
1648727547.522142104,3,0.024000
1648727547.543782739,3,0.036000
1648727547.565865277,2,0.004000
1648727547.589081498,3,0.041000
1648727547.610433601,5,0.076000
1648727547.632425957,3,0.042000
1648727547.652856803,0,0.009000
1648727547.674889432,3,0.064000
1648727547.697494557,1,0.019000
1648727547.719439063,0,0.005000
1648727547.741223340,3,0.044000
1648727547.764295228,0,0.022000
1648727547.784899063,5,0.036000
1648727547.806543372,6,0.062000
1648727547.828704645,3,0.037000
1648727547.849539396,4,0.050000
1648727547.870052383,6,0.061000
1648727547.893883200,0,0.020000
1648727547.914980578,2,0.017000
1648727547.938200705,4,0.028000
1648727547.959566652,2,0.036000
1648727547.982392452,2,0.025000
1648727548.003522533,6,0.073000
1648727548.024238928,1,0.002000
1648727548.046810531,0,0.000000
1648727548.068818888,0,0.000000
1648727548.091285643,10,0.095000
1648727548.112097205,10,0.075000
1648727548.134713836,4,0.041000
1648727548.156361785,3,0.042000
1648727548.178131014,2,0.034000
1648727548.199494755,0,0.013000
1648727548.222220591,0,0.000000
1648727548.243133788,0,0.005000
1648727548.262937055,3,0.066000
1648727548.285105925,5,0.033000
1648727548.305443148,3,0.045000
1648727548.326876342,0,0.000000
1648727548.348660990,3,0.022000
1648727548.371615036,3,0.036000
1648727548.393549090,4,0.084000
1648727548.414700538,5,0.071000
1648727548.436349573,0,0.000000
1648727548.458271948,5,0.058000
1648727548.478222444,3,0.032000
1648727548.500746851,4,0.047000
1648727548.522396566,1,0.000000
1648727548.545165920,2,0.037000
1648727548.562775018,3,0.035000
1648727548.583000369,3,0.063000
1648727548.604426506,1,0.025000
1648727548.625778389,3,0.017000
1648727548.647380585,2,0.007000
1648727548.669290555,5,0.065000
1648727548.689742994,10,0.112000
1648727548.710497189,4,0.073000
1648727548.729798135,5,0.064000
1648727548.750035714,2,0.049000
1648727548.772277269,2,0.026000
1648727548.794281925,1,0.014000
1648727548.814465650,2,0.018000
1648727548.836154151,0,0.005000
1648727548.857164541,2,0.035000
1648727548.878625316,4,0.048000
1648727548.899967982,6,0.079000
1648727548.918666636,6,0.058000
1648727548.940893947,4,0.046000
1648727548.962060342,3,0.015000
1648727548.981930948,4,0.007000
1648727549.000421816,9,0.111000
1648727549.022086492,2,0.040000
1648727549.042223993,1,0.037000
1648727549.064006164,1,0.015000
1648727549.086479988,3,0.020000
1648727549.108450931,2,0.000000
1648727549.128968547,2,0.070000
1648727549.149411378,0,0.006000
1648727549.171593890,15,0.228000
1648727549.194270713,11,0.146000
1648727549.214219690,5,0.072000
1648727549.237031189,4,0.070000
1648727549.254672751,3,0.018000
1648727549.274878985,4,0.033000
1648727549.296114223,2,0.017000
1648727549.317903832,6,0.072000
1648727549.338692719,3,0.038000
1648727549.359801728,3,0.058000
1648727549.381177305,1,0.011000
1648727549.402436748,2,0.036000
1648727549.423827861,2,0.038000
1648727549.444331724,2,0.030000
1648727549.464249678,3,0.040000
1648727549.485372034,2,0.023000
1648727549.507213636,3,0.006000
1648727549.528711261,1,0.010000
1648727549.550263916,4,0.091000
1648727549.572545645,17,0.170000
1648727549.592392943,11,0.136000
1648727549.615012052,5,0.068000
1648727549.634344150,1,0.000000
1648727549.655150076,2,0.022000
1648727549.675406142,0,0.002000
1648727549.697383216,2,0.014000
1648727549.718217057,6,0.097000
1648727549.738553804,3,0.022000
1648727549.758711222,4,0.054000
1648727549.779806953,1,0.004000
1648727549.800078109,4,0.049000
1648727549.821645602,3,0.029000
1648727549.843236227,2,0.024000
1648727549.862268051,4,0.054000
1648727549.883901803,5,0.044000
1648727549.901911097,6,0.034000
1648727549.921004459,3,0.025000
1648727549.943815164,1,0.002000
1648727549.966669471,4,0.030000
1648727549.987615120,2,0.013000
1648727550.008270025,5,0.035000
1648727550.030976012,1,0.028000
1648727550.052199327,4,0.034000
1648727550.073782737,5,0.039000
1648727550.094459401,3,0.029000
1648727550.116144751,3,0.067000
1648727550.137674785,4,0.028000
1648727550.157017751,3,0.034000
1648727550.179500263,0,0.000000
1648727550.203147874,2,0.047000
1648727550.224733037,2,0.007000
1648727550.247063715,2,0.015000
1648727550.266242054,1,0.023000
1648727550.286807812,6,0.069000
1648727550.307005255,21,0.262000
1648727550.328556920,13,0.184000
1648727550.351142606,8,0.104000
1648727550.373661804,4,0.042000
1648727550.395095166,2,0.023000
1648727550.416096440,0,0.017000
1648727550.438905761,1,0.013000
1648727550.459047403,2,0.022000
1648727550.480658210,2,0.032000
1648727550.502028848,1,0.006000
1648727550.523293900,0,0.000000
1648727550.545851100,2,0.018000
1648727550.566314178,4,0.054000
1648727550.584356215,2,0.019000
1648727550.605078901,0,0.004000
1648727550.625705687,4,0.053000
1648727550.647029344,10,0.126000
1648727550.669163508,10,0.114000
1648727550.690255799,4,0.050000
1648727550.711374937,5,0.051000
1648727550.733184865,4,0.016000
1648727550.754069053,17,0.229000
1648727550.775562252,12,0.153000
1648727550.796499436,5,0.048000
1648727550.818884672,5,0.084000
1648727550.839750485,8,0.087000
1648727550.860031352,0,0.008000
1648727550.881412520,1,0.010000
1648727550.902202617,6,0.036000
1648727550.924011255,3,0.051000
1648727550.946168499,3,0.002000
1648727550.967789535,3,0.040000
1648727550.989933371,2,0.035000
1648727551.011394439,1,0.051000
1648727551.033771494,10,0.076000
1648727551.056393122,7,0.072000
1648727551.077398962,0,0.007000
1648727551.099382480,2,0.030000
1648727551.121043425,1,0.015000
1648727551.141263541,1,0.008000
1648727551.161315720,2,0.017000
1648727551.183353619,6,0.079000
1648727551.204395788,6,0.053000
1648727551.226860578,4,0.033000
1648727551.247949049,4,0.023000
1648727551.269328313,1,0.026000
1648727551.291344413,10,0.079000
1648727551.310841016,11,0.125000
1648727551.333078243,5,0.049000
1648727551.354885559,4,0.050000
1648727551.375624773,5,0.034000
1648727551.398251247,14,0.166000
1648727551.418616832,8,0.127000
1648727551.439779710,4,0.041000
1648727551.460860734,1,0.000000
1648727551.481741550,4,0.032000
1648727551.503789674,4,0.046000
1648727551.523967538,3,0.014000
1648727551.544243221,2,0.021000
1648727551.565929868,2,0.018000
1648727551.587325906,0,0.004000
1648727551.608282330,0,0.011000
1648727551.629057996,0,0.052000
1648727551.648657598,5,0.050000
1648727551.668722661,1,0.039000
1648727551.688634641,5,0.055000
1648727551.709192078,3,0.052000
1648727551.730977817,3,0.023000
1648727551.752476801,1,0.035000
1648727551.772227974,1,0.014000
1648727551.791246672,1,0.000000
1648727551.811950540,3,0.023000
1648727551.831438676,3,0.020000
1648727551.850758156,3,0.013000
1648727551.870805378,2,0.026000
1648727551.892782532,2,0.007000
1648727551.914887544,3,0.048000
1648727551.936642021,0,0.018000
1648727551.956685470,5,0.061000
1648727551.977940996,1,0.018000
1648727551.998427349,2,0.033000
1648727552.018231432,4,0.034000
1648727552.038769027,2,0.005000
1648727552.060475105,3,0.024000
1648727552.084138681,19,0.224000
1648727552.107122107,15,0.189000
1648727552.127970798,10,0.099000
1648727552.147168536,0,0.000000
1648727552.167682090,0,0.000000
1648727552.189150700,2,0.006000
1648727552.210178014,5,0.061000
1648727552.231275184,1,0.035000
1648727552.253725648,3,0.021000
1648727552.273645850,1,0.005000
1648727552.295330727,4,0.020000
1648727552.316488834,2,0.014000
1648727552.338085731,3,0.013000
1648727552.360050014,0,0.000000
1648727552.380955976,4,0.045000
1648727552.400866181,2,0.044000
1648727552.423147478,3,0.023000
1648727552.444463393,3,0.019000
1648727552.465282107,1,0.041000
1648727552.486412745,6,0.051000
1648727552.506818983,4,0.033000
1648727552.528294992,2,0.026000
1648727552.550450904,3,0.027000
1648727552.571118982,5,0.061000
1648727552.592941269,2,0.015000
1648727552.613350828,2,0.043000
1648727552.635794826,8,0.113000
1648727552.657845749,7,0.087000
1648727552.680386994,7,0.083000
1648727552.701494846,7,0.093000
1648727552.722205546,1,0.016000
1648727552.743110631,3,0.017000
1648727552.763549090,1,0.015000
1648727552.786141955,10,0.118000
1648727552.806500100,12,0.129000
1648727552.827343573,5,0.060000
1648727552.847765799,4,0.060000
1648727552.868082673,4,0.029000
1648727552.888559507,3,0.044000
1648727552.909444104,0,0.000000
1648727552.928563208,2,0.037000
1648727552.948096713,4,0.042000
1648727552.971322981,2,0.018000
1648727552.993339007,2,0.025000
1648727553.014735960,6,0.045000
1648727553.034306773,0,0.030000
1648727553.053454220,5,0.060000
1648727553.074605177,2,0.019000
1648727553.093753560,4,0.041000
1648727553.113487511,1,0.018000
1648727553.136049332,1,0.018000
1648727553.158542682,5,0.060000
1648727553.179737116,6,0.070000
1648727553.202242260,3,0.043000
1648727553.223041899,3,0.058000
1648727553.242706991,2,0.024000
1648727553.264925622,1,0.023000
1648727553.285772847,2,0.018000
1648727553.307333753,3,0.031000
1648727553.330740539,1,0.000000
1648727553.352893590,0,0.000000
1648727553.375225821,3,0.047000
1648727553.395636831,4,0.046000
1648727553.418056666,1,0.056000
1648727553.438355119,5,0.072000
1648727553.459148937,3,0.037000
1648727553.481459673,1,0.010000
1648727553.501925848,8,0.116000
1648727553.524389354,4,0.040000
1648727553.546586409,14,0.146000
1648727553.568095860,9,0.130000
1648727553.588600240,2,0.037000
1648727553.607750643,2,0.005000
1648727553.628720355,4,0.047000
1648727553.647334213,8,0.100000
1648727553.669353219,3,0.031000
1648727553.691596856,2,0.026000
1648727553.714171533,4,0.048000
1648727553.735010667,3,0.041000
1648727553.757446017,1,0.004000
1648727553.779259550,1,0.024000
1648727553.799768620,3,0.020000
1648727553.820893973,1,0.010000
1648727553.841036781,1,0.037000
1648727553.861901128,10,0.128000
1648727553.884751393,7,0.063000
1648727553.906567069,6,0.080000
1648727553.926848424,0,0.001000
1648727553.948169202,2,0.029000
1648727553.968870098,6,0.100000
1648727553.990395531,4,0.027000
1648727554.010808817,4,0.028000
1648727554.031152098,3,0.078000
1648727554.051458046,0,0.016000
1648727554.072040778,2,0.036000
1648727554.092181175,4,0.026000
1648727554.114853358,5,0.069000
1648727554.135724370,5,0.082000
1648727554.155098510,14,0.156000
1648727554.178033496,6,0.042000
1648727554.195986218,3,0.030000
1648727554.216123319,6,0.070000
1648727554.237300164,5,0.053000
1648727554.259108856,2,0.016000
1648727554.280351842,2,0.019000
1648727554.302289207,0,0.019000
1648727554.324785442,4,0.060000
1648727554.345766085,6,0.038000
1648727554.367646965,3,0.024000
1648727554.387853836,1,0.009000
1648727554.407934530,6,0.048000
1648727554.431076816,5,0.033000
1648727554.451885899,0,0.000000
1648727554.473203325,0,0.000000
1648727554.495158468,0,0.000000
1648727554.516444881,3,0.033000
1648727554.536366373,1,0.021000
1648727554.558467746,3,0.042000
1648727554.579043552,2,0.037000
1648727554.599491125,0,0.015000
1648727554.621040655,3,0.043000
1648727554.640621440,3,0.023000
1648727554.663641904,7,0.089000
1648727554.684212882,8,0.098000
1648727554.704424209,4,0.012000
1648727554.726434330,4,0.065000
1648727554.748194667,2,0.046000
1648727554.767548417,0,0.000000
1648727554.789344076,3,0.022000
1648727554.810905645,2,0.035000
1648727554.830606519,0,0.006000
1648727554.853125086,1,0.034000
1648727554.875229708,5,0.056000
1648727554.897439924,4,0.034000
1648727554.919162244,17,0.159000
1648727554.941359077,15,0.187000
1648727554.961964276,5,0.081000
1648727554.982076737,3,0.043000
1648727555.002065753,1,0.014000
1648727555.023661554,3,0.037000
1648727555.044218719,5,0.074000
1648727555.063312250,5,0.080000
1648727555.084278154,2,0.040000
1648727555.104995272,6,0.087000
1648727555.126093185,5,0.080000
1648727555.146958811,6,0.027000
1648727555.168868293,3,0.042000
1648727555.191638721,4,0.052000
1648727555.212214856,4,0.060000
1648727555.233457367,4,0.028000
1648727555.252964644,1,0.012000
1648727555.275903163,3,0.029000
1648727555.297756419,9,0.098000
1648727555.319782207,7,0.081000
1648727555.339754716,3,0.031000
1648727555.361452987,3,0.022000
1648727555.381122257,2,0.016000
1648727555.403227364,8,0.081000
1648727555.424234532,8,0.086000
1648727555.445218339,1,0.034000
1648727555.464709707,0,0.005000
1648727555.485313810,2,0.026000
1648727555.507444108,3,0.022000
1648727555.528811369,2,0.028000
1648727555.551586846,1,0.024000
1648727555.573153461,3,0.038000
1648727555.593809852,0,0.000000
1648727555.614748998,3,0.045000
1648727555.635007190,0,0.013000
1648727555.654459731,3,0.032000
1648727555.675063147,5,0.040000
1648727555.696672567,2,0.016000
1648727555.717019410,3,0.029000
1648727555.737368722,6,0.055000
1648727555.758438018,2,0.022000
1648727555.777213085,0,0.000000
1648727555.798991522,10,0.135000
1648727555.818480464,6,0.055000
1648727555.839499702,1,0.020000
1648727555.861596363,1,0.017000
1648727555.881584273,4,0.052000
1648727555.902884656,2,0.006000
1648727555.924091190,2,0.055000
1648727555.946231326,0,0.024000
1648727555.968111196,0,0.003000
1648727555.989472390,2,0.040000
1648727556.010966322,4,0.029000
1648727556.032169586,2,0.001000
1648727556.051623229,2,0.022000
1648727556.073936342,4,0.048000
1648727556.094010472,6,0.069000
1648727556.115166099,7,0.054000
1648727556.135434698,6,0.075000
1648727556.154622677,0,0.000000
1648727556.177356963,1,0.004000
1648727556.197881416,2,0.024000
1648727556.221314456,7,0.108000
1648727556.242015809,8,0.078000
1648727556.263778754,6,0.055000
1648727556.284237587,2,0.010000
1648727556.306102790,0,0.011000
1648727556.328951641,1,0.031000
1648727556.350043405,1,0.027000
1648727556.370888965,5,0.053000
1648727556.392829400,2,0.027000
1648727556.412333621,2,0.001000
1648727556.434370735,3,0.050000
1648727556.455165480,5,0.051000
1648727556.475327455,0,0.000000
1648727556.496322420,2,0.035000
1648727556.517257620,6,0.086000
1648727556.540375425,4,0.046000
1648727556.561781417,2,0.000000
1648727556.582286294,13,0.194000
1648727556.602834332,12,0.209000
1648727556.624168128,5,0.070000
1648727556.645882313,2,0.035000
1648727556.665151020,5,0.047000
1648727556.685184579,1,0.027000
1648727556.706465456,1,0.034000
1648727556.727159915,1,0.008000
1648727556.747088712,11,0.160000
1648727556.767002901,11,0.109000
1648727556.787928645,1,0.035000
1648727556.807922835,5,0.067000
1648727556.830721268,3,0.011000
1648727556.851499858,4,0.051000
1648727556.875208176,3,0.020000
1648727556.895547110,0,0.000000
1648727556.914904181,0,0.000000
1648727556.935264507,3,0.037000
1648727556.954857727,2,0.029000
1648727556.976953394,5,0.054000
1648727556.998275469,5,0.036000
1648727557.017918185,0,0.014000
1648727557.038186991,6,0.065000
1648727557.059970323,4,0.041000
1648727557.083004803,7,0.089000
1648727557.103738680,7,0.082000
1648727557.124489442,3,0.015000
1648727557.145788218,4,0.041000
1648727557.166804660,4,0.059000
1648727557.186265732,5,0.055000
1648727557.206631316,6,0.055000
1648727557.226933976,2,0.066000
1648727557.249062041,3,0.057000
1648727557.271071750,4,0.028000
1648727557.292187040,8,0.053000
1648727557.314069401,4,0.026000
1648727557.335421724,0,0.001000
1648727557.356931640,2,0.075000
1648727557.378006172,3,0.022000
1648727557.397856957,1,0.023000
1648727557.419050477,5,0.081000
1648727557.440077277,3,0.024000
