1648725480.104043060,14,0.190000
1648725480.127563799,0,0.037000
1648725480.147704251,1,0.030000
1648725480.170061730,2,0.023000
1648725480.191209836,0,0.000000
1648725480.214101657,0,0.005000
1648725480.235997199,0,0.018000
1648725480.258888369,1,0.019000
1648725480.280376142,13,0.154000
1648725480.301783915,2,0.028000
1648725480.324233433,2,0.011000
1648725480.346946371,1,0.001000
1648725480.369075185,0,0.000000
1648725480.390996262,2,0.027000
1648725480.413772026,4,0.039000
1648725480.435784920,3,0.006000
1648725480.456835177,3,0.024000
1648725480.478589198,0,0.005000
1648725480.498740451,5,0.034000
1648725480.520826101,1,0.009000
1648725480.542284756,2,0.000000
1648725480.564550538,1,0.000000
1648725480.586551201,8,0.142000
1648725480.608137289,2,0.000000
1648725480.628752653,6,0.054000
1648725480.648929596,1,0.022000
1648725480.671905104,8,0.089000
1648725480.695202816,0,0.000000
1648725480.720135319,7,0.092000
1648725480.742411486,1,0.028000
1648725480.762060603,1,0.024000
1648725480.785732996,2,0.019000
1648725480.807376525,4,0.033000
1648725480.828955788,0,0.000000
1648725480.851816218,6,0.058000
1648725480.874559996,0,0.000000
1648725480.897424918,1,0.012000
1648725480.919829083,1,0.005000
1648725480.943138264,1,0.004000
1648725480.966665584,3,0.025000
1648725480.989003444,2,0.016000
1648725481.011092716,0,0.000000
1648725481.033184472,3,0.045000
1648725481.054722107,0,0.016000
1648725481.076006442,7,0.068000
1648725481.097247023,2,0.006000
1648725481.120537098,0,0.022000
1648725481.142897945,3,0.060000
1648725481.164755863,1,0.005000
1648725481.186773890,12,0.145000
1648725481.209495004,0,0.024000
1648725481.229246197,1,0.035000
1648725481.250056528,1,0.023000
1648725481.272273395,1,0.007000
1648725481.291817160,6,0.043000
1648725481.313788957,3,0.019000
1648725481.333932574,2,0.015000
1648725481.354419461,0,0.000000
1648725481.376554156,0,0.000000
1648725481.398870852,3,0.036000
1648725481.422266677,1,0.013000
1648725481.445032004,7,0.078000
1648725481.468103895,0,0.000000
1648725481.490323368,12,0.138000
1648725481.511264101,2,0.025000
1648725481.532587048,3,0.010000
1648725481.552142171,3,0.016000
1648725481.574863906,1,0.009000
1648725481.596661758,3,0.034000
1648725481.620562037,0,0.000000
1648725481.643405809,20,0.238000
1648725481.667696250,7,0.061000
1648725481.689658020,4,0.077000
1648725481.711502239,0,0.000000
1648725481.732419066,2,0.047000
1648725481.753409317,0,0.026000
1648725481.774986351,5,0.059000
1648725481.797027052,3,0.027000
1648725481.819802810,7,0.069000
1648725481.840545093,3,0.041000
1648725481.863059783,0,0.016000
1648725481.883581604,2,0.011000
1648725481.904058169,2,0.019000
1648725481.926348005,2,0.023000
1648725481.949104346,5,0.034000
1648725481.969558632,0,0.007000
1648725481.991953643,0,0.011000
1648725482.014684160,2,0.010000
1648725482.036345339,9,0.094000
1648725482.059221432,2,0.000000
1648725482.083245512,4,0.034000
1648725482.106296219,1,0.004000
1648725482.126929463,5,0.028000
1648725482.148356310,11,0.096000
1648725482.171811906,2,0.020000
1648725482.192567544,0,0.007000
1648725482.213784335,2,0.019000
1648725482.234458021,0,0.000000
1648725482.255207269,1,0.018000
1648725482.278589784,3,0.076000
1648725482.301043846,2,0.035000
1648725482.323122358,17,0.190000
1648725482.345288394,6,0.075000
1648725482.368042008,2,0.033000
1648725482.391287834,3,0.001000
1648725482.413341722,1,0.007000
1648725482.436295475,2,0.019000
1648725482.459219274,3,0.029000
1648725482.480441164,2,0.038000
1648725482.502242773,1,0.022000
1648725482.524942774,4,0.027000
1648725482.546822986,1,0.004000
1648725482.570256294,2,0.046000
1648725482.593501436,1,0.031000
1648725482.615942222,8,0.067000
1648725482.638621472,3,0.023000
1648725482.660922823,5,0.035000
1648725482.684028463,0,0.000000
1648725482.705223150,16,0.164000
1648725482.727719868,6,0.086000
1648725482.747973883,2,0.037000
1648725482.768902792,1,0.020000
1648725482.791409430,0,0.000000
1648725482.814113948,2,0.000000
1648725482.836449057,3,0.040000
1648725482.858289299,0,0.011000
1648725482.880648584,3,0.036000
1648725482.901783324,1,0.019000
1648725482.924111540,2,0.028000
1648725482.946159348,7,0.068000
1648725482.969121026,0,0.000000
1648725482.991417986,12,0.167000
1648725483.012867436,6,0.057000
1648725483.035119662,2,0.028000
1648725483.057195217,4,0.022000
1648725483.080493803,0,0.024000
1648725483.102124422,2,0.030000
1648725483.121289616,3,0.023000
1648725483.142066631,2,0.014000
1648725483.163566215,2,0.012000
1648725483.185923714,4,0.059000
1648725483.208855213,0,0.009000
1648725483.229950382,2,0.000000
1648725483.251991081,0,0.000000
1648725483.272032253,0,0.009000
1648725483.292902290,3,0.010000
1648725483.313650045,5,0.045000
1648725483.336045018,0,0.000000
1648725483.356535492,11,0.132000
1648725483.378436009,2,0.006000
1648725483.401356911,1,0.016000
1648725483.424034556,2,0.020000
1648725483.443326148,13,0.133000
1648725483.464427550,1,0.000000
1648725483.486011101,24,0.268000
1648725483.508297581,23,0.305000
1648725483.529929174,0,0.000000
1648725483.553254409,4,0.052000
1648725483.575487681,0,0.000000
1648725483.597172563,2,0.015000
1648725483.620063663,0,0.000000
1648725483.643951424,1,0.016000
1648725483.665966470,0,0.026000
1648725483.688571722,2,0.007000
1648725483.711362205,3,0.025000
1648725483.733198953,2,0.009000
1648725483.756174474,0,0.017000
1648725483.780064193,2,0.018000
1648725483.801198425,5,0.065000
1648725483.823095441,0,0.040000
1648725483.844704598,2,0.017000
1648725483.866119240,2,0.004000
1648725483.886994804,5,0.061000
1648725483.908340198,0,0.008000
1648725483.928793406,2,0.012000
1648725483.948714641,8,0.064000
1648725483.971940570,4,0.058000
1648725483.995882811,0,0.000000
1648725484.018021345,0,0.011000
1648725484.038430460,1,0.004000
1648725484.060248924,0,0.003000
1648725484.083476500,2,0.016000
1648725484.105001413,1,0.029000
1648725484.126955805,13,0.151000
1648725484.148864200,2,0.038000
1648725484.169099745,6,0.093000
1648725484.192081331,5,0.043000
1648725484.212839204,1,0.010000
1648725484.234310200,0,0.000000
1648725484.257205038,1,0.015000
1648725484.280461431,2,0.006000
1648725484.301544291,8,0.095000
1648725484.324830531,1,0.021000
1648725484.345013670,0,0.000000
1648725484.366346162,2,0.016000
1648725484.387741276,3,0.036000
1648725484.410599626,0,0.012000
1648725484.431835203,6,0.055000
1648725484.453908735,2,0.030000
1648725484.473878231,2,0.035000
1648725484.495732990,0,0.000000
1648725484.517174275,9,0.099000
1648725484.540124531,1,0.019000
1648725484.561332419,1,0.010000
1648725484.581476075,3,0.003000
1648725484.602338405,7,0.075000
1648725484.624606363,1,0.009000
1648725484.645331059,2,0.019000
1648725484.666941297,0,0.000000
1648725484.688604526,2,0.020000
1648725484.709445802,1,0.008000
1648725484.730575304,0,0.015000
1648725484.753760979,1,0.022000
1648725484.774665633,4,0.051000
1648725484.796653053,1,0.026000
1648725484.818074634,0,0.001000
1648725484.838735555,1,0.000000
1648725484.861510793,1,0.037000
1648725484.881244102,1,0.010000
1648725484.903973192,0,0.004000
1648725484.925336205,1,0.010000
1648725484.947027659,9,0.100000
1648725484.968296941,2,0.039000
1648725484.989239692,3,0.028000
1648725485.011779673,1,0.041000
1648725485.034114336,19,0.283000
1648725485.056278841,10,0.134000
1648725485.077335759,2,0.028000
1648725485.098702182,1,0.043000
1648725485.122234108,1,0.012000
1648725485.142972876,3,0.029000
1648725485.165896942,0,0.000000
1648725485.188947270,0,0.003000
1648725485.210162764,0,0.004000
1648725485.232082564,1,0.010000
1648725485.252002399,6,0.085000
1648725485.274331619,2,0.017000
1648725485.296618898,2,0.032000
1648725485.319217925,2,0.011000
1648725485.342035332,1,0.023000
1648725485.364343610,17,0.236000
1648725485.385472807,8,0.100000
1648725485.407377560,0,0.000000
1648725485.429044048,3,0.051000
1648725485.451867403,2,0.018000
1648725485.473235767,2,0.011000
1648725485.495044545,2,0.007000
1648725485.517366628,8,0.083000
1648725485.539914354,0,0.006000
1648725485.562557959,8,0.091000
1648725485.584610864,2,0.022000
1648725485.606353089,2,0.024000
1648725485.629014335,0,0.010000
1648725485.649227549,10,0.110000
1648725485.673310383,1,0.022000
1648725485.696108985,0,0.000000
1648725485.717378056,5,0.049000
1648725485.739205648,2,0.015000
1648725485.760786309,4,0.018000
1648725485.784563685,0,0.004000
1648725485.806535355,2,0.031000
1648725485.827686677,1,0.025000
1648725485.848258348,0,0.006000
1648725485.871718427,1,0.014000
1648725485.892565624,3,0.017000
1648725485.915097298,1,0.026000
1648725485.937893642,1,0.028000
1648725485.960255295,2,0.009000
1648725485.983120630,0,0.000000
1648725486.005139033,2,0.005000
1648725486.027313472,18,0.180000
1648725486.048266376,6,0.080000
1648725486.070096824,2,0.044000
1648725486.092857090,1,0.007000
1648725486.115437079,0,0.000000
1648725486.135450556,0,0.016000
1648725486.157771029,10,0.112000
1648725486.176997223,3,0.034000
1648725486.198007449,5,0.070000
1648725486.218725286,10,0.092000
1648725486.238250720,0,0.000000
1648725486.259756999,2,0.021000
1648725486.279432711,1,0.000000
1648725486.299268660,2,0.008000
1648725486.322162451,0,0.018000
1648725486.345312064,1,0.023000
1648725486.365873031,1,0.034000
1648725486.388000688,1,0.013000
1648725486.410420533,1,0.003000
1648725486.431479690,2,0.019000
1648725486.453448191,1,0.017000
1648725486.476058861,0,0.000000
1648725486.494268457,1,0.037000
1648725486.515385919,2,0.034000
1648725486.536618494,4,0.048000
1648725486.558989683,2,0.031000
1648725486.581244065,4,0.027000
1648725486.602269508,24,0.262000
1648725486.622311898,4,0.044000
1648725486.640256575,1,0.013000
1648725486.660277259,2,0.018000
1648725486.681790575,1,0.057000
1648725486.703820977,2,0.022000
1648725486.723979854,12,0.132000
1648725486.746956654,0,0.003000
1648725486.767471743,12,0.132000
1648725486.789746742,3,0.018000
1648725486.810335985,6,0.048000
1648725486.831043518,1,0.019000
1648725486.852163014,0,0.003000
1648725486.873932858,0,0.001000
1648725486.894028808,8,0.125000
1648725486.914279422,5,0.070000
1648725486.936261167,0,0.000000
1648725486.957421704,1,0.021000
1648725486.977359478,3,0.032000
1648725487.000863831,1,0.001000
1648725487.020321343,1,0.004000
1648725487.039223249,0,0.017000
1648725487.061164875,0,0.000000
1648725487.083413510,11,0.132000
1648725487.104367889,1,0.020000
1648725487.125574912,2,0.048000
1648725487.148066864,6,0.093000
1648725487.169470915,1,0.011000
1648725487.190423983,1,0.012000
1648725487.212986605,1,0.035000
1648725487.233173493,3,0.024000
1648725487.252490359,1,0.034000
1648725487.272148708,2,0.017000
1648725487.291357085,0,0.033000
1648725487.313207145,8,0.091000
1648725487.334982061,7,0.050000
1648725487.354398881,0,0.013000
1648725487.374262633,6,0.071000
1648725487.396630161,1,0.008000
1648725487.416633988,1,0.017000
1648725487.438336092,3,0.032000
1648725487.460247967,2,0.010000
1648725487.480255936,6,0.094000
1648725487.501277632,2,0.034000
1648725487.522743445,0,0.000000
1648725487.543264220,2,0.039000
1648725487.564993168,6,0.064000
1648725487.586315284,1,0.000000
1648725487.607594392,2,0.047000
1648725487.629577052,4,0.040000
1648725487.651316330,0,0.000000
1648725487.671170923,2,0.029000
1648725487.693245299,0,0.000000
1648725487.712669095,4,0.060000
1648725487.733897470,2,0.009000
1648725487.753341765,4,0.049000
1648725487.771876940,2,0.006000
1648725487.790888012,2,0.032000
1648725487.812337338,3,0.004000
1648725487.832619203,1,0.003000
1648725487.853602968,0,0.000000
1648725487.874303423,2,0.020000
1648725487.895348983,2,0.003000
1648725487.915597149,11,0.114000
1648725487.936117922,0,0.000000
1648725487.954428019,0,0.000000
1648725487.975929726,1,0.018000
1648725487.997235276,1,0.004000
1648725488.018443028,1,0.020000
1648725488.038432162,1,0.003000
1648725488.060108385,0,0.000000
1648725488.080988621,3,0.025000
1648725488.102046387,0,0.000000
1648725488.121954474,0,0.006000
1648725488.143430359,2,0.009000
1648725488.164776265,5,0.044000
1648725488.183936392,4,0.046000
1648725488.203254454,3,0.050000
1648725488.223725627,6,0.069000
1648725488.242468186,2,0.019000
1648725488.263690002,6,0.049000
1648725488.283572418,3,0.030000
1648725488.305095938,4,0.047000
1648725488.322341696,10,0.083000
1648725488.340724778,23,0.268000
1648725488.359218501,9,0.103000
1648725488.381069848,1,0.000000
1648725488.401110600,2,0.028000
1648725488.420586593,0,0.000000
1648725488.440268395,1,0.020000
1648725488.461635454,0,0.000000
1648725488.482463593,1,0.020000
1648725488.504982932,2,0.026000
1648725488.525005507,1,0.001000
1648725488.545637924,1,0.002000
1648725488.566045950,1,0.019000
1648725488.586701807,1,0.031000
1648725488.605913329,1,0.000000
1648725488.624980260,3,0.031000
1648725488.645715265,2,0.027000
1648725488.666345602,0,0.012000
1648725488.687733572,1,0.017000
1648725488.707150723,3,0.030000
1648725488.726139711,0,0.000000
1648725488.745840743,1,0.025000
1648725488.764655969,6,0.065000
1648725488.784803435,3,0.014000
1648725488.805666701,7,0.082000
1648725488.824626522,2,0.023000
1648725488.842752608,1,0.001000
1648725488.862995223,14,0.151000
1648725488.882935377,0,0.022000
1648725488.903373064,4,0.035000
1648725488.923202626,1,0.011000
1648725488.941853412,1,0.005000
1648725488.962503462,11,0.147000
1648725488.983180440,0,0.000000
1648725489.002759391,1,0.002000
1648725489.022963794,1,0.013000
1648725489.046494524,2,0.000000
1648725489.070256949,2,0.011000
1648725489.088755584,8,0.079000
1648725489.109376691,2,0.012000
1648725489.129924987,3,0.023000
1648725489.150625903,0,0.000000
1648725489.171335633,3,0.045000
1648725489.190747083,4,0.032000
1648725489.211462687,4,0.023000
1648725489.231146881,2,0.034000
1648725489.253119854,3,0.047000
1648725489.274102710,1,0.014000
1648725489.293622125,1,0.004000
1648725489.314471029,1,0.014000
1648725489.336496168,6,0.105000
1648725489.356359845,0,0.004000
1648725489.374247304,0,0.000000
1648725489.393215073,5,0.056000
1648725489.414982671,2,0.054000
1648725489.436798728,17,0.191000
1648725489.456649092,17,0.200000
1648725489.475936466,4,0.028000
1648725489.496437969,0,0.009000
1648725489.516615729,1,0.020000
1648725489.537778033,0,0.026000
1648725489.556396394,5,0.053000
1648725489.575889718,1,0.017000
1648725489.599354722,3,0.016000
1648725489.619595363,9,0.070000
1648725489.639456114,10,0.131000
1648725489.658406540,0,0.000000
1648725489.680370523,5,0.021000
1648725489.700234867,4,0.023000
1648725489.722136959,2,0.019000
1648725489.743243038,5,0.052000
1648725489.761855381,7,0.071000
1648725489.780601651,2,0.024000
1648725489.801128949,4,0.061000
1648725489.822326552,2,0.046000
1648725489.841731233,5,0.045000
1648725489.861732578,0,0.004000
1648725489.880142137,1,0.019000
1648725489.901607799,0,0.020000
1648725489.921861418,5,0.067000
1648725489.941108762,1,0.017000
1648725489.962183166,36,0.390000
1648725489.984193118,19,0.232000
1648725490.002977813,2,0.014000
1648725490.021966919,0,0.000000
1648725490.039761870,10,0.123000
1648725490.059007856,1,0.003000
1648725490.079605078,0,0.008000
1648725490.099045206,3,0.017000
1648725490.118485736,0,0.000000
1648725490.138342875,0,0.011000
1648725490.157697136,11,0.090000
1648725490.177000504,1,0.012000
1648725490.197029064,0,0.000000
1648725490.218535705,2,0.011000
1648725490.239865117,3,0.032000
1648725490.262142509,3,0.032000
1648725490.282938684,6,0.059000
1648725490.301647545,3,0.061000
1648725490.322385462,13,0.144000
1648725490.343853938,4,0.047000
1648725490.363023850,5,0.050000
1648725490.382553917,2,0.029000
1648725490.402287183,0,0.011000
1648725490.424655809,4,0.035000
1648725490.444502882,1,0.020000
1648725490.465331293,1,0.004000
1648725490.485091797,3,0.015000
1648725490.504699729,0,0.000000
1648725490.526961981,4,0.050000
1648725490.546356412,0,0.012000
1648725490.568017507,1,0.019000
1648725490.590260324,0,0.000000
1648725490.610442267,3,0.032000
1648725490.630261946,0,0.014000
1648725490.650013891,3,0.030000
1648725490.668439337,10,0.139000
1648725490.685754264,5,0.063000
1648725490.704014534,10,0.114000
1648725490.722579249,10,0.133000
1648725490.741694442,0,0.006000
1648725490.760783828,2,0.016000
1648725490.779573978,2,0.019000
1648725490.798006111,3,0.026000
1648725490.818776351,1,0.015000
1648725490.837135808,2,0.050000
1648725490.857829954,9,0.129000
1648725490.879052196,5,0.046000
1648725490.897842044,1,0.029000
1648725490.920306835,3,0.010000
1648725490.941084058,1,0.007000
1648725490.961690966,0,0.006000
1648725490.983294942,12,0.144000
1648725491.005239239,1,0.006000
1648725491.023921840,10,0.144000
1648725491.044828453,3,0.040000
1648725491.064353455,4,0.009000
1648725491.084370539,4,0.046000
1648725491.102847734,3,0.013000
1648725491.123396823,1,0.005000
1648725491.143458344,0,0.000000
1648725491.162180184,1,0.034000
1648725491.182660971,2,0.034000
1648725491.201936999,2,0.008000
1648725491.223338372,3,0.028000
1648725491.246695757,0,0.000000
1648725491.266136959,0,0.003000
1648725491.286240656,0,0.000000
1648725491.309316319,0,0.000000
1648725491.331539516,2,0.007000
1648725491.351669019,0,0.006000
1648725491.372186465,2,0.024000
1648725491.391629217,1,0.005000
1648725491.410892636,1,0.015000
1648725491.431676928,2,0.012000
1648725491.450969449,7,0.089000
1648725491.471862522,2,0.032000
1648725491.491759813,10,0.094000
1648725491.511683991,4,0.046000
1648725491.532825923,1,0.008000
1648725491.551159367,2,0.023000
1648725491.572754599,4,0.033000
1648725491.593411375,4,0.050000
1648725491.613630308,6,0.050000
1648725491.635113648,10,0.126000
1648725491.654992419,2,0.023000
1648725491.676207520,3,0.032000
1648725491.697478477,2,0.015000
1648725491.718755068,2,0.034000
1648725491.739144865,3,0.023000
1648725491.758351911,0,0.004000
1648725491.777737672,4,0.020000
1648725491.801474812,0,0.000000
1648725491.820281977,2,0.030000
1648725491.841500476,1,0.010000
1648725491.861723667,0,0.022000
1648725491.881721254,2,0.026000
1648725491.900521216,0,0.040000
1648725491.919050563,2,0.023000
1648725491.938709756,6,0.059000
1648725491.960368980,2,0.034000
1648725491.981476061,0,0.028000
1648725492.000618769,0,0.005000
1648725492.021118797,13,0.151000
1648725492.043180706,10,0.134000
1648725492.064202580,0,0.000000
1648725492.085555309,6,0.087000
1648725492.107747413,3,0.014000
1648725492.126570337,4,0.047000
1648725492.146592029,3,0.007000
1648725492.166353948,0,0.005000
1648725492.188140332,0,0.000000
1648725492.207934664,0,0.003000
1648725492.228901499,3,0.015000
1648725492.249947291,5,0.054000
1648725492.271742979,0,0.013000
1648725492.292542631,12,0.127000
1648725492.312194884,9,0.122000
1648725492.330778177,3,0.029000
1648725492.352865226,1,0.004000
1648725492.370891461,1,0.035000
1648725492.389488098,6,0.066000
1648725492.410063590,0,0.008000
1648725492.427682297,7,0.080000
1648725492.449039867,0,0.006000
1648725492.467733536,6,0.081000
1648725492.487444354,0,0.000000
1648725492.509111378,6,0.082000
1648725492.529585302,0,0.000000
1648725492.550070716,4,0.041000
1648725492.571629774,2,0.007000
1648725492.590595123,6,0.093000
1648725492.611981702,0,0.000000
1648725492.631414923,3,0.035000
1648725492.653167054,1,0.018000
1648725492.672707739,2,0.015000
1648725492.692867432,0,0.013000
1648725492.714323961,1,0.031000
1648725492.735790858,10,0.127000
1648725492.756683254,2,0.043000
1648725492.777890628,1,0.027000
1648725492.799737245,4,0.060000
1648725492.817064018,2,0.000000
1648725492.837983221,3,0.052000
1648725492.857485083,1,0.000000
1648725492.878964830,0,0.005000
1648725492.899873753,0,0.020000
1648725492.920721307,2,0.031000
1648725492.939975306,5,0.058000
1648725492.960797881,7,0.098000
1648725492.980730296,3,0.010000
1648725492.998510635,1,0.017000
1648725493.016853305,1,0.014000
1648725493.037647971,2,0.013000
1648725493.057275543,3,0.031000
1648725493.077847124,2,0.004000
1648725493.098044178,9,0.115000
1648725493.117745861,1,0.015000
1648725493.136426695,2,0.010000
1648725493.155564387,2,0.029000
1648725493.177164314,0,0.000000
1648725493.197269508,0,0.009000
1648725493.219662708,1,0.027000
1648725493.240869298,2,0.016000
1648725493.262493506,11,0.154000
1648725493.281962798,2,0.034000
1648725493.301024141,13,0.181000
1648725493.320839881,4,0.053000
1648725493.342485166,1,0.000000
1648725493.362267202,0,0.008000
1648725493.382160159,8,0.079000
1648725493.403446412,1,0.013000
1648725493.423238219,0,0.002000
1648725493.443252384,1,0.015000
1648725493.463895520,0,0.000000
1648725493.482466817,1,0.003000
1648725493.503276043,0,0.000000
1648725493.520836416,2,0.000000
1648725493.540038316,0,0.010000
1648725493.561159603,8,0.084000
1648725493.579258122,0,0.000000
1648725493.598766535,12,0.121000
1648725493.618499005,1,0.015000
1648725493.637919148,17,0.187000
1648725493.658042869,11,0.120000
1648725493.678830970,3,0.042000
1648725493.697917029,12,0.177000
1648725493.718223819,3,0.042000
1648725493.737666474,0,0.000000
1648725493.755888530,2,0.011000
1648725493.775121507,6,0.101000
1648725493.794935050,4,0.060000
1648725493.813918094,2,0.012000
1648725493.833579074,4,0.019000
1648725493.852735367,0,0.000000
1648725493.872024066,1,0.004000
1648725493.890935614,1,0.022000
1648725493.913542729,2,0.015000
1648725493.937851566,10,0.149000
1648725493.958681247,6,0.071000
1648725493.977722606,0,0.010000
1648725493.997378774,2,0.029000
1648725494.019008250,1,0.001000
1648725494.037481422,11,0.136000
1648725494.056675092,6,0.075000
1648725494.077970839,4,0.026000
1648725494.095336038,3,0.047000
1648725494.115962790,2,0.032000
1648725494.136540609,6,0.032000
1648725494.154989305,0,0.017000
1648725494.175731776,0,0.022000
1648725494.194306008,0,0.000000
1648725494.212964632,0,0.000000
1648725494.235561747,3,0.035000
1648725494.257203032,1,0.025000
1648725494.276531006,2,0.049000
1648725494.297024144,1,0.032000
1648725494.318544662,0,0.000000
1648725494.338045093,2,0.025000
1648725494.359662780,17,0.192000
1648725494.379461320,0,0.000000
1648725494.399475883,7,0.075000
1648725494.422222848,0,0.000000
1648725494.442983133,1,0.028000
1648725494.463111207,2,0.011000
1648725494.483976295,8,0.097000
1648725494.505008255,0,0.005000
1648725494.524061363,2,0.035000
1648725494.544279234,0,0.000000
1648725494.564498342,3,0.056000
1648725494.585739348,3,0.023000
1648725494.605863073,2,0.038000
1648725494.626235566,3,0.030000
1648725494.647015404,2,0.033000
1648725494.665616676,6,0.081000
1648725494.686548033,11,0.112000
1648725494.706614375,0,0.000000
1648725494.728050809,6,0.078000
1648725494.749614367,0,0.000000
1648725494.770983500,13,0.144000
1648725494.791940856,1,0.017000
1648725494.812479246,10,0.105000
1648725494.834138366,0,0.005000
1648725494.853721683,2,0.017000
1648725494.874070850,5,0.046000
1648725494.893900660,4,0.040000
1648725494.915605260,6,0.055000
1648725494.933752974,4,0.050000
1648725494.952130996,2,0.025000
1648725494.972679927,1,0.015000
1648725494.995281085,2,0.000000
1648725495.015895425,1,0.006000
1648725495.033762207,0,0.004000
1648725495.054223628,0,0.000000
1648725495.073850279,1,0.005000
1648725495.095604509,0,0.003000
1648725495.116973461,0,0.000000
1648725495.135413216,3,0.047000
1648725495.154069707,0,0.000000
1648725495.174084311,2,0.032000
1648725495.194332127,1,0.006000
1648725495.214101304,4,0.030000
1648725495.233891637,3,0.020000
1648725495.255324693,0,0.029000
1648725495.274662531,3,0.053000
1648725495.293992316,0,0.027000
1648725495.315122414,13,0.155000
1648725495.335136455,1,0.038000
1648725495.353811487,10,0.074000
1648725495.375111844,1,0.018000
1648725495.393190348,2,0.018000
1648725495.412349737,0,0.000000
1648725495.431862829,2,0.026000
1648725495.452836771,3,0.060000
1648725495.473220996,0,0.005000
1648725495.494999689,1,0.000000
1648725495.515010583,2,0.000000
1648725495.535980925,0,0.004000
1648725495.556811258,1,0.000000
1648725495.575635698,3,0.028000
1648725495.594955496,0,0.038000
1648725495.614229312,0,0.022000
1648725495.636289546,4,0.045000
1648725495.657764796,2,0.017000
1648725495.676812211,0,0.016000
1648725495.696259476,1,0.026000
1648725495.719025153,1,0.026000
1648725495.738981835,1,0.009000
1648725495.757686379,1,0.015000
1648725495.778707129,13,0.114000
1648725495.797803308,0,0.015000
1648725495.817230919,1,0.015000
1648725495.839675362,2,0.016000
1648725495.859906231,0,0.020000
1648725495.882634624,0,0.000000
1648725495.901368027,3,0.020000
1648725495.920808830,0,0.000000
1648725495.942437999,1,0.012000
1648725495.962803019,2,0.017000
1648725495.980480932,0,0.011000
1648725496.002441018,1,0.017000
1648725496.021702625,3,0.026000
1648725496.042645788,9,0.125000
1648725496.064246275,12,0.136000
1648725496.085418938,3,0.010000
1648725496.107267679,6,0.072000
1648725496.125843868,0,0.000000
1648725496.145989701,0,0.005000
1648725496.166573704,0,0.003000
1648725496.186446102,1,0.040000
1648725496.207885587,4,0.036000
1648725496.229335260,1,0.025000
1648725496.249535169,0,0.015000
1648725496.269174721,3,0.045000
1648725496.291473888,1,0.025000
1648725496.313199496,3,0.022000
1648725496.334036169,2,0.023000
1648725496.355166746,1,0.029000
1648725496.376927683,0,0.006000
1648725496.399249513,0,0.024000
1648725496.418487157,0,0.008000
1648725496.439748586,2,0.014000
1648725496.458752586,1,0.023000
1648725496.478635687,0,0.001000
1648725496.498393264,5,0.074000
1648725496.517747730,1,0.003000
1648725496.539709588,3,0.011000
1648725496.559192286,0,0.000000
1648725496.579236747,2,0.025000
1648725496.600681113,0,0.026000
1648725496.620193817,3,0.038000
1648725496.639784750,0,0.013000
1648725496.659702350,2,0.014000
1648725496.677795267,1,0.004000
1648725496.697027236,9,0.101000
1648725496.715372681,0,0.017000
1648725496.736275185,2,0.037000
1648725496.756452144,1,0.001000
1648725496.777383904,3,0.041000
1648725496.796064870,2,0.020000
1648725496.815162993,2,0.002000
1648725496.835099763,0,0.005000
1648725496.855410229,0,0.012000
1648725496.877198272,0,0.000000
1648725496.898796045,2,0.020000
1648725496.918277323,10,0.161000
1648725496.938959334,1,0.004000
1648725496.958923701,4,0.053000
1648725496.978807775,0,0.000000
1648725496.998400121,3,0.054000
1648725497.020392573,3,0.046000
1648725497.042137170,2,0.024000
1648725497.063307241,12,0.143000
1648725497.083309577,8,0.087000
1648725497.104591150,0,0.000000
1648725497.125290671,8,0.129000
1648725497.146388773,1,0.000000
1648725497.166727713,3,0.027000
1648725497.187999623,2,0.048000
1648725497.206896982,0,0.000000
1648725497.227332962,21,0.243000
1648725497.246503068,19,0.216000
1648725497.267154081,2,0.049000
1648725497.286729166,2,0.012000
1648725497.307147681,1,0.012000
1648725497.326014187,1,0.000000
1648725497.345437738,0,0.000000
1648725497.364536310,1,0.012000
1648725497.386012883,3,0.028000
1648725497.404388627,3,0.016000
1648725497.425031313,2,0.000000
1648725497.446692813,5,0.024000
1648725497.466811684,1,0.009000
1648725497.485905797,4,0.084000
1648725497.504439160,13,0.141000
1648725497.524077937,0,0.005000
1648725497.545205977,43,0.538000
1648725497.564612515,47,0.546000
1648725497.585145732,26,0.306000
1648725497.603581713,7,0.080000
1648725497.623456770,4,0.039000
1648725497.644178592,5,0.046000
1648725497.665632249,4,0.014000
1648725497.685279400,11,0.110000
1648725497.706070834,1,0.017000
1648725497.724226289,0,0.011000
1648725497.742844489,0,0.008000
1648725497.762955169,4,0.018000
1648725497.783793259,1,0.022000
1648725497.803381944,2,0.018000
1648725497.824207921,0,0.000000
1648725497.843334422,0,0.000000
1648725497.861552851,2,0.044000
1648725497.880373026,4,0.057000
1648725497.898842793,1,0.024000
1648725497.918990932,5,0.071000
1648725497.939805983,2,0.023000
1648725497.959763183,0,0.004000
1648725497.980859628,1,0.008000
1648725498.000703631,1,0.035000
1648725498.020279614,4,0.052000
1648725498.040891921,12,0.141000
1648725498.065378785,5,0.089000
1648725498.088894687,4,0.031000
1648725498.109214618,0,0.000000
1648725498.128885179,1,0.000000
1648725498.148865801,4,0.054000
1648725498.169490255,1,0.013000
1648725498.190772677,2,0.029000
1648725498.211311720,3,0.031000
1648725498.229221055,3,0.006000
1648725498.248423294,0,0.004000
1648725498.268128054,6,0.057000
1648725498.290492072,0,0.019000
1648725498.310677100,1,0.024000
1648725498.330622023,2,0.000000
1648725498.350380298,6,0.075000
1648725498.372074153,0,0.001000
1648725498.394892939,3,0.054000
1648725498.413926284,1,0.003000
1648725498.434272718,8,0.079000
1648725498.455954887,1,0.022000
1648725498.476597524,5,0.054000
1648725498.496105634,0,0.001000
1648725498.517725923,3,0.011000
1648725498.538034737,0,0.005000
1648725498.556364513,0,0.004000
1648725498.578279735,5,0.050000
1648725498.599597225,2,0.015000
1648725498.619288477,0,0.000000
1648725498.638322981,3,0.001000
1648725498.657901437,4,0.067000
1648725498.677740678,2,0.024000
1648725498.698615964,3,0.017000
1648725498.718591040,5,0.053000
1648725498.741891384,0,0.016000
1648725498.760828524,15,0.167000
1648725498.779840449,14,0.187000
1648725498.799695015,0,0.000000
1648725498.820948984,6,0.057000
1648725498.841163223,0,0.025000
1648725498.864017893,0,0.000000
1648725498.884414388,3,0.027000
1648725498.906815267,4,0.029000
1648725498.926661336,0,0.019000
1648725498.949405677,3,0.042000
1648725498.970672936,0,0.000000
1648725498.992355577,3,0.036000
1648725499.013699895,1,0.000000
1648725499.036678386,0,0.000000
1648725499.057342518,0,0.002000
1648725499.079235819,1,0.019000
1648725499.102078502,2,0.036000
1648725499.123822891,2,0.016000
1648725499.147109700,0,0.000000
1648725499.167729590,0,0.009000
1648725499.189881924,1,0.006000
1648725499.211277808,13,0.154000
1648725499.232255280,0,0.000000
1648725499.253202353,0,0.000000
1648725499.274573131,12,0.141000
1648725499.294159150,0,0.000000
1648725499.316462024,11,0.120000
1648725499.337210647,8,0.069000
1648725499.357979763,1,0.023000
1648725499.377940181,12,0.141000
1648725499.400264906,1,0.000000
1648725499.421188550,12,0.173000
1648725499.444993567,1,0.022000
1648725499.465721099,5,0.059000
1648725499.485310766,1,0.009000
1648725499.505230669,4,0.026000
1648725499.525311779,1,0.000000
1648725499.544725861,1,0.020000
1648725499.566967295,1,0.014000
1648725499.587063279,3,0.009000
1648725499.606924760,0,0.000000
1648725499.627323135,2,0.018000
1648725499.647797400,11,0.117000
1648725499.668841438,5,0.034000
1648725499.688754169,2,0.001000
1648725499.709138882,3,0.033000
1648725499.729278515,3,0.021000
1648725499.750733983,3,0.027000
1648725499.774174916,0,0.008000
1648725499.794764436,12,0.131000
1648725499.817251472,3,0.047000
1648725499.837056583,3,0.041000
1648725499.858795052,3,0.068000
1648725499.878518559,4,0.023000
1648725499.896199510,0,0.000000
1648725499.916170545,2,0.027000
1648725499.936334605,0,0.000000
1648725499.956238474,11,0.124000
1648725499.975265819,4,0.059000
1648725499.993908931,5,0.054000
1648725500.013794157,0,0.005000
1648725500.033381646,3,0.070000
1648725500.056789459,2,0.005000
1648725500.076245889,1,0.032000
1648725500.096231360,0,0.000000
1648725500.117618525,0,0.035000
1648725500.137275559,13,0.154000
1648725500.161392647,6,0.066000
1648725500.181400657,0,0.010000
1648725500.201885747,1,0.010000
1648725500.223801041,7,0.068000
1648725500.245059980,5,0.054000
1648725500.265922534,0,0.000000
1648725500.285554487,1,0.000000
1648725500.306821493,3,0.028000
1648725500.326123287,0,0.000000
1648725500.348561284,1,0.003000
1648725500.370186296,0,0.004000
1648725500.392985177,1,0.009000
1648725500.413414386,2,0.025000
1648725500.436009806,0,0.000000
1648725500.457261835,13,0.120000
1648725500.479724925,0,0.000000
1648725500.499285422,0,0.011000
1648725500.520148199,0,0.001000
1648725500.540145952,3,0.023000
1648725500.561700191,3,0.037000
1648725500.583541280,0,0.022000
1648725500.604330223,0,0.013000
1648725500.624260288,3,0.029000
1648725500.645577950,2,0.047000
1648725500.667273250,1,0.007000
1648725500.688616754,7,0.117000
1648725500.708358255,2,0.025000
1648725500.728785935,0,0.040000
1648725500.748395252,0,0.023000
1648725500.767692386,6,0.082000
1648725500.790813892,0,0.011000
1648725500.810539262,1,0.009000
1648725500.832547646,8,0.112000
1648725500.854050545,1,0.014000
1648725500.874980585,5,0.061000
1648725500.894555044,0,0.004000
1648725500.914921130,1,0.000000
1648725500.936423004,0,0.006000
1648725500.956968218,1,0.032000
1648725500.979236030,5,0.068000
1648725500.998893875,0,0.000000
1648725501.019626773,3,0.035000
1648725501.039490440,0,0.000000
1648725501.060371655,6,0.079000
1648725501.082150504,5,0.035000
1648725501.101355645,7,0.082000
1648725501.121580181,16,0.201000
1648725501.141849093,0,0.013000
1648725501.162572179,0,0.000000
1648725501.186188365,1,0.017000
1648725501.205173119,2,0.021000
1648725501.226880480,1,0.012000
1648725501.249541234,3,0.033000
1648725501.270947115,11,0.121000
1648725501.290935813,0,0.000000
1648725501.311485022,4,0.086000
1648725501.331406151,1,0.026000
1648725501.349833353,0,0.012000
1648725501.371025878,1,0.019000
1648725501.390236319,1,0.020000
1648725501.410051243,6,0.061000
1648725501.433052962,2,0.000000
1648725501.452563785,1,0.009000
1648725501.471992621,2,0.001000
1648725501.491130296,2,0.027000
1648725501.513999371,2,0.035000
1648725501.532619644,1,0.018000
1648725501.553726032,2,0.014000
1648725501.576167826,1,0.018000
1648725501.597461964,1,0.000000
1648725501.618273343,3,0.040000
1648725501.639048101,1,0.024000
1648725501.659396812,1,0.010000
1648725501.680899213,8,0.100000
1648725501.699376226,9,0.099000
1648725501.718464077,1,0.011000
1648725501.737503342,1,0.022000
1648725501.757836684,1,0.031000
1648725501.780612022,1,0.004000
1648725501.803015010,0,0.014000
1648725501.822382876,1,0.020000
1648725501.841167700,2,0.035000
1648725501.861892137,3,0.047000
1648725501.881852243,0,0.010000
1648725501.904410668,4,0.070000
1648725501.923904163,2,0.024000
1648725501.944054780,0,0.000000
1648725501.966352763,0,0.001000
1648725501.985324858,0,0.015000
1648725502.006110393,1,0.026000
1648725502.025898371,11,0.149000
1648725502.046223196,10,0.125000
1648725502.064379056,2,0.006000
1648725502.084695285,8,0.109000
1648725502.107071750,2,0.020000
1648725502.125841229,0,0.003000
1648725502.145705051,1,0.023000
1648725502.164867926,4,0.058000
1648725502.187098465,2,0.001000
1648725502.209426091,3,0.034000
1648725502.230537878,10,0.118000
1648725502.252729427,19,0.224000
1648725502.272072467,1,0.000000
1648725502.290782868,15,0.156000
1648725502.311936213,8,0.090000
1648725502.332692925,3,0.036000
1648725502.353223769,4,0.043000
1648725502.374195627,10,0.108000
1648725502.398459677,6,0.068000
1648725502.420709642,1,0.000000
1648725502.441674881,2,0.026000
1648725502.459994414,4,0.021000
1648725502.479595216,22,0.269000
1648725502.500394313,2,0.011000
1648725502.521139507,3,0.016000
1648725502.540683638,5,0.024000
1648725502.559738424,0,0.000000
1648725502.580168396,1,0.000000
1648725502.602145447,1,0.009000
1648725502.623738128,7,0.082000
1648725502.644847797,10,0.136000
1648725502.665158704,27,0.335000
1648725502.685069637,13,0.123000
1648725502.702446888,1,0.000000
1648725502.721521873,2,0.026000
1648725502.741261345,2,0.021000
1648725502.763775235,0,0.027000
1648725502.784289319,2,0.042000
1648725502.804303536,1,0.034000
1648725502.823593908,3,0.018000
1648725502.845700964,0,0.000000
1648725502.865435014,4,0.041000
1648725502.888463294,1,0.033000
1648725502.911835082,5,0.054000
1648725502.932260924,11,0.104000
1648725502.954328071,8,0.058000
1648725502.974051915,3,0.012000
1648725502.995104883,3,0.014000
1648725503.015172128,0,0.014000
1648725503.038865733,7,0.090000
1648725503.059609490,0,0.000000
1648725503.080638186,7,0.046000
1648725503.100996559,13,0.155000
1648725503.120618425,23,0.264000
1648725503.142043820,3,0.042000
1648725503.163201502,6,0.075000
1648725503.183327641,0,0.000000
1648725503.206493867,1,0.011000
1648725503.229662948,2,0.029000
1648725503.251217507,0,0.000000
1648725503.270947340,1,0.014000
1648725503.290404366,3,0.041000
1648725503.310959982,3,0.010000
1648725503.333504306,1,0.012000
1648725503.352539150,0,0.000000
1648725503.374165654,3,0.011000
1648725503.392761372,5,0.049000
1648725503.412981583,5,0.045000
1648725503.430956809,2,0.035000
1648725503.450395029,4,0.068000
1648725503.472079299,0,0.025000
1648725503.491179171,12,0.170000
1648725503.511458753,0,0.023000
1648725503.531799483,5,0.089000
1648725503.552604117,2,0.014000
1648725503.573192054,3,0.024000
1648725503.592612608,0,0.000000
1648725503.613043185,0,0.014000
1648725503.635733926,3,0.035000
1648725503.656631827,8,0.068000
1648725503.678320600,0,0.011000
1648725503.700298942,10,0.121000
1648725503.720432654,0,0.018000
1648725503.739720430,0,0.012000
1648725503.759044195,3,0.005000
1648725503.778270745,1,0.024000
1648725503.798974888,0,0.006000
1648725503.818282278,3,0.026000
1648725503.839563851,2,0.034000
1648725503.859268135,1,0.005000
1648725503.879147850,2,0.023000
1648725503.900759322,0,0.005000
1648725503.921060258,5,0.065000
1648725503.942676180,16,0.199000
1648725503.960345885,1,0.006000
1648725503.980806624,13,0.132000
1648725503.999277773,8,0.072000
1648725504.019750486,2,0.010000
1648725504.039976324,1,0.019000
1648725504.060436322,2,0.025000
1648725504.083773499,0,0.011000
1648725504.105036785,5,0.076000
1648725504.124007051,3,0.023000
1648725504.145878689,2,0.031000
1648725504.166635629,4,0.028000
1648725504.187944796,0,0.007000
1648725504.207723849,1,0.000000
1648725504.225148756,3,0.001000
1648725504.244320612,0,0.004000
1648725504.264622896,8,0.086000
1648725504.284012091,0,0.009000
1648725504.303274145,1,0.026000
1648725504.325881775,1,0.024000
1648725504.345870329,1,0.000000
1648725504.366046389,2,0.015000
1648725504.385259230,1,0.027000
1648725504.406316324,3,0.023000
1648725504.426607465,0,0.000000
1648725504.450047606,6,0.036000
1648725504.471965104,4,0.059000
1648725504.493273196,8,0.082000
1648725504.512839402,2,0.014000
1648725504.533248573,1,0.009000
1648725504.554948355,5,0.055000
1648725504.576274760,1,0.031000
1648725504.597876877,5,0.056000
1648725504.617021289,2,0.030000
1648725504.638091567,2,0.024000
1648725504.655681855,17,0.219000
1648725504.674678060,13,0.182000
1648725504.694752729,0,0.018000
1648725504.712765208,8,0.073000
1648725504.732708418,2,0.006000
1648725504.754300675,5,0.027000
1648725504.775073655,0,0.018000
1648725504.795351248,2,0.011000
1648725504.817152700,0,0.000000
1648725504.839487161,16,0.208000
1648725504.859592739,14,0.176000
1648725504.879664385,3,0.036000
1648725504.900013667,1,0.035000
1648725504.923306976,0,0.000000
1648725504.943873924,7,0.076000
1648725504.964982766,2,0.001000
1648725504.985661389,6,0.045000
1648725505.006325942,2,0.040000
1648725505.027442869,4,0.077000
1648725505.047887694,0,0.001000
1648725505.068999952,3,0.014000
1648725505.091991702,0,0.000000
1648725505.113412611,1,0.018000
1648725505.135552918,1,0.014000
1648725505.157784813,1,0.017000
1648725505.178348022,1,0.015000
1648725505.200168748,1,0.000000
1648725505.220255990,1,0.007000
1648725505.243813717,3,0.035000
1648725505.263630141,14,0.163000
1648725505.285758870,7,0.063000
1648725505.307336690,1,0.001000
1648725505.329111743,3,0.001000
1648725505.352229432,0,0.006000
1648725505.371879024,1,0.000000
1648725505.392436177,1,0.006000
1648725505.413935139,0,0.006000
1648725505.434457798,1,0.004000
1648725505.452959580,0,0.004000
1648725505.473342863,2,0.044000
1648725505.496685000,0,0.000000
1648725505.516623777,14,0.189000
1648725505.538367488,1,0.003000
1648725505.558221326,9,0.093000
1648725505.578036437,6,0.064000
1648725505.597559714,0,0.001000
1648725505.618770425,3,0.019000
1648725505.640348305,0,0.014000
1648725505.661272434,0,0.000000
1648725505.678835657,10,0.106000
1648725505.700013867,3,0.044000
1648725505.718776629,6,0.058000
1648725505.740920129,5,0.065000
1648725505.760788385,3,0.037000
1648725505.780251689,3,0.047000
1648725505.800586939,3,0.022000
1648725505.824118534,0,0.004000
1648725505.846584438,0,0.000000
1648725505.866725793,3,0.023000
1648725505.886662461,2,0.015000
1648725505.907865702,1,0.006000
1648725505.930310123,1,0.026000
1648725505.952113151,0,0.001000
1648725505.974840689,5,0.060000
1648725505.993253797,7,0.068000
1648725506.012262825,0,0.006000
1648725506.033215254,11,0.116000
1648725506.052222463,0,0.006000
1648725506.071234401,0,0.000000
1648725506.091243564,4,0.035000
1648725506.111448883,1,0.019000
1648725506.131538648,1,0.005000
1648725506.152608496,1,0.012000
1648725506.171098392,6,0.073000
1648725506.191317818,1,0.000000
1648725506.210459976,22,0.252000
1648725506.233216258,18,0.216000
1648725506.252942302,1,0.000000
1648725506.275612150,0,0.013000
1648725506.294896999,3,0.040000
1648725506.315858225,1,0.025000
1648725506.338056953,1,0.011000
1648725506.359223545,12,0.126000
1648725506.382688584,10,0.115000
1648725506.402406861,0,0.026000
1648725506.421929546,0,0.000000
1648725506.441781431,2,0.007000
1648725506.464133412,2,0.036000
1648725506.485584073,1,0.031000
1648725506.507360106,4,0.027000
1648725506.529586179,4,0.064000
1648725506.548890167,0,0.000000
1648725506.569909819,2,0.018000
1648725506.589165825,0,0.020000
1648725506.612162455,0,0.006000
1648725506.630924377,4,0.019000
1648725506.650549725,1,0.005000
1648725506.669598776,4,0.046000
1648725506.691198476,0,0.017000
1648725506.710721586,0,0.000000
1648725506.731309071,1,0.008000
1648725506.751380749,3,0.015000
1648725506.773578931,1,0.022000
1648725506.794711298,2,0.007000
1648725506.814316429,0,0.001000
1648725506.832921083,2,0.029000
1648725506.853177828,0,0.000000
1648725506.873327686,2,0.005000
1648725506.892895274,2,0.025000
1648725506.913441384,1,0.013000
1648725506.933958678,1,0.013000
1648725506.955466597,0,0.000000
1648725506.976564527,7,0.067000
1648725506.997392244,1,0.028000
1648725507.018173665,2,0.043000
1648725507.038486648,0,0.012000
1648725507.059245852,14,0.176000
1648725507.078240203,8,0.083000
1648725507.098359422,2,0.023000
1648725507.119949678,3,0.043000
1648725507.138761149,4,0.034000
1648725507.159219514,0,0.000000
1648725507.177804148,0,0.007000
1648725507.197697502,2,0.031000
1648725507.217780281,1,0.001000
1648725507.237571850,0,0.014000
1648725507.258312586,2,0.011000
1648725507.278982094,0,0.001000
1648725507.297422569,2,0.011000
1648725507.317638135,1,0.022000
1648725507.338972703,5,0.035000
1648725507.359467118,2,0.031000
1648725507.379052851,2,0.032000
1648725507.400543507,6,0.047000
1648725507.421972208,0,0.008000
1648725507.443080813,7,0.113000
1648725507.465728789,0,0.011000
1648725507.488854938,1,0.014000
1648725507.508790107,0,0.000000
1648725507.529376256,1,0.012000
1648725507.551101936,0,0.000000
1648725507.571254771,3,0.033000
1648725507.591891166,1,0.011000
1648725507.611110423,1,0.027000
1648725507.631492054,2,0.000000
1648725507.650209492,0,0.000000
1648725507.671434478,2,0.030000
1648725507.690970150,1,0.016000
1648725507.712683684,0,0.003000
1648725507.732370239,3,0.032000
1648725507.753300432,1,0.000000
1648725507.774360449,7,0.062000
1648725507.794386841,1,0.013000
1648725507.812431787,1,0.000000
1648725507.833918820,0,0.000000
1648725507.855275340,4,0.036000
1648725507.875279605,8,0.093000
1648725507.896398259,7,0.105000
1648725507.917042108,1,0.023000
1648725507.936901563,1,0.015000
1648725507.959551491,1,0.013000
1648725507.980537316,3,0.035000
1648725508.001826240,3,0.020000
1648725508.023022959,3,0.035000
1648725508.043116546,2,0.011000
1648725508.063817559,3,0.047000
1648725508.084611186,1,0.025000
1648725508.102041509,4,0.040000
1648725508.123545369,0,0.000000
1648725508.145455020,0,0.000000
1648725508.168268668,3,0.032000
1648725508.190101755,1,0.012000
1648725508.213232923,2,0.044000
1648725508.236341687,4,0.056000
1648725508.256551550,0,0.005000
1648725508.276828761,27,0.311000
1648725508.297743209,21,0.260000
1648725508.318045980,3,0.020000
1648725508.338999901,2,0.024000
1648725508.358837229,2,0.007000
1648725508.377625491,9,0.129000
1648725508.397067404,2,0.026000
1648725508.417528144,1,0.023000
1648725508.438385462,0,0.000000
1648725508.457794747,2,0.028000
1648725508.480156255,2,0.022000
1648725508.500999506,4,0.028000
1648725508.522345733,0,0.031000
1648725508.541741981,0,0.000000
1648725508.562346506,1,0.016000
1648725508.584053739,0,0.016000
1648725508.605098274,2,0.010000
1648725508.627621987,1,0.022000
1648725508.647669807,0,0.000000
1648725508.665924798,2,0.034000
1648725508.684229069,1,0.009000
1648725508.703534744,1,0.001000
1648725508.724592705,0,0.000000
1648725508.746166593,3,0.045000
1648725508.769988369,4,0.044000
1648725508.790443950,2,0.000000
1648725508.813253394,1,0.021000
1648725508.834596927,5,0.041000
1648725508.856888949,1,0.021000
1648725508.875108601,10,0.105000
1648725508.896115874,4,0.076000
1648725508.915608345,0,0.000000
1648725508.936351756,0,0.018000
1648725508.958472698,1,0.016000
1648725508.981120624,7,0.069000
1648725509.004170447,2,0.021000
1648725509.023852460,23,0.271000
1648725509.046567244,17,0.182000
1648725509.066293531,0,0.002000
1648725509.085124105,6,0.057000
1648725509.105315160,0,0.020000
1648725509.125387044,12,0.143000
1648725509.147470555,3,0.047000
1648725509.169183893,1,0.019000
1648725509.188709292,1,0.000000
1648725509.209942074,10,0.106000
1648725509.231343092,0,0.019000
1648725509.254887046,2,0.025000
1648725509.276320549,1,0.018000
1648725509.298317683,1,0.000000
1648725509.318663389,2,0.017000
1648725509.337956866,3,0.040000
1648725509.356854928,0,0.000000
1648725509.377686096,0,0.006000
1648725509.397900687,0,0.000000
1648725509.420461710,3,0.037000
1648725509.439568020,2,0.005000
1648725509.461198090,19,0.225000
1648725509.481988073,4,0.077000
1648725509.501287148,2,0.001000
1648725509.523331723,14,0.150000
1648725509.546417783,1,0.011000
1648725509.565682701,1,0.019000
1648725509.584814686,0,0.014000
1648725509.604341761,3,0.012000
1648725509.624450547,6,0.050000
1648725509.646354981,1,0.041000
1648725509.665128190,0,0.000000
1648725509.684260264,0,0.000000
1648725509.705276444,1,0.016000
1648725509.727421488,2,0.007000
1648725509.745866255,3,0.020000
1648725509.767125702,0,0.001000
1648725509.788836481,8,0.082000
1648725509.809017181,1,0.009000
1648725509.829398229,12,0.121000
1648725509.851396234,3,0.034000
1648725509.871069928,1,0.006000
1648725509.893036920,1,0.030000
1648725509.913720906,1,0.042000
1648725509.933381632,3,0.024000
1648725509.952669473,0,0.000000
1648725509.974652401,0,0.000000
1648725509.992301643,0,0.003000
1648725510.012903897,0,0.012000
1648725510.035118868,1,0.013000
1648725510.055573899,2,0.008000
1648725510.075808583,1,0.029000
1648725510.096244366,1,0.012000
1648725510.117987781,0,0.010000
1648725510.138834131,3,0.033000
1648725510.159213130,0,0.000000
1648725510.179313405,8,0.109000
1648725510.200273352,0,0.018000
1648725510.221267680,2,0.000000
1648725510.242508345,3,0.029000
1648725510.262586563,6,0.060000
1648725510.283884097,1,0.014000
1648725510.303664859,5,0.028000
1648725510.324018155,4,0.024000
1648725510.345761311,2,0.034000
1648725510.366674871,0,0.000000
1648725510.388269108,2,0.013000
1648725510.408387023,0,0.042000
1648725510.431436347,0,0.004000
1648725510.453009011,0,0.018000
1648725510.474535717,5,0.047000
1648725510.494443703,7,0.079000
1648725510.514457124,3,0.075000
1648725510.537007358,1,0.016000
1648725510.555320978,3,0.041000
1648725510.574895311,1,0.011000
1648725510.595695597,0,0.003000
1648725510.616400001,2,0.042000
1648725510.635300927,0,0.004000
1648725510.656263002,10,0.109000
1648725510.677345613,1,0.011000
1648725510.697374564,0,0.004000
1648725510.719288391,2,0.017000
1648725510.742602005,4,0.057000
1648725510.762766531,0,0.000000
1648725510.781390800,0,0.004000
1648725510.798925173,3,0.050000
1648725510.817226718,13,0.131000
1648725510.836912259,0,0.000000
1648725510.856319621,2,0.004000
1648725510.879409422,3,0.024000
1648725510.898792957,1,0.025000
1648725510.921087868,0,0.000000
1648725510.942011939,1,0.000000
1648725510.962320677,3,0.013000
1648725510.981270702,2,0.006000
1648725511.005157965,0,0.000000
1648725511.024375461,2,0.012000
1648725511.045811087,3,0.044000
1648725511.068649337,1,0.020000
1648725511.088986244,9,0.103000
1648725511.108590866,7,0.062000
1648725511.128676561,2,0.027000
1648725511.147880308,2,0.004000
1648725511.168701192,1,0.013000
1648725511.189733627,1,0.024000
1648725511.211279772,0,0.000000
1648725511.233955195,3,0.011000
1648725511.252540552,0,0.004000
1648725511.271729023,2,0.024000
1648725511.290806042,0,0.008000
1648725511.309607964,9,0.104000
1648725511.328689150,2,0.000000
1648725511.348017258,8,0.071000
1648725511.371180933,1,0.023000
1648725511.389349349,13,0.139000
1648725511.411483992,0,0.000000
1648725511.431457401,1,0.031000
1648725511.453056671,1,0.005000
1648725511.474668116,2,0.021000
1648725511.494984882,5,0.050000
1648725511.516264236,9,0.130000
1648725511.536098603,0,0.018000
1648725511.555034469,2,0.012000
1648725511.576714074,1,0.022000
1648725511.595891345,2,0.024000
1648725511.615714362,1,0.000000
1648725511.636592151,1,0.018000
1648725511.656342226,15,0.208000
1648725511.676778530,13,0.171000
1648725511.695459814,0,0.000000
1648725511.717984865,1,0.017000
1648725511.738817099,2,0.024000
1648725511.759457834,2,0.064000
1648725511.782317043,4,0.038000
1648725511.802726533,1,0.011000
1648725511.824595514,4,0.029000
1648725511.846617979,1,0.005000
1648725511.866891442,2,0.016000
1648725511.888162503,6,0.045000
1648725511.910517575,1,0.014000
1648725511.931103117,1,0.026000
1648725511.949941115,3,0.046000
1648725511.971988491,0,0.000000
1648725511.994758487,4,0.025000
1648725512.017687673,1,0.014000
1648725512.038623293,2,0.045000
1648725512.060085777,1,0.010000
1648725512.082806574,1,0.018000
1648725512.104433962,2,0.007000
1648725512.124660937,2,0.004000
1648725512.147216713,3,0.034000
1648725512.170077691,0,0.000000
1648725512.190751416,2,0.054000
1648725512.210923841,2,0.000000
1648725512.230849736,0,0.000000
1648725512.250882854,2,0.016000
1648725512.269039492,0,0.009000
1648725512.290634724,0,0.008000
1648725512.309372396,1,0.018000
1648725512.331109651,0,0.001000
1648725512.351012445,6,0.061000
1648725512.369714664,1,0.011000
1648725512.389388345,0,0.013000
1648725512.410376249,3,0.038000
1648725512.432921432,3,0.049000
1648725512.452204988,3,0.028000
1648725512.472020619,2,0.018000
1648725512.493116224,0,0.024000
1648725512.514732677,2,0.028000
1648725512.534573331,5,0.006000
1648725512.555947205,0,0.000000
1648725512.576095321,4,0.071000
1648725512.597115502,2,0.000000
1648725512.619700702,2,0.007000
1648725512.640871518,0,0.010000
1648725512.660938294,0,0.026000
1648725512.682063118,3,0.013000
1648725512.703902107,2,0.024000
1648725512.724368705,2,0.020000
1648725512.745375961,5,0.050000
1648725512.765935820,4,0.056000
1648725512.785267127,8,0.109000
1648725512.804742324,15,0.189000
1648725512.828362553,2,0.027000
1648725512.847363542,3,0.033000
1648725512.868503777,1,0.010000
1648725512.888120929,2,0.002000
1648725512.909138036,1,0.014000
1648725512.929853192,3,0.035000
1648725512.950756990,0,0.004000
1648725512.973156967,0,0.023000
1648725512.994498165,2,0.029000
1648725513.015541908,3,0.018000
1648725513.035418246,15,0.131000
1648725513.054882303,10,0.158000
1648725513.075743470,0,0.000000
1648725513.095927215,13,0.161000
1648725513.118305413,2,0.024000
1648725513.136947088,3,0.010000
1648725513.157092986,0,0.005000
1648725513.178124221,14,0.181000
1648725513.198353587,0,0.003000
1648725513.220338142,4,0.057000
1648725513.242628595,2,0.038000
1648725513.262931306,4,0.049000
1648725513.283407626,1,0.000000
1648725513.304441839,8,0.130000
1648725513.326395711,0,0.000000
1648725513.347816230,16,0.197000
1648725513.367130683,3,0.043000
1648725513.389402333,4,0.040000
1648725513.407374259,2,0.006000
1648725513.428387087,13,0.163000
1648725513.448929823,12,0.168000
1648725513.470110586,1,0.010000
1648725513.489993271,1,0.000000
1648725513.511499153,1,0.000000
1648725513.531257081,1,0.006000
1648725513.552421435,3,0.048000
1648725513.574176367,1,0.013000
1648725513.597260362,0,0.000000
1648725513.616297404,1,0.006000
1648725513.635802139,2,0.030000
1648725513.658763831,8,0.087000
1648725513.677398020,0,0.016000
1648725513.698799774,13,0.152000
1648725513.719978079,1,0.005000
1648725513.742410766,18,0.204000
1648725513.762391177,15,0.144000
1648725513.783400901,1,0.004000
1648725513.803524319,5,0.058000
1648725513.825653086,6,0.063000
1648725513.848164556,0,0.000000
1648725513.870236473,12,0.111000
1648725513.891194219,5,0.060000
1648725513.909607631,0,0.004000
1648725513.928417351,1,0.012000
1648725513.949615205,3,0.006000
1648725513.971416722,0,0.024000
1648725513.991984728,4,0.030000
1648725514.013177216,1,0.013000
1648725514.032938148,2,0.024000
1648725514.055886999,9,0.112000
1648725514.075782538,3,0.046000
1648725514.094824509,1,0.033000
1648725514.116143884,1,0.014000
1648725514.137741642,7,0.094000
1648725514.158453053,2,0.007000
1648725514.179058588,3,0.025000
1648725514.200881443,3,0.035000
1648725514.221826732,1,0.026000
1648725514.242050934,0,0.023000
1648725514.262415688,0,0.000000
1648725514.282748589,2,0.016000
1648725514.303697094,3,0.046000
1648725514.325967555,0,0.003000
1648725514.347697414,17,0.224000
1648725514.368926232,7,0.099000
1648725514.391379656,5,0.038000
1648725514.412503532,4,0.055000
1648725514.432809577,7,0.060000
1648725514.455224311,2,0.043000
1648725514.475297223,20,0.255000
1648725514.497800904,18,0.234000
1648725514.517153768,0,0.005000
1648725514.539030007,3,0.012000
1648725514.561509591,1,0.000000
1648725514.582417450,0,0.005000
1648725514.602624365,2,0.022000
1648725514.624315868,1,0.014000
1648725514.644235048,11,0.127000
1648725514.664844166,9,0.085000
1648725514.685337594,1,0.014000
1648725514.705576124,1,0.008000
1648725514.726934260,3,0.004000
1648725514.747321146,3,0.029000
1648725514.768916182,0,0.000000
1648725514.790225562,6,0.089000
1648725514.809134497,0,0.000000
1648725514.830588789,7,0.083000
1648725514.851213863,0,0.019000
1648725514.872325922,5,0.068000
1648725514.894213625,1,0.000000
1648725514.915986400,5,0.042000
1648725514.936355149,1,0.019000
1648725514.957552421,1,0.013000
1648725514.979724264,5,0.090000
1648725515.002735244,0,0.000000
1648725515.023182494,9,0.111000
1648725515.043725166,2,0.023000
1648725515.064774719,3,0.048000
1648725515.085215605,2,0.014000
1648725515.105120585,16,0.195000
1648725515.124815901,9,0.118000
1648725515.144569348,4,0.049000
1648725515.163051865,1,0.031000
1648725515.185014499,1,0.017000
1648725515.205140416,2,0.006000
1648725515.226214872,0,0.005000
1648725515.244324957,1,0.014000
1648725515.264924029,0,0.004000
1648725515.286274556,16,0.184000
1648725515.305981633,1,0.000000
1648725515.325969874,3,0.016000
1648725515.345686225,1,0.030000
1648725515.365272716,0,0.020000
1648725515.385872518,1,0.035000
1648725515.406642794,12,0.137000
1648725515.426678429,3,0.028000
1648725515.445740282,2,0.007000
1648725515.466766337,2,0.007000
1648725515.487266409,5,0.044000
1648725515.508729931,2,0.010000
1648725515.529407239,0,0.000000
1648725515.549804249,3,0.039000
1648725515.569738978,2,0.026000
1648725515.590200440,3,0.005000
1648725515.611956488,5,0.008000
1648725515.630179971,4,0.022000
1648725515.652872476,0,0.036000
1648725515.674429823,0,0.000000
1648725515.693588602,1,0.010000
1648725515.714238613,11,0.127000
1648725515.733813982,2,0.041000
1648725515.753814424,1,0.013000
1648725515.773020017,1,0.000000
1648725515.793243307,0,0.000000
1648725515.814322455,1,0.005000
1648725515.835204282,3,0.041000
1648725515.855140123,0,0.000000
1648725515.874918829,1,0.016000
1648725515.893891332,5,0.067000
1648725515.915072037,3,0.027000
1648725515.933900411,1,0.019000
1648725515.955317320,1,0.018000
1648725515.975463177,0,0.000000
1648725515.999370412,0,0.000000
1648725516.020731193,1,0.030000
1648725516.044372541,0,0.000000
1648725516.065635006,2,0.026000
1648725516.086182819,0,0.026000
1648725516.105994970,1,0.000000
1648725516.126099701,4,0.041000
1648725516.149148271,2,0.021000
1648725516.169884397,0,0.004000
1648725516.187743562,0,0.007000
1648725516.206574233,1,0.007000
1648725516.226128627,0,0.000000
1648725516.247323932,2,0.016000
1648725516.268923390,2,0.000000
1648725516.289275638,1,0.005000
1648725516.311719485,2,0.047000
1648725516.333207403,1,0.014000
1648725516.355987377,1,0.035000
1648725516.376350755,0,0.000000
1648725516.399225864,2,0.035000
1648725516.416222623,0,0.007000
1648725516.434476948,1,0.000000
1648725516.455910130,2,0.012000
1648725516.475395640,5,0.050000
1648725516.495956876,0,0.001000
1648725516.515748668,13,0.195000
1648725516.537215081,4,0.064000
1648725516.557376520,4,0.035000
1648725516.579646851,1,0.001000
1648725516.601330028,3,0.046000
1648725516.619671521,1,0.031000
1648725516.641788132,2,0.045000
1648725516.661826894,0,0.026000
1648725516.681949954,2,0.028000
1648725516.699255775,1,0.008000
1648725516.716876882,0,0.000000
1648725516.736845517,2,0.019000
1648725516.759990922,2,0.033000
1648725516.780051173,0,0.000000
1648725516.800310261,2,0.015000
1648725516.819941676,0,0.006000
1648725516.839083461,0,0.000000
1648725516.858223253,1,0.014000
1648725516.880075301,2,0.024000
1648725516.902092581,2,0.013000
1648725516.922851577,6,0.066000
1648725516.942817527,0,0.000000
1648725516.963071920,1,0.000000
1648725516.984871903,4,0.036000
1648725517.006951109,0,0.001000
1648725517.027325954,11,0.125000
1648725517.049502776,8,0.114000
1648725517.068028322,1,0.009000
1648725517.089866666,2,0.012000
1648725517.110509254,1,0.012000
1648725517.132549676,0,0.000000
1648725517.152277272,0,0.011000
1648725517.173538090,2,0.010000
1648725517.194105309,10,0.117000
1648725517.213722845,0,0.010000
1648725517.235605597,2,0.023000
1648725517.257019340,0,0.000000
1648725517.277410685,17,0.179000
1648725517.298478621,2,0.041000
1648725517.318170923,1,0.018000
1648725517.338836199,1,0.009000
1648725517.359041869,0,0.007000
1648725517.379972448,3,0.031000
1648725517.402113285,1,0.000000
1648725517.421654687,6,0.053000
1648725517.444128961,0,0.000000
1648725517.465777544,8,0.105000
1648725517.486801049,1,0.012000
1648725517.507751009,9,0.127000
1648725517.528745423,2,0.034000
1648725517.548769783,0,0.000000
1648725517.570607895,4,0.030000
1648725517.593953058,0,0.002000
1648725517.616434275,2,0.034000
1648725517.635333039,12,0.160000
1648725517.658377281,1,0.001000
1648725517.680932406,4,0.058000
1648725517.703863521,0,0.010000
1648725517.723906471,0,0.011000
1648725517.743717132,2,0.008000
1648725517.765741848,2,0.006000
1648725517.788953503,2,0.016000
1648725517.810237700,0,0.000000
1648725517.831051523,11,0.116000
1648725517.853990492,0,0.000000
1648725517.873134583,1,0.028000
1648725517.893945141,2,0.007000
1648725517.915678649,1,0.020000
1648725517.935821663,0,0.000000
1648725517.956357654,3,0.033000
1648725517.976761630,0,0.020000
1648725517.996353904,1,0.013000
1648725518.018168620,6,0.056000
1648725518.038602834,2,0.023000
1648725518.060013961,6,0.120000
1648725518.079127702,4,0.030000
1648725518.099445888,1,0.001000
1648725518.120684630,1,0.001000
1648725518.141040647,6,0.044000
1648725518.160837940,3,0.013000
1648725518.180689628,1,0.022000
1648725518.202960406,2,0.006000
1648725518.222370479,2,0.025000
1648725518.244739669,2,0.043000
1648725518.266606288,0,0.000000
1648725518.289290418,0,0.015000
1648725518.309689229,0,0.010000
1648725518.329826067,0,0.000000
1648725518.351754277,0,0.014000
1648725518.371279570,3,0.057000
1648725518.392014323,3,0.038000
1648725518.411677381,4,0.040000
1648725518.431550383,1,0.021000
1648725518.450620728,2,0.001000
1648725518.472070743,9,0.098000
1648725518.490589788,0,0.021000
1648725518.510943440,2,0.000000
1648725518.533327636,2,0.032000
1648725518.554082700,2,0.018000
1648725518.574731642,0,0.000000
1648725518.594000706,0,0.000000
1648725518.614069712,6,0.070000
1648725518.633410020,1,0.003000
1648725518.653993889,3,0.022000
1648725518.675948588,5,0.076000
1648725518.701154845,3,0.038000
1648725518.722013231,6,0.060000
1648725518.742166635,3,0.019000
1648725518.762556457,5,0.059000
1648725518.783681762,3,0.018000
1648725518.803076448,4,0.077000
1648725518.822873295,4,0.026000
1648725518.841618363,10,0.133000
1648725518.864001428,3,0.016000
1648725518.884467838,0,0.000000
1648725518.905869814,2,0.020000
1648725518.928481960,0,0.011000
1648725518.950870309,4,0.038000
1648725518.970276614,0,0.000000
1648725518.990569465,4,0.025000
1648725519.012667854,3,0.036000
1648725519.033921294,5,0.044000
1648725519.055546410,2,0.018000
1648725519.076410565,24,0.282000
1648725519.098522697,21,0.252000
1648725519.118676575,2,0.016000
1648725519.138395183,0,0.001000
1648725519.159556406,3,0.005000
1648725519.179258422,4,0.046000
1648725519.201851841,1,0.018000
1648725519.222122924,2,0.036000
1648725519.243021766,0,0.000000
1648725519.263455549,5,0.061000
1648725519.284424348,3,0.029000
1648725519.304729018,4,0.040000
1648725519.325300632,1,0.000000
1648725519.344151540,1,0.003000
1648725519.366321958,0,0.004000
1648725519.388056967,1,0.028000
1648725519.409481197,3,0.016000
1648725519.432620298,3,0.006000
1648725519.453763902,1,0.012000
1648725519.474206261,2,0.004000
1648725519.495492222,0,0.000000
1648725519.516101397,1,0.023000
1648725519.538435496,2,0.005000
1648725519.558412684,7,0.079000
1648725519.579620261,2,0.001000
1648725519.599348150,5,0.033000
1648725519.619485302,0,0.008000
1648725519.638345164,1,0.026000
1648725519.658051710,1,0.003000
1648725519.680300179,0,0.007000
1648725519.701506352,1,0.005000
1648725519.720662259,7,0.091000
1648725519.740273293,2,0.000000
1648725519.761812606,16,0.167000
1648725519.781286569,11,0.142000
1648725519.800381021,1,0.015000
1648725519.820877137,1,0.000000
1648725519.842267603,1,0.003000
1648725519.863601025,1,0.003000
1648725519.883497660,2,0.025000
1648725519.905729674,4,0.050000
1648725519.924897582,2,0.014000
1648725519.945084002,0,0.000000
1648725519.964733755,8,0.063000
1648725519.985587362,3,0.029000
1648725520.006465545,0,0.035000
1648725520.027174575,3,0.032000
1648725520.046828711,20,0.227000
1648725520.068681037,12,0.165000
1648725520.089977678,0,0.000000
1648725520.108124379,2,0.021000
1648725520.128642107,1,0.013000
1648725520.151348883,1,0.014000
1648725520.171940387,2,0.035000
1648725520.193629238,3,0.030000
1648725520.214801649,1,0.019000
1648725520.235623697,3,0.023000
1648725520.257332188,0,0.010000
1648725520.278339256,3,0.022000
1648725520.299922713,4,0.023000
1648725520.321813264,0,0.001000
1648725520.342044502,2,0.025000
1648725520.363340464,0,0.005000
1648725520.383359550,7,0.094000
1648725520.404133103,0,0.000000
1648725520.422704719,4,0.035000
1648725520.445906484,1,0.022000
1648725520.466266239,13,0.195000
1648725520.485900132,9,0.097000
1648725520.505356911,1,0.007000
1648725520.525602973,8,0.087000
1648725520.545419954,1,0.000000
1648725520.567178202,9,0.096000
1648725520.590788566,0,0.000000
1648725520.610209087,9,0.104000
1648725520.631131711,4,0.020000
1648725520.652204151,0,0.000000
1648725520.672880602,0,0.000000
1648725520.693870420,4,0.023000
1648725520.714829271,5,0.079000
1648725520.735956234,1,0.005000
1648725520.757282873,1,0.010000
1648725520.777556794,1,0.007000
1648725520.799713578,1,0.016000
1648725520.819945011,5,0.058000
1648725520.839332337,1,0.000000
1648725520.860595672,11,0.126000
1648725520.879208971,5,0.063000
1648725520.898865817,2,0.005000
1648725520.919110740,1,0.007000
1648725520.940467597,0,0.000000
1648725520.961220090,1,0.012000
1648725520.981721607,1,0.017000
1648725521.002499600,3,0.013000
1648725521.026214217,2,0.013000
1648725521.045622110,14,0.153000
1648725521.066453738,7,0.100000
1648725521.085264857,0,0.000000
1648725521.106431599,5,0.039000
1648725521.127241760,5,0.041000
1648725521.146667579,1,0.019000
1648725521.169130929,0,0.016000
1648725521.189499310,9,0.109000
1648725521.210759396,9,0.116000
1648725521.230884445,1,0.020000
1648725521.252404981,2,0.017000
1648725521.271920842,0,0.036000
1648725521.293602338,13,0.122000
1648725521.313243884,2,0.021000
1648725521.332290244,3,0.039000
1648725521.354750835,0,0.000000
1648725521.375129071,6,0.055000
1648725521.396534077,2,0.008000
1648725521.415041437,6,0.074000
1648725521.435174087,2,0.011000
1648725521.453927379,3,0.019000
1648725521.473054517,2,0.005000
1648725521.492469719,9,0.117000
1648725521.512924535,4,0.029000
1648725521.533400069,0,0.000000
1648725521.553867054,4,0.043000
1648725521.573275307,6,0.104000
1648725521.594241886,8,0.086000
1648725521.615016276,0,0.000000
1648725521.635175591,5,0.057000
1648725521.656538214,2,0.011000
1648725521.675977036,1,0.014000
1648725521.696176585,0,0.000000
1648725521.717061096,2,0.015000
1648725521.738353002,7,0.076000
1648725521.759134483,0,0.006000
1648725521.779076957,19,0.181000
1648725521.798913127,11,0.153000
1648725521.819337605,0,0.000000
1648725521.840293968,3,0.031000
1648725521.860104835,0,0.008000
1648725521.881006602,0,0.000000
1648725521.902420167,3,0.049000
1648725521.921987201,2,0.015000
1648725521.940997031,7,0.084000
1648725521.962035108,0,0.000000
1648725521.982287743,1,0.007000
1648725522.004360062,2,0.009000
1648725522.023665793,6,0.044000
1648725522.041270554,0,0.008000
1648725522.060828797,0,0.016000
1648725522.082098253,1,0.010000
1648725522.101666994,0,0.000000
1648725522.123058192,4,0.022000
1648725522.141269610,0,0.000000
1648725522.160572814,3,0.027000
1648725522.178279178,2,0.036000
1648725522.197561582,2,0.010000
1648725522.216764147,3,0.017000
1648725522.236918415,0,0.000000
1648725522.257704184,2,0.010000
1648725522.278425886,2,0.026000
1648725522.297507664,0,0.000000
1648725522.317006140,2,0.026000
1648725522.339162466,0,0.011000
1648725522.359994485,3,0.029000
1648725522.378446428,1,0.006000
1648725522.396587582,0,0.000000
1648725522.415378195,12,0.144000
1648725522.436408643,3,0.034000
1648725522.456976108,3,0.045000
1648725522.477288980,1,0.017000
1648725522.496833063,2,0.022000
1648725522.516115948,19,0.198000
1648725522.536016946,9,0.110000
1648725522.554511117,0,0.000000
1648725522.575817155,16,0.158000
1648725522.595963009,2,0.042000
1648725522.616874366,1,0.032000
1648725522.634602581,2,0.005000
1648725522.654504441,0,0.002000
1648725522.674763836,10,0.107000
1648725522.695104759,7,0.072000
1648725522.714941357,1,0.021000
1648725522.734443332,1,0.033000
1648725522.754726922,0,0.011000
1648725522.774751887,1,0.003000
1648725522.793778087,0,0.000000
1648725522.813591060,5,0.085000
1648725522.834659543,0,0.000000
1648725522.856221264,7,0.078000
1648725522.874970927,2,0.000000
1648725522.894893053,5,0.087000
1648725522.916572983,6,0.061000
1648725522.937481331,3,0.014000
1648725522.957380194,3,0.039000
1648725522.976822317,6,0.116000
1648725522.997136260,13,0.171000
1648725523.016033027,1,0.000000
1648725523.034712857,2,0.014000
1648725523.054421512,0,0.000000
1648725523.076236995,0,0.000000
1648725523.095925815,6,0.059000
1648725523.116017838,3,0.017000
1648725523.135937285,0,0.013000
1648725523.154249836,5,0.046000
1648725523.172599034,0,0.000000
1648725523.192414910,2,0.024000
1648725523.213803920,10,0.102000
1648725523.235673090,3,0.008000
1648725523.255465237,9,0.128000
1648725523.275265271,9,0.094000
1648725523.294395806,0,0.000000
1648725523.313417925,1,0.028000
1648725523.333014683,4,0.064000
1648725523.354462793,0,0.010000
1648725523.373441362,0,0.013000
1648725523.394490356,2,0.043000
1648725523.414875728,0,0.011000
1648725523.432672962,2,0.016000
1648725523.451302864,6,0.082000
1648725523.472275216,1,0.018000
1648725523.492971152,2,0.011000
1648725523.513248441,4,0.035000
1648725523.535642497,2,0.015000
1648725523.553795294,9,0.074000
1648725523.572741796,10,0.131000
1648725523.592738950,0,0.000000
1648725523.615090743,3,0.028000
1648725523.637503862,3,0.018000
1648725523.657003474,0,0.000000
1648725523.678370468,3,0.015000
1648725523.695171951,6,0.088000
1648725523.715245269,4,0.027000
1648725523.736383827,10,0.114000
1648725523.757509254,0,0.000000
1648725523.776625690,2,0.030000
1648725523.797818613,0,0.000000
1648725523.816022452,5,0.054000
1648725523.835858611,1,0.020000
1648725523.856189550,8,0.108000
1648725523.877750518,2,0.011000
1648725523.898388703,1,0.008000
1648725523.919844996,1,0.006000
1648725523.937814247,9,0.112000
1648725523.959140212,1,0.019000
1648725523.977592229,1,0.032000
1648725523.997854298,2,0.008000
1648725524.016464646,2,0.036000
1648725524.035843570,4,0.035000
1648725524.055241892,2,0.041000
1648725524.073409648,4,0.021000
1648725524.092262763,0,0.000000
1648725524.112816312,3,0.022000
1648725524.130965913,5,0.033000
1648725524.152200045,2,0.009000
1648725524.173122691,12,0.153000
1648725524.192369637,4,0.046000
1648725524.214187358,9,0.105000
1648725524.236171442,3,0.036000
1648725524.252931339,1,0.012000
1648725524.273647518,1,0.023000
1648725524.293627646,4,0.039000
1648725524.313087832,1,0.021000
1648725524.333404467,1,0.010000
1648725524.354315135,10,0.112000
1648725524.372386396,0,0.005000
1648725524.391060476,4,0.034000
1648725524.410296211,0,0.004000
1648725524.428930808,1,0.004000
1648725524.450158147,1,0.000000
1648725524.468156659,2,0.027000
1648725524.487880052,14,0.172000
1648725524.508220864,20,0.223000
1648725524.527787879,2,0.022000
1648725524.545988224,0,0.004000
1648725524.564788069,7,0.081000
1648725524.585245672,0,0.000000
1648725524.604434972,19,0.189000
1648725524.624003964,6,0.099000
1648725524.644413548,2,0.029000
1648725524.664448519,13,0.134000
1648725524.681571233,1,0.000000
1648725524.702277060,2,0.026000
1648725524.721161122,0,0.000000
1648725524.740946107,4,0.025000
1648725524.758878980,1,0.000000
1648725524.780212300,7,0.137000
1648725524.799966835,4,0.015000
1648725524.819270397,1,0.018000
1648725524.839346158,1,0.041000
1648725524.858146689,2,0.055000
1648725524.877489376,4,0.037000
1648725524.897762002,5,0.048000
1648725524.918263823,0,0.000000
1648725524.939042565,2,0.007000
1648725524.959201033,0,0.011000
1648725524.978694710,21,0.212000
1648725524.999051903,13,0.146000
1648725525.019700145,0,0.000000
1648725525.038262702,2,0.023000
1648725525.057948581,1,0.008000
1648725525.075679234,0,0.032000
1648725525.094906733,1,0.019000
1648725525.114742396,1,0.049000
1648725525.132807246,5,0.045000
1648725525.151594319,2,0.017000
1648725525.170986250,3,0.023000
1648725525.192278964,1,0.015000
1648725525.212125077,1,0.025000
1648725525.233244062,2,0.033000
1648725525.251581233,1,0.015000
1648725525.272854558,2,0.022000
1648725525.294902972,1,0.010000
1648725525.313898856,2,0.035000
1648725525.333864526,1,0.014000
1648725525.354286495,7,0.093000
1648725525.375193807,2,0.011000
1648725525.395125093,3,0.014000
1648725525.415737766,1,0.025000
1648725525.434745579,0,0.007000
1648725525.454961967,1,0.024000
1648725525.476056922,2,0.016000
1648725525.497154875,2,0.018000
1648725525.520197055,0,0.000000
1648725525.540197642,2,0.025000
1648725525.561172717,1,0.003000
1648725525.582222162,3,0.008000
1648725525.603014906,0,0.000000
1648725525.624312896,8,0.116000
1648725525.642680243,1,0.004000
1648725525.664486960,11,0.165000
1648725525.686102646,3,0.041000
1648725525.704879861,0,0.007000
1648725525.725952205,0,0.000000
1648725525.745176110,1,0.012000
1648725525.764051489,7,0.107000
1648725525.786095235,4,0.064000
1648725525.805344754,15,0.193000
1648725525.824351861,18,0.213000
1648725525.843945644,2,0.032000
1648725525.864244355,0,0.000000
1648725525.883495995,0,0.000000
1648725525.905477329,0,0.000000
1648725525.924930683,1,0.017000
1648725525.945283772,2,0.006000
1648725525.965336362,1,0.046000
1648725525.983850007,1,0.031000
1648725526.005231715,2,0.025000
1648725526.026023406,5,0.033000
1648725526.045503539,4,0.045000
1648725526.065988631,5,0.060000
1648725526.084814723,4,0.058000
1648725526.105140649,8,0.114000
1648725526.128059698,3,0.018000
1648725526.149761700,5,0.081000
1648725526.170186224,1,0.014000
1648725526.189977574,2,0.034000
1648725526.209137253,5,0.070000
1648725526.229280439,0,0.000000
1648725526.247123290,17,0.165000
1648725526.267300306,1,0.025000
1648725526.287028403,1,0.007000
1648725526.305328932,3,0.041000
1648725526.325580489,0,0.000000
1648725526.346293103,7,0.082000
1648725526.365033232,1,0.038000
1648725526.386694629,1,0.008000
1648725526.405584917,11,0.097000
1648725526.425779831,10,0.142000
1648725526.444259468,0,0.000000
1648725526.462452826,1,0.001000
1648725526.483088458,2,0.035000
1648725526.501906762,1,0.004000
1648725526.519614766,2,0.001000
1648725526.538911619,0,0.000000
1648725526.559158453,2,0.039000
1648725526.581722904,1,0.028000
1648725526.601431004,1,0.044000
1648725526.621331278,0,0.004000
1648725526.641661904,7,0.083000
1648725526.662198443,1,0.014000
1648725526.681859857,8,0.118000
1648725526.701217189,2,0.034000
1648725526.721582400,13,0.157000
1648725526.740970219,7,0.083000
1648725526.759019472,4,0.057000
1648725526.778021486,0,0.000000
1648725526.798205383,0,0.000000
1648725526.819388634,1,0.018000
1648725526.840995356,13,0.149000
1648725526.860617742,1,0.022000
1648725526.882154603,1,0.011000
1648725526.901227819,2,0.006000
1648725526.920461771,10,0.087000
1648725526.942739343,1,0.010000
1648725526.962436864,9,0.118000
1648725526.981168143,9,0.109000
1648725527.000478348,0,0.014000
1648725527.020924386,1,0.000000
1648725527.040384745,4,0.049000
1648725527.060368505,2,0.034000
1648725527.080350318,9,0.092000
1648725527.099261064,1,0.000000
1648725527.119113950,2,0.010000
1648725527.140678398,1,0.006000
1648725527.160445616,4,0.070000
1648725527.180086003,4,0.059000
1648725527.198981938,7,0.097000
1648725527.217751168,1,0.005000
1648725527.237309777,10,0.126000
1648725527.256946584,4,0.070000
1648725527.276966750,2,0.020000
1648725527.299350371,1,0.006000
1648725527.321541483,3,0.029000
1648725527.339339558,10,0.098000
1648725527.358644970,9,0.061000
1648725527.378151970,0,0.000000
1648725527.397316505,2,0.020000
1648725527.417759626,4,0.039000
1648725527.437979979,3,0.018000
1648725527.458483359,1,0.035000
1648725527.479028054,1,0.017000
1648725527.497696180,1,0.000000
1648725527.518836862,1,0.008000
1648725527.539847222,0,0.003000
1648725527.560630719,3,0.061000
1648725527.578119309,4,0.007000
1648725527.597449819,2,0.023000
1648725527.615964368,3,0.049000
1648725527.635147526,4,0.048000
1648725527.654873254,5,0.048000
1648725527.675265139,0,0.000000
1648725527.694414067,3,0.014000
1648725527.716940812,0,0.051000
1648725527.735115709,3,0.039000
1648725527.754429759,1,0.013000
1648725527.774725935,0,0.000000
1648725527.794250934,1,0.010000
1648725527.813815127,9,0.103000
1648725527.833719730,1,0.020000
1648725527.855765627,1,0.038000
1648725527.874929589,11,0.145000
1648725527.897393497,8,0.091000
1648725527.917024045,4,0.053000
1648725527.934487371,2,0.023000
1648725527.954227827,3,0.021000
1648725527.975006798,3,0.018000
1648725527.994850648,1,0.001000
1648725528.015186387,2,0.028000
1648725528.035842073,0,0.017000
1648725528.054074362,2,0.006000
1648725528.073746372,0,0.000000
1648725528.093482373,2,0.010000
1648725528.113488264,2,0.012000
1648725528.135125587,0,0.026000
1648725528.153620341,3,0.041000
1648725528.172656870,0,0.000000
1648725528.195362518,2,0.028000
1648725528.214961053,4,0.032000
1648725528.237012748,0,0.000000
1648725528.258074231,3,0.064000
1648725528.278366941,1,0.032000
1648725528.297005542,1,0.000000
1648725528.320929607,1,0.018000
1648725528.340053836,22,0.249000
1648725528.360095472,20,0.212000
1648725528.380468876,2,0.024000
1648725528.400296301,2,0.032000
1648725528.420804996,0,0.000000
1648725528.441200602,3,0.047000
1648725528.463289241,1,0.012000
1648725528.481453823,17,0.215000
1648725528.504307860,6,0.065000
1648725528.524236001,2,0.058000
1648725528.542782853,14,0.153000
1648725528.562898005,0,0.011000
1648725528.581953342,11,0.137000
1648725528.603040412,5,0.022000
1648725528.623505026,1,0.024000
1648725528.644266992,4,0.054000
1648725528.665238063,22,0.265000
1648725528.686535663,5,0.064000
1648725528.707837941,8,0.095000
1648725528.728341759,6,0.052000
1648725528.748375123,1,0.011000
1648725528.770277302,2,0.019000
1648725528.790263473,2,0.000000
1648725528.812036179,0,0.006000
1648725528.832183017,3,0.078000
1648725528.854090218,3,0.023000
1648725528.874961516,1,0.000000
1648725528.895234879,6,0.058000
1648725528.917396838,0,0.000000
1648725528.937457615,0,0.000000
1648725528.959663905,0,0.012000
1648725528.976398951,2,0.034000
1648725528.996386688,3,0.004000
1648725529.018452946,0,0.000000
1648725529.038339429,3,0.023000
1648725529.059891917,0,0.000000
1648725529.080883817,10,0.134000
1648725529.100246183,3,0.046000
1648725529.122113005,0,0.005000
1648725529.142597343,1,0.021000
1648725529.164574371,0,0.001000
1648725529.186391655,2,0.004000
1648725529.206089684,0,0.014000
1648725529.226426067,2,0.043000
1648725529.246981443,3,0.036000
1648725529.268304394,0,0.007000
1648725529.291292389,1,0.023000
1648725529.312346994,2,0.034000
1648725529.331709694,0,0.013000
1648725529.350189992,3,0.015000
1648725529.371415362,1,0.000000
1648725529.390765412,1,0.000000
1648725529.413767837,0,0.000000
1648725529.434273849,0,0.000000
1648725529.455474540,2,0.021000
1648725529.475452718,6,0.043000
1648725529.497156931,6,0.072000
1648725529.517396310,2,0.020000
1648725529.537204753,7,0.088000
1648725529.556003729,2,0.028000
1648725529.572931882,0,0.011000
1648725529.591906139,0,0.000000
1648725529.612988670,3,0.017000
1648725529.632210300,3,0.066000
1648725529.655674096,0,0.000000
1648725529.674368476,0,0.000000
1648725529.694933609,2,0.017000
1648725529.715813474,0,0.011000
1648725529.734668915,3,0.015000
1648725529.753390108,0,0.000000
1648725529.772456914,2,0.011000
1648725529.792306508,0,0.001000
1648725529.812634570,4,0.041000
1648725529.832206947,1,0.031000
1648725529.850906350,2,0.013000
1648725529.870869130,0,0.032000
1648725529.891645357,6,0.069000
1648725529.913125224,2,0.033000
1648725529.930774120,1,0.000000
1648725529.952784928,1,0.018000
1648725529.974553797,0,0.008000
1648725529.994785014,5,0.055000
1648725530.017339107,0,0.000000
1648725530.036744218,3,0.011000
1648725530.056278863,3,0.029000
1648725530.078879098,1,0.013000
1648725530.100594715,0,0.000000
1648725530.121121749,0,0.000000
1648725530.144346769,2,0.010000
1648725530.164054828,2,0.007000
1648725530.184951612,1,0.018000
1648725530.206581390,0,0.000000
1648725530.227278293,15,0.152000
1648725530.246822321,2,0.008000
1648725530.266945713,1,0.014000
1648725530.285882498,3,0.030000
1648725530.305958628,0,0.006000
1648725530.326420619,4,0.060000
1648725530.348466867,2,0.015000
1648725530.370087897,3,0.023000
1648725530.390768317,2,0.019000
1648725530.411980167,0,0.023000
1648725530.434454161,9,0.084000
1648725530.453601738,3,0.001000
1648725530.472638963,4,0.028000
1648725530.495061009,2,0.022000
1648725530.513677895,13,0.155000
1648725530.534453514,1,0.016000
1648725530.554455575,1,0.028000
1648725530.573829516,0,0.000000
1648725530.593287087,2,0.000000
1648725530.613904347,9,0.107000
1648725530.633790045,16,0.180000
1648725530.654379262,1,0.009000
1648725530.678028328,2,0.017000
1648725530.699707863,0,0.001000
1648725530.720380611,1,0.022000
1648725530.742249745,0,0.000000
1648725530.762844873,3,0.037000
1648725530.784341974,5,0.047000
1648725530.806405711,2,0.033000
1648725530.829707728,5,0.065000
1648725530.850419726,12,0.132000
1648725530.872307440,0,0.006000
1648725530.893318603,0,0.010000
1648725530.914332059,2,0.034000
1648725530.935886334,12,0.133000
1648725530.956074900,0,0.015000
1648725530.976089982,10,0.124000
1648725530.997179870,0,0.001000
1648725531.018223302,3,0.030000
1648725531.037929555,0,0.012000
1648725531.058415226,9,0.137000
1648725531.081926859,3,0.040000
1648725531.101390813,7,0.078000
1648725531.124126728,0,0.000000
1648725531.143895297,0,0.003000
1648725531.163690080,2,0.012000
1648725531.183987234,2,0.016000
1648725531.205186003,0,0.000000
1648725531.224749382,1,0.011000
1648725531.245917179,3,0.018000
1648725531.266037268,0,0.028000
1648725531.288314319,0,0.022000
1648725531.309205638,1,0.026000
1648725531.328784810,0,0.018000
1648725531.350716719,0,0.008000
1648725531.368438466,4,0.074000
1648725531.391039356,0,0.001000
1648725531.411253887,7,0.105000
1648725531.432086687,1,0.004000
1648725531.454586714,3,0.036000
1648725531.476361088,0,0.003000
1648725531.497676137,0,0.007000
1648725531.518147292,4,0.064000
1648725531.538286671,0,0.000000
1648725531.559294827,0,0.000000
1648725531.580025295,0,0.002000
1648725531.600693084,1,0.000000
1648725531.623845085,1,0.000000
1648725531.644555538,4,0.032000
1648725531.664747538,0,0.000000
1648725531.686992294,5,0.069000
1648725531.706961427,1,0.018000
1648725531.728499116,3,0.013000
1648725531.748446048,1,0.012000
1648725531.769942528,3,0.025000
1648725531.789270562,0,0.018000
1648725531.810368042,1,0.015000
1648725531.833915294,1,0.000000
1648725531.853869387,3,0.045000
1648725531.873548135,1,0.000000
1648725531.894783328,3,0.041000
1648725531.915871060,8,0.114000
1648725531.937450335,14,0.151000
1648725531.956958616,0,0.001000
1648725531.977503302,4,0.041000
1648725531.997259805,4,0.022000
1648725532.017981620,1,0.024000
1648725532.036820018,1,0.003000
1648725532.057354990,3,0.000000
1648725532.078011245,13,0.133000
1648725532.098294721,3,0.054000
1648725532.117974324,4,0.013000
1648725532.137250020,5,0.075000
1648725532.159998947,1,0.017000
1648725532.180195115,1,0.001000
1648725532.200352341,8,0.082000
1648725532.222290517,2,0.002000
1648725532.240681663,2,0.016000
1648725532.261490065,0,0.000000
1648725532.282438763,5,0.027000
1648725532.303250030,0,0.023000
1648725532.323462821,1,0.015000
1648725532.344010576,0,0.001000
1648725532.366519894,0,0.012000
1648725532.387700728,2,0.008000
1648725532.407454134,1,0.016000
1648725532.427347960,8,0.114000
1648725532.450262893,0,0.007000
1648725532.468538487,8,0.114000
1648725532.487891479,0,0.000000
1648725532.508591411,5,0.066000
1648725532.531474295,4,0.012000
1648725532.552183765,0,0.000000
1648725532.573542409,1,0.022000
1648725532.595878244,4,0.056000
1648725532.616786111,2,0.009000
1648725532.637332848,0,0.016000
1648725532.657372797,3,0.014000
1648725532.679230968,0,0.013000
1648725532.698863848,4,0.060000
1648725532.719803966,2,0.023000
1648725532.742174865,0,0.000000
1648725532.763134527,0,0.000000
1648725532.784722617,0,0.008000
1648725532.806375788,2,0.016000
1648725532.824901783,3,0.023000
1648725532.846504467,0,0.004000
1648725532.867354920,3,0.006000
1648725532.886311958,0,0.001000
1648725532.907637258,0,0.000000
1648725532.928731188,9,0.099000
1648725532.949602534,1,0.000000
1648725532.970588830,1,0.005000
1648725532.990467716,0,0.000000
1648725533.012144055,14,0.136000
1648725533.031188600,1,0.024000
1648725533.051981577,5,0.047000
1648725533.071173085,1,0.017000
1648725533.092891196,7,0.104000
1648725533.112636460,0,0.012000
1648725533.133396707,5,0.078000
1648725533.154578269,1,0.004000
1648725533.174391887,11,0.100000
1648725533.195320723,4,0.046000
1648725533.214948763,1,0.016000
1648725533.237097553,2,0.018000
1648725533.256656644,1,0.012000
1648725533.273989214,3,0.027000
1648725533.291955672,4,0.064000
1648725533.313137281,7,0.089000
1648725533.335233491,20,0.207000
1648725533.354138828,4,0.039000
1648725533.374340492,0,0.002000
1648725533.395805151,1,0.014000
1648725533.416170328,0,0.013000
1648725533.437022807,2,0.030000
1648725533.459467158,8,0.069000
1648725533.478247739,6,0.058000
1648725533.498393185,6,0.035000
1648725533.518169426,1,0.010000
1648725533.539494562,3,0.012000
1648725533.559816382,1,0.036000
1648725533.578478999,6,0.077000
1648725533.598411863,4,0.028000
1648725533.619680668,0,0.000000
1648725533.642291006,0,0.015000
1648725533.663961112,3,0.015000
1648725533.683194508,0,0.009000
1648725533.705251139,0,0.030000
1648725533.726312050,1,0.004000
1648725533.748365212,2,0.008000
1648725533.769305595,2,0.018000
1648725533.790769759,0,0.000000
1648725533.811859116,0,0.011000
1648725533.832172066,5,0.048000
1648725533.854804094,14,0.150000
1648725533.876057226,0,0.002000
1648725533.897709444,2,0.035000
1648725533.918713863,2,0.022000
1648725533.940281074,1,0.008000
1648725533.962203139,0,0.004000
1648725533.984984635,16,0.192000
1648725534.005837425,13,0.130000
1648725534.024154542,0,0.001000
1648725534.044115424,1,0.012000
1648725534.064658321,2,0.028000
1648725534.086467789,2,0.020000
1648725534.107141928,0,0.006000
1648725534.129170694,0,0.012000
1648725534.149111242,0,0.000000
1648725534.168953492,11,0.088000
1648725534.187697950,0,0.001000
1648725534.206687050,7,0.076000
1648725534.227649416,1,0.005000
1648725534.247103567,4,0.036000
1648725534.266178427,2,0.026000
1648725534.287579985,1,0.028000
1648725534.307988672,2,0.006000
1648725534.328676092,12,0.169000
1648725534.349324073,6,0.058000
1648725534.370863956,1,0.005000
1648725534.391826972,1,0.012000
1648725534.411004773,0,0.000000
1648725534.432900221,1,0.000000
1648725534.453677291,2,0.000000
1648725534.473176719,2,0.036000
1648725534.494105625,4,0.043000
1648725534.514635996,1,0.000000
1648725534.535213774,2,0.036000
1648725534.557282998,0,0.031000
1648725534.578196064,2,0.014000
1648725534.598567394,2,0.024000
1648725534.620652190,2,0.011000
1648725534.641443869,0,0.000000
1648725534.663309930,4,0.046000
1648725534.686160172,1,0.003000
1648725534.708328847,2,0.000000
1648725534.731975021,16,0.210000
1648725534.750784536,10,0.119000
1648725534.771635727,2,0.017000
1648725534.790885313,2,0.020000
1648725534.810251573,5,0.051000
1648725534.830352458,0,0.000000
1648725534.847959942,12,0.122000
1648725534.866543468,4,0.028000
1648725534.885691643,0,0.000000
1648725534.906834234,1,0.017000
1648725534.928009716,0,0.000000
1648725534.947815277,5,0.041000
1648725534.970569883,2,0.028000
1648725534.992370421,2,0.020000
1648725535.010679015,1,0.017000
1648725535.031994641,9,0.082000
1648725535.053931494,1,0.000000
1648725535.074133232,0,0.004000
1648725535.093579299,0,0.000000
1648725535.113576914,0,0.010000
1648725535.136330136,3,0.056000
1648725535.156564554,7,0.039000
1648725535.177196810,0,0.000000
1648725535.197582012,0,0.000000
1648725535.215980315,9,0.081000
1648725535.237637413,10,0.087000
1648725535.256958501,2,0.020000
1648725535.278125760,1,0.020000
1648725535.297882133,1,0.018000
1648725535.320891500,2,0.023000
1648725535.341332872,3,0.018000
1648725535.361290738,3,0.051000
1648725535.381670638,6,0.049000
1648725535.401936269,0,0.000000
1648725535.424012669,2,0.017000
1648725535.444006522,1,0.036000
1648725535.464398400,0,0.000000
1648725535.484289580,0,0.000000
1648725535.505100802,1,0.011000
1648725535.527329683,2,0.016000
1648725535.549106883,1,0.008000
1648725535.571986134,1,0.000000
1648725535.591577342,6,0.088000
1648725535.612661746,9,0.103000
1648725535.633591120,8,0.083000
1648725535.654614314,11,0.104000
1648725535.674469984,3,0.025000
1648725535.694348514,2,0.066000
1648725535.713449362,3,0.007000
1648725535.733145180,1,0.021000
1648725535.752597693,1,0.000000
1648725535.773037874,2,0.030000
1648725535.792850414,1,0.031000
1648725535.814089588,1,0.020000
1648725535.831981288,0,0.021000
1648725535.852044250,1,0.019000
1648725535.870896635,2,0.031000
1648725535.891358072,4,0.057000
1648725535.913398663,2,0.009000
1648725535.932077560,6,0.051000
1648725535.953825866,0,0.000000
1648725535.975034906,5,0.058000
1648725535.995044329,6,0.070000
1648725536.015444097,1,0.000000
1648725536.035873734,6,0.059000
1648725536.056539173,2,0.033000
1648725536.078548528,2,0.023000
1648725536.096017189,1,0.016000
1648725536.117361507,2,0.017000
1648725536.137593675,0,0.012000
1648725536.157396737,2,0.017000
1648725536.177677201,2,0.037000
1648725536.197264023,19,0.249000
1648725536.216999288,15,0.169000
1648725536.238948212,1,0.028000
1648725536.258260788,4,0.055000
1648725536.277463216,4,0.010000
1648725536.297641281,0,0.003000
1648725536.319097102,0,0.000000
1648725536.340973103,12,0.133000
1648725536.361004603,8,0.095000
1648725536.381140649,3,0.027000
1648725536.401633935,8,0.085000
1648725536.421119234,1,0.011000
1648725536.441766759,1,0.014000
1648725536.461301537,0,0.000000
1648725536.479292866,2,0.058000
1648725536.498423065,1,0.042000
1648725536.516510014,0,0.000000
1648725536.538001290,1,0.008000
1648725536.559338675,1,0.015000
1648725536.579054918,1,0.000000
1648725536.598324835,4,0.019000
1648725536.617487246,0,0.000000
1648725536.640965421,1,0.010000
1648725536.660327878,1,0.021000
1648725536.679728558,6,0.042000
1648725536.698603983,2,0.000000
1648725536.719062749,1,0.005000
1648725536.738662434,2,0.001000
1648725536.759251107,3,0.060000
1648725536.780206292,0,0.000000
1648725536.802707815,2,0.005000
1648725536.822477072,1,0.023000
1648725536.845086813,2,0.009000
1648725536.865556788,6,0.060000
1648725536.885033016,0,0.011000
1648725536.904601703,1,0.031000
1648725536.924648073,1,0.012000
1648725536.943383036,11,0.115000
1648725536.963065868,5,0.046000
1648725536.981627740,0,0.009000
1648725537.001914133,4,0.046000
1648725537.024478305,2,0.030000
1648725537.045342770,2,0.015000
1648725537.066505282,7,0.080000
1648725537.086285614,1,0.034000
1648725537.107210725,3,0.031000
1648725537.129237887,1,0.001000
1648725537.147814187,1,0.006000
1648725537.168422385,1,0.011000
1648725537.188472673,0,0.000000
1648725537.209225508,1,0.019000
1648725537.229212938,2,0.000000
1648725537.249594709,4,0.028000
1648725537.272225542,4,0.020000
1648725537.292421224,4,0.066000
1648725537.311303816,1,0.019000
1648725537.332454203,0,0.010000
1648725537.353296162,1,0.025000
1648725537.374399037,1,0.034000
1648725537.395419715,2,0.007000
1648725537.417428762,3,0.035000
1648725537.440566060,2,0.000000
1648725537.462053611,6,0.074000
1648725537.484648115,0,0.000000
1648725537.505424290,1,0.004000
1648725537.526374488,0,0.000000
1648725537.546905052,0,0.001000
1648725537.566258415,0,0.005000
1648725537.586595784,0,0.011000
1648725537.606162987,0,0.004000
1648725537.627967395,0,0.000000
1648725537.648687609,20,0.216000
1648725537.670620935,6,0.075000
1648725537.689649899,3,0.020000
1648725537.711736587,3,0.017000
1648725537.731000675,5,0.046000
1648725537.751401146,1,0.023000
1648725537.771313239,7,0.085000
1648725537.793698768,1,0.033000
1648725537.813672328,2,0.004000
1648725537.835456528,2,0.007000
1648725537.854474710,0,0.018000
1648725537.875775038,1,0.000000
1648725537.897398855,3,0.032000
1648725537.918189861,0,0.000000
1648725537.937028643,0,0.000000
1648725537.958476030,2,0.010000
1648725537.980304711,3,0.021000
1648725538.001279998,0,0.024000
1648725538.021399393,3,0.017000
1648725538.042192386,1,0.004000
1648725538.064205262,1,0.021000
1648725538.085036675,6,0.050000
1648725538.107595346,2,0.031000
1648725538.128099805,1,0.005000
1648725538.150746477,1,0.012000
1648725538.171417075,6,0.079000
1648725538.190775802,0,0.018000
1648725538.212634418,9,0.095000
1648725538.231454599,2,0.005000
1648725538.250475509,1,0.017000
1648725538.270558589,2,0.041000
1648725538.291526188,3,0.056000
1648725538.313367219,2,0.064000
1648725538.333446268,2,0.046000
1648725538.352878811,1,0.000000
1648725538.370661084,0,0.000000
1648725538.390777175,0,0.007000
1648725538.411869659,0,0.018000
1648725538.431931178,6,0.031000
1648725538.451598568,2,0.047000
1648725538.474049338,6,0.071000
1648725538.494357032,0,0.000000
1648725538.516488477,3,0.042000
1648725538.535395632,0,0.000000
1648725538.555097428,0,0.000000
1648725538.574621963,4,0.047000
1648725538.595669023,2,0.000000
1648725538.614878829,14,0.172000
1648725538.635616901,4,0.060000
1648725538.656118151,1,0.019000
1648725538.678060235,5,0.060000
1648725538.699286629,2,0.016000
1648725538.721879432,8,0.103000
1648725538.742848674,0,0.000000
1648725538.763403373,8,0.090000
1648725538.782822207,1,0.004000
1648725538.803292843,0,0.005000
1648725538.825186021,2,0.004000
1648725538.845386563,0,0.000000
1648725538.866380728,1,0.020000
1648725538.888042999,1,0.024000
1648725538.910226758,2,0.023000
1648725538.930357458,1,0.000000
1648725538.952599232,5,0.050000
1648725538.972950447,2,0.031000
1648725538.995629716,1,0.014000
1648725539.015221131,0,0.017000
1648725539.036188677,1,0.007000
1648725539.057078647,3,0.048000
1648725539.081290161,1,0.000000
1648725539.102263556,4,0.022000
1648725539.124688387,0,0.003000
1648725539.146057655,8,0.110000
1648725539.167314236,0,0.006000
1648725539.187961438,2,0.005000
1648725539.208355729,1,0.012000
1648725539.228628470,0,0.012000
1648725539.248402164,0,0.004000
1648725539.268605526,1,0.005000
1648725539.289370846,8,0.085000
1648725539.310763539,12,0.127000
1648725539.331853893,0,0.000000
1648725539.352993618,3,0.016000
1648725539.373246555,0,0.013000
1648725539.395121388,3,0.025000
1648725539.417397579,0,0.006000
1648725539.437937781,1,0.054000
1648725539.459121532,1,0.006000
1648725539.480225796,1,0.000000
1648725539.499347348,1,0.011000
1648725539.519623177,2,0.006000
1648725539.543283078,1,0.001000
1648725539.564182682,7,0.066000
1648725539.585008624,2,0.014000
1648725539.606828891,5,0.022000
1648725539.630875729,0,0.000000
1648725539.651464951,0,0.006000
1648725539.673628887,0,0.000000
1648725539.695950167,4,0.033000
1648725539.715957780,3,0.038000
1648725539.735719814,6,0.065000
1648725539.757007081,2,0.001000
1648725539.775694492,13,0.155000
1648725539.799594670,6,0.066000
1648725539.820351526,1,0.001000
1648725539.842087945,18,0.200000
