1648719478.392441447,2,0.019000
1648719478.413646501,0,0.000000
1648719478.435462448,0,0.001000
1648719478.458635667,2,0.021000
1648719478.482292810,1,0.016000
1648719478.503385437,0,0.001000
1648719478.527753929,8,0.111000
1648719478.549420076,0,0.000000
1648719478.572570929,1,0.001000
1648719478.595151214,0,0.000000
1648719478.617537203,12,0.103000
1648719478.641382168,2,0.001000
1648719478.663374077,11,0.137000
1648719478.685585752,0,0.000000
1648719478.708331528,0,0.000000
1648719478.731141444,12,0.128000
1648719478.754358684,2,0.011000
1648719478.776074960,2,0.001000
1648719478.799374339,14,0.154000
1648719478.823385117,2,0.028000
1648719478.844965747,1,0.014000
1648719478.867377916,8,0.104000
1648719478.890153096,0,0.013000
1648719478.912461390,1,0.010000
1648719478.935485106,9,0.137000
1648719478.957784845,0,0.001000
1648719478.978795562,6,0.070000
1648719479.001710618,1,0.011000
1648719479.024340162,1,0.001000
1648719479.046974119,0,0.009000
1648719479.068812112,5,0.034000
1648719479.091002180,2,0.032000
1648719479.111846731,0,0.000000
1648719479.134496747,7,0.084000
1648719479.158095954,4,0.013000
1648719479.181210270,0,0.000000
1648719479.203427935,0,0.016000
1648719479.227059759,3,0.034000
1648719479.251007511,0,0.004000
1648719479.274085463,1,0.006000
1648719479.297140270,7,0.060000
1648719479.318314425,1,0.000000
1648719479.340834447,0,0.000000
1648719479.364074017,12,0.144000
1648719479.384705668,0,0.000000
1648719479.407139341,11,0.093000
1648719479.428553177,0,0.008000
1648719479.450184407,0,0.001000
1648719479.472902053,10,0.094000
1648719479.495363413,0,0.000000
1648719479.517828463,0,0.000000
1648719479.540086293,5,0.044000
1648719479.562552758,0,0.000000
1648719479.584248092,0,0.000000
1648719479.607109362,12,0.160000
1648719479.628742801,0,0.000000
1648719479.651992309,8,0.140000
1648719479.675183226,0,0.007000
1648719479.696011926,2,0.019000
1648719479.718342813,2,0.035000
1648719479.739929393,0,0.001000
1648719479.761614977,11,0.151000
1648719479.782774612,3,0.023000
1648719479.805225900,2,0.024000
1648719479.828682657,6,0.060000
1648719479.850245812,0,0.009000
1648719479.870735370,0,0.001000
1648719479.893749873,2,0.036000
1648719479.915759236,0,0.000000
1648719479.937966572,1,0.001000
1648719479.960035937,12,0.129000
1648719479.983326957,1,0.001000
1648719480.005537473,0,0.014000
1648719480.027953026,17,0.153000
1648719480.049317006,0,0.013000
1648719480.073131386,0,0.000000
1648719480.096167996,0,0.000000
1648719480.119665043,1,0.017000
1648719480.141591111,0,0.000000
1648719480.163987768,0,0.000000
1648719480.186882785,0,0.000000
1648719480.209335251,0,0.002000
1648719480.231806062,2,0.007000
1648719480.254013284,12,0.161000
1648719480.275204420,0,0.000000
1648719480.297037078,11,0.099000
1648719480.319683250,5,0.082000
1648719480.342969668,0,0.000000
1648719480.365248668,3,0.004000
1648719480.387354433,1,0.007000
1648719480.408195464,0,0.000000
1648719480.429754870,7,0.099000
1648719480.453158551,1,0.010000
1648719480.475883803,0,0.002000
1648719480.497740753,0,0.007000
1648719480.521361788,1,0.016000
1648719480.541941440,0,0.000000
1648719480.564990939,0,0.000000
1648719480.586723860,2,0.021000
1648719480.609503112,0,0.000000
1648719480.630918646,14,0.118000
1648719480.653321147,1,0.001000
1648719480.675638920,0,0.000000
1648719480.697540865,5,0.059000
1648719480.718854240,2,0.001000
1648719480.742692498,0,0.000000
1648719480.764336226,7,0.066000
1648719480.785741441,3,0.010000
1648719480.806767897,0,0.002000
1648719480.828795506,2,0.030000
1648719480.851444521,0,0.000000
1648719480.875219331,1,0.005000
1648719480.897350910,1,0.014000
1648719480.920073345,1,0.006000
1648719480.941831404,1,0.002000
1648719480.963367433,2,0.040000
1648719480.985944297,0,0.000000
1648719481.007420265,10,0.129000
1648719481.027490297,0,0.004000
1648719481.051350855,0,0.000000
1648719481.074042974,10,0.094000
1648719481.096344304,1,0.008000
1648719481.119533735,0,0.001000
1648719481.142939779,0,0.005000
1648719481.165696849,5,0.034000
1648719481.188481145,2,0.007000
1648719481.209855887,2,0.025000
1648719481.231452069,3,0.051000
1648719481.254645131,0,0.000000
1648719481.277529792,1,0.000000
1648719481.301285428,8,0.082000
1648719481.324024950,1,0.000000
1648719481.347199490,2,0.001000
1648719481.368420052,9,0.173000
1648719481.390600914,0,0.004000
1648719481.412167639,1,0.000000
1648719481.435203640,5,0.066000
1648719481.458351973,2,0.035000
1648719481.480701074,0,0.001000
1648719481.501495946,7,0.081000
1648719481.523764304,3,0.006000
1648719481.545254218,0,0.000000
1648719481.568086442,0,0.000000
1648719481.591271908,8,0.081000
1648719481.612436758,0,0.000000
1648719481.634800490,1,0.000000
1648719481.657490672,12,0.083000
1648719481.678918296,3,0.014000
1648719481.701163864,0,0.000000
1648719481.721645880,1,0.016000
1648719481.742677340,0,0.000000
1648719481.764801084,9,0.063000
1648719481.788275741,2,0.005000
1648719481.810425243,1,0.023000
1648719481.832108308,5,0.094000
1648719481.854282157,4,0.030000
1648719481.877314364,0,0.000000
1648719481.899058642,2,0.017000
1648719481.921452677,8,0.093000
1648719481.944066007,0,0.000000
1648719481.966900997,0,0.000000
1648719481.987883242,1,0.000000
1648719482.009654021,0,0.015000
1648719482.031717666,0,0.010000
1648719482.053551281,0,0.000000
1648719482.075968129,4,0.041000
1648719482.095613017,1,0.022000
1648719482.118584173,0,0.000000
1648719482.141191582,11,0.142000
1648719482.162384330,3,0.006000
1648719482.185449880,1,0.001000
1648719482.208265479,1,0.003000
1648719482.229075460,0,0.000000
1648719482.252816161,2,0.018000
1648719482.274399048,0,0.000000
1648719482.296953826,13,0.139000
1648719482.318598282,0,0.000000
1648719482.340686178,0,0.001000
1648719482.363824803,3,0.017000
1648719482.386553909,0,0.000000
1648719482.409322631,4,0.009000
1648719482.433068392,0,0.002000
1648719482.455901951,0,0.000000
1648719482.478763891,8,0.084000
1648719482.501320344,2,0.029000
1648719482.523316919,0,0.000000
1648719482.544971614,7,0.054000
1648719482.566381163,0,0.002000
1648719482.588046896,9,0.082000
1648719482.610740067,0,0.000000
1648719482.634388895,0,0.000000
1648719482.656816329,2,0.029000
1648719482.678663130,1,0.006000
1648719482.700439816,2,0.022000
1648719482.724431501,0,0.001000
1648719482.746813899,0,0.011000
1648719482.768036871,0,0.000000
1648719482.790380560,6,0.093000
1648719482.812787195,0,0.000000
1648719482.833948339,0,0.000000
1648719482.856021090,4,0.022000
1648719482.879189404,0,0.000000
1648719482.901744083,1,0.007000
1648719482.924308339,5,0.095000
1648719482.947116428,0,0.001000
1648719482.969220585,0,0.001000
1648719482.990854698,10,0.083000
1648719483.012618362,1,0.000000
1648719483.036333666,0,0.000000
1648719483.057808513,8,0.078000
1648719483.080070905,0,0.001000
1648719483.102334502,6,0.053000
1648719483.123322659,0,0.000000
1648719483.146488412,0,0.000000
1648719483.168334189,4,0.044000
1648719483.190191817,0,0.010000
1648719483.210279298,0,0.000000
1648719483.232143554,5,0.043000
1648719483.253840694,1,0.001000
1648719483.276624079,1,0.009000
1648719483.299325987,2,0.015000
1648719483.321318312,0,0.000000
1648719483.343390882,2,0.010000
1648719483.365341739,3,0.036000
1648719483.387279151,0,0.001000
1648719483.409383257,0,0.000000
1648719483.429592830,4,0.055000
1648719483.451235000,0,0.001000
1648719483.475145103,0,0.000000
1648719483.498901847,17,0.199000
1648719483.520812905,0,0.009000
1648719483.543413089,1,0.004000
1648719483.565136062,12,0.138000
1648719483.587369716,0,0.011000
1648719483.610780035,0,0.000000
1648719483.631140716,12,0.113000
1648719483.652661437,0,0.000000
1648719483.674893959,0,0.000000
1648719483.697358942,0,0.000000
1648719483.719916769,2,0.016000
1648719483.742628666,0,0.000000
1648719483.764947837,0,0.000000
1648719483.787200584,4,0.045000
1648719483.807893213,0,0.008000
1648719483.829315382,3,0.036000
1648719483.851072815,0,0.000000
1648719483.873401780,0,0.000000
1648719483.896266071,11,0.149000
1648719483.918277041,1,0.008000
1648719483.940925176,1,0.010000
1648719483.962647769,5,0.071000
1648719483.986161383,4,0.027000
1648719484.007650315,0,0.000000
1648719484.030411007,0,0.004000
1648719484.052755775,4,0.039000
1648719484.074948440,0,0.014000
1648719484.096850533,0,0.000000
1648719484.119262296,4,0.048000
1648719484.141933133,1,0.015000
1648719484.163962992,0,0.004000
1648719484.185736474,12,0.155000
1648719484.208939661,2,0.015000
1648719484.230978803,0,0.014000
1648719484.253549925,2,0.015000
1648719484.276312931,4,0.051000
1648719484.299685135,0,0.000000
1648719484.322299277,0,0.007000
1648719484.344383836,2,0.060000
1648719484.367982606,1,0.022000
1648719484.388686051,5,0.073000
1648719484.410591397,0,0.032000
1648719484.432666142,0,0.015000
1648719484.456813736,0,0.000000
1648719484.479355756,6,0.065000
1648719484.501929981,10,0.089000
1648719484.524455359,0,0.026000
1648719484.545037198,0,0.004000
1648719484.568117362,0,0.000000
1648719484.591909143,0,0.000000
1648719484.613859996,0,0.000000
1648719484.634907804,0,0.000000
1648719484.658222581,0,0.001000
1648719484.679709550,6,0.101000
1648719484.703013269,2,0.030000
1648719484.725694446,2,0.026000
1648719484.748997470,0,0.024000
1648719484.772017232,14,0.153000
1648719484.794173394,0,0.000000
1648719484.817255124,0,0.000000
1648719484.840914047,11,0.138000
1648719484.862415888,0,0.010000
1648719484.883098212,2,0.013000
1648719484.905547841,6,0.063000
1648719484.928330099,0,0.003000
1648719484.950858784,0,0.000000
1648719484.971628190,0,0.009000
1648719484.994993551,0,0.000000
1648719485.018318826,0,0.000000
1648719485.040472129,7,0.042000
1648719485.062419057,0,0.000000
1648719485.085011964,0,0.000000
1648719485.107934800,10,0.129000
1648719485.130547413,0,0.000000
1648719485.153474140,0,0.013000
1648719485.176861430,5,0.086000
1648719485.199975879,1,0.013000
1648719485.222735177,0,0.000000
1648719485.244132813,12,0.176000
1648719485.266342102,1,0.019000
1648719485.288577090,2,0.000000
1648719485.309114246,1,0.010000
1648719485.332443055,0,0.001000
1648719485.353299739,1,0.025000
1648719485.374923321,4,0.026000
1648719485.396847338,0,0.000000
1648719485.417975040,1,0.026000
1648719485.441443652,14,0.130000
1648719485.464816267,3,0.027000
1648719485.487669051,0,0.000000
1648719485.509662829,2,0.000000
1648719485.532235813,5,0.053000
1648719485.554542470,0,0.000000
1648719485.577303590,3,0.101000
1648719485.597802772,1,0.019000
1648719485.619163183,0,0.000000
1648719485.643324987,1,0.006000
1648719485.666812663,7,0.106000
1648719485.689937004,5,0.050000
1648719485.713324139,1,0.020000
1648719485.735485745,0,0.010000
1648719485.755787963,4,0.039000
1648719485.777776112,1,0.003000
1648719485.799333970,0,0.000000
1648719485.821300991,10,0.096000
1648719485.844383758,0,0.012000
1648719485.865174274,0,0.016000
1648719485.887906770,7,0.075000
1648719485.909894159,0,0.000000
1648719485.932985395,0,0.000000
1648719485.953391950,6,0.075000
1648719485.976026323,1,0.000000
1648719485.998450456,1,0.008000
1648719486.021733946,8,0.095000
1648719486.044402397,0,0.000000
1648719486.065180939,0,0.000000
1648719486.088989778,2,0.023000
1648719486.111376281,1,0.020000
1648719486.133390835,0,0.000000
1648719486.157760839,3,0.061000
1648719486.179297177,5,0.045000
1648719486.203223368,0,0.001000
1648719486.225563738,0,0.001000
1648719486.247489785,13,0.149000
1648719486.270458115,0,0.000000
1648719486.293589630,1,0.043000
1648719486.317969149,0,0.000000
1648719486.341041941,9,0.113000
1648719486.364277358,8,0.102000
1648719486.387138178,0,0.000000
1648719486.408333908,0,0.000000
1648719486.430682033,5,0.070000
1648719486.452568706,0,0.000000
1648719486.473860069,0,0.000000
1648719486.496257877,6,0.074000
1648719486.519775172,2,0.001000
1648719486.542679663,2,0.019000
1648719486.565728971,1,0.004000
1648719486.587501528,1,0.001000
1648719486.609245329,0,0.000000
1648719486.630704494,10,0.121000
1648719486.653125066,4,0.043000
1648719486.674690566,0,0.000000
1648719486.698173566,1,0.001000
1648719486.720171059,14,0.169000
1648719486.742800859,1,0.038000
1648719486.766252441,0,0.000000
1648719486.788990297,0,0.020000
1648719486.812161818,5,0.084000
1648719486.834301879,1,0.000000
1648719486.855322083,9,0.082000
1648719486.877551054,1,0.008000
1648719486.899047019,0,0.009000
1648719486.921970135,2,0.021000
1648719486.946192490,13,0.139000
1648719486.967223094,0,0.007000
1648719486.987545370,2,0.040000
1648719487.007433260,10,0.073000
1648719487.030822523,2,0.020000
1648719487.052251558,5,0.075000
1648719487.073844261,3,0.013000
1648719487.097444263,0,0.000000
1648719487.120261541,0,0.000000
1648719487.143111742,8,0.095000
1648719487.165828316,1,0.000000
1648719487.185892094,1,0.028000
1648719487.207544631,7,0.047000
1648719487.230155910,2,0.035000
1648719487.252992708,0,0.001000
1648719487.274209120,0,0.000000
1648719487.296838766,7,0.061000
1648719487.318348023,0,0.000000
1648719487.340801150,0,0.000000
1648719487.363917325,14,0.174000
1648719487.386057386,0,0.005000
1648719487.405199752,9,0.095000
1648719487.426475942,0,0.000000
1648719487.446706466,0,0.000000
1648719487.467622194,0,0.000000
1648719487.490268609,1,0.019000
1648719487.512523561,0,0.000000
1648719487.534470473,0,0.000000
1648719487.558178138,1,0.012000
1648719487.582529535,2,0.011000
1648719487.605767154,2,0.021000
1648719487.627254784,0,0.000000
1648719487.651340165,0,0.000000
1648719487.672935346,12,0.135000
1648719487.695559923,0,0.000000
1648719487.717813530,2,0.023000
1648719487.740073274,7,0.106000
1648719487.763974189,0,0.000000
1648719487.786192625,0,0.017000
1648719487.807802957,2,0.026000
1648719487.831452154,2,0.000000
1648719487.853894274,0,0.006000
1648719487.874246061,5,0.062000
1648719487.895412536,2,0.019000
1648719487.919211673,0,0.000000
1648719487.941994893,0,0.000000
1648719487.964699530,10,0.149000
1648719487.986781595,0,0.000000
1648719488.012039905,1,0.010000
1648719488.034493552,0,0.021000
1648719488.056988018,11,0.117000
1648719488.078166467,1,0.011000
1648719488.099895064,1,0.031000
1648719488.122314803,5,0.083000
1648719488.144264215,2,0.065000
1648719488.167302734,0,0.000000
1648719488.190314407,0,0.000000
1648719488.213650352,2,0.018000
1648719488.236132913,12,0.128000
1648719488.259172049,0,0.006000
1648719488.281672129,0,0.000000
1648719488.304058469,0,0.000000
1648719488.326117762,0,0.000000
1648719488.348849989,8,0.073000
1648719488.371228348,10,0.132000
1648719488.394339631,1,0.034000
1648719488.417577979,0,0.005000
1648719488.439478493,11,0.173000
1648719488.462271146,2,0.010000
1648719488.485078242,0,0.000000
1648719488.506701382,1,0.051000
1648719488.527773043,9,0.097000
1648719488.551729423,2,0.018000
1648719488.573831937,0,0.011000
1648719488.596956989,0,0.000000
1648719488.619056573,2,0.015000
1648719488.640772254,0,0.000000
1648719488.664972410,1,0.013000
1648719488.686427723,6,0.055000
1648719488.708953033,2,0.027000
1648719488.731651718,0,0.000000
1648719488.754744220,0,0.000000
1648719488.776179170,6,0.094000
1648719488.798768792,8,0.070000
1648719488.821719137,0,0.011000
1648719488.845353504,0,0.000000
1648719488.868120385,1,0.011000
1648719488.890972484,4,0.036000
1648719488.911484213,1,0.010000
1648719488.934734675,0,0.000000
1648719488.957085518,14,0.153000
1648719488.979655759,0,0.000000
1648719489.002040876,0,0.000000
1648719489.023682314,14,0.146000
1648719489.047407284,0,0.000000
1648719489.069566102,0,0.000000
1648719489.092095683,8,0.089000
1648719489.114373487,0,0.000000
1648719489.136265222,0,0.003000
1648719489.158827346,5,0.047000
1648719489.182340916,0,0.004000
1648719489.205278789,0,0.006000
1648719489.229276104,9,0.117000
1648719489.250780312,3,0.034000
1648719489.274561454,1,0.001000
1648719489.295843509,2,0.040000
1648719489.319493079,2,0.000000
1648719489.342208895,0,0.000000
1648719489.364349877,8,0.083000
1648719489.387313423,0,0.000000
1648719489.408736009,1,0.003000
1648719489.433211653,10,0.083000
1648719489.454460616,0,0.002000
1648719489.476916486,0,0.000000
1648719489.498918031,8,0.117000
1648719489.522019906,0,0.000000
1648719489.543837477,0,0.018000
1648719489.567337117,7,0.068000
1648719489.589776751,0,0.005000
1648719489.612740610,15,0.175000
1648719489.635069171,3,0.052000
1648719489.658019911,2,0.020000
1648719489.680387840,0,0.000000
1648719489.702241461,6,0.067000
1648719489.723200591,0,0.000000
1648719489.745677293,0,0.000000
1648719489.767167665,6,0.061000
1648719489.788862776,0,0.000000
1648719489.810605591,13,0.154000
1648719489.832326516,0,0.041000
1648719489.854851621,1,0.000000
1648719489.877378667,9,0.129000
1648719489.899355533,0,0.000000
1648719489.921916335,0,0.003000
1648719489.944531381,6,0.095000
1648719489.967787716,8,0.060000
1648719489.990578274,3,0.037000
1648719490.013373990,1,0.019000
1648719490.036165092,0,0.000000
1648719490.059014038,6,0.096000
1648719490.082095951,0,0.000000
1648719490.101322387,0,0.011000
1648719490.123594673,7,0.067000
1648719490.146078184,0,0.000000
1648719490.168746164,0,0.000000
1648719490.191764482,8,0.083000
1648719490.213405686,1,0.022000
1648719490.236873302,0,0.003000
1648719490.258253598,1,0.012000
1648719490.281433698,5,0.076000
1648719490.304360258,0,0.004000
1648719490.326669594,0,0.000000
1648719490.349618506,1,0.035000
1648719490.369937874,2,0.008000
1648719490.392282773,0,0.000000
1648719490.413079344,13,0.172000
1648719490.435928116,0,0.000000
1648719490.457056840,1,0.000000
1648719490.479764226,12,0.168000
1648719490.501457146,0,0.000000
1648719490.523973244,0,0.000000
1648719490.547310429,1,0.000000
1648719490.570459084,2,0.024000
1648719490.593955242,0,0.006000
1648719490.615236254,0,0.015000
1648719490.638238469,3,0.018000
1648719490.661339893,7,0.087000
1648719490.684620267,7,0.074000
1648719490.709506321,0,0.000000
1648719490.731885179,0,0.007000
1648719490.754240079,13,0.153000
1648719490.776503017,3,0.035000
1648719490.798177958,0,0.000000
1648719490.818374326,5,0.087000
1648719490.839904408,2,0.018000
1648719490.863453556,0,0.014000
1648719490.885338903,0,0.000000
1648719490.908668694,0,0.009000
1648719490.929901324,0,0.000000
1648719490.952204472,1,0.028000
1648719490.975124125,0,0.009000
1648719490.997972421,3,0.037000
1648719491.018531723,1,0.011000
1648719491.041544821,0,0.000000
1648719491.064424612,11,0.132000
1648719491.087120067,1,0.000000
1648719491.108977928,1,0.005000
1648719491.129207769,14,0.141000
1648719491.150911697,1,0.011000
1648719491.173724420,0,0.000000
1648719491.197843068,1,0.004000
1648719491.221079120,1,0.012000
1648719491.243340268,0,0.000000
1648719491.266085761,0,0.012000
1648719491.290508266,2,0.013000
1648719491.313901875,6,0.092000
1648719491.335934941,0,0.000000
1648719491.359182590,0,0.001000
1648719491.382410085,14,0.180000
1648719491.406109622,0,0.015000
1648719491.428349236,0,0.000000
1648719491.452209456,12,0.129000
1648719491.474302980,0,0.000000
1648719491.496981554,0,0.005000
1648719491.517610782,9,0.107000
1648719491.541892981,0,0.019000
1648719491.563082273,0,0.001000
1648719491.586707784,0,0.000000
1648719491.610797276,2,0.031000
1648719491.632420043,2,0.021000
1648719491.654789018,1,0.001000
1648719491.678711372,0,0.004000
1648719491.702676967,9,0.106000
1648719491.725245713,7,0.061000
1648719491.749268427,0,0.008000
1648719491.771968669,0,0.000000
1648719491.796261169,9,0.126000
1648719491.818696719,5,0.066000
1648719491.841774276,0,0.000000
1648719491.862370054,0,0.000000
1648719491.885595091,12,0.134000
1648719491.907834597,0,0.003000
1648719491.928412958,0,0.000000
1648719491.950541734,11,0.115000
1648719491.973009060,0,0.028000
1648719491.995187266,0,0.003000
1648719492.018843211,0,0.000000
1648719492.040871654,14,0.151000
1648719492.063601366,0,0.001000
1648719492.087492090,0,0.000000
1648719492.108552462,5,0.036000
1648719492.130982957,0,0.000000
1648719492.152137733,3,0.027000
1648719492.173941447,4,0.046000
1648719492.198023754,0,0.016000
1648719492.220307004,0,0.000000
1648719492.244035849,1,0.000000
1648719492.266598469,0,0.016000
1648719492.289370435,0,0.000000
1648719492.313343120,0,0.009000
1648719492.336502729,4,0.042000
1648719492.359245356,0,0.000000
1648719492.382300855,0,0.000000
1648719492.405541545,9,0.099000
1648719492.428195200,0,0.000000
1648719492.448859143,0,0.015000
1648719492.472919986,12,0.147000
1648719492.495632919,1,0.013000
1648719492.517811699,0,0.003000
1648719492.541780067,1,0.010000
1648719492.564021296,10,0.128000
1648719492.587352262,1,0.000000
1648719492.609782751,2,0.011000
1648719492.633437344,0,0.001000
1648719492.656634013,13,0.152000
1648719492.678068349,1,0.017000
1648719492.700478450,0,0.000000
1648719492.723172935,8,0.193000
1648719492.746781915,1,0.026000
1648719492.767206822,0,0.000000
1648719492.789960961,1,0.014000
1648719492.812588203,0,0.012000
1648719492.836124596,0,0.000000
1648719492.859375189,4,0.055000
1648719492.881959048,0,0.006000
1648719492.905128071,0,0.000000
1648719492.926790054,8,0.086000
1648719492.948686414,0,0.000000
1648719492.970101617,1,0.000000
1648719492.993856342,10,0.078000
1648719493.014666458,0,0.001000
1648719493.036880418,1,0.002000
1648719493.058341413,2,0.024000
1648719493.081427866,1,0.017000
1648719493.103811335,0,0.000000
1648719493.126602603,8,0.083000
1648719493.148078582,2,0.010000
1648719493.169640212,0,0.000000
1648719493.190919164,6,0.069000
1648719493.213755219,0,0.000000
1648719493.235771615,0,0.010000
1648719493.258902561,11,0.130000
1648719493.281235694,0,0.000000
1648719493.304202868,0,0.003000
1648719493.326706330,1,0.023000
1648719493.349901758,0,0.000000
1648719493.371290878,0,0.000000
1648719493.396872725,0,0.000000
1648719493.419801491,0,0.004000
1648719493.441802216,0,0.015000
1648719493.462503578,1,0.000000
1648719493.484273516,6,0.059000
1648719493.505395899,0,0.009000
1648719493.527466664,0,0.017000
1648719493.549114946,2,0.026000
1648719493.570318511,0,0.000000
1648719493.592683024,3,0.012000
1648719493.615059859,10,0.122000
1648719493.636883262,0,0.000000
1648719493.659166001,0,0.000000
1648719493.681970611,1,0.030000
1648719493.702778705,2,0.036000
1648719493.724655334,1,0.004000
1648719493.746953584,10,0.129000
1648719493.768045554,0,0.001000
1648719493.790216794,4,0.004000
1648719493.814215356,0,0.000000
1648719493.838146331,1,0.028000
1648719493.861230061,0,0.001000
1648719493.884404611,0,0.033000
1648719493.908382459,0,0.005000
1648719493.932000133,0,0.000000
1648719493.954629514,9,0.113000
1648719493.977385113,0,0.000000
1648719494.001086378,1,0.020000
1648719494.024630229,8,0.077000
1648719494.047789621,0,0.011000
1648719494.070415832,5,0.093000
1648719494.092096772,0,0.017000
1648719494.114122821,0,0.000000
1648719494.136751428,11,0.094000
1648719494.159755827,0,0.011000
1648719494.179876859,5,0.093000
1648719494.202261493,4,0.026000
1648719494.224306627,0,0.000000
1648719494.244258259,7,0.101000
1648719494.268291079,0,0.000000
1648719494.290932165,5,0.055000
1648719494.312993283,3,0.005000
1648719494.335502480,3,0.036000
1648719494.356160808,1,0.010000
1648719494.379459557,1,0.025000
1648719494.402980205,10,0.085000
1648719494.425137680,2,0.037000
1648719494.448750762,0,0.014000
1648719494.472577655,1,0.001000
1648719494.495418133,4,0.052000
1648719494.517209154,0,0.000000
1648719494.540758622,0,0.000000
1648719494.564497976,9,0.167000
1648719494.586958244,3,0.033000
1648719494.610303484,0,0.000000
1648719494.632543561,0,0.006000
1648719494.655269450,8,0.098000
1648719494.678520197,4,0.007000
1648719494.701165067,0,0.000000
1648719494.723983955,0,0.000000
1648719494.747117211,3,0.052000
1648719494.768570082,1,0.020000
1648719494.790103873,0,0.000000
1648719494.813669267,14,0.146000
1648719494.836191654,0,0.000000
1648719494.858190113,0,0.000000
1648719494.880748742,0,0.005000
1648719494.901351284,3,0.027000
1648719494.922677163,0,0.016000
1648719494.945952998,12,0.114000
1648719494.968944267,2,0.031000
1648719494.992506881,0,0.000000
1648719495.015943395,0,0.005000
1648719495.039210438,10,0.103000
1648719495.061767150,0,0.004000
1648719495.085984041,1,0.002000
1648719495.108458773,1,0.003000
1648719495.131399157,7,0.093000
1648719495.155036497,5,0.037000
1648719495.178524310,0,0.007000
1648719495.202175731,0,0.023000
1648719495.225885466,0,0.000000
1648719495.247596696,6,0.050000
1648719495.270074297,1,0.010000
1648719495.291873280,0,0.000000
1648719495.314021728,2,0.015000
1648719495.336220827,0,0.002000
1648719495.360009055,0,0.015000
1648719495.382110437,1,0.017000
1648719495.404943972,0,0.000000
1648719495.428287636,1,0.022000
1648719495.450379055,0,0.011000
1648719495.473377988,0,0.000000
1648719495.494744869,14,0.130000
1648719495.516879818,2,0.023000
1648719495.540162022,1,0.015000
1648719495.561380196,1,0.032000
1648719495.583705440,3,0.043000
1648719495.604456414,1,0.004000
1648719495.626885626,0,0.001000
1648719495.649665018,0,0.000000
1648719495.672199075,2,0.018000
1648719495.695377474,0,0.000000
1648719495.718061921,7,0.073000
1648719495.740861181,5,0.060000
1648719495.764325554,0,0.003000
1648719495.786541154,12,0.120000
1648719495.809239163,0,0.000000
1648719495.831879088,1,0.015000
1648719495.852754418,0,0.000000
1648719495.874970421,0,0.000000
1648719495.896155332,0,0.000000
1648719495.919274297,3,0.019000
1648719495.940304708,0,0.000000
1648719495.961958226,10,0.094000
1648719495.983987443,0,0.000000
1648719496.005930158,1,0.001000
1648719496.029602563,0,0.022000
1648719496.052074492,6,0.074000
1648719496.075964405,0,0.012000
1648719496.098483963,0,0.000000
1648719496.120410074,8,0.086000
1648719496.144313325,1,0.028000
1648719496.165676244,0,0.001000
1648719496.188559594,5,0.072000
1648719496.209863639,0,0.003000
1648719496.232767458,0,0.000000
1648719496.254376395,6,0.051000
1648719496.275682715,0,0.001000
1648719496.299183142,0,0.008000
1648719496.323064668,3,0.022000
1648719496.345612557,3,0.019000
1648719496.367570961,0,0.001000
1648719496.389316544,5,0.085000
1648719496.412207046,0,0.000000
1648719496.435044088,0,0.000000
1648719496.457162927,0,0.000000
1648719496.480691645,4,0.021000
1648719496.503879200,1,0.012000
1648719496.525254627,0,0.000000
1648719496.549105698,0,0.013000
1648719496.572470050,4,0.027000
1648719496.593472117,1,0.005000
1648719496.614007305,4,0.081000
1648719496.636872361,5,0.050000
1648719496.659118872,0,0.003000
1648719496.681499908,1,0.008000
1648719496.704488051,0,0.000000
1648719496.725734630,0,0.000000
1648719496.747327505,0,0.000000
1648719496.771651175,6,0.042000
1648719496.793223822,1,0.012000
1648719496.813599022,2,0.019000
1648719496.835931502,0,0.000000
1648719496.858054667,1,0.000000
1648719496.880184960,2,0.016000
1648719496.901793058,0,0.008000
1648719496.924700707,0,0.000000
1648719496.948198706,1,0.029000
1648719496.970865993,1,0.007000
1648719496.991991946,2,0.006000
1648719497.014192581,11,0.114000
1648719497.036113885,1,0.002000
1648719497.058595495,0,0.000000
1648719497.082167163,0,0.000000
1648719497.105318025,3,0.039000
1648719497.127670806,0,0.000000
1648719497.149099094,0,0.000000
1648719497.173058738,15,0.184000
1648719497.194579063,0,0.006000
1648719497.216826354,0,0.004000
1648719497.238283050,12,0.150000
1648719497.260775699,0,0.000000
1648719497.281788392,1,0.001000
1648719497.304446001,11,0.114000
1648719497.326944681,0,0.000000
1648719497.349299336,0,0.014000
1648719497.372639100,10,0.078000
1648719497.394962711,1,0.005000
1648719497.416686457,0,0.000000
1648719497.439575162,7,0.057000
1648719497.462097092,1,0.016000
1648719497.483649059,0,0.000000
1648719497.506826583,1,0.035000
1648719497.530219853,2,0.012000
1648719497.551373683,0,0.000000
1648719497.573198783,8,0.087000
1648719497.596726795,0,0.006000
1648719497.620413421,1,0.011000
1648719497.642369630,8,0.108000
1648719497.664542576,11,0.125000
1648719497.686834720,0,0.005000
1648719497.708865602,0,0.000000
1648719497.731195651,14,0.145000
1648719497.752397315,1,0.000000
1648719497.776013658,0,0.002000
1648719497.797812018,2,0.025000
1648719497.820532139,1,0.023000
1648719497.844253621,0,0.000000
1648719497.865160918,2,0.028000
1648719497.886689713,3,0.035000
1648719497.907779085,0,0.000000
1648719497.930005058,6,0.071000
1648719497.951518928,6,0.043000
1648719497.972497001,0,0.000000
1648719497.994086441,0,0.000000
1648719498.017934178,0,0.000000
1648719498.040201708,0,0.000000
1648719498.062604743,4,0.066000
1648719498.084600040,0,0.008000
1648719498.108190764,1,0.006000
1648719498.131500222,7,0.054000
1648719498.155822406,0,0.019000
1648719498.178644391,1,0.011000
1648719498.201968636,13,0.182000
1648719498.223842369,1,0.006000
1648719498.246549466,0,0.000000
1648719498.270148085,9,0.088000
1648719498.292483150,1,0.023000
1648719498.315670752,0,0.000000
1648719498.339082563,0,0.000000
1648719498.362946115,5,0.058000
1648719498.384303815,0,0.000000
1648719498.406996359,0,0.000000
1648719498.428920009,1,0.016000
1648719498.449898830,1,0.001000
1648719498.470807285,2,0.023000
1648719498.492926951,0,0.003000
1648719498.515000641,0,0.000000
1648719498.538457945,0,0.000000
1648719498.560505805,0,0.000000
1648719498.583324041,11,0.116000
1648719498.605986034,4,0.046000
1648719498.628326756,1,0.006000
1648719498.651203957,6,0.094000
1648719498.672332963,2,0.011000
1648719498.695035749,1,0.012000
1648719498.716328719,6,0.089000
1648719498.738026760,2,0.005000
1648719498.761175283,0,0.000000
1648719498.783769654,7,0.082000
1648719498.806793602,2,0.024000
1648719498.829725959,2,0.014000
1648719498.851481430,1,0.000000
1648719498.873203274,2,0.022000
1648719498.895184739,1,0.002000
1648719498.917443197,11,0.148000
1648719498.939361825,0,0.000000
1648719498.962107888,0,0.000000
1648719498.984995927,0,0.009000
1648719499.007392391,2,0.021000
1648719499.029311644,0,0.000000
1648719499.050623166,0,0.000000
1648719499.074136048,4,0.032000
1648719499.096469168,1,0.005000
1648719499.118991376,0,0.000000
1648719499.141574600,14,0.153000
1648719499.164240097,4,0.016000
1648719499.185614179,0,0.000000
1648719499.208108731,15,0.172000
1648719499.231150269,0,0.008000
1648719499.253744170,3,0.062000
1648719499.275344944,2,0.033000
1648719499.297198980,2,0.002000
1648719499.319156745,8,0.116000
1648719499.343165463,0,0.001000
1648719499.365703470,0,0.000000
1648719499.387192344,0,0.000000
1648719499.409496088,2,0.008000
1648719499.433497451,8,0.076000
1648719499.455807539,0,0.011000
1648719499.479759836,0,0.003000
1648719499.501716099,14,0.161000
1648719499.524252140,0,0.000000
1648719499.547631322,0,0.000000
1648719499.570032382,3,0.046000
1648719499.594028658,2,0.019000
1648719499.617258213,0,0.000000
1648719499.640588942,0,0.018000
1648719499.664986498,0,0.000000
1648719499.688760509,9,0.120000
1648719499.709506910,0,0.000000
1648719499.731341099,0,0.000000
1648719499.754539148,10,0.115000
1648719499.775657862,0,0.000000
1648719499.797204201,0,0.011000
1648719499.820745821,10,0.104000
1648719499.843403951,0,0.010000
1648719499.866426156,0,0.000000
1648719499.889372653,6,0.082000
1648719499.912308781,0,0.003000
1648719499.932060137,0,0.001000
1648719499.955924920,6,0.084000
1648719499.979233797,1,0.000000
1648719500.001842622,0,0.000000
1648719500.023309276,11,0.128000
1648719500.045609429,1,0.014000
1648719500.067817394,0,0.000000
1648719500.089734732,0,0.000000
1648719500.113937927,5,0.066000
1648719500.136716942,0,0.000000
1648719500.159720969,0,0.000000
1648719500.182381525,7,0.087000
1648719500.204757475,5,0.031000
1648719500.227429625,0,0.000000
1648719500.250016039,0,0.011000
1648719500.273260837,9,0.093000
1648719500.295962367,4,0.032000
1648719500.319076779,0,0.000000
1648719500.340489937,2,0.011000
1648719500.362883551,7,0.059000
1648719500.385460319,0,0.009000
1648719500.407664582,14,0.137000
1648719500.431132368,0,0.000000
1648719500.453601103,1,0.012000
1648719500.475921762,0,0.000000
1648719500.498321077,2,0.032000
1648719500.519097643,0,0.000000
1648719500.540560883,10,0.100000
1648719500.561154258,1,0.037000
1648719500.583769365,0,0.010000
1648719500.606248169,0,0.004000
1648719500.628705170,0,0.030000
1648719500.651585376,0,0.000000
1648719500.675840162,0,0.010000
1648719500.697077633,8,0.131000
1648719500.720104729,1,0.022000
1648719500.742391898,0,0.000000
1648719500.765286549,4,0.054000
1648719500.787478172,6,0.070000
1648719500.810888648,10,0.112000
1648719500.833806575,0,0.020000
1648719500.856203930,0,0.000000
1648719500.878668971,3,0.033000
1648719500.900814648,0,0.000000
1648719500.921897153,13,0.119000
1648719500.944434835,0,0.017000
1648719500.967078641,5,0.063000
1648719500.988931356,2,0.039000
1648719501.011695480,0,0.000000
1648719501.034485624,5,0.066000
1648719501.055634183,10,0.070000
1648719501.077109813,0,0.000000
1648719501.100661565,0,0.038000
1648719501.122851092,4,0.087000
1648719501.145973149,9,0.100000
1648719501.168333968,0,0.015000
1648719501.189410225,1,0.007000
1648719501.212296783,5,0.057000
1648719501.234460811,0,0.015000
1648719501.256748524,1,0.000000
1648719501.279960024,5,0.084000
1648719501.299070143,0,0.006000
1648719501.320855603,13,0.136000
1648719501.342803743,0,0.003000
1648719501.366321194,0,0.002000
1648719501.387806750,8,0.086000
1648719501.410021595,1,0.019000
1648719501.431926077,0,0.000000
1648719501.455042519,0,0.000000
1648719501.477896571,3,0.062000
1648719501.500653974,1,0.000000
1648719501.522686396,1,0.016000
1648719501.545916445,0,0.000000
1648719501.567193266,0,0.019000
1648719501.589579307,1,0.018000
1648719501.613186227,1,0.005000
1648719501.635904773,1,0.000000
1648719501.656775310,0,0.000000
1648719501.679377546,7,0.103000
1648719501.701939942,4,0.064000
1648719501.724549356,0,0.000000
1648719501.747406217,0,0.003000
1648719501.767327885,2,0.008000
1648719501.788597255,0,0.000000
1648719501.811590653,1,0.008000
1648719501.833989270,3,0.057000
1648719501.855918524,3,0.004000
1648719501.879804886,1,0.012000
1648719501.902719829,0,0.000000
1648719501.923797263,1,0.004000
1648719501.943542480,0,0.000000
1648719501.965974526,7,0.081000
1648719501.989313105,5,0.069000
1648719502.012568519,0,0.015000
1648719502.035252118,0,0.000000
1648719502.056723090,2,0.001000
1648719502.078289614,0,0.000000
1648719502.101901118,0,0.000000
1648719502.124095282,7,0.083000
1648719502.145672092,0,0.000000
1648719502.168648470,4,0.052000
1648719502.190622210,0,0.024000
1648719502.211725032,0,0.006000
1648719502.234581370,9,0.185000
1648719502.255390024,0,0.000000
1648719502.276888216,0,0.000000
1648719502.298771172,0,0.000000
1648719502.322081321,0,0.000000
1648719502.344423191,9,0.131000
1648719502.366488407,0,0.000000
1648719502.388866186,0,0.000000
1648719502.411936404,7,0.062000
1648719502.432942599,1,0.013000
1648719502.454489404,0,0.014000
1648719502.476815301,9,0.089000
1648719502.499610759,2,0.035000
1648719502.522259085,0,0.011000
1648719502.544873137,2,0.040000
1648719502.567295029,15,0.179000
1648719502.591451076,0,0.012000
1648719502.613547356,0,0.000000
1648719502.635060865,10,0.097000
1648719502.656355771,2,0.014000
1648719502.678134583,5,0.062000
1648719502.699716311,1,0.013000
1648719502.721937170,0,0.000000
1648719502.745241151,0,0.000000
1648719502.766893853,3,0.028000
1648719502.788789898,0,0.004000
1648719502.811718334,0,0.000000
1648719502.834233917,8,0.094000
1648719502.857504753,5,0.069000
1648719502.879667000,1,0.007000
1648719502.902379118,0,0.000000
1648719502.924217908,1,0.009000
1648719502.945826021,0,0.000000
1648719502.968548696,0,0.000000
1648719502.989685437,0,0.000000
1648719503.011510382,0,0.000000
1648719503.033752109,13,0.163000
1648719503.056025163,0,0.009000
1648719503.077141752,0,0.000000
1648719503.098661276,9,0.137000
1648719503.120835524,0,0.000000
1648719503.141870486,0,0.000000
1648719503.164214053,5,0.052000
1648719503.187410010,1,0.013000
1648719503.209424269,2,0.008000
1648719503.230345578,11,0.131000
1648719503.253263046,1,0.017000
1648719503.274101025,0,0.000000
1648719503.294616914,1,0.012000
1648719503.316550024,0,0.000000
1648719503.339303338,9,0.075000
1648719503.362619241,4,0.023000
1648719503.385022537,1,0.035000
1648719503.406037933,10,0.094000
1648719503.427915309,1,0.009000
1648719503.449806859,0,0.000000
1648719503.472488258,0,0.008000
1648719503.495332750,4,0.031000
1648719503.517633619,0,0.000000
1648719503.539647045,0,0.000000
1648719503.560248937,0,0.010000
1648719503.583193623,2,0.012000
1648719503.606120964,0,0.012000
1648719503.629214633,2,0.001000
1648719503.651614234,0,0.000000
1648719503.675036198,0,0.000000
1648719503.695987381,8,0.091000
1648719503.719354176,0,0.015000
1648719503.741699146,0,0.000000
1648719503.764344628,2,0.069000
1648719503.786041324,1,0.000000
1648719503.808276936,0,0.000000
1648719503.832787724,0,0.010000
1648719503.854696342,8,0.081000
1648719503.878167856,1,0.001000
1648719503.899890739,0,0.018000
1648719503.923087672,2,0.002000
1648719503.945931046,0,0.000000
1648719503.969301675,10,0.130000
1648719503.991648499,1,0.015000
1648719504.014420588,0,0.003000
1648719504.038145412,0,0.000000
1648719504.061741677,11,0.107000
1648719504.083249140,0,0.001000
1648719504.106040849,0,0.000000
1648719504.128032143,10,0.127000
1648719504.150787163,0,0.000000
1648719504.171147330,0,0.001000
1648719504.194234892,7,0.096000
1648719504.215477110,0,0.000000
1648719504.237551768,1,0.000000
1648719504.259857933,7,0.063000
1648719504.283119285,2,0.000000
1648719504.304948115,0,0.000000
1648719504.327032614,9,0.135000
1648719504.349943152,4,0.047000
1648719504.372898535,0,0.000000
1648719504.394326304,2,0.085000
1648719504.415953655,0,0.020000
1648719504.438770925,1,0.001000
1648719504.460258584,1,0.000000
1648719504.482999049,0,0.025000
1648719504.504622867,0,0.000000
1648719504.527602362,0,0.000000
1648719504.549065010,4,0.055000
1648719504.571526191,2,0.037000
1648719504.593781166,7,0.108000
1648719504.617110997,2,0.015000
1648719504.640391423,0,0.002000
1648719504.663345971,0,0.000000
1648719504.685994164,2,0.018000
1648719504.707942035,0,0.000000
1648719504.731196242,9,0.113000
1648719504.752770318,0,0.000000
1648719504.774295216,6,0.058000
1648719504.794208605,1,0.009000
1648719504.816507187,6,0.099000
1648719504.838653158,0,0.000000
1648719504.860983186,0,0.016000
1648719504.880433846,1,0.005000
1648719504.902561846,0,0.000000
1648719504.924873276,11,0.124000
1648719504.945616362,0,0.000000
1648719504.966290269,0,0.006000
1648719504.988860799,8,0.058000
1648719505.011350038,1,0.000000
1648719505.033405243,0,0.016000
1648719505.055991426,7,0.052000
1648719505.078716844,6,0.087000
1648719505.100937668,0,0.034000
1648719505.123587691,1,0.015000
1648719505.143585073,5,0.051000
1648719505.166764527,0,0.009000
1648719505.189781132,0,0.001000
1648719505.212270196,0,0.000000
1648719505.235369575,3,0.046000
1648719505.256960314,0,0.000000
1648719505.279759172,0,0.000000
1648719505.303097977,0,0.004000
1648719505.324000218,0,0.000000
1648719505.344368484,1,0.005000
1648719505.366677596,0,0.000000
1648719505.390441885,1,0.011000
1648719505.412306560,1,0.005000
1648719505.432674020,0,0.001000
1648719505.455095596,9,0.114000
1648719505.476477304,0,0.000000
1648719505.498565214,13,0.130000
1648719505.519820154,0,0.004000
1648719505.542089920,0,0.001000
1648719505.564708006,0,0.000000
1648719505.587097378,0,0.016000
1648719505.606788602,0,0.000000
1648719505.630718423,0,0.001000
1648719505.653262319,0,0.000000
1648719505.674328073,2,0.005000
1648719505.696606987,0,0.000000
1648719505.718255234,12,0.122000
1648719505.739174067,1,0.036000
1648719505.761755317,6,0.069000
1648719505.783136548,0,0.000000
1648719505.806666296,0,0.000000
1648719505.830018714,10,0.104000
1648719505.851797102,3,0.021000
1648719505.874051701,0,0.000000
1648719505.897549091,9,0.151000
1648719505.919906751,0,0.000000
1648719505.941909914,0,0.000000
1648719505.964688902,4,0.040000
1648719505.987219075,0,0.000000
1648719506.009295190,1,0.000000
1648719506.032999938,3,0.025000
1648719506.055746673,0,0.001000
1648719506.078894423,7,0.101000
1648719506.098992597,0,0.000000
1648719506.121554394,8,0.078000
1648719506.143084155,0,0.000000
1648719506.165452346,0,0.002000
1648719506.187081156,15,0.152000
1648719506.207342883,0,0.000000
1648719506.228969906,10,0.106000
1648719506.252023502,1,0.000000
1648719506.275284950,0,0.000000
1648719506.296446487,7,0.093000
1648719506.320297361,9,0.092000
1648719506.341477583,0,0.000000
1648719506.363008649,0,0.000000
1648719506.385658993,15,0.132000
1648719506.409402385,3,0.043000
1648719506.431470928,0,0.001000
1648719506.454161870,0,0.010000
1648719506.476709470,1,0.000000
1648719506.499759535,1,0.008000
1648719506.521825993,0,0.000000
1648719506.543388739,0,0.000000
1648719506.566436328,9,0.108000
1648719506.589002967,2,0.006000
1648719506.611672996,7,0.079000
1648719506.633079271,10,0.107000
1648719506.656459942,1,0.003000
1648719506.678974389,0,0.000000
1648719506.698141259,11,0.119000
1648719506.720341180,0,0.003000
1648719506.743771959,9,0.105000
1648719506.766087576,1,0.006000
1648719506.787391349,1,0.012000
1648719506.808197681,14,0.153000
1648719506.831542193,1,0.000000
1648719506.852400155,1,0.014000
1648719506.874606150,0,0.035000
1648719506.897353622,0,0.000000
1648719506.918936445,9,0.052000
1648719506.940688007,0,0.000000
1648719506.962339547,0,0.001000
1648719506.984894387,14,0.126000
1648719507.007843156,0,0.000000
1648719507.029956495,1,0.016000
1648719507.052708568,10,0.161000
1648719507.075308326,0,0.000000
1648719507.095937471,1,0.010000
1648719507.119664904,12,0.121000
1648719507.142431100,0,0.006000
1648719507.164724775,11,0.099000
1648719507.185843241,1,0.004000
1648719507.208368428,0,0.000000
1648719507.228560396,2,0.036000
1648719507.250795245,0,0.000000
1648719507.272660109,9,0.129000
1648719507.293846359,0,0.015000
1648719507.314757752,0,0.000000
1648719507.337367544,16,0.176000
1648719507.360279695,1,0.026000
1648719507.382634673,0,0.000000
1648719507.405559891,6,0.063000
1648719507.429356191,4,0.048000
1648719507.451465990,0,0.000000
1648719507.474054629,7,0.092000
1648719507.496457868,0,0.000000
1648719507.518327983,0,0.001000
1648719507.542347986,4,0.020000
1648719507.562393864,0,0.003000
1648719507.585103551,0,0.019000
1648719507.608694726,8,0.075000
1648719507.631165569,5,0.044000
1648719507.653536920,1,0.000000
1648719507.675969913,0,0.003000
1648719507.697383361,4,0.085000
1648719507.718805233,0,0.000000
1648719507.739956638,0,0.011000
1648719507.762883978,4,0.035000
1648719507.784925742,0,0.000000
1648719507.807710469,0,0.020000
1648719507.828417589,6,0.082000
1648719507.850432811,1,0.001000
1648719507.872704772,0,0.001000
1648719507.893712496,13,0.132000
1648719507.915990727,0,0.004000
1648719507.938358883,2,0.020000
1648719507.961897750,8,0.080000
1648719507.985446096,0,0.000000
1648719508.008053453,6,0.090000
1648719508.032271494,0,0.001000
1648719508.054306994,0,0.000000
1648719508.076483154,0,0.017000
1648719508.099800250,0,0.000000
1648719508.122806228,0,0.014000
1648719508.143926931,6,0.072000
1648719508.166508687,1,0.001000
1648719508.189424928,0,0.014000
1648719508.211327211,9,0.144000
1648719508.234134302,1,0.034000
1648719508.255245799,0,0.000000
1648719508.278215411,1,0.020000
1648719508.300242850,0,0.000000
1648719508.322446002,9,0.083000
1648719508.343752108,2,0.043000
1648719508.366657900,0,0.000000
1648719508.388123206,8,0.096000
1648719508.410969746,3,0.034000
1648719508.434905440,0,0.000000
1648719508.457212165,10,0.102000
1648719508.478907919,0,0.000000
1648719508.497643816,10,0.127000
1648719508.520092243,0,0.000000
1648719508.541146445,0,0.010000
1648719508.564415141,0,0.000000
1648719508.585436071,1,0.000000
1648719508.609278074,3,0.047000
1648719508.632203944,4,0.050000
1648719508.655286529,1,0.026000
1648719508.678755267,0,0.000000
1648719508.701782314,0,0.000000
1648719508.724544735,7,0.095000
1648719508.746485073,0,0.003000
1648719508.767541167,0,0.006000
1648719508.788777529,8,0.070000
1648719508.809823907,1,0.004000
1648719508.832455236,6,0.056000
1648719508.855148671,0,0.000000
1648719508.876535181,0,0.000000
1648719508.899293791,5,0.047000
1648719508.921085815,0,0.000000
1648719508.942197170,5,0.050000
1648719508.963452877,0,0.000000
1648719508.985973958,0,0.002000
1648719509.007974514,1,0.038000
1648719509.029816267,0,0.006000
1648719509.051199767,1,0.017000
1648719509.073331238,0,0.016000
1648719509.093122991,0,0.000000
1648719509.115756504,1,0.003000
1648719509.138609056,11,0.095000
1648719509.160030924,0,0.009000
1648719509.181756690,16,0.199000
1648719509.204022455,1,0.000000
1648719509.225749833,0,0.000000
1648719509.247079344,8,0.118000
1648719509.270313233,5,0.066000
1648719509.294398054,0,0.040000
1648719509.316861890,1,0.009000
1648719509.339246925,8,0.128000
1648719509.362028509,0,0.000000
1648719509.384125098,2,0.022000
1648719509.407231134,10,0.104000
1648719509.430385754,2,0.026000
1648719509.452982951,2,0.015000
1648719509.475957226,10,0.118000
1648719509.495644222,1,0.001000
1648719509.518177613,0,0.000000
1648719509.540081529,0,0.013000
1648719509.561904144,0,0.000000
1648719509.584697247,1,0.026000
1648719509.609000968,12,0.172000
1648719509.632232168,0,0.000000
1648719509.652425372,0,0.000000
1648719509.675090938,0,0.012000
1648719509.696650704,0,0.000000
1648719509.718475098,10,0.095000
1648719509.740417907,1,0.001000
1648719509.764307542,0,0.008000
1648719509.787534737,6,0.088000
1648719509.809835015,5,0.051000
1648719509.833320325,0,0.000000
1648719509.856288381,10,0.089000
1648719509.877092780,1,0.024000
1648719509.899951745,0,0.000000
1648719509.923458687,0,0.000000
1648719509.946615354,13,0.139000
1648719509.968487163,1,0.001000
1648719509.991894786,0,0.000000
1648719510.014502880,2,0.010000
1648719510.036682936,2,0.019000
1648719510.060336361,0,0.000000
1648719510.080629912,3,0.060000
1648719510.101924373,0,0.003000
1648719510.124684602,0,0.000000
1648719510.146201579,13,0.149000
1648719510.167038637,2,0.015000
1648719510.189425051,0,0.000000
1648719510.211337191,13,0.180000
1648719510.233933383,5,0.044000
1648719510.258219322,0,0.000000
1648719510.280152715,1,0.019000
1648719510.300319089,0,0.000000
1648719510.323089503,0,0.000000
1648719510.345984827,0,0.000000
1648719510.368612455,3,0.066000
1648719510.391374696,2,0.017000
1648719510.414797853,0,0.000000
1648719510.437786746,8,0.078000
1648719510.461211959,0,0.000000
1648719510.482608101,0,0.000000
1648719510.505114957,0,0.018000
1648719510.526310667,0,0.000000
1648719510.549042881,4,0.034000
1648719510.570248038,0,0.000000
1648719510.594253673,0,0.000000
1648719510.615888907,5,0.032000
1648719510.638371685,1,0.001000
1648719510.661330069,0,0.000000
1648719510.683486809,16,0.140000
1648719510.705805822,2,0.000000
1648719510.725795500,1,0.005000
1648719510.747313708,4,0.031000
1648719510.768463688,1,0.001000
1648719510.790079377,0,0.019000
1648719510.813395128,7,0.055000
1648719510.834755145,0,0.000000
1648719510.858076809,2,0.002000
1648719510.880872500,11,0.084000
1648719510.902227266,4,0.006000
1648719510.925291384,2,0.002000
1648719510.946876027,10,0.150000
1648719510.968973062,1,0.010000
1648719510.991529420,1,0.014000
1648719511.014560836,3,0.029000
1648719511.037238861,4,0.041000
1648719511.058269747,2,0.000000
1648719511.079973351,2,0.022000
1648719511.100960908,6,0.045000
1648719511.123801831,0,0.000000
1648719511.147839440,0,0.014000
1648719511.170379140,11,0.097000
1648719511.193351601,0,0.000000
1648719511.214077180,1,0.007000
1648719511.236033966,4,0.038000
1648719511.257779770,0,0.000000
1648719511.280989170,3,0.036000
1648719511.302911310,0,0.000000
1648719511.325493257,0,0.000000
1648719511.347292153,13,0.149000
1648719511.368440471,1,0.006000
1648719511.389750869,0,0.000000
1648719511.413368707,0,0.003000
1648719511.434531466,8,0.073000
1648719511.457826617,0,0.000000
1648719511.480280139,0,0.000000
1648719511.502974703,8,0.107000
1648719511.525803986,1,0.004000
1648719511.546525582,0,0.023000
1648719511.569630411,13,0.163000
1648719511.592088888,1,0.004000
1648719511.614179827,0,0.005000
1648719511.637034911,7,0.061000
1648719511.661020098,2,0.000000
1648719511.682786701,1,0.000000
1648719511.704402319,10,0.146000
1648719511.727177127,1,0.007000
1648719511.749680239,0,0.000000
1648719511.771720549,3,0.051000
1648719511.794108277,2,0.046000
1648719511.818125979,2,0.012000
1648719511.839724063,1,0.001000
1648719511.863163205,9,0.116000
1648719511.884474785,0,0.010000
1648719511.905196242,2,0.047000
1648719511.928322658,0,0.000000
1648719511.951168413,3,0.035000
1648719511.974067525,0,0.022000
1648719511.998226692,1,0.001000
1648719512.021085493,10,0.144000
1648719512.044679627,2,0.035000
1648719512.067800935,1,0.000000
1648719512.090162893,2,0.002000
1648719512.111597640,11,0.152000
1648719512.133627919,0,0.000000
1648719512.154964256,7,0.111000
1648719512.177660507,1,0.004000
1648719512.200159984,1,0.000000
1648719512.223336660,7,0.101000
1648719512.245392894,2,0.005000
1648719512.267204877,1,0.030000
1648719512.289423095,0,0.000000
1648719512.311986448,0,0.001000
1648719512.332585775,0,0.006000
1648719512.355121646,10,0.109000
1648719512.375976416,0,0.000000
1648719512.397848084,1,0.000000
1648719512.420434594,6,0.060000
1648719512.441826984,0,0.003000
1648719512.464661243,0,0.000000
1648719512.486613968,8,0.099000
1648719512.508424377,3,0.015000
1648719512.531288040,0,0.000000
1648719512.553538075,0,0.000000
1648719512.576890184,15,0.158000
1648719512.597182045,0,0.000000
1648719512.620474503,0,0.001000
1648719512.643829614,1,0.000000
1648719512.667285860,9,0.107000
1648719512.689007932,1,0.000000
1648719512.712909525,2,0.004000
1648719512.735228620,3,0.063000
1648719512.758270527,0,0.000000
1648719512.780921225,11,0.142000
1648719512.802531199,0,0.000000
1648719512.824797551,0,0.000000
1648719512.847816213,0,0.000000
1648719512.871018014,7,0.093000
1648719512.892336638,0,0.000000
1648719512.914446524,14,0.166000
1648719512.936548998,0,0.000000
1648719512.958261502,3,0.070000
1648719512.982300663,9,0.103000
1648719513.003727609,0,0.001000
1648719513.025710255,0,0.000000
1648719513.048818704,7,0.071000
1648719513.070713751,0,0.003000
1648719513.091716358,9,0.092000
1648719513.114887980,5,0.041000
1648719513.136981331,1,0.017000
1648719513.159800153,9,0.082000
1648719513.183999307,0,0.000000
1648719513.205705748,0,0.001000
1648719513.229768012,12,0.176000
1648719513.253029947,6,0.066000
1648719513.276152479,1,0.003000
1648719513.297508061,0,0.000000
1648719513.319327230,1,0.001000
1648719513.341791440,0,0.000000
1648719513.364384930,10,0.130000
1648719513.385852612,0,0.008000
1648719513.407937822,0,0.032000
1648719513.430087534,11,0.124000
1648719513.453311477,0,0.004000
1648719513.477346521,0,0.000000
1648719513.500244778,7,0.093000
1648719513.523175403,1,0.011000
1648719513.545396242,0,0.002000
1648719513.567910617,1,0.007000
1648719513.590982399,1,0.001000
1648719513.612655146,0,0.000000
1648719513.634382047,0,0.004000
1648719513.656405754,2,0.001000
1648719513.678870264,2,0.000000
1648719513.700421527,4,0.001000
1648719513.721195208,0,0.000000
1648719513.743139328,7,0.112000
1648719513.766453783,1,0.020000
1648719513.789050244,1,0.000000
1648719513.810925851,7,0.084000
1648719513.832912689,2,0.005000
1648719513.856133155,0,0.008000
1648719513.879079104,0,0.000000
1648719513.901031185,1,0.007000
1648719513.923150966,0,0.000000
1648719513.944422725,11,0.100000
1648719513.967944738,1,0.006000
1648719513.990958617,0,0.000000
1648719514.013997862,10,0.118000
1648719514.035122569,0,0.000000
1648719514.057062113,0,0.010000
1648719514.079412196,11,0.135000
1648719514.101909861,2,0.016000
1648719514.124057781,0,0.001000
1648719514.147264739,0,0.000000
1648719514.171081600,8,0.062000
1648719514.193957354,2,0.019000
1648719514.215895783,0,0.000000
1648719514.239647416,5,0.113000
1648719514.261627023,0,0.000000
1648719514.283255250,0,0.000000
1648719514.305436552,1,0.011000
1648719514.327869383,0,0.000000
1648719514.350085775,0,0.000000
1648719514.373716600,10,0.117000
1648719514.395950089,2,0.002000
1648719514.418567034,0,0.000000
1648719514.441862175,0,0.000000
1648719514.462928220,1,0.029000
1648719514.484723168,0,0.000000
1648719514.507236905,2,0.027000
1648719514.530291555,7,0.080000
1648719514.553351318,0,0.000000
1648719514.574599381,2,0.005000
1648719514.596975939,9,0.102000
1648719514.618733442,1,0.034000
1648719514.642195530,0,0.008000
1648719514.665316818,6,0.099000
1648719514.688103613,1,0.015000
1648719514.709715615,0,0.005000
1648719514.732286272,8,0.060000
1648719514.755053239,1,0.031000
1648719514.777500940,0,0.000000
1648719514.798970404,2,0.004000
1648719514.822342014,0,0.001000
1648719514.846138374,9,0.091000
1648719514.868306582,3,0.039000
1648719514.891284348,0,0.000000
1648719514.912775503,3,0.034000
1648719514.935897799,0,0.000000
1648719514.959578808,0,0.000000
1648719514.980722495,10,0.052000
1648719515.002290112,1,0.000000
1648719515.024786703,6,0.094000
1648719515.044856865,0,0.000000
1648719515.066415910,9,0.167000
1648719515.087335501,3,0.042000
1648719515.110121873,1,0.013000
1648719515.131402000,10,0.134000
1648719515.153936842,1,0.005000
1648719515.176933204,0,0.009000
1648719515.199076737,1,0.003000
1648719515.222323794,0,0.000000
1648719515.245053524,6,0.048000
1648719515.268411385,3,0.039000
1648719515.290336438,0,0.000000
1648719515.310750057,3,0.023000
1648719515.331035374,0,0.000000
1648719515.353130936,2,0.001000
1648719515.374939696,2,0.016000
1648719515.398770978,1,0.018000
1648719515.422225624,1,0.010000
1648719515.443292031,10,0.182000
1648719515.465744103,2,0.004000
1648719515.487490303,0,0.000000
1648719515.509355977,11,0.073000
1648719515.532251524,0,0.000000
1648719515.554581400,0,0.011000
1648719515.577905889,10,0.117000
1648719515.599238366,0,0.002000
1648719515.620455651,5,0.085000
1648719515.641669126,1,0.011000
1648719515.666557095,0,0.000000
1648719515.687743979,11,0.092000
1648719515.710195887,2,0.000000
1648719515.731644240,0,0.000000
1648719515.753743772,2,0.008000
1648719515.776007737,0,0.004000
1648719515.798733551,0,0.000000
1648719515.821013235,12,0.122000
1648719515.843922552,5,0.047000
1648719515.867748510,0,0.000000
1648719515.887802973,1,0.007000
1648719515.910577725,2,0.008000
1648719515.931494110,0,0.000000
1648719515.953548561,0,0.010000
1648719515.976226119,7,0.135000
1648719515.999210144,0,0.002000
1648719516.021728570,1,0.000000
1648719516.043866118,12,0.137000
1648719516.065468771,0,0.000000
1648719516.087734036,0,0.005000
1648719516.110383815,13,0.130000
1648719516.131631399,2,0.025000
1648719516.154967178,2,0.002000
1648719516.177375309,0,0.000000
1648719516.199120274,0,0.000000
1648719516.221275780,0,0.000000
1648719516.243051465,8,0.089000
1648719516.264145877,1,0.014000
1648719516.286594926,0,0.000000
1648719516.308985439,0,0.000000
1648719516.330816382,4,0.060000
1648719516.354065239,0,0.000000
1648719516.377261188,2,0.016000
1648719516.400793950,8,0.079000
1648719516.423204868,1,0.001000
1648719516.443744634,0,0.010000
1648719516.466340188,0,0.011000
1648719516.487483276,0,0.000000
1648719516.510948946,0,0.001000
1648719516.533809800,12,0.119000
1648719516.556407238,0,0.001000
1648719516.578031617,1,0.019000
1648719516.599819642,1,0.012000
1648719516.623005760,0,0.000000
1648719516.646133328,3,0.034000
1648719516.667865860,0,0.000000
1648719516.691032434,0,0.000000
1648719516.714088612,12,0.119000
1648719516.737782165,2,0.044000
1648719516.759148729,1,0.000000
1648719516.778333729,0,0.001000
1648719516.800268468,0,0.000000
1648719516.823219562,9,0.098000
1648719516.844475396,0,0.000000
1648719516.868014846,0,0.010000
1648719516.890431203,0,0.000000
1648719516.911824434,1,0.001000
1648719516.933898645,13,0.152000
1648719516.957165923,2,0.036000
1648719516.980607115,0,0.000000
1648719517.001711456,1,0.013000
1648719517.022961476,10,0.113000
1648719517.045991324,0,0.000000
1648719517.067864396,0,0.001000
1648719517.090794927,6,0.045000
1648719517.111648635,0,0.000000
1648719517.133578723,0,0.003000
1648719517.156703158,5,0.053000
1648719517.178771963,0,0.000000
1648719517.200852257,0,0.000000
1648719517.224379652,13,0.128000
1648719517.246770561,0,0.013000
1648719517.268965138,0,0.000000
1648719517.291183557,6,0.056000
1648719517.314396466,0,0.045000
1648719517.337022721,1,0.000000
1648719517.357295723,1,0.000000
1648719517.378071109,0,0.000000
1648719517.398188809,6,0.108000
1648719517.420270392,0,0.000000
1648719517.444005584,0,0.000000
1648719517.464766955,9,0.092000
1648719517.487163415,0,0.000000
1648719517.508614453,1,0.014000
1648719517.531079370,2,0.020000
1648719517.554249438,1,0.017000
1648719517.575348452,0,0.006000
1648719517.597074127,8,0.105000
1648719517.619227532,2,0.004000
1648719517.641990124,1,0.010000
1648719517.664736122,11,0.103000
1648719517.688134418,1,0.001000
1648719517.709390951,1,0.001000
1648719517.731987982,8,0.103000
1648719517.753133971,0,0.005000
1648719517.775766720,11,0.105000
1648719517.798819214,5,0.061000
1648719517.821741545,0,0.011000
1648719517.844342379,1,0.000000
1648719517.866973657,0,0.010000
1648719517.888684183,0,0.000000
1648719517.912321410,0,0.000000
1648719517.935403749,6,0.058000
1648719517.957423249,0,0.000000
1648719517.979468466,1,0.019000
1648719518.000795516,0,0.000000
1648719518.023511176,2,0.024000
1648719518.044796805,0,0.016000
1648719518.066899332,0,0.000000
1648719518.088527434,0,0.000000
1648719518.111273583,1,0.011000
1648719518.135450429,0,0.000000
1648719518.156300213,0,0.000000
1648719518.179257434,0,0.008000
1648719518.202745511,2,0.011000
1648719518.224505404,0,0.000000
1648719518.247430512,0,0.019000
1648719518.268674586,2,0.052000
1648719518.290393942,0,0.004000
1648719518.312503214,3,0.035000
1648719518.335294452,0,0.000000
1648719518.356693981,1,0.000000
1648719518.379130302,14,0.144000
1648719518.401471688,0,0.011000
1648719518.423961649,0,0.008000
1648719518.447468312,9,0.089000
1648719518.470882426,0,0.000000
1648719518.492425911,7,0.090000
1648719518.513142179,2,0.008000
1648719518.533059579,11,0.104000
1648719518.554930112,0,0.001000
1648719518.579176108,0,0.000000
1648719518.601140198,12,0.110000
1648719518.623803849,0,0.000000
1648719518.644941408,10,0.117000
1648719518.667298876,2,0.018000
1648719518.690379809,0,0.011000
1648719518.713324698,0,0.002000
1648719518.733176465,0,0.000000
1648719518.756731152,7,0.130000
1648719518.778727165,0,0.006000
1648719518.801906713,0,0.005000
1648719518.824867034,0,0.017000
1648719518.847223637,0,0.000000
1648719518.869671775,0,0.000000
1648719518.892123020,12,0.135000
1648719518.915710149,2,0.042000
1648719518.937932719,0,0.000000
1648719518.958658130,9,0.097000
1648719518.979432298,0,0.000000
1648719519.000860684,0,0.000000
1648719519.024246524,6,0.071000
1648719519.046908144,0,0.000000
1648719519.070276524,1,0.013000
1648719519.092496342,0,0.000000
1648719519.114671641,0,0.000000
1648719519.136887563,10,0.156000
1648719519.158616857,4,0.070000
1648719519.181795873,0,0.006000
1648719519.204960862,7,0.098000
1648719519.226270292,11,0.108000
1648719519.249868035,0,0.000000
1648719519.271637928,0,0.000000
1648719519.294132897,0,0.005000
1648719519.317152789,0,0.003000
1648719519.340812265,0,0.000000
1648719519.363591133,7,0.073000
1648719519.385853094,1,0.001000
1648719519.407627847,0,0.000000
1648719519.430863119,0,0.000000
1648719519.453835753,3,0.029000
1648719519.474871771,8,0.071000
1648719519.495430506,0,0.002000
1648719519.518073478,5,0.071000
1648719519.540309654,7,0.096000
1648719519.564324579,0,0.012000
1648719519.587458389,1,0.001000
1648719519.611202979,0,0.016000
1648719519.634226309,11,0.125000
1648719519.656142288,0,0.000000
1648719519.676704089,14,0.164000
1648719519.699000754,0,0.000000
1648719519.719845885,0,0.000000
1648719519.741757472,1,0.000000
1648719519.765270847,0,0.000000
1648719519.787476718,0,0.005000
1648719519.810844802,2,0.007000
1648719519.833639576,10,0.116000
1648719519.856164012,0,0.000000
1648719519.880016484,0,0.000000
1648719519.903332838,10,0.096000
1648719519.925649551,1,0.005000
1648719519.948080819,0,0.000000
1648719519.970794380,11,0.127000
1648719519.991728438,3,0.020000
1648719520.014327725,11,0.129000
1648719520.034752366,0,0.003000
1648719520.058563369,0,0.000000
1648719520.079991234,12,0.114000
1648719520.104294727,0,0.004000
1648719520.125721494,1,0.008000
1648719520.148894185,1,0.023000
1648719520.171653360,1,0.012000
1648719520.192781721,0,0.010000
1648719520.216032102,0,0.000000
1648719520.239778925,11,0.180000
1648719520.262621667,0,0.000000
1648719520.283057802,2,0.027000
1648719520.305208461,4,0.033000
1648719520.328224765,0,0.000000
1648719520.351266672,6,0.089000
1648719520.373931501,6,0.062000
1648719520.396645009,1,0.000000
1648719520.420660128,0,0.000000
1648719520.444653155,10,0.110000
1648719520.466292007,2,0.038000
1648719520.488462007,0,0.003000
1648719520.511403641,3,0.067000
1648719520.534413398,2,0.013000
1648719520.556167003,0,0.015000
1648719520.579142787,9,0.141000
1648719520.601455615,0,0.000000
1648719520.621773471,2,0.002000
1648719520.643057762,0,0.000000
1648719520.665509341,0,0.000000
1648719520.688638598,0,0.000000
1648719520.710467645,7,0.104000
1648719520.732853112,2,0.026000
1648719520.754936868,1,0.000000
1648719520.777178013,13,0.144000
1648719520.800486670,0,0.000000
1648719520.821509432,0,0.001000
1648719520.844607910,0,0.003000
1648719520.866963046,1,0.014000
1648719520.888719414,9,0.106000
1648719520.911576207,2,0.018000
1648719520.933554402,0,0.000000
1648719520.955796507,2,0.039000
1648719520.978865491,1,0.012000
1648719521.002735798,0,0.008000
1648719521.024500500,0,0.000000
1648719521.047597610,6,0.075000
1648719521.069756879,0,0.000000
1648719521.092633368,2,0.031000
1648719521.115352409,0,0.010000
1648719521.137790471,0,0.000000
1648719521.159386904,7,0.105000
1648719521.182503653,2,0.016000
1648719521.205360458,0,0.000000
1648719521.228057487,0,0.000000
1648719521.250100255,1,0.021000
1648719521.272327580,0,0.000000
1648719521.293968631,15,0.196000
1648719521.317801881,10,0.095000
1648719521.341310081,0,0.000000
1648719521.362617561,7,0.110000
1648719521.384371391,0,0.000000
1648719521.406846788,0,0.000000
1648719521.428396486,1,0.003000
1648719521.451066159,0,0.000000
1648719521.473612398,12,0.144000
1648719521.496142651,3,0.013000
1648719521.519234144,2,0.014000
1648719521.542397480,15,0.157000
1648719521.564099874,1,0.009000
1648719521.584285454,0,0.000000
1648719521.607156298,8,0.106000
1648719521.629420959,0,0.000000
1648719521.650119600,12,0.187000
1648719521.670271996,0,0.006000
1648719521.692720730,0,0.000000
1648719521.715353948,1,0.027000
1648719521.737801146,1,0.017000
1648719521.759332188,0,0.000000
1648719521.782665800,6,0.092000
1648719521.805210210,0,0.000000
1648719521.827547967,8,0.153000
1648719521.849000977,3,0.035000
1648719521.871587139,0,0.000000
1648719521.892761058,1,0.008000
1648719521.915915574,0,0.000000
1648719521.938272763,3,0.039000
1648719521.961281250,0,0.000000
1648719521.983089601,0,0.001000
1648719522.002844832,0,0.000000
1648719522.025317114,0,0.001000
1648719522.047737236,0,0.000000
1648719522.071794097,1,0.004000
1648719522.092582727,0,0.000000
1648719522.112864823,6,0.077000
1648719522.134497899,0,0.004000
1648719522.156104206,0,0.000000
1648719522.179210920,2,0.007000
1648719522.201894109,2,0.010000
1648719522.225177203,0,0.005000
1648719522.246956455,8,0.081000
1648719522.270142194,0,0.000000
1648719522.290649438,7,0.072000
1648719522.313265158,1,0.028000
1648719522.335431634,0,0.000000
1648719522.356756588,0,0.013000
1648719522.379863165,3,0.023000
1648719522.401614567,2,0.000000
1648719522.422787988,11,0.131000
1648719522.444743204,0,0.000000
1648719522.465369794,0,0.000000
1648719522.487090848,2,0.005000
1648719522.509869765,0,0.003000
1648719522.533653534,2,0.016000
1648719522.555986127,7,0.091000
1648719522.579275306,2,0.020000
1648719522.601892390,0,0.000000
1648719522.622342448,10,0.098000
1648719522.644314099,1,0.000000
1648719522.665737004,6,0.066000
1648719522.687906649,0,0.000000
1648719522.710654328,0,0.003000
1648719522.733408640,1,0.000000
1648719522.756011891,0,0.000000
1648719522.779121753,0,0.000000
1648719522.800548367,16,0.183000
1648719522.823237359,2,0.030000
1648719522.846754567,0,0.001000
1648719522.870142289,0,0.013000
1648719522.892978828,2,0.031000
1648719522.914050917,0,0.000000
1648719522.938486891,0,0.000000
1648719522.959756381,5,0.049000
1648719522.982644704,0,0.000000
1648719523.003197633,8,0.092000
1648719523.025690703,0,0.000000
1648719523.048681937,1,0.001000
1648719523.070882399,5,0.081000
1648719523.092727056,0,0.000000
1648719523.114659220,10,0.136000
1648719523.137353831,1,0.000000
1648719523.159267432,13,0.125000
1648719523.180317713,0,0.001000
1648719523.202071028,1,0.004000
1648719523.224429431,3,0.019000
1648719523.245295970,0,0.000000
1648719523.269160420,5,0.070000
1648719523.291619511,3,0.018000
1648719523.314548870,0,0.000000
1648719523.337457713,0,0.001000
1648719523.360086089,12,0.123000
1648719523.382010630,0,0.000000
1648719523.403239712,0,0.000000
1648719523.425318909,0,0.000000
1648719523.448118558,0,0.006000
1648719523.469808666,0,0.000000
1648719523.491317389,3,0.027000
1648719523.514016600,0,0.000000
1648719523.535577287,2,0.011000
1648719523.558322542,8,0.143000
1648719523.579496677,0,0.012000
1648719523.602044368,1,0.000000
1648719523.626180395,0,0.000000
1648719523.647443392,3,0.029000
1648719523.670156156,0,0.011000
1648719523.692451650,0,0.000000
1648719523.714843389,5,0.059000
1648719523.738323549,0,0.000000
1648719523.759250992,14,0.116000
1648719523.779931567,0,0.008000
1648719523.801326852,0,0.000000
1648719523.824549271,5,0.056000
1648719523.847045552,3,0.042000
1648719523.869968829,1,0.015000
1648719523.891502458,0,0.005000
1648719523.914533038,3,0.035000
1648719523.937289073,0,0.009000
1648719523.960144206,0,0.000000
1648719523.983497445,1,0.016000
1648719524.005949497,0,0.000000
1648719524.029160787,0,0.000000
1648719524.051483391,0,0.000000
1648719524.074646691,0,0.000000
1648719524.095884514,0,0.017000
1648719524.119911291,0,0.000000
1648719524.143302059,3,0.099000
1648719524.166221224,0,0.005000
1648719524.187658497,0,0.000000
1648719524.209528406,1,0.000000
1648719524.232705532,5,0.034000
1648719524.255422040,0,0.000000
1648719524.277034985,0,0.003000
1648719524.299004229,9,0.091000
1648719524.320895638,0,0.001000
1648719524.343782221,0,0.000000
1648719524.366117118,6,0.067000
1648719524.387651248,4,0.041000
1648719524.410237738,0,0.000000
1648719524.430900850,1,0.016000
1648719524.454148684,0,0.000000
1648719524.475788440,1,0.006000
1648719524.497843141,10,0.159000
1648719524.520311008,2,0.025000
1648719524.543339441,2,0.017000
1648719524.566381379,0,0.002000
1648719524.588695160,15,0.160000
1648719524.611003325,0,0.000000
1648719524.632810042,1,0.003000
1648719524.655285895,12,0.154000
1648719524.677901044,1,0.011000
1648719524.699528740,0,0.000000
1648719524.720657683,5,0.070000
1648719524.741349678,0,0.004000
1648719524.763320117,0,0.011000
1648719524.785150955,0,0.012000
1648719524.807864908,1,0.015000
1648719524.828612591,0,0.000000
1648719524.850048098,0,0.000000
1648719524.872842293,0,0.003000
1648719524.895363611,1,0.024000
1648719524.918381875,0,0.000000
1648719524.940312224,5,0.096000
1648719524.959763165,0,0.018000
1648719524.980861733,1,0.000000
1648719525.003048301,2,0.057000
1648719525.022467722,0,0.000000
1648719525.044128678,13,0.126000
1648719525.066409731,0,0.000000
1648719525.089228495,15,0.158000
1648719525.109223509,1,0.004000
1648719525.129681895,0,0.000000
1648719525.151243556,0,0.016000
1648719525.174278770,0,0.000000
1648719525.197200588,0,0.000000
1648719525.220300961,5,0.060000
1648719525.241819968,0,0.000000
1648719525.265462069,0,0.003000
1648719525.288029093,1,0.000000
1648719525.310413013,5,0.026000
1648719525.332730316,0,0.000000
1648719525.355172397,14,0.154000
1648719525.377968708,0,0.004000
1648719525.399482571,0,0.010000
1648719525.421384006,0,0.011000
1648719525.441460468,11,0.121000
1648719525.464162885,0,0.003000
1648719525.486751125,0,0.014000
1648719525.507382543,2,0.007000
1648719525.529143390,0,0.000000
1648719525.551714171,1,0.000000
1648719525.573606813,1,0.013000
1648719525.595134167,0,0.021000
1648719525.615293153,6,0.076000
1648719525.638982995,0,0.025000
1648719525.661759286,0,0.000000
1648719525.682912914,1,0.011000
1648719525.704241183,0,0.000000
1648719525.726845159,13,0.115000
1648719525.747206808,0,0.008000
1648719525.769105646,0,0.000000
1648719525.791422391,1,0.016000
1648719525.812792172,0,0.000000
1648719525.835945167,8,0.073000
1648719525.857924633,1,0.006000
1648719525.880562189,0,0.000000
1648719525.902066717,0,0.007000
1648719525.923417237,0,0.003000
1648719525.944689909,0,0.000000
1648719525.967161637,6,0.070000
1648719525.988141615,0,0.002000
1648719526.008860670,1,0.000000
1648719526.032616017,0,0.001000
1648719526.052838097,0,0.001000
1648719526.075274621,5,0.069000
1648719526.096132693,1,0.007000
1648719526.117482517,10,0.101000
1648719526.138712955,2,0.000000
1648719526.162344542,0,0.000000
1648719526.183117012,2,0.021000
1648719526.205785873,1,0.000000
1648719526.228412610,1,0.019000
1648719526.250435017,0,0.009000
1648719526.272451076,2,0.008000
1648719526.294722317,6,0.095000
1648719526.316179537,2,0.011000
1648719526.338972417,2,0.009000
1648719526.362153712,0,0.001000
1648719526.387289043,0,0.000000
1648719526.410792862,12,0.101000
1648719526.430822115,1,0.005000
1648719526.452428489,9,0.105000
1648719526.475111788,0,0.000000
1648719526.497314804,0,0.000000
1648719526.520275921,11,0.099000
1648719526.541864019,0,0.007000
1648719526.565271548,0,0.000000
1648719526.586950527,7,0.118000
1648719526.608947887,0,0.000000
1648719526.632082467,0,0.000000
1648719526.654262128,14,0.171000
1648719526.676786178,2,0.001000
1648719526.698657972,0,0.000000
1648719526.721375240,6,0.065000
1648719526.743523020,0,0.000000
1648719526.765835746,7,0.111000
1648719526.788329217,1,0.016000
1648719526.809294230,0,0.000000
1648719526.832337594,5,0.032000
1648719526.853986515,0,0.000000
1648719526.877154991,6,0.071000
1648719526.899234304,0,0.000000
1648719526.921333681,0,0.023000
1648719526.943312911,7,0.105000
1648719526.966585185,3,0.037000
1648719526.989506826,1,0.006000
1648719527.012843025,1,0.001000
1648719527.031659851,4,0.051000
1648719527.055142491,1,0.013000
1648719527.078551072,0,0.000000
1648719527.101946860,0,0.000000
1648719527.126569703,0,0.016000
1648719527.149446148,10,0.114000
1648719527.171698402,1,0.012000
1648719527.195555805,0,0.007000
1648719527.218043342,13,0.126000
1648719527.240126449,0,0.000000
1648719527.262119959,0,0.000000
1648719527.285559876,16,0.167000
1648719527.308544874,2,0.005000
1648719527.330757387,1,0.006000
1648719527.352483984,10,0.096000
1648719527.376231771,4,0.066000
1648719527.399333176,0,0.008000
1648719527.420703790,2,0.009000
1648719527.443661684,10,0.101000
1648719527.466783746,0,0.001000
1648719527.490008628,0,0.000000
1648719527.513779381,3,0.058000
1648719527.534654833,0,0.000000
1648719527.557351479,0,0.011000
1648719527.580463074,14,0.131000
1648719527.600962128,1,0.012000
1648719527.622578758,0,0.000000
1648719527.643742591,12,0.154000
1648719527.665504856,1,0.000000
1648719527.688139652,0,0.000000
1648719527.711467959,0,0.000000
1648719527.735432445,12,0.123000
1648719527.758310092,2,0.021000
1648719527.781061494,0,0.010000
1648719527.805352475,0,0.000000
1648719527.825908578,1,0.019000
1648719527.847889114,0,0.000000
1648719527.868826064,1,0.011000
1648719527.890891261,0,0.020000
1648719527.913260566,1,0.019000
1648719527.936276888,5,0.067000
1648719527.958309423,0,0.000000
1648719527.979370870,2,0.060000
1648719528.001854516,1,0.019000
1648719528.023774720,0,0.008000
1648719528.045959307,6,0.059000
1648719528.068719788,2,0.004000
1648719528.091468542,0,0.000000
1648719528.113345708,1,0.007000
1648719528.135023412,0,0.004000
1648719528.157147443,0,0.000000
1648719528.180080648,12,0.153000
1648719528.203098632,0,0.000000
1648719528.223406799,0,0.000000
1648719528.245475169,1,0.009000
1648719528.266923668,1,0.013000
1648719528.288271426,8,0.112000
1648719528.310089384,2,0.037000
1648719528.334065705,0,0.013000
1648719528.355451315,0,0.012000
1648719528.378214129,1,0.004000
1648719528.401349747,0,0.012000
1648719528.424480569,3,0.029000
1648719528.445283441,8,0.091000
1648719528.466925709,0,0.004000
1648719528.489722368,0,0.000000
1648719528.512801366,0,0.013000
1648719528.534703649,1,0.001000
1648719528.557945037,0,0.000000
1648719528.580724566,0,0.000000
1648719528.603477910,2,0.036000
1648719528.624955383,1,0.004000
1648719528.648252091,0,0.000000
1648719528.669130809,5,0.095000
1648719528.692144532,0,0.007000
1648719528.716290693,0,0.000000
1648719528.737322754,11,0.135000
1648719528.758854407,0,0.003000
1648719528.780410694,0,0.000000
1648719528.803794436,1,0.001000
1648719528.828262244,2,0.026000
1648719528.849825300,0,0.001000
1648719528.872374099,0,0.000000
1648719528.895395500,3,0.080000
1648719528.916762748,0,0.000000
1648719528.939248606,0,0.000000
1648719528.960874077,7,0.072000
1648719528.983497445,0,0.000000
1648719529.005487593,0,0.000000
1648719529.028365098,10,0.115000
1648719529.051673072,0,0.010000
1648719529.075445217,2,0.014000
1648719529.100097058,1,0.012000
1648719529.120572756,1,0.034000
1648719529.141945398,1,0.018000
1648719529.164890479,10,0.111000
1648719529.188402443,0,0.019000
1648719529.211861313,1,0.017000
1648719529.235238055,0,0.000000
1648719529.257923314,7,0.062000
1648719529.279125995,0,0.000000
1648719529.299374125,2,0.051000
1648719529.323211122,9,0.103000
1648719529.345414312,2,0.002000
1648719529.367052782,0,0.000000
1648719529.388463213,1,0.013000
1648719529.411806407,0,0.013000
1648719529.434325010,6,0.082000
1648719529.455187993,0,0.000000
1648719529.476816214,0,0.000000
1648719529.498656893,16,0.148000
1648719529.520568477,0,0.000000
1648719529.543288080,0,0.002000
1648719529.565720295,0,0.006000
1648719529.588492907,5,0.053000
1648719529.610743372,0,0.000000
1648719529.632773929,0,0.000000
1648719529.654139038,1,0.011000
1648719529.674421027,0,0.000000
1648719529.696207004,10,0.125000
1648719529.715732567,0,0.000000
1648719529.737210593,0,0.000000
1648719529.760254160,4,0.051000
1648719529.782880935,2,0.011000
1648719529.804763567,0,0.000000
1648719529.825926582,5,0.089000
1648719529.848750355,11,0.110000
1648719529.871668246,0,0.013000
1648719529.895538138,0,0.005000
1648719529.918494032,2,0.004000
1648719529.941233697,0,0.000000
1648719529.963683096,0,0.007000
1648719529.985923678,1,0.001000
1648719530.008120589,0,0.015000
1648719530.032008059,2,0.025000
1648719530.053351625,0,0.000000
1648719530.076242994,8,0.122000
1648719530.098676652,2,0.013000
1648719530.123302331,0,0.009000
1648719530.144906236,0,0.022000
1648719530.169049246,7,0.085000
1648719530.191285669,1,0.017000
1648719530.214213729,1,0.000000
1648719530.237386110,0,0.008000
1648719530.261568560,3,0.021000
1648719530.283498530,1,0.019000
1648719530.305542890,1,0.017000
1648719530.328375168,11,0.097000
1648719530.349106898,0,0.000000
1648719530.371111577,12,0.129000
1648719530.391884904,1,0.037000
1648719530.414304842,0,0.000000
1648719530.437798718,1,0.004000
1648719530.460288782,0,0.000000
1648719530.482625128,0,0.000000
1648719530.505531765,1,0.004000
1648719530.528532312,1,0.000000
1648719530.551545417,0,0.000000
1648719530.573908965,1,0.000000
1648719530.597703974,1,0.011000
1648719530.620533015,1,0.021000
1648719530.641076468,0,0.001000
1648719530.663966222,8,0.080000
1648719530.685195058,1,0.023000
1648719530.708064264,1,0.001000
1648719530.731911399,2,0.013000
1648719530.752272478,3,0.047000
1648719530.774495319,0,0.000000
1648719530.796933993,5,0.047000
1648719530.818318851,0,0.003000
1648719530.840816990,0,0.000000
1648719530.863950953,0,0.000000
1648719530.887132037,9,0.103000
1648719530.908146554,1,0.006000
1648719530.930796150,2,0.001000
1648719530.952292287,2,0.002000
1648719530.976288264,9,0.094000
1648719530.998108702,1,0.000000
1648719531.021691846,0,0.000000
1648719531.043783096,1,0.042000
1648719531.066655613,1,0.018000
1648719531.088369894,0,0.001000
1648719531.111117484,5,0.053000
1648719531.132892121,0,0.001000
1648719531.155858992,11,0.131000
1648719531.177079772,1,0.008000
1648719531.200059681,0,0.000000
1648719531.221831468,2,0.014000
1648719531.246873345,2,0.027000
1648719531.270339779,2,0.025000
1648719531.291847347,0,0.000000
1648719531.313233490,0,0.011000
1648719531.334781780,9,0.129000
1648719531.358935477,3,0.012000
1648719531.379198804,0,0.000000
1648719531.399948214,4,0.034000
1648719531.423212070,0,0.004000
1648719531.445605798,0,0.001000
1648719531.467799949,7,0.095000
1648719531.490424003,0,0.000000
1648719531.513476082,0,0.004000
1648719531.533357143,13,0.146000
1648719531.556049662,2,0.022000
1648719531.579478163,0,0.000000
1648719531.601485999,0,0.005000
1648719531.624770991,9,0.091000
1648719531.646503950,2,0.024000
1648719531.669980017,0,0.000000
1648719531.691418774,0,0.000000
1648719531.713413798,0,0.000000
1648719531.734620568,1,0.014000
1648719531.756120067,8,0.065000
1648719531.778336992,1,0.001000
1648719531.801729025,0,0.000000
1648719531.824509959,0,0.000000
1648719531.848558276,7,0.088000
1648719531.870996870,5,0.054000
1648719531.893312786,1,0.003000
1648719531.916934359,0,0.000000
1648719531.940996389,8,0.082000
1648719531.962184581,0,0.000000
1648719531.984270282,0,0.018000
1648719532.008266015,1,0.009000
1648719532.029629507,13,0.172000
1648719532.053188177,3,0.028000
1648719532.074369934,0,0.002000
1648719532.097274674,0,0.000000
1648719532.117800079,0,0.000000
1648719532.138993760,2,0.019000
1648719532.161825353,0,0.033000
1648719532.183037636,1,0.012000
1648719532.207360559,0,0.000000
1648719532.229075822,7,0.107000
1648719532.251293338,3,0.022000
1648719532.273961539,0,0.000000
1648719532.297031177,0,0.000000
1648719532.320251467,11,0.151000
1648719532.343211529,1,0.009000
1648719532.366591269,0,0.000000
1648719532.390309244,0,0.000000
1648719532.413233480,5,0.055000
1648719532.436182778,0,0.000000
1648719532.458664315,0,0.000000
1648719532.480855538,10,0.105000
1648719532.504047760,0,0.000000
1648719532.527024809,0,0.000000
1648719532.550466431,9,0.061000
1648719532.572492826,0,0.000000
1648719532.595169708,0,0.014000
1648719532.616743167,7,0.069000
1648719532.641129035,7,0.081000
1648719532.662736944,0,0.000000
1648719532.685322463,0,0.000000
1648719532.707130786,4,0.022000
1648719532.728971074,0,0.000000
1648719532.752084999,12,0.118000
1648719532.774379150,0,0.000000
1648719532.795876255,0,0.000000
1648719532.819137376,8,0.082000
1648719532.840488429,1,0.009000
1648719532.865086847,0,0.000000
1648719532.887365006,1,0.007000
1648719532.909883063,0,0.005000
1648719532.933498481,0,0.000000
1648719532.956801021,9,0.110000
1648719532.979611422,0,0.000000
1648719533.002060670,7,0.078000
1648719533.023545208,1,0.024000
1648719533.044503522,0,0.012000
1648719533.068458167,0,0.000000
1648719533.091309973,13,0.159000
1648719533.113718777,0,0.008000
1648719533.135131498,0,0.005000
1648719533.157540808,12,0.147000
1648719533.179768837,0,0.000000
1648719533.202937120,0,0.000000
1648719533.226255962,10,0.119000
1648719533.248493627,0,0.000000
1648719533.270882241,0,0.001000
1648719533.293358599,0,0.000000
1648719533.317460539,16,0.173000
1648719533.340691052,1,0.005000
1648719533.362183976,0,0.000000
1648719533.386093131,12,0.133000
1648719533.408588650,0,0.000000
1648719533.431497440,0,0.013000
1648719533.454132964,0,0.000000
1648719533.476940340,4,0.077000
1648719533.500278996,0,0.010000
1648719533.522457752,0,0.000000
1648719533.545609991,13,0.154000
1648719533.568896127,0,0.006000
1648719533.590531418,0,0.000000
1648719533.612905429,6,0.047000
1648719533.634819438,2,0.005000
1648719533.659765676,1,0.000000
1648719533.681895775,4,0.057000
1648719533.705498009,1,0.027000
1648719533.728704806,7,0.086000
1648719533.749841155,0,0.000000
1648719533.770930774,0,0.000000
1648719533.793866001,2,0.025000
1648719533.814937279,0,0.000000
1648719533.837915043,2,0.011000
1648719533.861104036,10,0.137000
1648719533.884264747,2,0.013000
1648719533.907335515,0,0.004000
1648719533.929836699,7,0.103000
1648719533.951709423,0,0.007000
1648719533.973356915,0,0.004000
1648719533.995508763,0,0.000000
1648719534.019434758,7,0.062000
1648719534.041392940,0,0.000000
1648719534.065469484,0,0.000000
1648719534.086069238,10,0.119000
1648719534.109162258,1,0.046000
1648719534.132290816,0,0.000000
1648719534.153621438,0,0.000000
1648719534.175017298,2,0.016000
1648719534.197905404,2,0.008000
1648719534.220678818,0,0.000000
1648719534.243989781,10,0.118000
1648719534.265680012,0,0.005000
1648719534.287463430,0,0.001000
1648719534.310221052,15,0.131000
1648719534.332344716,0,0.050000
1648719534.353781463,0,0.000000
1648719534.377112269,0,0.000000
1648719534.399389070,15,0.178000
1648719534.423595971,1,0.016000
1648719534.445317468,0,0.001000
1648719534.467485841,1,0.005000
1648719534.489825456,0,0.018000
1648719534.512736234,0,0.000000
1648719534.536446163,12,0.165000
1648719534.558132680,2,0.007000
1648719534.580569529,0,0.000000
1648719534.604408220,4,0.097000
1648719534.626411122,5,0.056000
1648719534.650190706,0,0.000000
1648719534.672270049,0,0.000000
1648719534.694935645,3,0.023000
1648719534.718017620,0,0.003000
1648719534.741321908,2,0.026000
1648719534.764350137,0,0.007000
1648719534.787181990,0,0.000000
1648719534.809997116,4,0.071000
1648719534.832739665,0,0.000000
1648719534.855799063,0,0.006000
1648719534.878444462,2,0.026000
1648719534.900322890,1,0.011000
1648719534.921168974,0,0.012000
1648719534.944039683,0,0.000000
1648719534.966831493,5,0.075000
1648719534.989163411,0,0.000000
1648719535.011502371,0,0.004000
1648719535.034174477,8,0.075000
1648719535.056091795,1,0.010000
1648719535.078521651,0,0.000000
1648719535.101243053,9,0.101000
1648719535.124987968,0,0.000000
1648719535.146489502,0,0.000000
1648719535.168770224,9,0.091000
1648719535.189971999,1,0.000000
1648719535.212326196,6,0.082000
1648719535.234009101,0,0.006000
1648719535.257686250,0,0.012000
1648719535.280617940,8,0.106000
1648719535.301864820,0,0.014000
1648719535.324196761,0,0.000000
1648719535.347102351,8,0.092000
1648719535.369769371,0,0.007000
1648719535.393613223,2,0.026000
1648719535.415293810,4,0.067000
1648719535.437928989,10,0.115000
1648719535.461074646,2,0.009000
1648719535.483429698,0,0.000000
1648719535.506701030,9,0.106000
1648719535.528799206,0,0.000000
1648719535.551406964,0,0.012000
1648719535.575034874,13,0.124000
1648719535.598751826,0,0.005000
1648719535.621437435,1,0.001000
1648719535.642217133,5,0.039000
1648719535.664549650,0,0.000000
1648719535.686232666,2,0.001000
1648719535.710160816,5,0.042000
1648719535.732692261,3,0.024000
1648719535.754198047,1,0.000000
1648719535.776465422,9,0.122000
1648719535.799039687,2,0.012000
1648719535.822491902,0,0.000000
1648719535.846349190,8,0.101000
1648719535.868641076,1,0.007000
1648719535.891865006,0,0.000000
1648719535.915449678,1,0.000000
1648719535.936995792,5,0.060000
1648719535.960121540,0,0.004000
1648719535.981968446,3,0.071000
1648719536.004010900,3,0.059000
1648719536.026350858,0,0.001000
1648719536.047279359,0,0.000000
1648719536.071352670,5,0.072000
1648719536.094774469,2,0.025000
1648719536.116271928,0,0.000000
1648719536.137041845,14,0.154000
1648719536.159858112,0,0.000000
1648719536.181000941,0,0.004000
1648719536.204969069,13,0.160000
1648719536.226878868,2,0.009000
1648719536.248850945,0,0.000000
1648719536.270784365,9,0.098000
1648719536.291687953,0,0.000000
1648719536.313719464,7,0.095000
1648719536.335347768,0,0.000000
1648719536.356346464,1,0.011000
1648719536.379479905,7,0.068000
1648719536.400521703,1,0.027000
1648719536.425347964,0,0.000000
1648719536.447821671,0,0.001000
1648719536.471084130,0,0.019000
1648719536.493918416,0,0.004000
1648719536.516752928,10,0.078000
1648719536.540073858,2,0.013000
1648719536.563239679,0,0.000000
1648719536.586131018,2,0.002000
1648719536.609006842,6,0.077000
1648719536.630447951,1,0.000000
1648719536.651807807,0,0.000000
1648719536.676274452,8,0.119000
1648719536.698851781,0,0.003000
1648719536.722073876,0,0.000000
1648719536.745373710,1,0.002000
1648719536.767455509,5,0.062000
1648719536.788868337,0,0.000000
1648719536.809643800,6,0.093000
1648719536.830505583,0,0.008000
1648719536.852947858,1,0.003000
1648719536.875352253,14,0.150000
1648719536.897900318,0,0.011000
1648719536.919616346,0,0.027000
1648719536.941231714,3,0.033000
1648719536.964977432,1,0.001000
1648719536.986958206,0,0.000000
1648719537.009405351,8,0.122000
1648719537.030848520,0,0.000000
1648719537.052907791,2,0.021000
1648719537.075498557,12,0.163000
1648719537.098565364,0,0.000000
1648719537.119923508,0,0.000000
1648719537.140344130,2,0.049000
1648719537.162767666,0,0.000000
1648719537.183397322,8,0.096000
1648719537.204352792,1,0.012000
1648719537.226656528,1,0.008000
1648719537.248996552,7,0.122000
1648719537.272375322,2,0.013000
1648719537.293943871,0,0.011000
1648719537.316399845,0,0.000000
1648719537.336845298,0,0.000000
1648719537.359910691,0,0.000000
1648719537.382150892,12,0.117000
1648719537.406011567,2,0.040000
1648719537.430366433,0,0.000000
1648719537.452487236,0,0.000000
1648719537.474737020,0,0.036000
1648719537.498815038,11,0.112000
1648719537.521479140,0,0.000000
1648719537.543275507,1,0.014000
1648719537.564968782,2,0.009000
1648719537.587823027,0,0.000000
1648719537.610879578,0,0.000000
1648719537.635158874,6,0.094000
1648719537.657835340,2,0.014000
1648719537.680694400,0,0.004000
1648719537.703952971,0,0.015000
1648719537.726465154,0,0.000000
1648719537.748053525,0,0.000000
1648719537.771062750,0,0.000000
1648719537.792766347,0,0.006000
1648719537.814923568,5,0.034000
1648719537.836541385,0,0.000000
1648719537.859449466,1,0.000000
1648719537.882237435,7,0.115000
1648719537.903933467,0,0.000000
1648719537.926457237,0,0.000000
1648719537.948667329,0,0.001000
1648719537.971475147,0,0.000000
1648719537.993688043,9,0.072000
1648719538.016084144,5,0.023000
1648719538.040330790,2,0.037000
1648719538.063216302,1,0.004000
1648719538.084985229,6,0.068000
1648719538.106811433,0,0.000000
1648719538.128011435,0,0.001000
