1648725749.436110523,1,0.023000
1648725749.459469256,6,0.062000
1648725749.480698099,3,0.024000
1648725749.504688233,2,0.020000
1648725749.529659688,0,0.015000
1648725749.551184289,2,0.013000
1648725749.573207012,0,0.000000
1648725749.596641474,13,0.176000
1648725749.618116638,4,0.038000
1648725749.639860804,25,0.275000
1648725749.661208899,19,0.214000
1648725749.683508389,1,0.036000
1648725749.706879526,0,0.000000
1648725749.730339159,0,0.000000
1648725749.753577780,3,0.077000
1648725749.775810700,1,0.026000
1648725749.796784108,0,0.000000
1648725749.819918462,3,0.033000
1648725749.842115557,0,0.005000
1648725749.864585488,6,0.083000
1648725749.887706912,1,0.008000
1648725749.909865337,4,0.060000
1648725749.930822132,2,0.023000
1648725749.953931671,1,0.005000
1648725749.976864887,5,0.052000
1648725749.999173432,0,0.009000
1648725750.021902279,1,0.005000
1648725750.044198761,4,0.011000
1648725750.066454933,3,0.035000
1648725750.089845573,1,0.008000
1648725750.112314294,3,0.022000
1648725750.134421781,2,0.024000
1648725750.159269725,19,0.244000
1648725750.180126570,10,0.111000
1648725750.202770638,1,0.021000
1648725750.224976041,16,0.171000
1648725750.246638821,2,0.029000
1648725750.269182274,9,0.082000
1648725750.292677099,5,0.049000
1648725750.315754530,0,0.000000
1648725750.338482521,3,0.038000
1648725750.363487068,0,0.019000
1648725750.386465617,1,0.003000
1648725750.408662162,4,0.019000
1648725750.432948843,11,0.096000
1648725750.456014654,1,0.012000
1648725750.479746319,2,0.034000
1648725750.502744087,4,0.008000
1648725750.525529002,6,0.072000
1648725750.549197471,0,0.005000
1648725750.571834931,3,0.014000
1648725750.595999652,0,0.017000
1648725750.618075584,2,0.041000
1648725750.640176342,0,0.008000
1648725750.663365074,3,0.032000
1648725750.688388551,3,0.029000
1648725750.711276333,2,0.000000
1648725750.733473378,2,0.014000
1648725750.757543944,1,0.010000
1648725750.781424849,0,0.016000
1648725750.801727525,9,0.102000
1648725750.825388358,3,0.020000
1648725750.849482003,7,0.071000
1648725750.871953780,0,0.000000
1648725750.892084620,0,0.008000
1648725750.912439003,13,0.150000
1648725750.933081585,7,0.057000
1648725750.954087652,0,0.000000
1648725750.978919147,9,0.117000
1648725751.001040190,0,0.000000
1648725751.024108607,18,0.202000
1648725751.047412414,6,0.063000
1648725751.068151385,4,0.023000
1648725751.092029582,7,0.093000
1648725751.114541573,4,0.034000
1648725751.139061260,1,0.022000
1648725751.163051925,0,0.011000
1648725751.185797945,7,0.090000
1648725751.209096604,2,0.026000
1648725751.231915510,10,0.130000
1648725751.254582680,5,0.038000
1648725751.277068565,2,0.017000
1648725751.300222877,0,0.004000
1648725751.321328297,0,0.012000
1648725751.344437341,0,0.006000
1648725751.365783485,4,0.037000
1648725751.388890935,4,0.075000
1648725751.410169310,6,0.079000
1648725751.433541261,2,0.011000
1648725751.456031356,4,0.037000
1648725751.476761159,5,0.066000
1648725751.499871745,4,0.045000
1648725751.524246039,9,0.107000
1648725751.546523117,3,0.013000
1648725751.569198742,13,0.151000
1648725751.591871813,2,0.000000
1648725751.615403822,1,0.006000
1648725751.639017016,3,0.029000
1648725751.661738642,1,0.022000
1648725751.685204152,2,0.047000
1648725751.707878418,2,0.022000
1648725751.733464538,5,0.062000
1648725751.756564051,27,0.327000
1648725751.779910959,9,0.147000
1648725751.801935119,1,0.038000
1648725751.823575027,2,0.013000
1648725751.847394295,1,0.002000
1648725751.870064827,10,0.098000
1648725751.892984464,2,0.028000
1648725751.915208083,6,0.045000
1648725751.937769294,0,0.000000
1648725751.961694186,15,0.187000
1648725751.987232036,4,0.051000
1648725752.010450902,1,0.008000
1648725752.034318433,2,0.006000
1648725752.055486642,0,0.000000
1648725752.077379233,2,0.023000
1648725752.101110139,15,0.164000
1648725752.123786222,9,0.107000
1648725752.149339900,1,0.032000
1648725752.174247967,3,0.037000
1648725752.195505771,0,0.000000
1648725752.218660656,3,0.037000
1648725752.241837691,4,0.046000
1648725752.266191250,15,0.179000
1648725752.289273041,9,0.086000
1648725752.313723151,3,0.035000
1648725752.335804043,3,0.051000
1648725752.359306097,3,0.033000
1648725752.383640371,2,0.003000
1648725752.405898503,22,0.274000
1648725752.430247420,13,0.149000
1648725752.452430128,0,0.000000
1648725752.477112709,13,0.155000
1648725752.499302062,3,0.059000
1648725752.521482041,27,0.311000
1648725752.546210591,30,0.344000
1648725752.568872343,5,0.077000
1648725752.591131537,4,0.050000
1648725752.613795665,2,0.017000
1648725752.634372338,4,0.019000
1648725752.656354136,3,0.023000
1648725752.678322804,2,0.032000
1648725752.702367572,4,0.027000
1648725752.724635046,0,0.000000
1648725752.748046170,7,0.103000
1648725752.770462293,5,0.054000
1648725752.793879246,1,0.024000
1648725752.816779498,3,0.033000
1648725752.839532210,0,0.014000
1648725752.862904954,6,0.041000
1648725752.886660891,2,0.007000
1648725752.910094659,6,0.073000
1648725752.933368573,2,0.006000
1648725752.958622080,1,0.015000
1648725752.981818200,0,0.010000
1648725753.005463074,21,0.244000
1648725753.027613361,19,0.223000
1648725753.049458839,2,0.032000
1648725753.072238982,1,0.024000
1648725753.094725045,3,0.047000
1648725753.117394743,15,0.173000
1648725753.137819029,6,0.054000
1648725753.159481850,1,0.035000
1648725753.182637986,3,0.039000
1648725753.204757881,5,0.054000
1648725753.226489879,1,0.012000
1648725753.249325094,0,0.019000
1648725753.272155235,7,0.076000
1648725753.292670191,3,0.030000
1648725753.315541688,5,0.057000
1648725753.337850867,2,0.030000
1648725753.360972368,3,0.058000
1648725753.382330271,5,0.052000
1648725753.403535617,7,0.060000
1648725753.425938055,13,0.155000
1648725753.449185017,1,0.027000
1648725753.473231933,0,0.005000
1648725753.496614750,3,0.036000
1648725753.521995916,0,0.000000
1648725753.544236302,6,0.066000
1648725753.567208683,5,0.037000
1648725753.589020943,3,0.060000
1648725753.611492605,2,0.030000
1648725753.635164069,2,0.015000
1648725753.658590117,0,0.000000
1648725753.682185953,19,0.238000
1648725753.705676359,8,0.069000
1648725753.728889745,7,0.076000
1648725753.753463610,11,0.106000
1648725753.775796523,2,0.019000
1648725753.798974957,4,0.039000
1648725753.822487174,1,0.014000
1648725753.843886336,1,0.000000
1648725753.866767548,2,0.015000
1648725753.889618758,9,0.077000
1648725753.911088336,3,0.033000
1648725753.933879058,3,0.027000
1648725753.954027933,3,0.016000
1648725753.976552003,2,0.039000
1648725754.000935062,3,0.023000
1648725754.024254671,0,0.001000
1648725754.047148541,4,0.000000
1648725754.070182818,3,0.025000
1648725754.092891417,2,0.031000
1648725754.117596240,0,0.000000
1648725754.140998204,1,0.031000
1648725754.164427983,0,0.013000
1648725754.187689268,0,0.000000
1648725754.210548363,1,0.011000
1648725754.232801143,1,0.006000
1648725754.255212621,8,0.091000
1648725754.278085078,0,0.000000
1648725754.301148046,1,0.010000
1648725754.324718989,6,0.059000
1648725754.347946003,0,0.004000
1648725754.370996188,2,0.022000
1648725754.394702981,3,0.023000
1648725754.417969201,3,0.049000
1648725754.439814220,0,0.000000
1648725754.463095869,3,0.027000
1648725754.485981306,2,0.022000
1648725754.509260956,3,0.021000
1648725754.531940853,2,0.030000
1648725754.554246605,1,0.004000
1648725754.577118619,1,0.012000
1648725754.598969491,3,0.019000
1648725754.621305871,10,0.112000
1648725754.643234486,0,0.018000
1648725754.664312226,2,0.025000
1648725754.687342999,2,0.000000
1648725754.709196895,2,0.037000
1648725754.732325476,6,0.066000
1648725754.755903112,0,0.004000
1648725754.778566964,2,0.011000
1648725754.802921049,0,0.000000
1648725754.826967733,2,0.028000
1648725754.849401074,3,0.038000
1648725754.873795704,3,0.030000
1648725754.896787610,23,0.251000
1648725754.918536704,19,0.208000
1648725754.941095936,2,0.006000
1648725754.964604300,4,0.030000
1648725754.988166475,1,0.018000
1648725755.010019080,1,0.025000
1648725755.033004684,2,0.005000
1648725755.054951933,3,0.060000
1648725755.078046922,2,0.017000
1648725755.101770728,15,0.197000
1648725755.124836415,1,0.049000
1648725755.148068457,11,0.119000
1648725755.171493868,0,0.000000
1648725755.195589045,9,0.133000
1648725755.218082503,3,0.001000
1648725755.239764393,2,0.016000
1648725755.263405308,4,0.017000
1648725755.284893671,0,0.014000
1648725755.307434893,3,0.044000
1648725755.330171886,8,0.066000
1648725755.354193062,10,0.152000
1648725755.376410411,2,0.025000
1648725755.399839548,2,0.000000
1648725755.422548197,7,0.119000
1648725755.442549289,5,0.048000
1648725755.466184723,0,0.000000
1648725755.488714540,2,0.005000
1648725755.512105657,4,0.039000
1648725755.535157371,1,0.023000
1648725755.559128098,5,0.076000
1648725755.580793804,2,0.026000
1648725755.606273239,42,0.507000
1648725755.629254380,35,0.392000
1648725755.651790758,13,0.174000
1648725755.673103320,0,0.001000
1648725755.695510691,2,0.016000
1648725755.718090657,6,0.068000
1648725755.741675635,0,0.013000
1648725755.763770863,4,0.015000
1648725755.786790801,0,0.000000
1648725755.809074147,3,0.025000
1648725755.830449619,0,0.000000
1648725755.854309416,12,0.106000
1648725755.876732850,0,0.011000
1648725755.901037833,3,0.026000
1648725755.925479665,2,0.021000
1648725755.947349781,2,0.031000
1648725755.970944327,1,0.017000
1648725755.994814026,10,0.120000
1648725756.016299271,1,0.002000
1648725756.037904497,5,0.060000
1648725756.061006846,1,0.021000
1648725756.083677075,12,0.137000
1648725756.105918673,7,0.092000
1648725756.128216118,16,0.201000
1648725756.153583977,18,0.230000
1648725756.176723089,0,0.000000
1648725756.202052091,2,0.032000
1648725756.224788307,1,0.015000
1648725756.248631703,2,0.012000
1648725756.269985243,0,0.017000
1648725756.292528862,3,0.043000
1648725756.316291834,2,0.040000
1648725756.338228188,6,0.038000
1648725756.363792970,0,0.015000
1648725756.387058682,5,0.074000
1648725756.408804688,7,0.070000
1648725756.435277949,2,0.023000
1648725756.457302633,2,0.024000
1648725756.480343749,1,0.000000
1648725756.502295559,7,0.062000
1648725756.526113709,2,0.014000
1648725756.550083669,2,0.022000
1648725756.573670954,1,0.010000
1648725756.596224172,1,0.018000
1648725756.620318025,3,0.026000
1648725756.642536998,1,0.013000
1648725756.666697041,13,0.176000
1648725756.689385634,7,0.062000
1648725756.714281808,4,0.052000
1648725756.737172500,5,0.039000
1648725756.759498282,0,0.000000
1648725756.780698809,2,0.024000
1648725756.804444374,2,0.015000
1648725756.828940777,1,0.020000
1648725756.850690640,1,0.039000
1648725756.875397548,0,0.000000
1648725756.897387737,5,0.045000
1648725756.921187707,1,0.018000
1648725756.945646763,3,0.009000
1648725756.968101806,2,0.017000
1648725756.990504876,0,0.000000
1648725757.014968422,4,0.022000
1648725757.037551009,2,0.028000
1648725757.061303497,4,0.042000
1648725757.084780073,1,0.008000
1648725757.106148498,2,0.010000
1648725757.130052170,6,0.093000
1648725757.155226868,4,0.022000
1648725757.178064357,1,0.017000
1648725757.201980567,2,0.033000
1648725757.224982516,2,0.009000
1648725757.246924106,1,0.012000
1648725757.271312039,0,0.013000
1648725757.293936860,10,0.139000
1648725757.318173683,0,0.000000
1648725757.342486878,4,0.032000
1648725757.366339799,5,0.073000
1648725757.389068596,1,0.006000
1648725757.413436054,4,0.060000
1648725757.435942756,0,0.000000
1648725757.458185336,1,0.046000
1648725757.481885806,15,0.159000
1648725757.505601850,11,0.177000
1648725757.528880933,8,0.072000
1648725757.551948415,1,0.023000
1648725757.574128547,3,0.031000
1648725757.596060726,3,0.035000
1648725757.619106981,1,0.011000
1648725757.642601676,3,0.022000
1648725757.665318007,0,0.000000
1648725757.688216652,8,0.078000
1648725757.710555324,5,0.060000
1648725757.732950087,4,0.042000
1648725757.755338282,3,0.025000
1648725757.779088956,5,0.083000
1648725757.801652737,2,0.009000
1648725757.825499337,6,0.050000
1648725757.847894134,3,0.050000
1648725757.870586587,4,0.037000
1648725757.893476445,3,0.035000
1648725757.917139153,5,0.037000
1648725757.940266283,6,0.059000
1648725757.963898702,2,0.029000
1648725757.987584777,11,0.141000
1648725758.009487522,4,0.055000
1648725758.032262446,16,0.175000
1648725758.056006817,6,0.113000
1648725758.079420826,3,0.035000
1648725758.102817395,0,0.000000
1648725758.125225190,5,0.022000
1648725758.146717536,9,0.107000
1648725758.168014341,1,0.012000
1648725758.192508571,10,0.105000
1648725758.214478752,7,0.064000
1648725758.235558591,0,0.000000
1648725758.258385192,3,0.045000
1648725758.282025887,1,0.000000
1648725758.306086323,6,0.059000
1648725758.328068618,3,0.032000
1648725758.350692765,1,0.030000
1648725758.372502274,0,0.019000
1648725758.394778305,3,0.024000
1648725758.418335333,2,0.031000
1648725758.441171081,0,0.012000
1648725758.462408018,3,0.030000
1648725758.484887159,2,0.035000
1648725758.506821802,0,0.014000
1648725758.529406012,1,0.003000
1648725758.550995751,16,0.211000
1648725758.574575992,9,0.079000
1648725758.598240243,4,0.015000
1648725758.622089332,3,0.015000
1648725758.644956297,4,0.029000
1648725758.667471781,2,0.023000
1648725758.689864107,2,0.012000
1648725758.711241578,5,0.036000
1648725758.731618893,0,0.000000
1648725758.753661374,8,0.079000
1648725758.776823671,7,0.063000
1648725758.798150993,1,0.047000
1648725758.821628854,6,0.063000
1648725758.844345581,0,0.012000
1648725758.868332621,2,0.000000
1648725758.890010522,1,0.005000
1648725758.910574903,0,0.000000
1648725758.933896186,2,0.028000
1648725758.958137944,0,0.001000
1648725758.979257687,6,0.048000
1648725759.002067145,1,0.013000
1648725759.024899966,1,0.019000
1648725759.047672511,2,0.038000
1648725759.070177898,3,0.013000
1648725759.093377683,2,0.024000
1648725759.118443465,0,0.018000
1648725759.141574218,4,0.032000
1648725759.164671953,1,0.015000
1648725759.186745764,1,0.004000
1648725759.208384717,0,0.000000
1648725759.233246650,3,0.033000
1648725759.255636651,3,0.060000
1648725759.278346959,8,0.126000
1648725759.300184328,1,0.015000
1648725759.322540068,0,0.016000
1648725759.345678073,1,0.002000
1648725759.368116479,2,0.055000
1648725759.392981470,6,0.040000
1648725759.416337834,2,0.007000
1648725759.438768525,1,0.030000
1648725759.460790605,2,0.021000
1648725759.483112340,3,0.034000
1648725759.507166828,1,0.004000
1648725759.529388964,1,0.010000
1648725759.552976481,25,0.287000
1648725759.576430846,30,0.342000
1648725759.599531758,13,0.178000
1648725759.622337491,0,0.011000
1648725759.643229685,5,0.056000
1648725759.666897765,2,0.023000
1648725759.689408354,7,0.082000
1648725759.712785805,3,0.043000
1648725759.735274438,1,0.000000
1648725759.756353870,0,0.004000
1648725759.781233215,1,0.021000
1648725759.803125772,3,0.050000
1648725759.825142204,1,0.009000
1648725759.849249155,6,0.077000
1648725759.872523292,2,0.000000
1648725759.896059920,11,0.138000
1648725759.920029558,2,0.021000
1648725759.941318320,18,0.222000
1648725759.966232698,16,0.207000
1648725759.988961989,0,0.000000
1648725760.012537572,1,0.017000
1648725760.036109694,2,0.019000
1648725760.059128386,3,0.030000
1648725760.082691118,1,0.036000
1648725760.104883798,1,0.000000
1648725760.127418123,7,0.042000
1648725760.150919653,2,0.040000
1648725760.172953104,7,0.057000
1648725760.195989771,0,0.000000
1648725760.218260596,1,0.009000
1648725760.242334174,0,0.005000
1648725760.265755300,4,0.036000
1648725760.290484278,2,0.040000
1648725760.313694320,10,0.075000
1648725760.336318335,2,0.007000
1648725760.361214815,4,0.026000
1648725760.382661504,6,0.067000
1648725760.404816990,9,0.073000
1648725760.424328265,3,0.021000
1648725760.449224976,5,0.044000
1648725760.470722000,14,0.170000
1648725760.492920872,12,0.089000
1648725760.515527349,14,0.147000
1648725760.538021606,16,0.164000
1648725760.561974210,1,0.016000
1648725760.586299083,21,0.250000
1648725760.610151337,14,0.185000
1648725760.633566872,0,0.000000
1648725760.658120381,0,0.001000
1648725760.680073112,3,0.041000
1648725760.701697405,1,0.000000
1648725760.725701130,1,0.001000
1648725760.748365500,1,0.005000
1648725760.770281459,1,0.000000
1648725760.793091950,3,0.044000
1648725760.816006795,2,0.023000
1648725760.837312618,5,0.042000
1648725760.859802145,0,0.024000
1648725760.881763042,13,0.139000
1648725760.905624458,3,0.021000
1648725760.928156291,9,0.061000
1648725760.952075706,1,0.017000
1648725760.974563982,8,0.120000
1648725760.996594242,0,0.000000
1648725761.021674328,0,0.000000
1648725761.045321233,13,0.108000
1648725761.066981751,8,0.103000
1648725761.089571666,0,0.000000
1648725761.111631247,25,0.294000
1648725761.135063759,11,0.124000
1648725761.158105409,0,0.000000
1648725761.180247130,24,0.277000
1648725761.203363946,6,0.072000
1648725761.228001724,2,0.034000
1648725761.249273664,2,0.026000
1648725761.271369947,6,0.072000
1648725761.294040811,1,0.040000
1648725761.316494355,2,0.008000
1648725761.338884470,2,0.019000
1648725761.360489833,5,0.056000
1648725761.382508860,0,0.000000
1648725761.406315339,4,0.059000
1648725761.427465480,3,0.038000
1648725761.448817217,1,0.003000
1648725761.470795738,1,0.047000
1648725761.493688193,2,0.015000
1648725761.518131597,29,0.354000
1648725761.539563610,16,0.185000
1648725761.562740011,0,0.015000
1648725761.584773405,0,0.000000
1648725761.608443117,2,0.012000
1648725761.631427596,1,0.004000
1648725761.653144475,4,0.047000
1648725761.675479008,2,0.012000
1648725761.699445727,4,0.047000
1648725761.722853027,10,0.144000
1648725761.746948701,9,0.122000
1648725761.772366187,0,0.010000
1648725761.794531159,1,0.010000
1648725761.817481911,11,0.089000
1648725761.841741494,2,0.026000
1648725761.863665877,14,0.142000
1648725761.886932504,14,0.143000
1648725761.907398537,0,0.000000
1648725761.930222842,12,0.116000
1648725761.953380390,2,0.021000
1648725761.975331538,3,0.029000
1648725761.996888290,3,0.050000
1648725762.019681410,1,0.004000
1648725762.042727150,3,0.028000
1648725762.066112094,0,0.000000
1648725762.089418498,29,0.329000
1648725762.111125795,17,0.218000
1648725762.136041928,3,0.027000
1648725762.158636795,0,0.005000
1648725762.182879287,2,0.021000
1648725762.206271687,1,0.009000
1648725762.229440064,6,0.072000
1648725762.253753639,20,0.222000
1648725762.277475398,21,0.233000
1648725762.300152239,0,0.005000
1648725762.323783778,2,0.033000
1648725762.348034740,3,0.054000
1648725762.371187947,1,0.009000
1648725762.396478524,7,0.076000
1648725762.418704597,5,0.034000
1648725762.441484773,2,0.021000
1648725762.465335301,2,0.016000
1648725762.489402025,6,0.072000
1648725762.512781919,3,0.040000
1648725762.535688354,4,0.044000
1648725762.556598248,1,0.011000
1648725762.578579277,11,0.153000
1648725762.601016890,1,0.029000
1648725762.622288393,14,0.151000
1648725762.646715825,4,0.058000
1648725762.668719272,5,0.062000
1648725762.690346443,1,0.003000
1648725762.712430807,2,0.006000
1648725762.736415036,1,0.019000
1648725762.760780674,10,0.129000
1648725762.783095547,3,0.035000
1648725762.806351503,6,0.078000
1648725762.830407534,3,0.011000
1648725762.853756289,5,0.042000
1648725762.875940165,0,0.013000
1648725762.897792184,3,0.021000
1648725762.919355809,4,0.041000
1648725762.942812752,0,0.021000
1648725762.965046598,0,0.000000
1648725762.989963499,2,0.009000
1648725763.013034289,4,0.054000
1648725763.036121908,0,0.000000
1648725763.059675853,2,0.027000
1648725763.081469235,2,0.032000
1648725763.104851500,7,0.048000
1648725763.127326032,7,0.087000
1648725763.149564413,4,0.043000
1648725763.173638232,1,0.008000
1648725763.197308706,0,0.006000
1648725763.219783241,1,0.000000
1648725763.241503333,1,0.000000
1648725763.264730585,11,0.140000
1648725763.288129399,5,0.020000
1648725763.311282017,15,0.187000
1648725763.331402151,8,0.078000
1648725763.354332444,2,0.035000
1648725763.376024819,2,0.051000
1648725763.398390892,1,0.016000
1648725763.420717064,2,0.003000
1648725763.442742322,7,0.081000
1648725763.465057779,0,0.000000
1648725763.488737384,15,0.174000
1648725763.511440040,10,0.102000
1648725763.533672026,2,0.032000
1648725763.555089052,1,0.000000
1648725763.579908473,1,0.000000
1648725763.604808995,3,0.020000
1648725763.626471257,3,0.067000
1648725763.648850850,11,0.115000
1648725763.672552847,15,0.190000
1648725763.695080075,5,0.059000
1648725763.717945570,2,0.014000
1648725763.739490007,2,0.017000
1648725763.762750122,9,0.101000
1648725763.785179345,3,0.027000
1648725763.807528384,3,0.051000
1648725763.831478976,4,0.022000
1648725763.854674638,4,0.035000
1648725763.878318401,2,0.024000
1648725763.901680981,3,0.035000
1648725763.923278102,2,0.016000
1648725763.945444815,1,0.027000
1648725763.965716746,4,0.044000
1648725763.988962014,0,0.000000
1648725764.011939972,0,0.038000
1648725764.033448186,5,0.058000
1648725764.055743195,0,0.010000
1648725764.078127769,3,0.034000
1648725764.101535589,2,0.015000
1648725764.122709241,8,0.068000
1648725764.146332864,0,0.000000
1648725764.169812238,12,0.119000
1648725764.193362792,1,0.017000
1648725764.216365433,4,0.072000
1648725764.239181154,0,0.000000
1648725764.261872387,2,0.032000
1648725764.284413694,1,0.021000
1648725764.306782660,5,0.067000
1648725764.331436467,3,0.023000
1648725764.354273150,1,0.012000
1648725764.376827930,1,0.024000
1648725764.399352134,0,0.015000
1648725764.422124759,14,0.153000
1648725764.445007799,5,0.057000
1648725764.470288132,10,0.078000
1648725764.493872707,3,0.045000
1648725764.516537266,0,0.000000
1648725764.537722184,1,0.007000
1648725764.561655880,0,0.000000
1648725764.581997696,14,0.142000
1648725764.604523423,0,0.000000
1648725764.627438692,13,0.164000
1648725764.651214478,9,0.088000
1648725764.674806570,3,0.037000
1648725764.697265079,4,0.003000
1648725764.720038107,1,0.006000
1648725764.742852967,0,0.003000
1648725764.765976241,16,0.195000
1648725764.788452309,21,0.220000
1648725764.812115515,2,0.022000
1648725764.836207148,1,0.001000
1648725764.860323132,0,0.019000
1648725764.883965373,4,0.045000
1648725764.905546100,5,0.053000
1648725764.927867373,1,0.010000
1648725764.950260868,1,0.035000
1648725764.974132489,6,0.055000
1648725764.996827550,10,0.099000
1648725765.021093784,2,0.045000
1648725765.044906844,2,0.018000
1648725765.066936951,1,0.013000
1648725765.090938285,4,0.018000
1648725765.110999086,3,0.032000
1648725765.133178653,9,0.118000
1648725765.157583630,0,0.000000
1648725765.180678327,10,0.136000
1648725765.202822773,0,0.007000
1648725765.224176526,15,0.179000
1648725765.247634830,7,0.097000
1648725765.271402545,2,0.012000
1648725765.294469061,1,0.009000
1648725765.318006338,0,0.004000
1648725765.342423395,1,0.006000
1648725765.366275381,3,0.037000
1648725765.387907076,3,0.038000
1648725765.410587358,2,0.011000
1648725765.431405258,1,0.028000
1648725765.454033244,1,0.009000
1648725765.476980085,1,0.014000
1648725765.501137586,1,0.032000
1648725765.523556091,2,0.008000
1648725765.548097986,1,0.000000
1648725765.571377998,0,0.000000
1648725765.594997882,4,0.035000
1648725765.617045763,0,0.013000
1648725765.639748925,10,0.120000
1648725765.660850373,3,0.021000
1648725765.684093074,3,0.057000
1648725765.704304623,2,0.007000
1648725765.728523730,2,0.035000
1648725765.751639728,7,0.056000
1648725765.774670015,1,0.007000
1648725765.797701483,1,0.001000
1648725765.818476531,15,0.174000
1648725765.839873709,22,0.239000
1648725765.864586424,3,0.041000
1648725765.888487196,9,0.096000
1648725765.912180822,3,0.040000
1648725765.932989545,9,0.154000
1648725765.957490980,4,0.060000
1648725765.979613757,7,0.065000
1648725766.002093630,8,0.082000
1648725766.024466564,6,0.106000
1648725766.048302999,8,0.079000
1648725766.070596460,2,0.013000
1648725766.094831444,0,0.027000
1648725766.118184928,5,0.050000
1648725766.141421519,5,0.033000
1648725766.162549311,15,0.182000
1648725766.187942364,10,0.109000
1648725766.210068503,0,0.011000
1648725766.231911464,2,0.013000
1648725766.252428937,4,0.044000
1648725766.274853837,4,0.012000
1648725766.297195442,4,0.038000
1648725766.319744535,2,0.026000
1648725766.342155834,3,0.032000
1648725766.365900441,6,0.048000
1648725766.390012077,2,0.019000
1648725766.414300764,2,0.038000
1648725766.436977580,4,0.031000
1648725766.459936583,2,0.048000
1648725766.483978309,2,0.000000
1648725766.508284050,3,0.017000
1648725766.533260551,1,0.014000
1648725766.556725468,0,0.008000
1648725766.579941350,5,0.070000
1648725766.602509636,1,0.003000
1648725766.625306235,6,0.049000
1648725766.647237354,1,0.005000
1648725766.669929363,0,0.001000
1648725766.694996727,5,0.062000
1648725766.718074596,0,0.013000
1648725766.740196993,0,0.005000
1648725766.764696059,2,0.011000
1648725766.787546298,2,0.035000
1648725766.812586746,2,0.011000
1648725766.835866668,4,0.040000
1648725766.856580099,1,0.028000
1648725766.880821333,0,0.004000
1648725766.903700110,8,0.071000
1648725766.927294759,6,0.060000
1648725766.948753693,3,0.035000
1648725766.971370822,0,0.008000
1648725766.995264110,2,0.021000
1648725767.017891529,0,0.018000
1648725767.041673933,5,0.083000
1648725767.064695732,2,0.010000
1648725767.088308430,1,0.011000
1648725767.111568119,2,0.023000
1648725767.132767437,3,0.019000
1648725767.158269857,5,0.075000
1648725767.179731148,4,0.059000
1648725767.203138868,9,0.098000
1648725767.226663252,2,0.014000
1648725767.249960170,13,0.122000
1648725767.271148430,3,0.028000
1648725767.295485742,0,0.000000
1648725767.317466057,4,0.011000
1648725767.340041827,3,0.023000
1648725767.361796133,0,0.000000
1648725767.384701643,2,0.029000
1648725767.407645981,1,0.011000
1648725767.431481778,2,0.002000
1648725767.455919123,7,0.084000
1648725767.479507217,1,0.000000
1648725767.502123452,2,0.030000
1648725767.523233143,2,0.035000
1648725767.546415336,11,0.160000
1648725767.572315766,2,0.027000
1648725767.595444379,18,0.178000
1648725767.619486868,4,0.063000
1648725767.643763439,18,0.217000
1648725767.666244916,11,0.114000
1648725767.689957379,0,0.006000
1648725767.713971935,1,0.014000
1648725767.737292111,2,0.045000
1648725767.762004140,2,0.037000
1648725767.782997271,0,0.003000
1648725767.805058229,3,0.030000
1648725767.827535782,0,0.011000
1648725767.849666473,1,0.020000
1648725767.870432342,0,0.000000
1648725767.895736166,0,0.000000
1648725767.918332487,1,0.001000
1648725767.939468051,2,0.036000
1648725767.964149307,4,0.027000
1648725767.986148793,7,0.086000
1648725768.008579282,3,0.028000
1648725768.031155393,3,0.047000
1648725768.053748107,2,0.020000
1648725768.078537647,6,0.075000
1648725768.101659346,3,0.042000
1648725768.126004972,6,0.076000
1648725768.149784574,1,0.007000
1648725768.173394123,16,0.188000
1648725768.195625849,2,0.018000
1648725768.218773816,2,0.040000
1648725768.241055634,3,0.022000
1648725768.264392554,10,0.106000
1648725768.288633305,1,0.023000
1648725768.310026634,25,0.324000
1648725768.333312397,18,0.226000
1648725768.356711852,2,0.025000
1648725768.380462984,2,0.002000
1648725768.404095223,0,0.000000
1648725768.428002409,4,0.024000
1648725768.451926591,11,0.104000
1648725768.474237052,6,0.024000
1648725768.496679854,0,0.000000
1648725768.519863599,0,0.000000
1648725768.544146491,0,0.008000
1648725768.566493643,0,0.014000
1648725768.590732813,10,0.109000
1648725768.612086448,1,0.014000
1648725768.636279401,1,0.008000
1648725768.659350773,1,0.000000
1648725768.682844958,2,0.006000
1648725768.707533001,1,0.011000
1648725768.729897983,0,0.023000
1648725768.753137890,17,0.167000
1648725768.774483399,15,0.182000
1648725768.797360933,0,0.000000
1648725768.821415376,2,0.024000
1648725768.845173663,8,0.096000
1648725768.868746089,9,0.117000
1648725768.893784392,1,0.002000
1648725768.915395889,2,0.013000
1648725768.937862350,1,0.000000
1648725768.960113377,0,0.006000
1648725768.982411761,5,0.063000
1648725769.004854160,0,0.000000
1648725769.028414589,2,0.023000
1648725769.048795338,3,0.016000
1648725769.070151246,8,0.101000
1648725769.092405436,4,0.042000
1648725769.113723259,0,0.014000
1648725769.138161694,0,0.000000
1648725769.161154502,3,0.037000
1648725769.183239346,11,0.147000
1648725769.206190686,5,0.045000
1648725769.228283787,12,0.103000
1648725769.251550242,10,0.117000
1648725769.273329653,2,0.023000
1648725769.296035066,0,0.000000
1648725769.318209704,4,0.013000
1648725769.341504546,3,0.012000
1648725769.365966091,10,0.102000
1648725769.387890307,6,0.072000
1648725769.411460982,1,0.010000
1648725769.431694557,4,0.008000
1648725769.453705729,0,0.000000
1648725769.477010833,4,0.037000
1648725769.500632456,0,0.004000
1648725769.523931696,3,0.035000
1648725769.547661647,1,0.014000
1648725769.569449707,4,0.023000
1648725769.593281990,2,0.054000
1648725769.618113161,2,0.025000
1648725769.642359772,2,0.008000
1648725769.664426948,1,0.020000
1648725769.687802217,3,0.035000
1648725769.709023502,1,0.011000
1648725769.731568619,1,0.005000
1648725769.753309426,7,0.077000
1648725769.776244748,1,0.008000
1648725769.799401584,3,0.030000
1648725769.821120914,2,0.043000
1648725769.845333729,4,0.046000
1648725769.867830344,3,0.025000
1648725769.892480807,0,0.026000
1648725769.913020942,2,0.008000
1648725769.936333201,2,0.014000
1648725769.960378606,3,0.040000
1648725769.983157695,1,0.016000
1648725770.004639842,1,0.012000
1648725770.028059283,1,0.020000
1648725770.052111646,0,0.007000
1648725770.074748312,1,0.011000
1648725770.098282730,0,0.000000
1648725770.123773295,2,0.031000
1648725770.147190252,2,0.007000
1648725770.171265893,16,0.202000
1648725770.192840003,5,0.052000
1648725770.215508633,0,0.000000
1648725770.239127066,0,0.004000
1648725770.260692913,7,0.139000
1648725770.283531513,0,0.000000
1648725770.306436714,3,0.011000
1648725770.330075789,0,0.023000
1648725770.353374669,6,0.107000
1648725770.377130871,1,0.001000
1648725770.399600595,1,0.001000
1648725770.422382804,5,0.048000
1648725770.445789094,1,0.007000
1648725770.469439752,11,0.096000
1648725770.491936297,2,0.000000
1648725770.516263232,17,0.206000
1648725770.540548259,2,0.008000
1648725770.562263237,10,0.112000
1648725770.584210003,2,0.008000
1648725770.606680833,1,0.000000
1648725770.629395524,1,0.007000
1648725770.651861829,1,0.013000
1648725770.674157614,15,0.186000
1648725770.695853884,3,0.024000
1648725770.718019008,19,0.224000
1648725770.741888769,23,0.244000
1648725770.764614446,7,0.077000
1648725770.786954167,3,0.021000
1648725770.808757078,0,0.000000
1648725770.829532796,4,0.083000
1648725770.853988520,1,0.032000
1648725770.877449803,5,0.040000
1648725770.901328891,2,0.023000
1648725770.924989123,4,0.048000
1648725770.948024846,15,0.188000
1648725770.967707821,2,0.018000
1648725770.989707696,1,0.045000
1648725771.012212114,1,0.014000
1648725771.036810189,9,0.107000
1648725771.059698599,2,0.013000
1648725771.082319964,0,0.000000
1648725771.105392055,3,0.031000
1648725771.127084794,2,0.007000
1648725771.150202368,4,0.059000
1648725771.171844199,1,0.005000
1648725771.194902268,4,0.051000
1648725771.217282118,7,0.082000
1648725771.240793049,1,0.016000
1648725771.262109812,4,0.055000
1648725771.283248948,0,0.008000
1648725771.307690732,2,0.031000
1648725771.330035964,5,0.098000
1648725771.352373300,0,0.010000
1648725771.375973996,4,0.031000
1648725771.397473490,0,0.014000
1648725771.421973460,18,0.208000
1648725771.443411247,6,0.096000
1648725771.467362873,1,0.007000
1648725771.491480270,0,0.037000
1648725771.513444703,0,0.022000
1648725771.535789651,0,0.000000
1648725771.558699075,3,0.056000
1648725771.581949729,5,0.066000
1648725771.605719949,2,0.041000
1648725771.627809153,5,0.055000
1648725771.649082630,1,0.000000
1648725771.674259155,2,0.007000
1648725771.697735201,0,0.000000
1648725771.719776867,3,0.015000
1648725771.741081267,0,0.000000
1648725771.764861316,2,0.006000
1648725771.788632531,5,0.045000
1648725771.812350890,0,0.011000
1648725771.835222645,4,0.032000
1648725771.858345635,0,0.000000
1648725771.880188790,0,0.000000
1648725771.903821804,3,0.046000
1648725771.927978633,1,0.020000
1648725771.950003066,1,0.011000
1648725771.972819629,0,0.005000
1648725771.994307592,5,0.058000
1648725772.018131979,1,0.018000
1648725772.041686938,5,0.062000
1648725772.064677251,0,0.000000
1648725772.085913742,9,0.082000
1648725772.107549312,1,0.007000
1648725772.131457117,2,0.030000
1648725772.153812981,5,0.071000
1648725772.175561401,10,0.106000
1648725772.198371695,4,0.036000
1648725772.221038289,2,0.027000
1648725772.243977914,24,0.248000
1648725772.267121122,13,0.172000
1648725772.290863536,1,0.002000
1648725772.313352829,2,0.030000
1648725772.336356017,1,0.040000
1648725772.359353361,0,0.011000
1648725772.382719042,2,0.014000
1648725772.404885341,1,0.026000
1648725772.427188839,0,0.000000
1648725772.449880599,2,0.007000
1648725772.472285988,1,0.004000
1648725772.495898579,2,0.014000
1648725772.517448642,0,0.007000
1648725772.539630370,1,0.010000
1648725772.562438632,5,0.066000
1648725772.586138023,0,0.000000
1648725772.608803255,2,0.042000
1648725772.631409992,2,0.015000
1648725772.654126641,6,0.052000
1648725772.677541103,1,0.015000
1648725772.700043141,0,0.018000
1648725772.722549300,0,0.000000
1648725772.745266054,5,0.070000
1648725772.768146795,2,0.036000
1648725772.790976756,0,0.000000
1648725772.815446978,0,0.003000
1648725772.836854297,4,0.044000
1648725772.860580770,6,0.071000
1648725772.882263057,8,0.069000
1648725772.904763380,2,0.014000
1648725772.926051167,4,0.067000
1648725772.948970038,2,0.013000
1648725772.971356702,10,0.129000
1648725772.994306193,2,0.021000
1648725773.018082944,1,0.008000
1648725773.039793603,3,0.022000
1648725773.061166693,1,0.004000
1648725773.084220075,23,0.274000
1648725773.107865427,18,0.219000
1648725773.130095173,0,0.000000
1648725773.153008973,3,0.030000
1648725773.176767697,0,0.003000
1648725773.200628672,20,0.231000
1648725773.223481742,9,0.097000
1648725773.246687713,13,0.096000
1648725773.269893314,9,0.134000
1648725773.292733802,0,0.000000
1648725773.314969461,9,0.135000
1648725773.336668450,0,0.000000
1648725773.360952538,9,0.080000
1648725773.382157006,6,0.057000
1648725773.404491529,13,0.121000
1648725773.427621152,8,0.090000
1648725773.449925342,0,0.000000
1648725773.471705093,0,0.023000
1648725773.494467886,4,0.030000
1648725773.517473429,6,0.083000
1648725773.542039677,1,0.029000
1648725773.565710718,13,0.155000
1648725773.590147885,3,0.046000
1648725773.612007231,7,0.082000
1648725773.634347181,4,0.037000
1648725773.656818636,0,0.000000
1648725773.680907611,1,0.007000
1648725773.705721624,9,0.103000
1648725773.728481189,2,0.020000
1648725773.750820315,9,0.113000
1648725773.773531334,2,0.038000
1648725773.797289027,0,0.012000
1648725773.819742093,6,0.106000
1648725773.841141920,2,0.039000
1648725773.863597358,2,0.005000
1648725773.888265755,1,0.041000
1648725773.910552016,2,0.016000
1648725773.930947627,0,0.000000
1648725773.953964521,1,0.004000
1648725773.976879960,5,0.038000
1648725773.999986851,2,0.000000
1648725774.021951695,12,0.183000
1648725774.044501969,4,0.048000
1648725774.066991813,0,0.000000
1648725774.089423229,1,0.014000
1648725774.112017438,3,0.023000
1648725774.131903343,0,0.004000
1648725774.152896255,0,0.007000
1648725774.177888602,1,0.012000
1648725774.200665018,1,0.059000
1648725774.222652643,12,0.137000
1648725774.241675059,13,0.160000
1648725774.262106992,1,0.011000
1648725774.283814084,3,0.019000
1648725774.306843639,2,0.011000
1648725774.329660648,4,0.037000
1648725774.352353864,3,0.067000
1648725774.374093641,0,0.000000
1648725774.398673555,6,0.065000
1648725774.420217964,0,0.000000
1648725774.443294185,1,0.000000
1648725774.467112967,0,0.006000
1648725774.490032893,2,0.037000
1648725774.511876055,1,0.022000
1648725774.534375022,2,0.013000
1648725774.556838794,3,0.017000
1648725774.579807090,2,0.034000
1648725774.601255220,3,0.024000
1648725774.621535430,0,0.000000
1648725774.646113302,0,0.009000
1648725774.668792321,1,0.040000
1648725774.690227863,0,0.004000
1648725774.712818868,3,0.018000
1648725774.734686586,0,0.000000
1648725774.757126281,11,0.110000
1648725774.780105165,0,0.000000
1648725774.804133178,19,0.228000
1648725774.826081638,10,0.095000
1648725774.848524902,6,0.057000
1648725774.871564890,19,0.249000
1648725774.894394314,4,0.048000
1648725774.918216687,7,0.081000
1648725774.939999313,1,0.017000
1648725774.963393367,1,0.015000
1648725774.985381588,2,0.000000
1648725775.007895981,3,0.023000
1648725775.031022332,2,0.014000
1648725775.054073818,1,0.008000
1648725775.075365096,1,0.008000
1648725775.096702011,10,0.107000
1648725775.119721416,4,0.037000
1648725775.142725370,2,0.028000
1648725775.164401464,3,0.010000
1648725775.187545656,1,0.008000
1648725775.210543925,2,0.013000
1648725775.232300571,8,0.070000
1648725775.254683648,0,0.012000
1648725775.276802925,2,0.029000
1648725775.297288198,2,0.012000
1648725775.319014193,4,0.055000
1648725775.341389896,1,0.011000
1648725775.363488390,0,0.009000
1648725775.386285977,5,0.055000
1648725775.408710131,0,0.006000
1648725775.433155878,4,0.063000
1648725775.457488877,9,0.136000
1648725775.478597662,12,0.109000
1648725775.501561868,0,0.000000
1648725775.526188710,15,0.161000
1648725775.550569104,2,0.030000
1648725775.573785581,22,0.236000
1648725775.595704654,14,0.189000
1648725775.619010535,3,0.030000
1648725775.643091432,4,0.070000
1648725775.665273334,0,0.000000
1648725775.687047891,2,0.012000
1648725775.708273560,2,0.015000
1648725775.730309157,2,0.048000
1648725775.753356223,26,0.326000
1648725775.775221630,28,0.325000
1648725775.798431956,7,0.085000
1648725775.821716556,5,0.070000
1648725775.844024814,2,0.036000
1648725775.865971237,0,0.003000
1648725775.887934031,1,0.011000
1648725775.911855669,10,0.121000
1648725775.934784643,2,0.036000
1648725775.958298928,3,0.039000
1648725775.980982134,1,0.014000
1648725776.003573330,5,0.081000
1648725776.027164802,2,0.017000
1648725776.049377095,6,0.062000
1648725776.070744367,1,0.027000
1648725776.094203651,16,0.187000
1648725776.118012193,12,0.123000
1648725776.139701324,4,0.095000
1648725776.162524411,1,0.028000
1648725776.184096459,8,0.114000
1648725776.206077939,2,0.035000
1648725776.228704469,1,0.025000
1648725776.249558935,11,0.095000
1648725776.272337874,0,0.000000
1648725776.295081978,2,0.043000
1648725776.317102868,1,0.015000
1648725776.338949658,6,0.049000
1648725776.361244333,2,0.022000
1648725776.383343493,4,0.025000
1648725776.405502704,0,0.036000
1648725776.428248327,5,0.052000
1648725776.451602074,1,0.015000
1648725776.474641234,4,0.033000
1648725776.497569684,0,0.023000
1648725776.520531840,7,0.098000
1648725776.542180901,3,0.044000
1648725776.565979462,1,0.015000
1648725776.589494661,0,0.011000
1648725776.612635930,12,0.136000
1648725776.635547036,2,0.023000
1648725776.659338885,2,0.049000
1648725776.681461186,0,0.010000
1648725776.702286031,11,0.138000
1648725776.724913095,1,0.000000
1648725776.745921679,6,0.074000
1648725776.767544932,1,0.026000
1648725776.790587326,3,0.021000
1648725776.814094636,0,0.000000
1648725776.835381894,5,0.013000
1648725776.858242186,14,0.197000
1648725776.880823345,21,0.239000
1648725776.904042782,6,0.086000
1648725776.925968704,0,0.027000
1648725776.948324641,11,0.151000
1648725776.971089617,0,0.007000
1648725776.995048631,3,0.015000
1648725777.019637538,1,0.034000
1648725777.042183742,6,0.076000
1648725777.065211638,1,0.000000
1648725777.087686398,5,0.062000
1648725777.110299112,0,0.014000
1648725777.132322027,2,0.019000
1648725777.155003472,3,0.015000
1648725777.178418820,0,0.003000
1648725777.200642785,5,0.055000
1648725777.223280631,0,0.011000
1648725777.247083404,9,0.106000
1648725777.269346707,0,0.000000
1648725777.291034756,2,0.028000
1648725777.315596619,2,0.006000
1648725777.339147146,2,0.042000
1648725777.361507349,3,0.026000
1648725777.384125760,2,0.047000
1648725777.407492138,2,0.012000
1648725777.430383231,4,0.036000
1648725777.453629786,2,0.005000
1648725777.475968300,0,0.003000
1648725777.499168952,3,0.052000
1648725777.522922126,1,0.025000
1648725777.546325558,0,0.005000
1648725777.570118959,9,0.102000
1648725777.591658212,2,0.026000
1648725777.613119350,14,0.191000
1648725777.636186694,10,0.134000
1648725777.660123728,1,0.024000
1648725777.681636113,0,0.029000
1648725777.704063417,2,0.026000
1648725777.728190605,0,0.012000
1648725777.749818253,15,0.165000
1648725777.771418176,5,0.035000
1648725777.794771121,8,0.093000
1648725777.817947458,0,0.011000
1648725777.839954588,4,0.060000
1648725777.862416634,2,0.048000
1648725777.886846273,0,0.000000
1648725777.910963784,2,0.017000
1648725777.933846283,1,0.012000
1648725777.957101536,9,0.114000
1648725777.978213146,0,0.000000
1648725778.001942294,0,0.003000
1648725778.023262413,2,0.021000
1648725778.046157472,0,0.000000
1648725778.068345193,14,0.198000
1648725778.091494074,11,0.109000
1648725778.114400545,18,0.240000
1648725778.139207187,8,0.079000
1648725778.161830614,1,0.006000
1648725778.184472553,2,0.034000
1648725778.207054988,2,0.000000
1648725778.230014324,0,0.004000
1648725778.252875215,2,0.037000
1648725778.276860294,4,0.036000
1648725778.298654359,3,0.036000
1648725778.322855355,0,0.001000
1648725778.344997753,2,0.030000
1648725778.367527858,2,0.045000
1648725778.390124917,2,0.009000
1648725778.412418979,2,0.025000
1648725778.435470703,2,0.038000
1648725778.459179348,12,0.097000
1648725778.482344982,10,0.163000
1648725778.503620695,0,0.000000
1648725778.527492490,15,0.158000
1648725778.549333529,9,0.080000
1648725778.571220455,4,0.070000
1648725778.595470820,2,0.026000
1648725778.618313255,2,0.011000
1648725778.641752380,1,0.017000
1648725778.665812624,2,0.019000
1648725778.686442795,0,0.001000
1648725778.708690310,0,0.010000
1648725778.728180343,0,0.035000
1648725778.750856746,9,0.075000
1648725778.773885364,1,0.020000
1648725778.796087936,12,0.108000
1648725778.819233525,4,0.038000
1648725778.843759303,0,0.006000
1648725778.865969858,2,0.015000
1648725778.887392841,5,0.066000
1648725778.911535434,7,0.086000
1648725778.933921530,0,0.004000
1648725778.955898608,7,0.074000
1648725778.976691488,2,0.013000
1648725778.999750071,2,0.022000
1648725779.022439431,0,0.010000
1648725779.044781727,19,0.248000
1648725779.068367144,5,0.094000
1648725779.092843964,0,0.015000
1648725779.115570488,2,0.043000
1648725779.137541572,6,0.056000
1648725779.158275178,3,0.062000
1648725779.181462572,6,0.086000
1648725779.204476166,1,0.020000
1648725779.228447311,0,0.006000
1648725779.252536655,0,0.000000
1648725779.275082815,1,0.019000
1648725779.297580985,13,0.140000
1648725779.319654433,3,0.046000
1648725779.342337913,0,0.000000
1648725779.363945338,6,0.107000
1648725779.385872145,0,0.000000
1648725779.409018097,20,0.198000
1648725779.432191556,8,0.081000
1648725779.456784514,0,0.000000
1648725779.478840445,0,0.000000
1648725779.502600864,0,0.000000
1648725779.524124024,3,0.005000
1648725779.545792474,0,0.009000
1648725779.568638559,3,0.016000
1648725779.591301198,1,0.000000
1648725779.613885960,12,0.117000
1648725779.634585785,0,0.000000
1648725779.657290977,21,0.234000
1648725779.680369436,21,0.256000
1648725779.703415083,5,0.045000
1648725779.725700915,0,0.009000
1648725779.748162189,1,0.010000
1648725779.770928533,1,0.012000
1648725779.791925039,2,0.015000
1648725779.814533087,0,0.000000
1648725779.835763273,1,0.000000
1648725779.855526370,1,0.057000
1648725779.877925467,3,0.033000
1648725779.899488271,3,0.023000
1648725779.922327458,2,0.013000
1648725779.945347380,11,0.152000
1648725779.967167792,5,0.056000
1648725779.986988144,2,0.038000
1648725780.008672071,14,0.181000
1648725780.031656753,2,0.023000
1648725780.053887188,0,0.018000
1648725780.077153616,0,0.028000
1648725780.099987481,1,0.014000
1648725780.122826244,5,0.064000
1648725780.146666643,4,0.044000
1648725780.168921086,32,0.371000
1648725780.192679250,26,0.288000
1648725780.216043269,4,0.071000
1648725780.239194269,7,0.094000
1648725780.261938740,6,0.055000
1648725780.285688740,1,0.004000
1648725780.307326705,0,0.010000
1648725780.330378125,0,0.023000
1648725780.354179876,0,0.011000
1648725780.376449780,0,0.000000
1648725780.399926568,2,0.024000
1648725780.422313395,0,0.010000
1648725780.445339115,0,0.000000
1648725780.468048662,2,0.043000
1648725780.489701614,0,0.012000
1648725780.510913222,8,0.108000
1648725780.533270050,1,0.023000
1648725780.555788181,0,0.000000
1648725780.577991186,1,0.035000
1648725780.601827404,3,0.031000
1648725780.624385662,0,0.009000
1648725780.647430597,2,0.041000
1648725780.669568853,15,0.186000
1648725780.692438012,2,0.011000
1648725780.715490012,4,0.053000
1648725780.737545822,0,0.000000
1648725780.762283487,19,0.218000
1648725780.785175747,8,0.103000
1648725780.807049425,1,0.022000
1648725780.829117480,18,0.247000
1648725780.852137776,5,0.070000
1648725780.873879817,2,0.027000
1648725780.896967096,4,0.034000
1648725780.919921910,3,0.033000
1648725780.944143232,1,0.017000
1648725780.965818241,0,0.004000
1648725780.989086334,1,0.010000
1648725781.009668458,0,0.002000
1648725781.033804304,0,0.000000
1648725781.055392663,0,0.000000
1648725781.077736874,2,0.020000
1648725781.100215100,5,0.061000
1648725781.123592121,0,0.000000
1648725781.146318689,2,0.035000
1648725781.169049307,3,0.025000
1648725781.190351670,0,0.000000
1648725781.213298646,1,0.000000
1648725781.237343026,4,0.023000
1648725781.260320740,11,0.117000
1648725781.283057095,4,0.023000
1648725781.305232095,4,0.015000
1648725781.328231458,5,0.084000
1648725781.351116881,12,0.129000
1648725781.374133211,1,0.026000
1648725781.395097165,18,0.196000
1648725781.419479444,5,0.035000
1648725781.441893892,2,0.030000
1648725781.463366088,5,0.077000
1648725781.485346847,0,0.000000
1648725781.508410918,3,0.043000
1648725781.530668258,7,0.047000
1648725781.552935808,1,0.000000
1648725781.576554378,9,0.058000
1648725781.599698364,3,0.019000
1648725781.621793303,0,0.004000
1648725781.643988677,1,0.009000
1648725781.666976963,13,0.165000
1648725781.687887037,1,0.028000
1648725781.709651346,15,0.153000
1648725781.732145089,7,0.040000
1648725781.754230729,4,0.048000
1648725781.776550415,6,0.094000
1648725781.798676860,0,0.000000
1648725781.821380194,2,0.000000
1648725781.843250401,6,0.078000
1648725781.865696307,1,0.010000
1648725781.888441970,4,0.018000
1648725781.909057737,4,0.071000
1648725781.932389415,0,0.004000
1648725781.953012445,2,0.026000
1648725781.975737532,1,0.018000
1648725781.998419912,3,0.004000
1648725782.021641384,1,0.015000
1648725782.044151075,8,0.089000
1648725782.066423883,0,0.000000
1648725782.088279868,9,0.103000
1648725782.110784640,2,0.039000
1648725782.134098647,5,0.039000
1648725782.157404819,0,0.012000
1648725782.181084061,0,0.010000
1648725782.203371764,1,0.000000
1648725782.224649945,0,0.029000
1648725782.246203621,3,0.024000
1648725782.268081080,0,0.000000
1648725782.289988797,1,0.011000
1648725782.313011024,4,0.086000
1648725782.334108419,0,0.000000
1648725782.356313062,2,0.030000
1648725782.379169788,13,0.149000
1648725782.402385609,6,0.048000
1648725782.424525744,1,0.000000
1648725782.445294260,11,0.110000
1648725782.467599828,5,0.091000
1648725782.491732693,1,0.035000
1648725782.513334237,1,0.010000
1648725782.534655936,0,0.020000
1648725782.557721214,2,0.028000
1648725782.579789315,0,0.000000
1648725782.604081332,7,0.079000
1648725782.626721562,5,0.082000
1648725782.649044771,2,0.046000
1648725782.673288606,3,0.014000
1648725782.694247567,0,0.011000
1648725782.715817195,2,0.010000
1648725782.738469175,4,0.057000
1648725782.761630170,2,0.008000
1648725782.783359546,19,0.197000
1648725782.806897531,9,0.098000
1648725782.828632669,0,0.007000
1648725782.851651334,3,0.034000
1648725782.874269606,1,0.020000
1648725782.897120624,2,0.019000
1648725782.917386868,0,0.000000
1648725782.939318349,3,0.036000
1648725782.963060343,1,0.030000
1648725782.986760275,1,0.014000
1648725783.007615812,5,0.125000
1648725783.031120015,0,0.000000
1648725783.054072360,11,0.116000
1648725783.076264119,9,0.062000
1648725783.098858982,8,0.085000
1648725783.122231758,6,0.070000
1648725783.143861457,0,0.014000
1648725783.166815734,6,0.056000
1648725783.189305358,4,0.027000
1648725783.211804826,10,0.127000
1648725783.232087681,5,0.107000
1648725783.254200420,3,0.035000
1648725783.277695756,1,0.016000
1648725783.300009155,6,0.062000
1648725783.323972704,4,0.028000
1648725783.345360911,2,0.014000
1648725783.369224143,1,0.022000
1648725783.393382214,1,0.019000
1648725783.416979085,2,0.012000
1648725783.439894235,0,0.010000
1648725783.463212824,2,0.027000
1648725783.487912162,6,0.047000
1648725783.511218481,2,0.047000
1648725783.533391264,4,0.029000
1648725783.555292914,6,0.076000
1648725783.578920625,7,0.094000
1648725783.601912755,4,0.062000
1648725783.626004302,0,0.015000
1648725783.649196931,13,0.145000
1648725783.671445372,4,0.017000
1648725783.694492465,11,0.139000
1648725783.718263713,8,0.095000
1648725783.742520955,2,0.000000
1648725783.764402786,1,0.018000
1648725783.788789641,1,0.014000
1648725783.811345890,1,0.023000
1648725783.833277568,4,0.006000
1648725783.857626837,2,0.008000
1648725783.880539560,0,0.016000
1648725783.905172062,5,0.058000
1648725783.928189860,1,0.016000
1648725783.950114069,2,0.029000
1648725783.973310660,2,0.023000
1648725783.995803827,30,0.360000
1648725784.017531531,21,0.238000
1648725784.041059291,3,0.019000
1648725784.063533040,11,0.111000
1648725784.085224474,2,0.026000
1648725784.108729641,0,0.030000
1648725784.132122488,5,0.046000
1648725784.154817308,12,0.168000
1648725784.179329055,2,0.035000
1648725784.202258097,1,0.012000
1648725784.225495010,2,0.018000
1648725784.247543685,11,0.143000
1648725784.269216833,7,0.062000
1648725784.292791553,3,0.045000
1648725784.317439880,16,0.215000
1648725784.342943352,2,0.036000
1648725784.367462439,3,0.020000
1648725784.391349126,2,0.029000
1648725784.413802080,0,0.000000
1648725784.436799440,2,0.011000
1648725784.459968325,2,0.034000
1648725784.482982566,13,0.172000
1648725784.502667581,7,0.092000
1648725784.524233388,1,0.009000
1648725784.547682577,4,0.033000
1648725784.572186772,1,0.031000
1648725784.594740880,1,0.014000
1648725784.620966459,5,0.049000
1648725784.642495850,1,0.000000
1648725784.666441993,2,0.037000
1648725784.690484979,2,0.038000
1648725784.715214287,1,0.000000
1648725784.738801074,1,0.012000
1648725784.761185249,1,0.007000
1648725784.786655377,3,0.013000
1648725784.809002424,4,0.094000
1648725784.833101047,10,0.126000
1648725784.856175607,17,0.220000
1648725784.881279090,0,0.000000
1648725784.904263693,0,0.003000
1648725784.927327517,1,0.028000
1648725784.948914081,3,0.038000
1648725784.973305499,13,0.185000
1648725784.997057338,4,0.053000
1648725785.021251998,2,0.000000
1648725785.043844866,1,0.015000
1648725785.067433324,17,0.191000
1648725785.091060511,10,0.113000
1648725785.114194677,1,0.005000
1648725785.138863198,0,0.010000
1648725785.162320033,5,0.043000
1648725785.182825520,6,0.043000
1648725785.206216549,0,0.004000
1648725785.229469724,5,0.050000
1648725785.250761945,0,0.000000
1648725785.273139515,9,0.121000
1648725785.296108699,4,0.066000
1648725785.319491860,4,0.037000
1648725785.342900643,2,0.029000
1648725785.365597848,0,0.025000
1648725785.388901678,1,0.002000
1648725785.411051339,0,0.000000
1648725785.434853949,0,0.008000
1648725785.457635173,3,0.039000
1648725785.480976646,7,0.084000
1648725785.505407275,1,0.007000
1648725785.529054125,16,0.202000
1648725785.551836935,8,0.116000
1648725785.574598627,0,0.000000
1648725785.597486377,0,0.000000
1648725785.620286563,3,0.013000
1648725785.642769609,2,0.013000
1648725785.665373466,0,0.024000
1648725785.689301231,2,0.008000
1648725785.714461616,0,0.001000
1648725785.736940197,2,0.009000
1648725785.759552268,0,0.000000
1648725785.783093467,2,0.010000
1648725785.807484326,6,0.065000
1648725785.829632050,2,0.010000
1648725785.850915334,4,0.034000
1648725785.874187748,0,0.010000
1648725785.896550472,2,0.015000
1648725785.920017021,3,0.033000
1648725785.944138757,8,0.102000
1648725785.967221699,1,0.039000
1648725785.991272264,0,0.020000
1648725786.015444488,5,0.035000
1648725786.039300212,1,0.012000
1648725786.063053127,1,0.006000
1648725786.085672048,0,0.000000
1648725786.110269018,2,0.015000
1648725786.134035916,0,0.000000
1648725786.157926817,2,0.025000
1648725786.179651986,2,0.031000
1648725786.201965195,4,0.063000
1648725786.226497455,0,0.000000
1648725786.248015500,17,0.197000
1648725786.270421672,3,0.027000
1648725786.293783431,17,0.188000
1648725786.316984716,8,0.083000
1648725786.338714444,4,0.041000
1648725786.363508269,2,0.043000
1648725786.385936419,24,0.254000
1648725786.406788097,12,0.168000
1648725786.431500793,2,0.008000
1648725786.453802942,1,0.022000
1648725786.478605347,5,0.067000
1648725786.502306016,1,0.016000
1648725786.524339068,0,0.005000
1648725786.548062275,1,0.012000
1648725786.569506663,14,0.182000
1648725786.592912041,0,0.001000
1648725786.615489751,1,0.014000
1648725786.641763090,1,0.033000
1648725786.664726071,9,0.106000
1648725786.687196696,3,0.026000
1648725786.711037172,9,0.088000
1648725786.731645186,2,0.037000
1648725786.753594228,1,0.023000
1648725786.776303056,2,0.006000
1648725786.799496886,4,0.034000
1648725786.822704001,8,0.100000
1648725786.845261798,0,0.011000
1648725786.868573369,1,0.018000
1648725786.889220007,0,0.000000
1648725786.912539788,8,0.097000
1648725786.936722809,3,0.038000
1648725786.956885697,9,0.114000
1648725786.979055295,7,0.087000
1648725787.001154993,0,0.000000
1648725787.023931769,2,0.018000
1648725787.046455885,2,0.011000
1648725787.068177382,1,0.008000
1648725787.092770036,0,0.008000
1648725787.116975565,3,0.037000
1648725787.138321082,3,0.043000
1648725787.162802387,0,0.000000
1648725787.187059320,2,0.001000
1648725787.210117688,0,0.000000
1648725787.231153890,15,0.194000
1648725787.255003800,12,0.130000
1648725787.278486610,5,0.048000
1648725787.302505333,8,0.083000
1648725787.324100363,0,0.000000
1648725787.345432321,0,0.007000
1648725787.367668429,3,0.033000
1648725787.391354912,0,0.022000
1648725787.414204176,6,0.042000
1648725787.435551524,3,0.047000
1648725787.458925098,11,0.111000
1648725787.481908941,1,0.000000
1648725787.503394620,3,0.006000
1648725787.526444205,3,0.026000
1648725787.549881693,2,0.005000
1648725787.573899473,3,0.029000
1648725787.595001064,25,0.289000
1648725787.616166629,33,0.354000
1648725787.636391280,17,0.205000
1648725787.658282185,0,0.004000
1648725787.681641815,7,0.122000
1648725787.704391890,0,0.001000
1648725787.727835198,1,0.005000
1648725787.750892940,0,0.010000
1648725787.773153358,5,0.040000
1648725787.796575226,3,0.011000
1648725787.820056788,6,0.061000
1648725787.843144802,0,0.000000
1648725787.865732894,0,0.005000
1648725787.888579455,2,0.012000
1648725787.911881625,1,0.029000
1648725787.935072535,2,0.032000
1648725787.958872128,3,0.023000
1648725787.981947712,3,0.018000
1648725788.004157053,4,0.037000
1648725788.027335042,1,0.014000
1648725788.051637453,15,0.157000
1648725788.077617023,8,0.101000
1648725788.099781219,19,0.258000
1648725788.123238332,27,0.311000
1648725788.145855103,10,0.085000
1648725788.166331090,4,0.033000
1648725788.189901300,13,0.143000
1648725788.212051457,0,0.014000
1648725788.234992123,9,0.089000
1648725788.257398206,2,0.032000
1648725788.280263806,13,0.140000
1648725788.304003469,11,0.113000
1648725788.326555652,3,0.020000
1648725788.348713275,0,0.040000
1648725788.371938750,2,0.033000
1648725788.393593413,6,0.056000
1648725788.415444196,3,0.013000
1648725788.437747365,8,0.086000
1648725788.460526845,2,0.026000
1648725788.485478844,1,0.012000
1648725788.507919838,1,0.018000
1648725788.529897797,4,0.040000
1648725788.552319613,3,0.015000
1648725788.574869182,8,0.099000
1648725788.596871880,3,0.014000
1648725788.620280007,0,0.005000
1648725788.642290004,1,0.006000
1648725788.665606998,13,0.176000
1648725788.689731165,4,0.047000
1648725788.711822891,1,0.036000
1648725788.734300905,1,0.020000
1648725788.759039323,5,0.069000
1648725788.779933532,3,0.038000
1648725788.802925947,1,0.012000
1648725788.827551070,0,0.020000
1648725788.849889040,1,0.017000
1648725788.870305508,0,0.000000
1648725788.893099942,4,0.049000
1648725788.916831653,0,0.000000
1648725788.939920325,1,0.026000
1648725788.962804656,1,0.027000
1648725788.986768601,0,0.000000
1648725789.010113609,35,0.398000
1648725789.034436655,29,0.329000
1648725789.056188818,6,0.061000
1648725789.079828065,3,0.018000
1648725789.103489996,1,0.008000
1648725789.126842442,1,0.000000
1648725789.148521670,3,0.014000
1648725789.171883692,25,0.296000
1648725789.194476790,6,0.060000
1648725789.217995333,2,0.021000
1648725789.241960439,5,0.059000
1648725789.263011140,4,0.023000
1648725789.285828377,16,0.145000
1648725789.310503469,0,0.011000
1648725789.333972674,0,0.015000
1648725789.357697249,2,0.004000
1648725789.379361765,6,0.056000
1648725789.402101450,3,0.046000
1648725789.423315980,0,0.003000
1648725789.446457152,1,0.001000
1648725789.469457052,1,0.028000
1648725789.492151485,14,0.170000
1648725789.514606321,9,0.094000
1648725789.536001733,1,0.004000
1648725789.559464828,0,0.000000
1648725789.583312972,4,0.063000
1648725789.606753849,1,0.000000
1648725789.629896786,4,0.045000
1648725789.653283559,3,0.012000
1648725789.676985276,2,0.047000
1648725789.699168264,2,0.022000
1648725789.721364079,4,0.023000
1648725789.744766889,4,0.040000
1648725789.767816401,3,0.012000
1648725789.789401174,13,0.153000
1648725789.811889585,1,0.019000
1648725789.835854528,0,0.000000
1648725789.858624599,2,0.036000
1648725789.881433874,13,0.134000
1648725789.905676310,0,0.019000
1648725789.924834045,12,0.156000
1648725789.947681414,3,0.049000
1648725789.971043607,9,0.090000
1648725789.993807704,2,0.006000
1648725790.016300419,1,0.034000
1648725790.037663537,0,0.007000
1648725790.060712236,0,0.004000
1648725790.083345860,6,0.059000
1648725790.106910764,5,0.049000
1648725790.129160150,5,0.053000
1648725790.152658472,3,0.043000
1648725790.175550894,5,0.076000
1648725790.198347845,0,0.027000
1648725790.220404901,1,0.010000
1648725790.242125547,15,0.177000
1648725790.265939521,11,0.100000
1648725790.288266358,5,0.034000
1648725790.311927367,2,0.038000
1648725790.335957288,11,0.126000
1648725790.359391036,8,0.085000
1648725790.380526453,2,0.015000
1648725790.402596928,2,0.031000
1648725790.424837046,5,0.058000
1648725790.445675633,0,0.041000
1648725790.465334177,1,0.015000
1648725790.488184175,0,0.000000
1648725790.510081074,2,0.015000
1648725790.532619002,0,0.004000
1648725790.554779608,3,0.014000
1648725790.575437677,0,0.000000
1648725790.598030344,3,0.036000
1648725790.622358900,1,0.037000
1648725790.645138974,5,0.039000
1648725790.668036721,0,0.027000
1648725790.691914401,2,0.026000
1648725790.714487408,10,0.093000
1648725790.737665089,3,0.038000
1648725790.759700684,5,0.024000
1648725790.783434685,1,0.000000
1648725790.806446422,6,0.091000
1648725790.828469242,2,0.012000
1648725790.853014992,0,0.000000
1648725790.876102401,2,0.017000
1648725790.899717313,2,0.032000
1648725790.919541083,2,0.001000
1648725790.941901342,2,0.035000
1648725790.965605382,0,0.003000
1648725790.986986564,0,0.000000
1648725791.010039539,14,0.161000
1648725791.032215246,15,0.201000
1648725791.054690754,2,0.007000
1648725791.076974964,0,0.000000
1648725791.100041475,2,0.026000
1648725791.121868246,1,0.020000
1648725791.144303204,4,0.020000
1648725791.166865839,0,0.006000
1648725791.189574340,2,0.031000
1648725791.212779183,0,0.000000
1648725791.234250069,3,0.038000
1648725791.257441945,0,0.000000
1648725791.279882547,3,0.057000
1648725791.302328086,5,0.069000
1648725791.325222918,3,0.026000
1648725791.350171453,13,0.124000
1648725791.371984221,9,0.116000
1648725791.393468281,2,0.017000
1648725791.416566707,6,0.064000
1648725791.439825939,1,0.042000
1648725791.462464472,2,0.042000
1648725791.485413583,15,0.223000
1648725791.506335034,10,0.112000
1648725791.527759480,3,0.041000
1648725791.550394934,15,0.178000
1648725791.572499809,2,0.040000
1648725791.594950425,2,0.016000
1648725791.616727136,1,0.031000
1648725791.640128979,2,0.014000
1648725791.664367971,13,0.155000
1648725791.685325387,14,0.150000
1648725791.707786258,2,0.042000
1648725791.731690551,6,0.069000
1648725791.755948652,0,0.000000
1648725791.779731627,2,0.053000
1648725791.802614038,5,0.045000
1648725791.823649688,16,0.198000
1648725791.847465770,5,0.033000
1648725791.870453692,3,0.033000
1648725791.893817147,5,0.059000
1648725791.917913566,2,0.029000
1648725791.938555230,9,0.112000
1648725791.962376564,4,0.069000
1648725791.985937386,0,0.007000
1648725792.008069009,3,0.015000
1648725792.031343736,3,0.047000
1648725792.053646119,3,0.044000
1648725792.077230571,2,0.032000
1648725792.096633035,1,0.012000
1648725792.119503475,2,0.035000
1648725792.141359892,0,0.000000
1648725792.164105352,5,0.043000
1648725792.187607536,0,0.015000
1648725792.211494601,4,0.048000
1648725792.234038680,1,0.002000
1648725792.257617389,0,0.000000
1648725792.279156468,3,0.034000
1648725792.302424997,0,0.000000
1648725792.323916998,1,0.026000
1648725792.345334766,3,0.014000
1648725792.369482778,3,0.015000
1648725792.393369805,5,0.050000
1648725792.417150752,0,0.000000
1648725792.441451424,0,0.000000
1648725792.465235149,7,0.078000
1648725792.487842360,2,0.034000
1648725792.510172721,3,0.035000
1648725792.534218253,5,0.083000
1648725792.557505339,1,0.017000
1648725792.581611186,6,0.042000
1648725792.604849825,1,0.006000
1648725792.628423749,7,0.078000
1648725792.651455601,2,0.009000
1648725792.673847773,5,0.027000
1648725792.694638925,0,0.009000
1648725792.717334761,2,0.015000
1648725792.740577307,1,0.011000
1648725792.764909080,6,0.049000
1648725792.787254827,1,0.003000
1648725792.810296923,7,0.053000
1648725792.832748128,3,0.032000
1648725792.855404968,3,0.061000
1648725792.879599718,0,0.008000
1648725792.901617237,14,0.165000
1648725792.924741131,2,0.031000
1648725792.948103856,2,0.018000
1648725792.971054101,1,0.007000
1648725792.994730739,3,0.040000
1648725793.016996713,2,0.030000
1648725793.040103259,2,0.030000
1648725793.062155282,14,0.164000
1648725793.085907121,12,0.118000
1648725793.106934511,1,0.003000
1648725793.128996478,1,0.006000
1648725793.151323600,6,0.081000
1648725793.173915564,11,0.111000
1648725793.195672778,2,0.022000
1648725793.218139357,0,0.000000
1648725793.242810795,1,0.012000
1648725793.262556469,0,0.000000
1648725793.285781278,6,0.070000
1648725793.309042094,3,0.059000
1648725793.331298293,1,0.010000
1648725793.353798821,3,0.052000
1648725793.374299287,0,0.000000
1648725793.395328274,24,0.300000
1648725793.417701434,14,0.163000
1648725793.439692910,0,0.019000
1648725793.462340461,3,0.031000
1648725793.485340247,0,0.005000
1648725793.507549047,1,0.021000
1648725793.530602339,4,0.067000
1648725793.553128509,1,0.000000
1648725793.575853417,3,0.037000
1648725793.599302939,1,0.037000
1648725793.622600152,3,0.061000
1648725793.644790812,2,0.010000
1648725793.667596779,0,0.007000
1648725793.690330139,2,0.039000
1648725793.712198138,2,0.026000
1648725793.734972558,2,0.027000
1648725793.757888670,2,0.013000
1648725793.781125074,5,0.038000
1648725793.802206685,15,0.157000
1648725793.825403168,15,0.171000
1648725793.850285194,3,0.041000
1648725793.874417876,2,0.023000
1648725793.896972132,0,0.007000
1648725793.920507141,7,0.091000
1648725793.944752530,4,0.021000
1648725793.969076338,1,0.030000
1648725793.990679487,0,0.019000
1648725794.014008113,2,0.024000
1648725794.036132547,3,0.042000
1648725794.059151389,0,0.000000
1648725794.082151783,3,0.024000
1648725794.106009987,1,0.000000
1648725794.127926749,0,0.000000
1648725794.152360014,4,0.039000
1648725794.176083776,7,0.056000
1648725794.200355426,2,0.024000
1648725794.224168520,0,0.000000
1648725794.247048652,2,0.029000
1648725794.270036754,12,0.118000
1648725794.292327602,12,0.138000
1648725794.314624864,4,0.053000
1648725794.339684048,3,0.014000
1648725794.361527904,4,0.016000
1648725794.383331322,5,0.085000
1648725794.407282180,0,0.005000
1648725794.430267066,1,0.000000
1648725794.452890514,2,0.016000
1648725794.474739625,1,0.026000
1648725794.498030248,6,0.065000
1648725794.522151896,2,0.016000
1648725794.546658292,0,0.000000
1648725794.569361388,2,0.009000
1648725794.591231077,0,0.019000
1648725794.613570454,1,0.024000
1648725794.637885145,3,0.029000
1648725794.661125294,0,0.000000
1648725794.682223086,0,0.000000
1648725794.706031207,1,0.030000
1648725794.727713245,2,0.018000
1648725794.750526150,1,0.028000
1648725794.774129565,4,0.052000
1648725794.798262934,24,0.297000
1648725794.822143540,8,0.060000
1648725794.845124698,2,0.020000
1648725794.869160372,0,0.003000
1648725794.894105590,4,0.032000
1648725794.917235949,2,0.044000
1648725794.941385463,12,0.140000
1648725794.963730701,0,0.010000
1648725794.986066175,1,0.014000
1648725795.007393842,3,0.050000
1648725795.030011577,3,0.018000
1648725795.054350779,1,0.000000
1648725795.076979560,1,0.000000
1648725795.099887428,0,0.016000
1648725795.120956552,7,0.066000
1648725795.143610347,3,0.043000
1648725795.166740382,13,0.158000
1648725795.188941764,4,0.045000
1648725795.213211004,18,0.201000
1648725795.236044677,15,0.194000
1648725795.259238057,0,0.000000
1648725795.283426049,25,0.281000
1648725795.306005574,16,0.187000
1648725795.328440928,2,0.054000
1648725795.350918779,4,0.080000
1648725795.373471823,2,0.017000
1648725795.398327465,3,0.014000
1648725795.418865024,1,0.000000
1648725795.441875810,4,0.059000
1648725795.464404279,0,0.005000
1648725795.488380848,1,0.009000
1648725795.510481133,0,0.018000
1648725795.533251410,12,0.144000
1648725795.556128345,6,0.078000
1648725795.577378794,5,0.047000
1648725795.600277709,24,0.297000
1648725795.623546584,5,0.031000
1648725795.647203075,1,0.004000
1648725795.669397821,2,0.032000
1648725795.692567032,1,0.026000
1648725795.715716270,2,0.043000
1648725795.740044910,4,0.020000
1648725795.762484818,0,0.000000
1648725795.785374560,0,0.000000
1648725795.808074250,0,0.005000
1648725795.831432255,2,0.017000
1648725795.854654946,0,0.010000
1648725795.877863016,2,0.023000
1648725795.902270986,3,0.028000
1648725795.924206456,0,0.000000
1648725795.946909228,3,0.013000
1648725795.969554871,2,0.015000
1648725795.992599447,1,0.026000
1648725796.016032762,7,0.093000
1648725796.039872262,4,0.044000
1648725796.062015997,6,0.059000
1648725796.083292393,10,0.120000
1648725796.105627513,1,0.016000
1648725796.127581348,14,0.216000
1648725796.152048503,9,0.106000
1648725796.174534539,2,0.018000
1648725796.198761206,1,0.000000
1648725796.222177375,4,0.052000
1648725796.245948134,3,0.011000
1648725796.268461326,5,0.063000
1648725796.291851492,0,0.003000
1648725796.314796675,11,0.160000
1648725796.335746112,3,0.018000
1648725796.358406512,0,0.008000
1648725796.382447629,4,0.036000
1648725796.403463911,2,0.014000
1648725796.427306246,4,0.063000
1648725796.449178815,0,0.020000
1648725796.473048348,2,0.026000
1648725796.494973616,5,0.062000
1648725796.519231207,1,0.042000
1648725796.542377033,2,0.021000
1648725796.565129271,0,0.008000
1648725796.587704445,1,0.009000
1648725796.610164911,1,0.019000
1648725796.635976219,1,0.012000
1648725796.658597357,3,0.032000
1648725796.680364299,0,0.009000
1648725796.701944156,0,0.000000
1648725796.724934697,7,0.133000
1648725796.747660407,3,0.045000
1648725796.770144451,5,0.058000
1648725796.793453853,5,0.050000
1648725796.815119800,4,0.036000
1648725796.838475586,2,0.039000
1648725796.860702984,0,0.007000
1648725796.883759421,0,0.007000
1648725796.906950470,2,0.019000
1648725796.929871155,1,0.020000
1648725796.952667193,6,0.060000
1648725796.975297228,1,0.023000
1648725796.998034419,4,0.058000
1648725797.021896506,5,0.041000
1648725797.042893472,18,0.199000
1648725797.066506048,1,0.039000
1648725797.089367585,5,0.054000
1648725797.110186891,3,0.034000
1648725797.134237791,5,0.072000
1648725797.157538427,1,0.012000
1648725797.179640579,0,0.013000
1648725797.202838378,0,0.000000
1648725797.226419787,2,0.004000
1648725797.250366801,13,0.156000
1648725797.271979950,2,0.027000
1648725797.294562875,1,0.000000
1648725797.316419351,0,0.000000
1648725797.339380842,14,0.159000
1648725797.360554726,3,0.000000
1648725797.383321072,8,0.106000
1648725797.405281410,0,0.000000
1648725797.426895961,9,0.109000
1648725797.449064670,11,0.114000
1648725797.470815884,4,0.039000
1648725797.492890207,7,0.104000
1648725797.517363471,3,0.048000
1648725797.540267956,0,0.008000
1648725797.563420274,10,0.103000
1648725797.587328901,4,0.045000
1648725797.609175016,4,0.037000
1648725797.631915092,1,0.027000
1648725797.655131973,13,0.135000
1648725797.678317236,9,0.126000
1648725797.701135541,0,0.000000
1648725797.725085148,1,0.037000
1648725797.747405756,18,0.244000
1648725797.770295404,13,0.153000
1648725797.791813392,3,0.029000
1648725797.814019734,5,0.061000
1648725797.837416430,0,0.006000
1648725797.858764877,0,0.000000
1648725797.882075220,0,0.023000
1648725797.905336616,5,0.053000
1648725797.927428732,1,0.004000
1648725797.949508493,5,0.049000
1648725797.972013037,2,0.029000
1648725797.995436593,4,0.094000
1648725798.017374098,5,0.044000
1648725798.041913332,4,0.046000
1648725798.064235475,3,0.026000
1648725798.087876021,3,0.029000
1648725798.110798958,10,0.088000
1648725798.134728999,3,0.031000
1648725798.155869539,7,0.117000
1648725798.178124040,8,0.087000
1648725798.197472463,1,0.026000
1648725798.218955255,8,0.077000
1648725798.241646637,2,0.012000
1648725798.263588727,2,0.022000
1648725798.286465183,7,0.104000
1648725798.311838603,6,0.077000
1648725798.334104113,8,0.079000
1648725798.356812489,4,0.035000
1648725798.380750983,17,0.191000
1648725798.402236850,3,0.024000
1648725798.424947089,3,0.014000
1648725798.446626599,5,0.036000
1648725798.470944576,1,0.007000
1648725798.492459618,0,0.003000
1648725798.515627237,4,0.050000
1648725798.539746282,0,0.011000
1648725798.561793682,0,0.013000
1648725798.583527743,8,0.054000
1648725798.606816537,18,0.233000
1648725798.628095612,7,0.067000
1648725798.650895776,9,0.087000
1648725798.672974840,7,0.088000
1648725798.695372880,10,0.135000
1648725798.718555162,10,0.096000
1648725798.741646541,0,0.000000
1648725798.764573669,7,0.094000
1648725798.786585675,1,0.012000
1648725798.809572219,7,0.099000
1648725798.830957222,2,0.030000
1648725798.852740550,10,0.121000
1648725798.877503587,4,0.061000
1648725798.901063443,3,0.020000
1648725798.923503939,7,0.122000
1648725798.946022305,0,0.000000
1648725798.968441591,1,0.018000
1648725798.990305524,2,0.018000
1648725799.013358140,1,0.000000
1648725799.036146772,2,0.034000
1648725799.059505011,0,0.038000
1648725799.083856602,3,0.017000
1648725799.106735754,6,0.070000
1648725799.131049259,6,0.086000
1648725799.153269554,6,0.077000
1648725799.176280460,2,0.008000
1648725799.198656022,0,0.006000
1648725799.220847307,0,0.001000
1648725799.243659795,7,0.091000
1648725799.266014958,1,0.000000
1648725799.289578591,3,0.040000
1648725799.310579117,0,0.014000
1648725799.332968834,0,0.011000
1648725799.355271823,0,0.000000
1648725799.379955937,2,0.012000
1648725799.402804426,1,0.001000
1648725799.426002470,0,0.011000
1648725799.449127287,3,0.035000
1648725799.470751312,1,0.019000
1648725799.492431166,2,0.014000
1648725799.514845547,12,0.123000
1648725799.536999376,10,0.114000
1648725799.559428519,2,0.024000
1648725799.583046822,1,0.031000
1648725799.604803139,1,0.002000
1648725799.625936123,11,0.124000
1648725799.649555979,2,0.019000
1648725799.672029507,3,0.032000
1648725799.692680121,14,0.175000
1648725799.714921375,16,0.193000
1648725799.737678351,0,0.000000
1648725799.760287228,3,0.054000
1648725799.783304361,0,0.000000
1648725799.805679908,4,0.033000
1648725799.827208999,7,0.064000
1648725799.850744544,3,0.021000
1648725799.873864730,2,0.013000
1648725799.895297630,0,0.013000
1648725799.918870752,1,0.004000
1648725799.941143295,0,0.005000
1648725799.963852998,4,0.080000
1648725799.986022589,4,0.011000
1648725800.009112915,0,0.000000
1648725800.032180438,3,0.033000
1648725800.055014137,1,0.000000
1648725800.078775744,1,0.001000
1648725800.102498292,0,0.010000
1648725800.124417349,0,0.006000
1648725800.147756136,3,0.032000
1648725800.169957189,0,0.003000
1648725800.192614455,8,0.094000
1648725800.213720055,1,0.007000
1648725800.236277748,7,0.077000
1648725800.259708602,0,0.000000
1648725800.281867104,0,0.000000
1648725800.303888957,5,0.049000
1648725800.326525711,6,0.042000
1648725800.349990720,6,0.075000
1648725800.372472326,3,0.037000
1648725800.393783914,2,0.008000
1648725800.416756438,4,0.022000
1648725800.439492536,2,0.010000
1648725800.462291936,8,0.102000
1648725800.485484575,2,0.000000
1648725800.509505760,0,0.000000
1648725800.531762720,1,0.011000
1648725800.555383092,6,0.094000
1648725800.577663500,1,0.014000
1648725800.600727023,4,0.032000
1648725800.625083940,0,0.000000
1648725800.647718983,2,0.009000
1648725800.670114410,0,0.000000
1648725800.691161617,0,0.000000
1648725800.714234964,3,0.022000
1648725800.737292174,2,0.047000
1648725800.761071633,1,0.034000
1648725800.781795649,5,0.060000
1648725800.804178062,0,0.001000
1648725800.827489952,1,0.029000
1648725800.849282134,0,0.000000
1648725800.870013048,0,0.000000
1648725800.892643603,13,0.169000
1648725800.915239749,17,0.222000
1648725800.938621670,0,0.000000
1648725800.960156721,2,0.030000
1648725800.982747529,1,0.004000
1648725801.005945522,2,0.014000
1648725801.028438089,0,0.000000
1648725801.050981699,9,0.118000
1648725801.076734507,0,0.000000
1648725801.099832797,1,0.039000
1648725801.122257405,6,0.070000
1648725801.145905184,0,0.000000
1648725801.167158476,0,0.000000
1648725801.190450541,1,0.006000
1648725801.214978774,0,0.003000
1648725801.238960168,0,0.006000
1648725801.261310399,4,0.001000
1648725801.286076383,0,0.000000
1648725801.307666244,0,0.005000
1648725801.330414735,10,0.145000
1648725801.352082388,1,0.021000
1648725801.373879620,2,0.026000
1648725801.398027668,4,0.034000
1648725801.421934092,2,0.042000
1648725801.443574842,3,0.034000
1648725801.467212472,0,0.000000
1648725801.488285126,6,0.079000
1648725801.510620164,3,0.033000
1648725801.534100509,5,0.033000
1648725801.557082434,0,0.004000
1648725801.579142176,1,0.006000
1648725801.601789552,12,0.119000
1648725801.624683296,2,0.024000
1648725801.646487459,9,0.121000
1648725801.669492201,2,0.008000
1648725801.692691461,1,0.041000
1648725801.716877898,2,0.008000
1648725801.741212959,1,0.027000
1648725801.763094275,4,0.065000
1648725801.783281858,2,0.022000
1648725801.805221018,14,0.204000
1648725801.827853065,2,0.038000
1648725801.850405445,3,0.039000
1648725801.873435619,1,0.000000
1648725801.897955645,0,0.000000
1648725801.921268174,3,0.054000
1648725801.943106796,2,0.031000
1648725801.968138685,4,0.021000
1648725801.991274309,2,0.035000
1648725802.014885947,0,0.003000
1648725802.035772612,9,0.086000
1648725802.059719490,10,0.131000
1648725802.082198034,1,0.000000
1648725802.104136374,1,0.003000
1648725802.125350016,18,0.188000
1648725802.149931435,12,0.177000
1648725802.172868245,0,0.000000
1648725802.196963135,2,0.003000
1648725802.220094029,14,0.136000
1648725802.244285874,15,0.170000
1648725802.267206819,3,0.019000
1648725802.290843614,1,0.012000
1648725802.312939822,1,0.001000
1648725802.333912332,0,0.014000
1648725802.356457450,6,0.051000
1648725802.380305078,2,0.022000
1648725802.402199450,0,0.007000
1648725802.425904080,0,0.024000
1648725802.449850590,4,0.035000
1648725802.472991962,1,0.010000
1648725802.495753486,0,0.019000
1648725802.518785622,0,0.012000
1648725802.541305594,2,0.046000
1648725802.564259484,9,0.095000
1648725802.586024588,0,0.016000
1648725802.610195097,15,0.163000
1648725802.635148847,2,0.043000
1648725802.655553887,1,0.017000
1648725802.678457278,3,0.018000
1648725802.701857343,3,0.025000
1648725802.722765544,3,0.028000
1648725802.743934511,0,0.003000
1648725802.765074240,1,0.028000
1648725802.787248419,4,0.028000
1648725802.810402410,0,0.000000
1648725802.835622582,1,0.009000
1648725802.858103352,32,0.395000
1648725802.882631204,24,0.283000
1648725802.905049411,5,0.039000
1648725802.928756829,2,0.023000
1648725802.950141357,4,0.026000
1648725802.973187195,1,0.000000
1648725802.995745732,1,0.027000
1648725803.018562195,4,0.047000
1648725803.042939712,2,0.002000
1648725803.065466230,1,0.036000
1648725803.088455864,0,0.011000
1648725803.112246325,1,0.000000
1648725803.135946293,1,0.000000
1648725803.157731691,1,0.003000
1648725803.180872672,3,0.021000
1648725803.204573739,2,0.030000
1648725803.226894830,0,0.003000
1648725803.249400188,3,0.014000
1648725803.272706853,1,0.005000
1648725803.294272311,3,0.019000
1648725803.315453231,0,0.000000
1648725803.337335034,7,0.072000
1648725803.361287641,2,0.007000
1648725803.381789765,2,0.020000
1648725803.402102266,1,0.000000
1648725803.426048537,2,0.018000
1648725803.446769090,3,0.046000
1648725803.469063098,3,0.028000
1648725803.492406961,0,0.000000
1648725803.515242996,1,0.011000
1648725803.538844480,6,0.085000
1648725803.560621917,3,0.031000
1648725803.583057218,2,0.027000
1648725803.605227151,1,0.012000
1648725803.629083239,1,0.000000
1648725803.651249231,18,0.214000
1648725803.673345468,11,0.139000
1648725803.695335335,0,0.000000
1648725803.719784342,7,0.079000
1648725803.741985849,9,0.056000
1648725803.764780426,4,0.024000
1648725803.787200508,2,0.027000
1648725803.812179676,0,0.000000
1648725803.834851719,1,0.043000
1648725803.859473749,0,0.011000
1648725803.881360144,1,0.017000
1648725803.904949363,2,0.047000
1648725803.927893616,2,0.035000
1648725803.949445674,2,0.038000
1648725803.971180431,4,0.044000
1648725803.996616425,8,0.106000
1648725804.019408736,2,0.004000
1648725804.040167243,2,0.049000
1648725804.063304787,1,0.026000
1648725804.085507770,0,0.023000
1648725804.104536901,2,0.007000
1648725804.126618392,4,0.059000
1648725804.150430979,5,0.055000
1648725804.173815458,3,0.035000
1648725804.199096635,12,0.140000
1648725804.221096012,4,0.058000
1648725804.244548662,10,0.146000
1648725804.266785100,8,0.085000
1648725804.290159659,5,0.029000
1648725804.314087126,1,0.036000
1648725804.334596916,8,0.102000
1648725804.357398941,4,0.050000
1648725804.381890535,0,0.000000
1648725804.403573763,6,0.053000
1648725804.426150485,0,0.000000
1648725804.449534761,3,0.056000
1648725804.471980210,1,0.004000
1648725804.494790578,7,0.045000
1648725804.517659512,2,0.034000
1648725804.542424375,4,0.034000
1648725804.565880444,1,0.008000
1648725804.587796090,0,0.011000
1648725804.611198292,0,0.000000
1648725804.637632630,5,0.060000
1648725804.660091825,0,0.027000
1648725804.683247961,0,0.020000
1648725804.708272294,2,0.014000
1648725804.734154470,9,0.083000
1648725804.757261559,2,0.000000
1648725804.780508503,4,0.053000
1648725804.802346437,0,0.000000
1648725804.827129935,1,0.004000
1648725804.851413045,3,0.065000
1648725804.873920456,0,0.003000
1648725804.896029452,20,0.274000
1648725804.918212059,9,0.076000
1648725804.941404792,11,0.106000
1648725804.964330673,5,0.075000
1648725804.987317888,4,0.071000
1648725805.009498741,3,0.047000
1648725805.033637960,4,0.047000
1648725805.057024200,0,0.000000
1648725805.080615249,11,0.121000
1648725805.102188519,1,0.003000
1648725805.124611341,2,0.006000
1648725805.147955460,5,0.049000
1648725805.171251006,0,0.000000
1648725805.194188514,2,0.021000
1648725805.217666848,11,0.154000
1648725805.240641482,10,0.071000
1648725805.263201279,0,0.005000
1648725805.286848907,2,0.001000
1648725805.308319302,8,0.083000
1648725805.331591534,3,0.025000
1648725805.355258567,0,0.015000
1648725805.377984124,0,0.003000
1648725805.401136996,8,0.087000
1648725805.424229449,0,0.000000
1648725805.448083709,1,0.044000
1648725805.470098599,3,0.028000
1648725805.493508510,15,0.188000
1648725805.518150021,1,0.033000
1648725805.539929488,2,0.018000
1648725805.561796036,3,0.060000
1648725805.586014975,0,0.000000
1648725805.610058795,8,0.116000
1648725805.632196758,0,0.005000
1648725805.656130186,3,0.013000
1648725805.679828629,2,0.033000
1648725805.704238144,2,0.033000
1648725805.727788964,0,0.000000
1648725805.750824562,1,0.014000
1648725805.771840021,5,0.058000
1648725805.794874792,2,0.012000
1648725805.817734780,2,0.029000
1648725805.841571696,2,0.018000
1648725805.863904476,3,0.047000
1648725805.887169464,2,0.005000
1648725805.910324645,7,0.094000
1648725805.932274547,0,0.000000
1648725805.955179142,6,0.070000
1648725805.977433780,0,0.000000
1648725806.000968532,0,0.013000
1648725806.027088563,1,0.007000
1648725806.051299920,0,0.000000
1648725806.074005812,0,0.000000
1648725806.095903634,9,0.098000
1648725806.118886090,3,0.061000
1648725806.142892788,13,0.148000
1648725806.166549233,9,0.098000
1648725806.190083944,2,0.012000
1648725806.214437533,1,0.030000
1648725806.239307282,0,0.004000
1648725806.262281579,0,0.000000
1648725806.282431578,3,0.018000
1648725806.304975485,3,0.029000
1648725806.329669528,3,0.021000
1648725806.352768772,1,0.018000
1648725806.374623157,1,0.043000
1648725806.396187008,2,0.005000
1648725806.419102126,2,0.028000
1648725806.442719969,11,0.140000
1648725806.466308341,7,0.099000
1648725806.488483678,1,0.031000
1648725806.511446320,2,0.023000
1648725806.533011003,5,0.047000
1648725806.556482317,0,0.000000
1648725806.581452977,4,0.042000
1648725806.603035693,1,0.022000
1648725806.624775889,2,0.028000
1648725806.648503707,8,0.111000
1648725806.672880511,3,0.060000
1648725806.694939488,4,0.024000
1648725806.717662393,0,0.012000
1648725806.740709469,1,0.014000
1648725806.762480229,2,0.015000
1648725806.785092015,3,0.014000
1648725806.809099097,0,0.010000
1648725806.831789459,2,0.045000
1648725806.852647004,1,0.007000
1648725806.876468481,2,0.061000
1648725806.899643339,3,0.028000
1648725806.922442204,2,0.015000
1648725806.944365877,1,0.000000
1648725806.965647258,4,0.023000
1648725806.990381185,2,0.011000
1648725807.013788565,0,0.000000
1648725807.037598856,2,0.005000
1648725807.060222486,20,0.245000
1648725807.083784917,14,0.152000
1648725807.107102202,2,0.018000
1648725807.129762591,9,0.105000
1648725807.152066802,2,0.039000
1648725807.176174637,8,0.115000
1648725807.198817300,1,0.000000
1648725807.221229070,8,0.094000
1648725807.245611747,0,0.000000
1648725807.268187270,23,0.258000
1648725807.292024062,16,0.194000
1648725807.315548890,3,0.035000
1648725807.338904165,5,0.042000
1648725807.361106059,0,0.005000
1648725807.385256253,2,0.039000
1648725807.408015478,2,0.024000
1648725807.429701784,17,0.195000
1648725807.454262672,15,0.195000
1648725807.476754998,0,0.027000
1648725807.500950343,0,0.008000
1648725807.523534733,0,0.011000
1648725807.546411691,1,0.016000
1648725807.570052997,2,0.012000
1648725807.593306167,0,0.000000
1648725807.615751632,5,0.090000
1648725807.638356094,0,0.005000
1648725807.660532778,3,0.027000
1648725807.683262093,11,0.213000
1648725807.706967621,4,0.030000
1648725807.729212835,3,0.025000
1648725807.752373427,3,0.032000
1648725807.776865247,3,0.036000
1648725807.799107699,15,0.171000
1648725807.823000649,19,0.243000
1648725807.846133049,0,0.000000
1648725807.868828523,1,0.005000
1648725807.890414220,1,0.004000
1648725807.914140099,0,0.009000
1648725807.937250748,2,0.018000
1648725807.962449605,0,0.000000
1648725807.985476521,8,0.106000
1648725808.006325870,5,0.055000
1648725808.030299709,0,0.000000
1648725808.054539792,0,0.013000
1648725808.077465184,4,0.030000
1648725808.100581719,5,0.075000
1648725808.123270478,5,0.070000
1648725808.146984850,3,0.039000
1648725808.170355467,1,0.022000
1648725808.193643044,3,0.015000
1648725808.218195949,2,0.017000
1648725808.239966436,2,0.018000
1648725808.263347955,1,0.000000
1648725808.288809923,3,0.062000
1648725808.311100211,0,0.005000
1648725808.334087560,1,0.000000
1648725808.358451722,11,0.095000
1648725808.381492067,0,0.000000
1648725808.403734513,11,0.149000
1648725808.426420991,3,0.037000
1648725808.450012125,12,0.119000
1648725808.473580757,5,0.060000
1648725808.498147776,9,0.118000
1648725808.521091203,2,0.027000
1648725808.544538743,1,0.014000
1648725808.566919476,1,0.000000
1648725808.589742800,6,0.047000
1648725808.613671042,5,0.033000
1648725808.636354586,0,0.012000
1648725808.659537750,15,0.178000
1648725808.682738954,7,0.101000
1648725808.704490523,0,0.001000
1648725808.725281238,0,0.026000
1648725808.748507390,7,0.094000
1648725808.772015450,2,0.053000
1648725808.796377365,3,0.025000
1648725808.818962922,2,0.022000
1648725808.842215514,4,0.023000
1648725808.864948070,1,0.008000
1648725808.885636190,23,0.270000
1648725808.908254948,25,0.331000
1648725808.932653476,3,0.017000
1648725808.954660232,8,0.113000
1648725808.977913854,10,0.084000
1648725808.999208650,2,0.033000
1648725809.023497443,3,0.006000
1648725809.045643392,2,0.013000
1648725809.068933651,2,0.033000
1648725809.090735946,5,0.065000
1648725809.112639630,10,0.119000
1648725809.135696034,2,0.016000
