1648720351.936806695,11,0.126000
1648720351.958509688,2,0.024000
1648720351.980400277,5,0.063000
1648720352.003101904,7,0.096000
1648720352.025898092,2,0.037000
1648720352.047794381,0,0.000000
1648720352.069862180,0,0.000000
1648720352.090717932,0,0.000000
1648720352.112937611,1,0.038000
1648720352.136706375,0,0.000000
1648720352.159251123,11,0.106000
1648720352.182076608,2,0.054000
1648720352.202228849,7,0.093000
1648720352.224193281,1,0.002000
1648720352.246031407,0,0.000000
1648720352.268631139,1,0.000000
1648720352.291596621,1,0.011000
1648720352.313854341,0,0.000000
1648720352.335008016,0,0.004000
1648720352.357873198,1,0.040000
1648720352.380532192,3,0.077000
1648720352.404504013,16,0.142000
1648720352.425312561,3,0.016000
1648720352.446487044,1,0.001000
1648720352.468558241,0,0.000000
1648720352.489472242,1,0.021000
1648720352.511073439,6,0.082000
1648720352.533712186,6,0.067000
1648720352.557237443,14,0.200000
1648720352.578906166,13,0.127000
1648720352.601628157,2,0.041000
1648720352.622885133,4,0.037000
1648720352.644365279,0,0.000000
1648720352.665292243,0,0.000000
1648720352.687825244,19,0.180000
1648720352.709069115,0,0.000000
1648720352.731466023,0,0.019000
1648720352.754069238,1,0.000000
1648720352.776449567,1,0.022000
1648720352.798720864,0,0.000000
1648720352.820244535,0,0.000000
1648720352.841957937,1,0.015000
1648720352.862846054,2,0.002000
1648720352.885848366,0,0.000000
1648720352.908995971,10,0.128000
1648720352.930247991,17,0.153000
1648720352.952299345,4,0.053000
1648720352.975643443,12,0.131000
1648720352.998166501,9,0.066000
1648720353.020873922,11,0.132000
1648720353.042343406,0,0.000000
1648720353.064142665,3,0.038000
1648720353.086810639,0,0.000000
1648720353.109461007,1,0.008000
1648720353.130659797,0,0.000000
1648720353.153015293,18,0.202000
1648720353.175081844,10,0.218000
1648720353.198227651,16,0.147000
1648720353.219160176,1,0.015000
1648720353.242251280,2,0.001000
1648720353.263505792,0,0.000000
1648720353.285408866,0,0.000000
1648720353.308050290,0,0.000000
1648720353.329940478,0,0.000000
1648720353.353007696,3,0.010000
1648720353.375132085,0,0.014000
1648720353.398100665,0,0.014000
1648720353.419687092,1,0.023000
1648720353.442523299,14,0.114000
1648720353.464623710,0,0.008000
1648720353.485660656,0,0.000000
1648720353.506535628,1,0.015000
1648720353.528650519,7,0.106000
1648720353.550968258,12,0.168000
1648720353.573960605,7,0.069000
1648720353.596860313,19,0.225000
1648720353.619832560,7,0.058000
1648720353.641629308,0,0.000000
1648720353.663900561,0,0.001000
1648720353.686194888,0,0.000000
1648720353.710003850,16,0.225000
1648720353.730376518,2,0.024000
1648720353.751005279,0,0.000000
1648720353.775592257,1,0.012000
1648720353.797917505,3,0.025000
1648720353.819860163,0,0.010000
1648720353.842662269,0,0.001000
1648720353.864834127,0,0.000000
1648720353.887540596,1,0.020000
1648720353.910242654,0,0.000000
1648720353.933203177,0,0.000000
1648720353.955866062,0,0.000000
1648720353.979155162,0,0.000000
1648720354.001529942,1,0.004000
1648720354.022900793,21,0.197000
1648720354.045739527,12,0.117000
1648720354.067652146,9,0.086000
1648720354.090734354,12,0.108000
1648720354.113221268,3,0.046000
1648720354.134452466,1,0.000000
1648720354.158593459,0,0.000000
1648720354.178864771,1,0.017000
1648720354.202274696,0,0.000000
1648720354.222481969,10,0.109000
1648720354.243952053,8,0.130000
1648720354.267465342,0,0.005000
1648720354.287129372,0,0.006000
1648720354.307446487,0,0.000000
1648720354.330469876,18,0.230000
1648720354.351892528,17,0.193000
1648720354.374993620,18,0.217000
1648720354.397990214,13,0.125000
1648720354.418973757,3,0.059000
1648720354.441135029,5,0.043000
1648720354.463771874,0,0.000000
1648720354.486357409,0,0.014000
1648720354.508240663,0,0.000000
1648720354.529997049,6,0.072000
1648720354.551795170,8,0.099000
1648720354.573537312,14,0.221000
1648720354.596232471,7,0.048000
1648720354.618441350,5,0.081000
1648720354.639780494,0,0.022000
1648720354.661160454,0,0.004000
1648720354.683145192,0,0.000000
1648720354.705107209,0,0.000000
1648720354.726445426,12,0.104000
1648720354.747455936,6,0.084000
1648720354.770168239,0,0.004000
1648720354.791163923,0,0.011000
1648720354.814993502,0,0.001000
1648720354.837486031,0,0.000000
1648720354.859763753,0,0.000000
1648720354.882338844,0,0.004000
1648720354.905885844,11,0.151000
1648720354.925526208,4,0.066000
1648720354.947560530,2,0.005000
1648720354.968928660,2,0.001000
1648720354.991088774,2,0.007000
1648720355.012638693,0,0.003000
1648720355.035668033,1,0.004000
1648720355.058211369,9,0.121000
1648720355.080760140,8,0.097000
1648720355.103956840,7,0.093000
1648720355.126358815,15,0.191000
1648720355.148920969,5,0.047000
1648720355.170453673,1,0.014000
1648720355.192485768,1,0.038000
1648720355.214965629,0,0.000000
1648720355.237859049,0,0.022000
1648720355.260323890,0,0.000000
1648720355.282361940,0,0.010000
1648720355.305217056,0,0.013000
1648720355.326326465,9,0.133000
1648720355.349221949,10,0.110000
1648720355.371240191,7,0.047000
1648720355.393013273,4,0.037000
1648720355.413913228,0,0.006000
1648720355.436055507,0,0.000000
1648720355.458779932,0,0.007000
1648720355.480945780,0,0.008000
1648720355.502369162,11,0.196000
1648720355.522221596,2,0.044000
1648720355.544146098,0,0.015000
1648720355.566981148,2,0.006000
1648720355.590110764,0,0.000000
1648720355.612941537,0,0.000000
1648720355.635757111,5,0.094000
1648720355.656913817,12,0.137000
1648720355.679818576,4,0.063000
1648720355.702275560,3,0.021000
1648720355.724403996,0,0.000000
1648720355.746427517,0,0.000000
1648720355.769937612,0,0.030000
1648720355.792551637,9,0.110000
1648720355.814561973,8,0.082000
1648720355.836257728,8,0.091000
1648720355.860243262,4,0.067000
1648720355.881117624,0,0.001000
1648720355.904110808,0,0.001000
1648720355.926452708,0,0.000000
1648720355.948118301,6,0.065000
1648720355.969314899,10,0.177000
1648720355.992119380,19,0.163000
1648720356.015135658,3,0.047000
1648720356.036269193,0,0.001000
1648720356.057734593,1,0.012000
1648720356.079064058,0,0.000000
1648720356.101155278,11,0.122000
1648720356.122481310,1,0.007000
1648720356.144037844,3,0.012000
1648720356.166442334,0,0.000000
1648720356.187415406,0,0.000000
1648720356.208910217,2,0.028000
1648720356.230438509,6,0.071000
1648720356.252176080,11,0.144000
1648720356.274055877,4,0.048000
1648720356.296331672,2,0.031000
1648720356.319437703,3,0.014000
1648720356.341304653,0,0.000000
1648720356.364878541,0,0.000000
1648720356.387929167,1,0.003000
1648720356.409221296,0,0.000000
1648720356.432904548,7,0.083000
1648720356.454807507,17,0.165000
1648720356.475601476,1,0.007000
1648720356.496498811,0,0.000000
1648720356.519970280,2,0.015000
1648720356.541853611,0,0.001000
1648720356.562802853,2,0.047000
1648720356.584463965,2,0.034000
1648720356.606662732,0,0.012000
1648720356.627064913,0,0.012000
1648720356.648545674,5,0.128000
1648720356.669138139,15,0.170000
1648720356.693027598,11,0.131000
1648720356.713796788,0,0.000000
1648720356.733203495,2,0.023000
1648720356.756250837,0,0.000000
1648720356.778118733,3,0.029000
1648720356.799994290,17,0.236000
1648720356.823087850,9,0.112000
1648720356.845164230,8,0.078000
1648720356.866819484,0,0.000000
1648720356.888824971,2,0.004000
1648720356.910747701,0,0.000000
1648720356.931066004,0,0.000000
1648720356.952488765,14,0.133000
1648720356.972719227,6,0.077000
1648720356.996010634,3,0.032000
1648720357.017191240,0,0.007000
1648720357.040092731,0,0.010000
1648720357.062498008,1,0.001000
1648720357.083393287,0,0.006000
1648720357.104608240,11,0.153000
1648720357.126230993,11,0.124000
1648720357.149184407,6,0.047000
1648720357.171108069,0,0.000000
1648720357.192544601,0,0.000000
1648720357.216343337,0,0.000000
1648720357.239257680,0,0.000000
1648720357.262698084,0,0.003000
1648720357.283909176,0,0.000000
1648720357.306601218,2,0.005000
1648720357.330254673,0,0.000000
1648720357.352495731,10,0.218000
1648720357.373334597,3,0.042000
1648720357.394650221,0,0.000000
1648720357.417016920,1,0.005000
1648720357.439583529,0,0.000000
1648720357.460052891,1,0.008000
1648720357.482700114,11,0.130000
1648720357.503048888,13,0.112000
1648720357.525274492,12,0.112000
1648720357.549275672,2,0.032000
1648720357.570472597,2,0.025000
1648720357.593627013,1,0.007000
1648720357.614736838,3,0.012000
1648720357.636940592,6,0.098000
1648720357.658442266,16,0.154000
1648720357.679843744,4,0.058000
1648720357.701485649,5,0.066000
1648720357.724721454,3,0.073000
1648720357.747908218,3,0.005000
1648720357.770478075,0,0.014000
1648720357.792932468,0,0.000000
1648720357.816106429,2,0.008000
1648720357.837694772,1,0.000000
1648720357.859565741,0,0.000000
1648720357.883329934,9,0.098000
1648720357.903941925,11,0.106000
1648720357.927974588,1,0.026000
1648720357.949949122,0,0.000000
1648720357.972596022,0,0.001000
1648720357.994650446,0,0.016000
1648720358.017189476,0,0.008000
1648720358.039113118,4,0.111000
1648720358.061381640,3,0.027000
1648720358.081676687,0,0.000000
1648720358.103768483,0,0.009000
1648720358.123994825,0,0.000000
1648720358.143665403,6,0.057000
1648720358.166620770,6,0.079000
1648720358.185281271,0,0.000000
1648720358.205013262,0,0.000000
1648720358.227345779,1,0.017000
1648720358.247574987,1,0.001000
1648720358.266550302,0,0.000000
1648720358.288018395,0,0.001000
1648720358.310257788,8,0.099000
1648720358.330147988,0,0.000000
1648720358.350768569,0,0.000000
1648720358.372212327,9,0.094000
1648720358.394094557,5,0.075000
1648720358.414287133,1,0.008000
1648720358.436255405,0,0.000000
1648720358.457754219,0,0.000000
1648720358.478893070,4,0.058000
1648720358.500103092,10,0.125000
1648720358.522916311,7,0.080000
1648720358.544835197,0,0.000000
1648720358.566193414,1,0.014000
1648720358.587554551,1,0.013000
1648720358.610773636,9,0.105000
1648720358.630192687,10,0.112000
1648720358.652857912,2,0.032000
1648720358.674950163,11,0.113000
1648720358.698736927,9,0.075000
1648720358.719550459,0,0.000000
1648720358.739520660,0,0.016000
1648720358.761095090,18,0.187000
1648720358.783924417,15,0.152000
1648720358.805224441,9,0.104000
1648720358.828047423,1,0.009000
1648720358.849292379,0,0.000000
1648720358.871613712,0,0.001000
1648720358.894310630,0,0.000000
1648720358.916969017,0,0.000000
1648720358.939781764,10,0.218000
1648720358.962204869,14,0.161000
1648720358.984851876,0,0.003000
1648720359.004821399,0,0.000000
1648720359.025437172,0,0.006000
1648720359.046918590,9,0.121000
1648720359.069057516,10,0.158000
1648720359.090157232,5,0.069000
1648720359.110604519,0,0.000000
1648720359.132058165,8,0.086000
1648720359.150616953,2,0.020000
1648720359.171375746,8,0.086000
1648720359.194470027,5,0.094000
1648720359.216677059,1,0.000000
1648720359.238137168,0,0.001000
1648720359.260878168,0,0.000000
1648720359.283337055,0,0.003000
1648720359.305011745,0,0.004000
1648720359.325935634,13,0.136000
1648720359.347620626,5,0.080000
1648720359.367913722,4,0.013000
1648720359.388850403,0,0.000000
1648720359.410945266,1,0.000000
1648720359.433133137,3,0.048000
1648720359.454555239,4,0.080000
1648720359.474409080,0,0.000000
1648720359.496281302,0,0.000000
1648720359.518705432,2,0.027000
1648720359.540026431,5,0.046000
1648720359.560816713,4,0.058000
1648720359.582892751,0,0.012000
1648720359.605693039,1,0.010000
1648720359.629436288,0,0.015000
1648720359.649688272,2,0.029000
1648720359.673122910,1,0.018000
1648720359.694663887,19,0.201000
1648720359.716933792,15,0.175000
1648720359.738813740,8,0.095000
1648720359.762281352,2,0.012000
1648720359.784414706,0,0.000000
1648720359.807820649,0,0.001000
1648720359.829034647,0,0.001000
1648720359.850622176,5,0.058000
1648720359.873195688,18,0.183000
1648720359.894102790,3,0.060000
1648720359.915097759,0,0.000000
1648720359.936834932,0,0.000000
1648720359.959413579,4,0.049000
1648720359.981351034,6,0.091000
1648720360.002340501,5,0.038000
1648720360.023337698,0,0.000000
1648720360.045576043,0,0.000000
1648720360.067014711,1,0.007000
1648720360.090095267,0,0.008000
1648720360.112495909,0,0.013000
1648720360.134502962,10,0.086000
1648720360.154786129,4,0.031000
1648720360.176708084,3,0.019000
1648720360.198150522,0,0.000000
1648720360.220438537,0,0.000000
1648720360.240951192,3,0.056000
1648720360.262997517,0,0.000000
1648720360.284011655,0,0.000000
1648720360.307501307,2,0.015000
1648720360.329662938,0,0.009000
1648720360.352229389,0,0.000000
1648720360.375632505,0,0.019000
1648720360.397537288,9,0.120000
1648720360.418586834,7,0.067000
1648720360.441091849,8,0.104000
1648720360.462700765,4,0.059000
1648720360.485295531,3,0.011000
1648720360.506821530,1,0.000000
1648720360.528343262,0,0.000000
1648720360.547756291,11,0.142000
1648720360.570675167,11,0.114000
1648720360.590989468,10,0.093000
1648720360.613487567,1,0.004000
1648720360.633502828,0,0.021000
1648720360.655789629,1,0.002000
1648720360.676940016,5,0.040000
1648720360.697593693,3,0.049000
1648720360.718995737,1,0.001000
1648720360.739941339,0,0.001000
1648720360.762427145,1,0.007000
1648720360.782272732,19,0.190000
1648720360.803861771,8,0.122000
1648720360.825392451,0,0.000000
1648720360.847009555,1,0.026000
1648720360.867917485,0,0.001000
1648720360.890470169,1,0.018000
1648720360.911819609,19,0.195000
1648720360.933416716,14,0.202000
1648720360.955475838,0,0.001000
1648720360.977485277,2,0.006000
1648720360.997545627,0,0.000000
1648720361.017876813,6,0.083000
1648720361.040994844,1,0.009000
1648720361.063263533,13,0.131000
1648720361.084626891,0,0.026000
1648720361.106809586,0,0.000000
1648720361.128546283,0,0.000000
1648720361.150614261,2,0.012000
1648720361.172034969,19,0.184000
1648720361.192575356,2,0.026000
1648720361.216054378,7,0.047000
1648720361.238682840,5,0.076000
1648720361.261924889,2,0.030000
1648720361.283365766,0,0.019000
1648720361.306234949,0,0.016000
1648720361.330130328,0,0.000000
1648720361.351969424,2,0.017000
1648720361.372541489,18,0.176000
1648720361.394440411,2,0.036000
1648720361.416385877,0,0.012000
1648720361.437346737,0,0.000000
1648720361.460641256,0,0.000000
1648720361.482783093,19,0.223000
1648720361.504828156,9,0.219000
1648720361.527737888,3,0.072000
1648720361.548968935,0,0.001000
1648720361.572553838,4,0.058000
1648720361.596537837,1,0.010000
1648720361.618298231,1,0.000000
1648720361.640550813,1,0.009000
1648720361.663898202,0,0.008000
1648720361.685977330,0,0.000000
1648720361.707627168,0,0.001000
1648720361.729944274,2,0.008000
1648720361.751216312,0,0.000000
1648720361.772453336,2,0.024000
1648720361.794756498,10,0.081000
1648720361.816473298,9,0.093000
1648720361.838310828,0,0.000000
1648720361.859140924,0,0.000000
1648720361.880355124,2,0.017000
1648720361.901038534,13,0.161000
1648720361.921897891,3,0.047000
1648720361.943710760,0,0.016000
1648720361.966332056,0,0.000000
1648720361.989433542,1,0.021000
1648720362.010875139,3,0.020000
1648720362.033140659,0,0.000000
1648720362.055895295,0,0.000000
1648720362.078928864,2,0.086000
1648720362.101171450,9,0.137000
1648720362.122281613,5,0.049000
1648720362.143597886,7,0.110000
1648720362.166431151,0,0.004000
1648720362.187120466,0,0.000000
1648720362.208390683,0,0.001000
1648720362.231339129,0,0.006000
1648720362.252954818,8,0.118000
1648720362.273152003,8,0.046000
1648720362.294548265,5,0.071000
1648720362.316955918,1,0.000000
1648720362.339218906,0,0.014000
1648720362.360835400,0,0.000000
1648720362.383649074,0,0.000000
1648720362.405311336,10,0.089000
1648720362.426559811,1,0.033000
1648720362.446601343,0,0.000000
1648720362.468165892,0,0.000000
1648720362.488737796,11,0.129000
1648720362.510021088,5,0.029000
1648720362.531649451,5,0.071000
1648720362.554313390,0,0.000000
1648720362.576165645,0,0.000000
1648720362.596777080,0,0.011000
1648720362.618032497,10,0.232000
1648720362.639461053,13,0.164000
1648720362.661845221,8,0.089000
1648720362.683614775,0,0.023000
1648720362.704750509,2,0.001000
1648720362.724956203,12,0.120000
1648720362.746570232,0,0.000000
1648720362.767066500,0,0.000000
1648720362.789929022,0,0.000000
1648720362.812196215,0,0.000000
1648720362.834873912,13,0.137000
1648720362.856468925,3,0.040000
1648720362.878396378,0,0.000000
1648720362.899997706,0,0.016000
1648720362.922328026,1,0.013000
1648720362.941840182,10,0.120000
1648720362.962348970,7,0.097000
1648720362.984359755,0,0.000000
1648720363.005918898,3,0.017000
1648720363.028680665,0,0.007000
1648720363.051225105,0,0.000000
1648720363.071505588,1,0.001000
1648720363.093141458,3,0.047000
1648720363.115077540,9,0.099000
1648720363.137194901,0,0.001000
1648720363.158278697,9,0.082000
1648720363.181826353,0,0.007000
1648720363.203301167,0,0.022000
1648720363.226020905,0,0.000000
1648720363.248420522,0,0.013000
1648720363.270329790,0,0.005000
1648720363.294536433,0,0.000000
1648720363.317020813,0,0.000000
1648720363.338637942,0,0.010000
1648720363.360268485,15,0.188000
1648720363.383157277,3,0.032000
1648720363.404431837,2,0.008000
1648720363.425838516,0,0.000000
1648720363.448402230,0,0.001000
1648720363.468633037,15,0.176000
1648720363.489563013,5,0.063000
1648720363.512770380,4,0.038000
1648720363.535391934,5,0.058000
1648720363.558341172,1,0.012000
1648720363.579110973,0,0.008000
1648720363.600194988,2,0.004000
1648720363.623710415,10,0.125000
1648720363.642678765,8,0.082000
1648720363.665886834,0,0.000000
1648720363.686623935,0,0.012000
1648720363.709388396,0,0.012000
1648720363.730957720,0,0.000000
1648720363.753479274,0,0.001000
1648720363.775693340,8,0.120000
1648720363.796791947,8,0.046000
1648720363.819793420,1,0.015000
1648720363.840834615,0,0.000000
1648720363.862794341,0,0.003000
1648720363.884858497,9,0.126000
1648720363.906191638,6,0.084000
1648720363.928953413,0,0.000000
1648720363.952626848,20,0.153000
1648720363.973878374,10,0.089000
1648720363.996448130,0,0.000000
1648720364.016468430,0,0.000000
1648720364.038668635,0,0.000000
1648720364.059694756,0,0.000000
1648720364.082156567,12,0.122000
1648720364.104290254,13,0.142000
1648720364.126219478,0,0.000000
1648720364.147364005,0,0.000000
1648720364.169319137,0,0.000000
1648720364.192729185,0,0.000000
1648720364.215491724,0,0.000000
1648720364.237655446,1,0.000000
1648720364.257768187,5,0.042000
1648720364.279105928,0,0.000000
1648720364.301536434,1,0.008000
1648720364.322722560,0,0.000000
1648720364.345497015,0,0.001000
1648720364.366244969,0,0.000000
1648720364.388508183,2,0.006000
1648720364.409248749,0,0.000000
1648720364.432375146,2,0.032000
1648720364.454618896,0,0.000000
1648720364.477411895,0,0.000000
1648720364.500287190,0,0.000000
1648720364.521533883,9,0.126000
1648720364.542740725,11,0.186000
1648720364.565803603,15,0.213000
1648720364.587396042,4,0.035000
1648720364.608449340,0,0.004000
1648720364.630693986,1,0.003000
1648720364.651407880,1,0.010000
1648720364.673806903,0,0.000000
1648720364.696001865,1,0.005000
1648720364.716107293,12,0.137000
1648720364.736245191,1,0.012000
1648720364.756665510,1,0.018000
1648720364.779008177,0,0.000000
1648720364.798652935,0,0.000000
1648720364.821478694,13,0.127000
1648720364.844008900,6,0.044000
1648720364.865938987,0,0.012000
1648720364.887989205,0,0.000000
1648720364.911328494,0,0.000000
1648720364.933156947,0,0.000000
1648720364.954146403,1,0.000000
1648720364.976525160,7,0.096000
1648720364.998895821,9,0.089000
1648720365.020875922,10,0.143000
1648720365.043046165,6,0.040000
1648720365.065250636,0,0.000000
1648720365.085430600,0,0.007000
1648720365.105260765,4,0.070000
1648720365.127938563,7,0.077000
1648720365.149881613,15,0.134000
1648720365.172504321,0,0.003000
1648720365.194117383,2,0.001000
1648720365.213667017,17,0.173000
1648720365.234452247,13,0.157000
1648720365.256400157,7,0.078000
1648720365.278492807,0,0.000000
1648720365.301358672,0,0.017000
1648720365.323089252,1,0.018000
1648720365.344450721,3,0.047000
1648720365.365022055,15,0.176000
1648720365.386925950,9,0.142000
1648720365.409111695,3,0.023000
1648720365.430996724,0,0.000000
1648720365.452409121,0,0.000000
1648720365.475572361,2,0.012000
1648720365.496545297,8,0.107000
1648720365.518961150,8,0.083000
1648720365.541247607,0,0.000000
1648720365.563818564,0,0.000000
1648720365.585073894,0,0.000000
1648720365.608003601,1,0.000000
1648720365.629110530,6,0.060000
1648720365.650774635,18,0.181000
1648720365.673295582,0,0.000000
1648720365.694468331,0,0.000000
1648720365.715524305,3,0.015000
1648720365.738040444,1,0.000000
1648720365.759881594,13,0.237000
1648720365.780974256,0,0.000000
1648720365.801489389,0,0.000000
1648720365.825223830,0,0.016000
1648720365.846704805,0,0.004000
1648720365.867294136,1,0.001000
1648720365.889309711,10,0.105000
1648720365.911255831,13,0.135000
1648720365.933301195,9,0.079000
1648720365.957067550,5,0.062000
1648720365.978505635,0,0.000000
1648720365.999768520,0,0.000000
1648720366.021865359,1,0.004000
1648720366.044664627,0,0.010000
1648720366.066520753,0,0.000000
1648720366.086710836,8,0.105000
1648720366.108141757,0,0.002000
1648720366.128412109,1,0.012000
1648720366.151332806,0,0.001000
1648720366.172849014,15,0.222000
1648720366.194404303,2,0.051000
1648720366.215104052,0,0.001000
1648720366.236026803,0,0.000000
1648720366.257804410,0,0.000000
1648720366.279643313,2,0.010000
1648720366.301199047,2,0.019000
1648720366.323700847,12,0.126000
1648720366.345241431,11,0.130000
1648720366.367545060,0,0.000000
1648720366.388052638,0,0.006000
1648720366.410009612,1,0.000000
1648720366.432149019,1,0.008000
1648720366.454495952,7,0.105000
1648720366.476041958,10,0.088000
1648720366.497141910,4,0.052000
1648720366.520160858,2,0.024000
1648720366.541313058,0,0.011000
1648720366.563787182,0,0.000000
1648720366.585690580,0,0.000000
1648720366.606677726,11,0.119000
1648720366.627348817,10,0.120000
1648720366.649718593,0,0.000000
1648720366.673540700,3,0.016000
1648720366.694629542,1,0.029000
1648720366.714337450,7,0.068000
1648720366.737607979,9,0.091000
1648720366.758348213,8,0.055000
1648720366.779563705,0,0.000000
1648720366.799631495,0,0.012000
1648720366.822211167,1,0.006000
1648720366.843401214,8,0.123000
1648720366.865406902,17,0.176000
1648720366.886904488,6,0.052000
1648720366.908105922,0,0.000000
1648720366.929184545,0,0.000000
1648720366.951907835,10,0.124000
1648720366.974930267,8,0.057000
1648720366.997810449,10,0.097000
1648720367.020082434,6,0.074000
1648720367.043564223,2,0.033000
1648720367.065811526,0,0.000000
1648720367.088838550,0,0.000000
1648720367.109908630,0,0.011000
1648720367.129710816,4,0.034000
1648720367.148838499,0,0.000000
1648720367.170085087,0,0.000000
1648720367.192577265,5,0.116000
1648720367.213715707,13,0.215000
1648720367.235792773,6,0.076000
1648720367.256330036,1,0.017000
1648720367.277135737,1,0.009000
1648720367.299154059,0,0.011000
1648720367.321259346,0,0.000000
1648720367.343780369,0,0.000000
1648720367.364914017,12,0.139000
1648720367.387031957,6,0.092000
1648720367.407960645,0,0.000000
1648720367.429078501,2,0.009000
1648720367.451202714,0,0.000000
1648720367.474352212,1,0.000000
1648720367.495933630,9,0.093000
1648720367.517404357,0,0.009000
1648720367.538423424,0,0.010000
1648720367.560446870,1,0.012000
1648720367.582107351,0,0.000000
1648720367.604207283,14,0.164000
1648720367.626554908,6,0.072000
1648720367.647542672,0,0.004000
1648720367.669561792,0,0.000000
1648720367.691871504,0,0.000000
1648720367.714336035,0,0.000000
1648720367.735360998,0,0.000000
1648720367.758211849,17,0.190000
1648720367.778048978,6,0.072000
1648720367.800158441,0,0.001000
1648720367.821614539,0,0.000000
1648720367.842934605,0,0.007000
1648720367.865600597,7,0.094000
1648720367.887483247,7,0.083000
1648720367.910298293,5,0.053000
1648720367.931725588,4,0.036000
1648720367.954414436,1,0.016000
1648720367.977230111,0,0.000000
1648720367.998456363,0,0.000000
1648720368.020264231,0,0.000000
1648720368.042071171,9,0.116000
1648720368.062186351,1,0.000000
1648720368.085092317,0,0.000000
1648720368.107112771,1,0.001000
1648720368.129307513,0,0.011000
1648720368.151195559,14,0.148000
1648720368.173310387,4,0.040000
1648720368.193778863,2,0.014000
1648720368.215965974,0,0.000000
1648720368.237675285,0,0.000000
1648720368.260115483,0,0.000000
1648720368.282525856,2,0.012000
1648720368.304908547,0,0.000000
1648720368.327570401,14,0.216000
1648720368.349779676,1,0.027000
1648720368.371059345,1,0.010000
1648720368.393413172,0,0.000000
1648720368.414764943,0,0.017000
1648720368.436301968,1,0.011000
1648720368.458264128,1,0.004000
1648720368.480994189,0,0.018000
1648720368.503468573,15,0.135000
1648720368.524017761,17,0.156000
1648720368.546341286,11,0.110000
1648720368.569074599,8,0.089000
1648720368.592108616,0,0.000000
1648720368.615283166,0,0.000000
1648720368.635730767,1,0.000000
1648720368.657834311,10,0.108000
1648720368.679889918,8,0.087000
1648720368.701686972,9,0.233000
1648720368.724773927,9,0.084000
1648720368.747374439,4,0.064000
1648720368.770498987,3,0.037000
1648720368.793438825,1,0.004000
1648720368.815849776,0,0.000000
1648720368.837341239,0,0.004000
1648720368.858404011,10,0.110000
1648720368.879711408,16,0.141000
1648720368.902137440,11,0.133000
1648720368.925015799,6,0.094000
1648720368.946609677,0,0.004000
1648720368.968403206,1,0.024000
1648720368.991553834,0,0.000000
1648720369.014119560,0,0.015000
1648720369.035855782,0,0.000000
1648720369.057157562,0,0.005000
1648720369.078885982,12,0.208000
1648720369.101422179,15,0.190000
1648720369.124928163,7,0.046000
1648720369.145563029,3,0.032000
1648720369.168117347,0,0.000000
1648720369.191208788,2,0.006000
1648720369.213129614,0,0.000000
1648720369.234954443,1,0.001000
1648720369.259240903,0,0.000000
1648720369.279388744,9,0.117000
1648720369.302358926,18,0.181000
1648720369.322896958,1,0.027000
1648720369.345376575,0,0.002000
1648720369.367554457,11,0.149000
1648720369.390387631,16,0.158000
1648720369.412880321,3,0.049000
1648720369.433660439,0,0.000000
1648720369.454370290,7,0.089000
1648720369.475809637,10,0.101000
1648720369.497236998,2,0.033000
1648720369.518925975,0,0.009000
1648720369.542120408,1,0.000000
1648720369.564633945,0,0.000000
1648720369.587897090,1,0.014000
1648720369.609402374,19,0.189000
1648720369.631725446,4,0.062000
1648720369.653037769,0,0.000000
1648720369.673658134,0,0.000000
1648720369.696167383,0,0.001000
1648720369.719402981,0,0.000000
1648720369.740423532,8,0.103000
1648720369.761833507,17,0.185000
1648720369.784073101,9,0.090000
1648720369.806552776,5,0.033000
1648720369.829239705,1,0.034000
1648720369.851224778,0,0.000000
1648720369.872214728,0,0.005000
1648720369.894685863,0,0.000000
1648720369.917766919,0,0.013000
1648720369.938050835,11,0.193000
1648720369.961004874,4,0.057000
1648720369.982364351,6,0.063000
1648720370.005064121,2,0.026000
1648720370.027085569,0,0.018000
1648720370.048093271,0,0.000000
1648720370.069398672,0,0.010000
1648720370.091801530,6,0.042000
1648720370.114020122,12,0.213000
1648720370.136907847,0,0.000000
1648720370.159344395,0,0.000000
1648720370.179818758,7,0.087000
1648720370.201339109,7,0.094000
1648720370.222043792,7,0.090000
1648720370.244188555,3,0.005000
1648720370.266969214,2,0.022000
1648720370.288783615,0,0.011000
1648720370.309833211,0,0.000000
1648720370.332105313,0,0.001000
1648720370.355205705,1,0.007000
1648720370.377720443,0,0.014000
1648720370.400200436,20,0.209000
1648720370.422892732,10,0.212000
1648720370.445128625,12,0.112000
1648720370.467077550,7,0.084000
1648720370.489979591,1,0.028000
1648720370.512532945,0,0.000000
1648720370.534988941,0,0.000000
1648720370.556800094,0,0.000000
1648720370.578386526,9,0.077000
1648720370.598824390,3,0.024000
1648720370.620180938,0,0.002000
1648720370.643188959,1,0.002000
1648720370.664734916,0,0.019000
1648720370.685605971,11,0.133000
1648720370.707577282,7,0.089000
1648720370.730030041,5,0.054000
1648720370.752291027,0,0.002000
1648720370.774975913,0,0.001000
1648720370.796227718,10,0.106000
1648720370.818064025,3,0.070000
1648720370.839984710,1,0.002000
1648720370.861965351,0,0.000000
1648720370.883528284,0,0.000000
1648720370.906130818,0,0.000000
1648720370.928762627,0,0.000000
1648720370.951464402,0,0.000000
1648720370.974167554,17,0.179000
1648720370.996434042,8,0.076000
1648720371.018166724,2,0.000000
1648720371.039553341,1,0.024000
1648720371.062154543,1,0.012000
1648720371.084339314,0,0.011000
1648720371.105699710,0,0.000000
1648720371.127492140,0,0.005000
1648720371.150467168,2,0.011000
1648720371.172660284,6,0.095000
1648720371.194563001,4,0.069000
1648720371.217026877,5,0.053000
1648720371.240116778,0,0.014000
1648720371.262405673,0,0.012000
1648720371.283222944,1,0.015000
1648720371.306192818,0,0.000000
1648720371.328612399,2,0.019000
1648720371.351127561,13,0.167000
1648720371.371806077,1,0.019000
1648720371.393929158,0,0.011000
1648720371.416474149,0,0.000000
1648720371.438015597,7,0.124000
1648720371.458772322,18,0.178000
1648720371.480751567,4,0.060000
1648720371.504175368,0,0.003000
1648720371.526034681,0,0.000000
1648720371.549086274,2,0.016000
1648720371.571369506,10,0.147000
1648720371.593992356,10,0.108000
1648720371.615098236,4,0.031000
1648720371.637106911,0,0.001000
1648720371.658024102,0,0.000000
1648720371.678932267,0,0.031000
1648720371.701024261,3,0.040000
1648720371.723155876,18,0.188000
1648720371.745256863,9,0.092000
1648720371.768645297,3,0.029000
1648720371.790769512,0,0.008000
1648720371.814048451,2,0.032000
1648720371.837502865,0,0.000000
1648720371.858866715,1,0.004000
1648720371.881320516,0,0.005000
1648720371.903910481,0,0.010000
1648720371.925768010,17,0.173000
1648720371.947735776,6,0.053000
1648720371.969941153,5,0.042000
1648720371.992034303,2,0.015000
1648720372.015745770,1,0.001000
1648720372.038527360,0,0.000000
1648720372.059892162,0,0.000000
1648720372.082090571,1,0.000000
1648720372.104894541,7,0.106000
1648720372.126976834,10,0.119000
1648720372.148942054,6,0.077000
1648720372.172278657,0,0.000000
1648720372.193524025,0,0.001000
1648720372.215413250,1,0.022000
1648720372.237931663,0,0.000000
1648720372.260105348,9,0.116000
1648720372.282001458,16,0.138000
1648720372.304049215,1,0.009000
1648720372.324972827,0,0.000000
1648720372.348498574,1,0.014000
1648720372.372027331,0,0.000000
1648720372.393620193,0,0.000000
1648720372.416348835,0,0.015000
1648720372.436542387,14,0.243000
1648720372.459147942,6,0.075000
1648720372.481244617,1,0.000000
1648720372.503254441,0,0.000000
1648720372.525149336,11,0.127000
1648720372.546151793,14,0.204000
1648720372.568789042,12,0.200000
1648720372.591587298,4,0.024000
1648720372.613709402,0,0.015000
1648720372.636679463,2,0.008000
1648720372.660047175,1,0.011000
1648720372.683680417,0,0.000000
1648720372.706857336,1,0.001000
1648720372.727031269,10,0.165000
1648720372.747918687,14,0.152000
1648720372.768734593,1,0.024000
1648720372.789610400,1,0.005000
1648720372.812010705,0,0.000000
1648720372.834596944,1,0.012000
1648720372.855286316,11,0.136000
1648720372.876698242,11,0.223000
1648720372.899670043,10,0.186000
1648720372.923314561,11,0.186000
1648720372.945927555,12,0.151000
1648720372.968294224,6,0.047000
1648720372.989768223,0,0.005000
1648720373.011884394,0,0.000000
1648720373.034723593,0,0.000000
1648720373.055817448,1,0.010000
1648720373.079032640,12,0.131000
1648720373.099789062,4,0.045000
1648720373.121390170,3,0.023000
1648720373.144228898,1,0.001000
1648720373.167361835,0,0.000000
1648720373.188862516,0,0.007000
1648720373.209264371,15,0.223000
1648720373.232487288,14,0.212000
1648720373.256191490,12,0.117000
1648720373.277227394,6,0.038000
1648720373.298730052,1,0.000000
1648720373.320002698,1,0.011000
1648720373.340172692,5,0.101000
1648720373.362288941,14,0.148000
1648720373.384507073,4,0.045000
1648720373.405146768,1,0.001000
1648720373.427551965,0,0.000000
1648720373.448508045,0,0.000000
1648720373.471428254,0,0.000000
1648720373.492007531,6,0.071000
1648720373.513088573,0,0.000000
1648720373.534324178,3,0.001000
1648720373.556732265,0,0.000000
1648720373.578858176,0,0.000000
1648720373.599747724,1,0.021000
1648720373.622440128,1,0.016000
1648720373.645576667,4,0.066000
1648720373.669306399,7,0.085000
1648720373.691854113,6,0.107000
1648720373.714328628,9,0.118000
1648720373.737060414,14,0.134000
1648720373.757918744,5,0.059000
1648720373.781175274,1,0.016000
1648720373.801977422,0,0.000000
1648720373.824181903,0,0.013000
1648720373.847412155,1,0.006000
1648720373.870779470,1,0.022000
1648720373.894224466,0,0.000000
1648720373.915159528,2,0.085000
1648720373.937660451,4,0.026000
1648720373.958798050,1,0.007000
1648720373.981138604,1,0.007000
1648720374.002994268,0,0.000000
1648720374.024568219,5,0.085000
1648720374.047041209,3,0.037000
1648720374.067219053,0,0.000000
1648720374.090351614,0,0.000000
1648720374.110523962,0,0.000000
1648720374.134952754,0,0.000000
1648720374.157411941,2,0.023000
1648720374.179471875,8,0.119000
1648720374.201493611,8,0.099000
1648720374.224825435,6,0.052000
1648720374.247122121,9,0.077000
1648720374.269665284,3,0.015000
1648720374.292825053,0,0.000000
1648720374.314533233,0,0.009000
1648720374.337053622,7,0.101000
1648720374.359948785,9,0.139000
1648720374.382166637,5,0.096000
1648720374.404153039,1,0.021000
1648720374.426179894,0,0.000000
1648720374.447026008,0,0.000000
1648720374.469001337,2,0.028000
1648720374.492295474,0,0.005000
1648720374.515214907,21,0.249000
1648720374.537853822,9,0.081000
1648720374.560463195,2,0.004000
1648720374.583205459,7,0.066000
1648720374.606348626,1,0.001000
1648720374.629331692,1,0.001000
1648720374.650028830,0,0.014000
1648720374.673727954,0,0.006000
1648720374.694968622,2,0.008000
1648720374.715759403,0,0.008000
1648720374.738359488,5,0.090000
1648720374.761100150,14,0.160000
1648720374.783184830,0,0.000000
1648720374.804357073,3,0.000000
1648720374.826934819,0,0.000000
1648720374.850909608,0,0.001000
1648720374.874032721,1,0.038000
1648720374.896800539,0,0.005000
1648720374.919194339,0,0.010000
1648720374.943085650,10,0.119000
1648720374.965697676,16,0.152000
1648720374.987684905,6,0.050000
1648720375.008450156,0,0.010000
1648720375.031433592,0,0.003000
1648720375.052757599,2,0.010000
1648720375.073559633,8,0.126000
1648720375.095671344,10,0.107000
1648720375.118726598,6,0.092000
1648720375.139139213,5,0.026000
1648720375.160945337,3,0.005000
1648720375.182546132,0,0.009000
1648720375.204473437,0,0.011000
1648720375.226945445,0,0.003000
1648720375.249856897,1,0.028000
1648720375.272833129,1,0.000000
1648720375.294593062,15,0.155000
1648720375.315663890,0,0.005000
1648720375.337284584,0,0.000000
1648720375.358656770,9,0.224000
1648720375.380444176,10,0.086000
1648720375.403156969,4,0.015000
1648720375.427689920,3,0.028000
1648720375.449848549,0,0.000000
1648720375.471553839,0,0.000000
1648720375.494590623,2,0.003000
1648720375.517800128,0,0.000000
1648720375.541043679,0,0.000000
1648720375.563546362,0,0.007000
1648720375.583739687,0,0.000000
1648720375.607096199,1,0.000000
1648720375.629981807,1,0.004000
1648720375.652045252,5,0.128000
1648720375.675198293,1,0.031000
1648720375.698283579,13,0.157000
1648720375.721001804,1,0.000000
1648720375.741030779,2,0.024000
1648720375.763937389,0,0.000000
1648720375.785813042,0,0.000000
1648720375.809077159,0,0.006000
1648720375.830335249,7,0.079000
1648720375.853317151,3,0.027000
1648720375.874178340,6,0.065000
1648720375.896619459,1,0.007000
1648720375.917063227,0,0.000000
1648720375.937950390,9,0.139000
1648720375.960184918,19,0.194000
1648720375.984364640,3,0.034000
1648720376.004943583,0,0.000000
1648720376.027568471,1,0.039000
1648720376.049643208,0,0.000000
1648720376.071544373,0,0.000000
1648720376.093701340,0,0.004000
1648720376.115671683,6,0.072000
1648720376.138357369,14,0.196000
1648720376.159709588,1,0.025000
1648720376.181235654,2,0.010000
1648720376.203946055,1,0.000000
1648720376.225480892,0,0.001000
1648720376.247290764,0,0.000000
1648720376.270089746,14,0.128000
1648720376.290406801,7,0.116000
1648720376.312505843,5,0.047000
1648720376.332975071,0,0.000000
1648720376.355205021,0,0.000000
1648720376.377948631,0,0.000000
1648720376.400656332,0,0.010000
1648720376.423532093,9,0.114000
1648720376.446282083,5,0.048000
1648720376.467258567,0,0.000000
1648720376.491329304,0,0.004000
1648720376.513864768,1,0.006000
1648720376.536192838,0,0.000000
1648720376.557862926,0,0.000000
1648720376.579985592,0,0.000000
1648720376.603726116,0,0.011000
1648720376.625154210,10,0.102000
1648720376.646555358,9,0.142000
1648720376.667583922,7,0.059000
1648720376.688831102,0,0.000000
1648720376.710788141,2,0.016000
1648720376.732549839,0,0.020000
1648720376.755365072,0,0.000000
1648720376.777529529,0,0.000000
1648720376.799070742,0,0.000000
1648720376.821966386,9,0.120000
1648720376.842953463,15,0.146000
1648720376.863601472,2,0.013000
1648720376.885853972,5,0.049000
1648720376.908135226,3,0.016000
1648720376.930034982,0,0.000000
1648720376.951673886,2,0.023000
1648720376.974782983,0,0.000000
1648720376.995748921,1,0.011000
1648720377.018474210,0,0.000000
1648720377.041133083,6,0.103000
1648720377.062823395,10,0.136000
1648720377.085286928,4,0.060000
1648720377.108681585,1,0.001000
1648720377.130636207,0,0.000000
1648720377.152617970,0,0.000000
1648720377.175802870,0,0.010000
1648720377.199870647,1,0.005000
1648720377.222122432,1,0.000000
1648720377.243223010,1,0.012000
1648720377.265158611,9,0.122000
1648720377.286868359,4,0.037000
1648720377.306570566,2,0.000000
1648720377.328317691,0,0.000000
1648720377.351373926,0,0.004000
1648720377.373196539,2,0.018000
1648720377.394093377,0,0.000000
1648720377.417017120,3,0.067000
1648720377.440012760,4,0.024000
1648720377.462349138,4,0.026000
1648720377.484184840,0,0.011000
1648720377.505496366,0,0.000000
1648720377.527455242,2,0.000000
1648720377.549087799,11,0.141000
1648720377.570775357,11,0.116000
1648720377.591925254,0,0.000000
1648720377.613001829,0,0.000000
1648720377.635324026,0,0.000000
1648720377.656180420,17,0.186000
1648720377.678042252,10,0.129000
1648720377.700695429,2,0.010000
1648720377.722989272,0,0.000000
1648720377.744496745,2,0.014000
1648720377.766504918,0,0.002000
1648720377.788437972,1,0.008000
1648720377.809921625,12,0.167000
1648720377.829179444,5,0.040000
1648720377.850560748,0,0.003000
1648720377.870615083,2,0.018000
1648720377.891977104,14,0.224000
1648720377.913167926,15,0.164000
1648720377.934983300,5,0.086000
1648720377.957206578,0,0.000000
1648720377.978990219,0,0.000000
1648720378.000690526,1,0.001000
1648720378.021469750,0,0.000000
1648720378.043406102,3,0.020000
1648720378.068145592,13,0.149000
1648720378.090125479,14,0.153000
1648720378.112379853,8,0.089000
1648720378.135132113,0,0.020000
1648720378.155348101,0,0.004000
1648720378.175399977,1,0.069000
1648720378.196305540,0,0.000000
1648720378.218159149,0,0.000000
1648720378.241743798,1,0.016000
1648720378.263456560,0,0.010000
1648720378.284402101,17,0.196000
1648720378.306822286,14,0.129000
1648720378.329434615,1,0.004000
1648720378.350645185,0,0.000000
1648720378.370860024,2,0.006000
1648720378.392962544,0,0.000000
1648720378.415499010,9,0.159000
1648720378.436645611,3,0.025000
1648720378.457225739,0,0.000000
1648720378.477655419,1,0.005000
1648720378.500045746,0,0.000000
1648720378.521190462,5,0.074000
1648720378.543300879,10,0.087000
1648720378.564414385,6,0.052000
1648720378.587423823,0,0.000000
1648720378.607929024,0,0.000000
1648720378.627298368,4,0.027000
1648720378.649724510,2,0.009000
1648720378.672084924,0,0.000000
1648720378.693980974,8,0.066000
1648720378.714176722,0,0.000000
1648720378.734452297,2,0.001000
1648720378.757079276,10,0.118000
1648720378.777389506,16,0.163000
1648720378.798978392,3,0.073000
1648720378.821409046,6,0.065000
1648720378.844111585,2,0.000000
1648720378.866089808,0,0.016000
1648720378.889343085,0,0.023000
1648720378.910346083,1,0.000000
1648720378.932323664,17,0.165000
1648720378.953420196,15,0.170000
1648720378.976506980,4,0.036000
1648720378.999164862,6,0.046000
1648720379.021688038,3,0.020000
1648720379.044309888,0,0.000000
1648720379.064995040,0,0.000000
1648720379.087120753,0,0.000000
1648720379.109976401,7,0.096000
1648720379.129936334,14,0.152000
1648720379.152298136,4,0.034000
1648720379.174264008,1,0.011000
1648720379.197145364,0,0.009000
1648720379.218361062,1,0.001000
1648720379.239145360,0,0.031000
1648720379.260433162,11,0.117000
1648720379.283005749,2,0.038000
1648720379.304221062,0,0.007000
1648720379.326343789,0,0.013000
1648720379.347799583,0,0.000000
1648720379.370671721,0,0.000000
1648720379.392307695,13,0.179000
1648720379.413230756,8,0.049000
1648720379.434458087,0,0.000000
1648720379.457358146,2,0.008000
1648720379.479848711,0,0.015000
1648720379.501527729,1,0.018000
1648720379.524358532,0,0.000000
1648720379.547387523,0,0.000000
1648720379.568662898,11,0.119000
1648720379.590909222,10,0.153000
1648720379.612476031,5,0.039000
1648720379.635004256,1,0.000000
1648720379.656986961,0,0.001000
1648720379.679348604,0,0.019000
1648720379.699723694,9,0.113000
1648720379.722093364,4,0.047000
1648720379.745099564,2,0.036000
1648720379.767921028,2,0.011000
1648720379.790254158,0,0.000000
1648720379.814194892,0,0.009000
1648720379.834057697,0,0.000000
1648720379.856320354,0,0.000000
1648720379.878523151,11,0.172000
1648720379.899209346,5,0.048000
1648720379.921297633,6,0.063000
1648720379.943229200,4,0.050000
1648720379.965455863,0,0.000000
1648720379.988502813,1,0.000000
1648720380.010303727,0,0.000000
1648720380.032068326,0,0.001000
1648720380.054219410,1,0.015000
1648720380.075676986,0,0.016000
1648720380.096843384,1,0.001000
1648720380.120727378,0,0.011000
1648720380.144656083,4,0.027000
1648720380.167310328,1,0.008000
1648720380.188864838,0,0.000000
1648720380.209874217,1,0.000000
1648720380.232506937,0,0.000000
1648720380.254399482,0,0.000000
1648720380.278185617,0,0.004000
1648720380.301113498,15,0.163000
1648720380.322048484,1,0.010000
1648720380.343361615,4,0.031000
1648720380.366744538,0,0.000000
1648720380.385362372,0,0.014000
1648720380.406980207,0,0.007000
1648720380.429859768,0,0.000000
1648720380.451792857,16,0.160000
1648720380.474018678,16,0.179000
1648720380.497349631,8,0.082000
1648720380.520051869,2,0.015000
1648720380.542036992,2,0.032000
1648720380.562978268,0,0.000000
1648720380.584762056,0,0.000000
1648720380.606986358,0,0.000000
1648720380.631299312,0,0.000000
1648720380.653399346,9,0.143000
1648720380.673947633,0,0.000000
1648720380.695572627,0,0.010000
1648720380.716304497,0,0.000000
1648720380.737347673,3,0.056000
1648720380.760117727,4,0.042000
1648720380.780132146,0,0.000000
1648720380.801806282,0,0.000000
1648720380.820966991,5,0.059000
1648720380.841714826,2,0.019000
1648720380.863096793,3,0.001000
1648720380.884063516,1,0.000000
1648720380.906087100,6,0.100000
1648720380.928821269,18,0.200000
1648720380.951038106,7,0.043000
1648720380.972494805,4,0.027000
1648720380.996549704,1,0.007000
1648720381.018469380,3,0.025000
1648720381.041734466,1,0.019000
1648720381.064142283,0,0.022000
1648720381.084267364,0,0.000000
1648720381.106100544,2,0.011000
1648720381.128006484,11,0.189000
1648720381.148493225,2,0.034000
1648720381.170193336,0,0.000000
1648720381.190905829,0,0.004000
1648720381.213303634,0,0.000000
1648720381.237498994,6,0.061000
1648720381.258739297,0,0.000000
1648720381.281083836,0,0.000000
1648720381.303420944,0,0.000000
1648720381.327020905,0,0.000000
1648720381.350628624,0,0.001000
1648720381.374295036,0,0.000000
1648720381.397796187,0,0.022000
1648720381.419968397,0,0.000000
1648720381.441719438,20,0.193000
1648720381.462957402,4,0.112000
1648720381.484315522,4,0.052000
1648720381.507191843,3,0.018000
1648720381.527869491,1,0.008000
1648720381.550305141,2,0.008000
1648720381.572443515,0,0.000000
1648720381.595288495,12,0.154000
1648720381.616384101,0,0.009000
1648720381.637813508,0,0.000000
1648720381.660502347,0,0.000000
1648720381.682290660,17,0.174000
1648720381.705177115,3,0.036000
1648720381.727380901,0,0.000000
1648720381.748981492,11,0.141000
1648720381.769192261,5,0.025000
1648720381.791558249,0,0.000000
1648720381.812176158,2,0.011000
1648720381.832962117,10,0.132000
1648720381.855424190,12,0.223000
1648720381.877614086,1,0.005000
1648720381.899789869,0,0.005000
1648720381.923963126,1,0.027000
1648720381.946447437,1,0.011000
1648720381.968606333,9,0.127000
1648720381.991218728,11,0.133000
1648720382.014651886,11,0.131000
1648720382.037680107,9,0.146000
1648720382.060412880,9,0.081000
1648720382.082862943,1,0.025000
1648720382.104145852,0,0.000000
1648720382.125740576,1,0.000000
1648720382.147949123,0,0.000000
1648720382.169858821,12,0.213000
1648720382.191407585,18,0.189000
1648720382.213245972,9,0.125000
1648720382.236469299,4,0.070000
1648720382.258928560,1,0.028000
1648720382.280509297,2,0.021000
1648720382.301932984,0,0.000000
1648720382.322276778,7,0.122000
1648720382.344415167,8,0.114000
1648720382.366838912,9,0.092000
1648720382.388117999,6,0.063000
1648720382.411017326,9,0.069000
1648720382.433665969,0,0.011000
1648720382.454474187,0,0.001000
1648720382.475655989,0,0.004000
1648720382.496432942,4,0.063000
1648720382.518796983,0,0.000000
1648720382.539310320,2,0.013000
1648720382.562401048,0,0.011000
1648720382.583317230,3,0.076000
1648720382.605765689,7,0.082000
1648720382.629009001,4,0.027000
1648720382.650250931,4,0.055000
1648720382.671887462,0,0.003000
1648720382.693138810,0,0.007000
1648720382.714036152,11,0.119000
1648720382.737190683,5,0.059000
1648720382.757489469,1,0.000000
1648720382.778111005,3,0.000000
1648720382.799733219,12,0.185000
1648720382.821762478,1,0.020000
1648720382.843736091,2,0.013000
1648720382.865223873,0,0.000000
1648720382.887401945,0,0.000000
1648720382.908945128,0,0.000000
1648720382.932954541,1,0.000000
1648720382.954456743,1,0.007000
1648720382.976742728,2,0.020000
1648720382.997941903,3,0.032000
1648720383.019844258,2,0.002000
1648720383.041473123,1,0.021000
1648720383.064036691,0,0.000000
1648720383.087797012,0,0.000000
1648720383.108964155,17,0.186000
1648720383.131447134,6,0.058000
1648720383.154749482,1,0.034000
1648720383.176803670,0,0.000000
1648720383.199039733,2,0.023000
1648720383.221373357,0,0.000000
1648720383.242113910,0,0.000000
1648720383.263985127,10,0.106000
1648720383.285856427,2,0.045000
1648720383.305307567,0,0.001000
1648720383.326402136,2,0.012000
1648720383.348413475,8,0.070000
1648720383.368986144,11,0.164000
1648720383.391462211,7,0.094000
1648720383.413260490,10,0.090000
1648720383.435840123,1,0.004000
1648720383.456137314,0,0.000000
1648720383.479797610,0,0.029000
1648720383.501758961,1,0.000000
1648720383.524000013,15,0.207000
1648720383.545910599,1,0.029000
1648720383.567900354,2,0.025000
1648720383.589658595,0,0.000000
1648720383.612372861,2,0.012000
1648720383.635200267,0,0.004000
1648720383.656243916,1,0.035000
1648720383.678256623,1,0.005000
1648720383.700327945,0,0.000000
1648720383.721820104,0,0.000000
1648720383.743592213,1,0.020000
1648720383.765797400,11,0.126000
1648720383.787060173,7,0.063000
1648720383.810796997,0,0.002000
1648720383.832261475,1,0.005000
1648720383.854183902,0,0.000000
1648720383.877328951,0,0.000000
1648720383.899090345,10,0.140000
1648720383.919397359,1,0.011000
1648720383.940051468,1,0.005000
1648720383.960758047,0,0.000000
1648720383.982606518,1,0.000000
1648720384.004613795,0,0.011000
1648720384.025297604,0,0.000000
1648720384.047375609,0,0.000000
1648720384.070072767,0,0.000000
1648720384.092181045,0,0.012000
1648720384.113618325,1,0.016000
1648720384.136499260,1,0.027000
1648720384.158004697,14,0.136000
1648720384.180751399,7,0.099000
1648720384.202135123,0,0.017000
1648720384.223727865,1,0.008000
1648720384.245582195,0,0.015000
1648720384.267329586,0,0.000000
1648720384.289118877,1,0.033000
1648720384.311443020,10,0.130000
1648720384.333166886,12,0.129000
1648720384.356570065,4,0.035000
1648720384.379024250,0,0.000000
1648720384.400723806,0,0.000000
1648720384.422544373,1,0.012000
1648720384.445269564,5,0.059000
1648720384.467217967,5,0.055000
1648720384.489438904,6,0.068000
1648720384.511065517,2,0.000000
1648720384.534201005,1,0.003000
1648720384.556420235,0,0.004000
1648720384.578896978,0,0.000000
1648720384.602107033,0,0.000000
1648720384.624227799,4,0.044000
1648720384.644444492,7,0.094000
1648720384.666897712,7,0.081000
1648720384.688572329,1,0.012000
1648720384.711014724,1,0.001000
1648720384.732156522,0,0.000000
1648720384.751969607,0,0.033000
1648720384.775638447,11,0.124000
1648720384.797688379,1,0.006000
1648720384.818140857,1,0.000000
1648720384.841503529,1,0.006000
1648720384.862965818,0,0.000000
1648720384.885252077,0,0.000000
1648720384.907736556,8,0.107000
1648720384.929982171,3,0.010000
1648720384.952588296,6,0.059000
1648720384.975540516,0,0.000000
1648720384.996866920,0,0.000000
1648720385.019354446,0,0.000000
1648720385.040192002,18,0.188000
1648720385.062372957,0,0.018000
1648720385.085456409,0,0.010000
1648720385.107767773,0,0.000000
1648720385.129441992,0,0.000000
1648720385.149069445,3,0.047000
1648720385.171344013,1,0.015000
1648720385.193639985,0,0.000000
1648720385.217025996,2,0.008000
1648720385.239411117,0,0.000000
1648720385.261407614,0,0.019000
1648720385.282080037,11,0.155000
1648720385.304282223,0,0.000000
1648720385.328736123,18,0.195000
1648720385.349291002,8,0.090000
1648720385.372009439,12,0.138000
1648720385.393432366,1,0.001000
1648720385.415819081,0,0.012000
1648720385.438299656,0,0.000000
1648720385.460259096,0,0.000000
1648720385.483367616,1,0.001000
1648720385.506265671,4,0.070000
1648720385.528566775,23,0.231000
1648720385.552490561,13,0.188000
1648720385.575037344,8,0.074000
1648720385.595323189,1,0.002000
1648720385.617220678,1,0.022000
1648720385.638457510,0,0.005000
1648720385.659651980,0,0.000000
1648720385.683400251,0,0.005000
1648720385.704668851,1,0.011000
1648720385.727520350,7,0.056000
1648720385.748850829,19,0.170000
1648720385.770605693,9,0.099000
1648720385.792655845,3,0.029000
1648720385.814886748,0,0.000000
1648720385.836423851,0,0.000000
1648720385.858546428,0,0.000000
1648720385.879767695,0,0.017000
1648720385.900672625,16,0.172000
1648720385.922745835,2,0.000000
1648720385.944742849,0,0.000000
1648720385.967740934,0,0.000000
1648720385.988298934,0,0.000000
1648720386.009890303,7,0.081000
1648720386.031682631,8,0.117000
1648720386.054064863,1,0.011000
1648720386.076016632,1,0.012000
1648720386.098119380,1,0.007000
1648720386.118885502,0,0.000000
1648720386.139824915,0,0.004000
1648720386.161902744,10,0.233000
1648720386.183469895,10,0.113000
1648720386.206160783,5,0.057000
1648720386.226567185,0,0.007000
1648720386.249737869,0,0.000000
1648720386.272760108,0,0.000000
1648720386.295721689,14,0.154000
1648720386.315058911,7,0.039000
1648720386.336490396,0,0.000000
1648720386.358598734,1,0.014000
1648720386.379830970,2,0.000000
1648720386.401876390,1,0.010000
1648720386.425448168,2,0.013000
1648720386.448479603,8,0.109000
1648720386.471780955,8,0.091000
1648720386.494004577,10,0.117000
1648720386.516193456,0,0.001000
1648720386.537485875,0,0.012000
1648720386.558811158,1,0.000000
1648720386.581660447,20,0.185000
1648720386.603032351,8,0.096000
1648720386.625681852,0,0.001000
1648720386.648069783,1,0.017000
1648720386.670437557,0,0.000000
1648720386.692726799,0,0.000000
1648720386.715142904,0,0.011000
1648720386.737578607,1,0.021000
1648720386.761117184,0,0.026000
1648720386.783006382,17,0.128000
1648720386.805204457,19,0.156000
1648720386.827324908,5,0.058000
1648720386.849926114,5,0.023000
1648720386.871305209,2,0.012000
1648720386.891553055,0,0.000000
1648720386.912045934,7,0.092000
1648720386.935268962,10,0.103000
1648720386.958955659,9,0.085000
1648720386.982598513,8,0.119000
1648720387.004327094,0,0.007000
1648720387.024824150,0,0.000000
1648720387.047205820,3,0.000000
1648720387.068343731,2,0.053000
1648720387.089568491,10,0.111000
1648720387.113322999,10,0.090000
1648720387.135770293,0,0.001000
1648720387.155390341,2,0.007000
1648720387.177817113,0,0.008000
1648720387.199366778,3,0.011000
1648720387.222861602,0,0.000000
1648720387.247273605,0,0.000000
1648720387.269381117,10,0.114000
1648720387.289893603,12,0.074000
1648720387.311649715,16,0.161000
1648720387.334268388,1,0.065000
1648720387.355354798,2,0.036000
1648720387.377404296,0,0.000000
1648720387.401298287,0,0.016000
1648720387.422709557,1,0.006000
1648720387.445075551,1,0.006000
1648720387.467561795,1,0.011000
1648720387.487354413,6,0.066000
1648720387.507988824,4,0.035000
1648720387.531167375,1,0.001000
1648720387.553400755,0,0.014000
1648720387.574562284,0,0.000000
1648720387.598240872,0,0.000000
1648720387.619597326,18,0.182000
1648720387.640508401,6,0.047000
1648720387.663416314,9,0.101000
1648720387.685995026,12,0.145000
1648720387.709088134,7,0.068000
1648720387.730442872,2,0.041000
1648720387.754135332,0,0.000000
1648720387.776202792,8,0.085000
1648720387.798429076,3,0.033000
1648720387.819293648,0,0.000000
1648720387.842006811,0,0.001000
1648720387.865016057,2,0.023000
1648720387.888436331,0,0.000000
1648720387.912418151,0,0.010000
1648720387.934568731,0,0.000000
1648720387.955840254,9,0.091000
1648720387.977292347,7,0.128000
1648720387.999449215,6,0.056000
1648720388.021998997,0,0.000000
1648720388.042790683,0,0.011000
1648720388.064583339,2,0.042000
1648720388.086296460,12,0.246000
1648720388.109035508,10,0.101000
1648720388.131373015,2,0.013000
1648720388.153663533,0,0.000000
1648720388.174697417,0,0.001000
1648720388.198200490,0,0.016000
1648720388.220947133,0,0.000000
1648720388.243142792,0,0.000000
1648720388.264898028,0,0.000000
1648720388.286967658,1,0.019000
1648720388.309814198,18,0.150000
1648720388.331856485,0,0.000000
1648720388.353364944,0,0.000000
1648720388.374651821,0,0.006000
1648720388.396433008,9,0.128000
1648720388.419475689,12,0.118000
1648720388.441063971,0,0.008000
1648720388.462712146,0,0.000000
1648720388.485814819,0,0.015000
1648720388.506281985,0,0.000000
1648720388.528758355,6,0.052000
1648720388.549368271,14,0.154000
1648720388.572655513,2,0.053000
1648720388.593974500,3,0.048000
1648720388.614836958,1,0.022000
1648720388.635916796,2,0.006000
1648720388.657498605,6,0.121000
1648720388.678947971,4,0.057000
1648720388.700804280,0,0.001000
1648720388.722621508,1,0.000000
1648720388.745290363,0,0.000000
1648720388.767657444,2,0.006000
1648720388.789252820,0,0.000000
1648720388.812540526,11,0.119000
1648720388.834739044,6,0.073000
1648720388.857403352,7,0.065000
1648720388.878411142,15,0.169000
1648720388.901675237,1,0.046000
1648720388.922233372,1,0.000000
1648720388.944789867,1,0.009000
1648720388.966047983,3,0.034000
1648720388.988142157,3,0.023000
1648720389.009782076,17,0.167000
1648720389.033260415,8,0.083000
1648720389.054423058,6,0.055000
1648720389.077601571,1,0.018000
1648720389.099473165,2,0.004000
1648720389.121032757,2,0.011000
1648720389.142580779,1,0.005000
1648720389.164603870,0,0.027000
1648720389.188121118,2,0.007000
1648720389.210919271,0,0.001000
1648720389.233085529,10,0.111000
1648720389.253807376,0,0.000000
1648720389.273869561,0,0.015000
1648720389.293645649,2,0.055000
1648720389.315957345,11,0.161000
1648720389.337978048,14,0.147000
1648720389.359176700,2,0.011000
1648720389.378795224,0,0.004000
1648720389.401457013,0,0.005000
1648720389.424806985,0,0.000000
1648720389.447330065,0,0.014000
1648720389.468618885,0,0.011000
1648720389.491101864,0,0.000000
1648720389.514939583,0,0.000000
1648720389.538084248,0,0.000000
1648720389.558893010,0,0.000000
1648720389.580226028,13,0.168000
1648720389.601502892,3,0.024000
1648720389.623057795,2,0.001000
1648720389.645894235,2,0.021000
1648720389.669676666,3,0.051000
1648720389.692113405,0,0.023000
1648720389.713794160,0,0.000000
1648720389.736477469,0,0.000000
1648720389.757928479,0,0.011000
1648720389.781950310,0,0.005000
1648720389.805773197,9,0.084000
1648720389.827277852,11,0.139000
1648720389.850718490,8,0.091000
1648720389.872626070,1,0.000000
1648720389.894969939,0,0.000000
1648720389.918694614,0,0.011000
1648720389.939673812,15,0.153000
1648720389.960001899,11,0.141000
1648720389.983666635,1,0.034000
1648720390.005548330,0,0.000000
1648720390.026897784,0,0.000000
1648720390.047616821,2,0.000000
1648720390.070090370,11,0.105000
1648720390.092714344,3,0.041000
1648720390.114856754,0,0.011000
1648720390.136692590,0,0.000000
1648720390.158667432,0,0.000000
1648720390.181455302,11,0.249000
1648720390.202354929,7,0.050000
1648720390.223351690,2,0.020000
1648720390.245811275,0,0.000000
1648720390.268603454,2,0.039000
1648720390.292069939,0,0.000000
1648720390.313640131,1,0.010000
1648720390.335253793,0,0.000000
1648720390.357754126,5,0.065000
1648720390.380700822,9,0.127000
1648720390.402809776,8,0.117000
1648720390.425361880,1,0.034000
1648720390.448666377,1,0.009000
1648720390.470760148,1,0.023000
1648720390.492751942,0,0.025000
1648720390.515547358,0,0.000000
1648720390.538713070,0,0.009000
1648720390.562392248,16,0.203000
1648720390.582785307,13,0.110000
1648720390.605394045,15,0.135000
1648720390.628000485,8,0.095000
1648720390.650265808,0,0.000000
1648720390.671213893,0,0.000000
1648720390.692880320,3,0.046000
1648720390.713639090,0,0.016000
1648720390.735161594,9,0.082000
1648720390.756698758,16,0.154000
1648720390.779266917,3,0.011000
1648720390.800076475,1,0.005000
1648720390.821729901,0,0.005000
1648720390.844039386,1,0.017000
1648720390.866069175,6,0.056000
1648720390.888887008,17,0.231000
1648720390.912179626,1,0.000000
1648720390.932871445,0,0.000000
1648720390.955963548,0,0.000000
1648720390.977688190,0,0.000000
1648720391.000301550,10,0.114000
1648720391.020819408,6,0.050000
1648720391.042251858,0,0.001000
1648720391.062561903,0,0.000000
1648720391.084165104,0,0.000000
1648720391.106052349,0,0.000000
1648720391.129392022,11,0.154000
1648720391.151475814,16,0.181000
1648720391.172019941,4,0.073000
1648720391.192264361,1,0.050000
1648720391.214696487,0,0.000000
1648720391.235418044,0,0.000000
1648720391.258888137,7,0.093000
1648720391.279874250,5,0.059000
1648720391.302728386,5,0.086000
1648720391.325371037,1,0.013000
1648720391.347052836,0,0.001000
1648720391.368936037,2,0.006000
1648720391.390160274,19,0.192000
1648720391.413123954,3,0.037000
1648720391.435891581,5,0.038000
1648720391.457901467,1,0.013000
1648720391.480647943,2,0.002000
1648720391.502098795,9,0.119000
1648720391.523243684,9,0.113000
1648720391.547026150,0,0.008000
1648720391.569092611,7,0.072000
1648720391.590993132,4,0.048000
1648720391.613335746,0,0.001000
1648720391.635675587,1,0.004000
1648720391.658982876,1,0.001000
1648720391.681921610,3,0.023000
1648720391.705007493,1,0.022000
1648720391.725157625,5,0.089000
1648720391.746028923,2,0.009000
1648720391.768206691,11,0.126000
1648720391.790211237,6,0.095000
1648720391.812657462,7,0.102000
1648720391.836081173,6,0.075000
1648720391.859614089,2,0.009000
1648720391.882235062,0,0.014000
1648720391.904871533,0,0.000000
1648720391.927175652,0,0.004000
1648720391.948827943,3,0.001000
1648720391.970918826,8,0.079000
1648720391.992199185,4,0.074000
1648720392.015356266,7,0.053000
1648720392.036789480,0,0.001000
1648720392.058547244,0,0.000000
1648720392.081377541,2,0.014000
1648720392.103171968,0,0.000000
1648720392.126556810,13,0.121000
1648720392.148367854,17,0.221000
1648720392.170819545,5,0.035000
1648720392.193233795,0,0.000000
1648720392.214464187,0,0.007000
1648720392.235026915,0,0.005000
1648720392.257502920,0,0.000000
1648720392.279065370,4,0.036000
1648720392.299917442,1,0.004000
1648720392.321790121,0,0.022000
1648720392.342445076,9,0.095000
1648720392.364291324,16,0.185000
1648720392.385968389,0,0.023000
1648720392.406211017,0,0.005000
1648720392.428342381,1,0.014000
1648720392.450867841,18,0.162000
1648720392.470361933,1,0.017000
1648720392.493368030,0,0.001000
1648720392.514703004,0,0.001000
1648720392.535980755,0,0.000000
1648720392.558305149,0,0.000000
1648720392.579405486,7,0.070000
1648720392.599913155,14,0.185000
1648720392.623221610,4,0.067000
1648720392.644642014,1,0.016000
1648720392.664885833,0,0.013000
1648720392.687667706,0,0.000000
1648720392.710323242,0,0.000000
1648720392.732034815,8,0.131000
1648720392.753431506,5,0.040000
1648720392.774103555,0,0.000000
1648720392.796705469,2,0.029000
1648720392.819320368,0,0.000000
1648720392.840717070,6,0.094000
1648720392.862319106,3,0.062000
1648720392.885075345,1,0.019000
1648720392.905685333,0,0.000000
1648720392.926323628,4,0.059000
1648720392.948471311,8,0.085000
1648720392.968813674,5,0.072000
1648720392.990923623,3,0.016000
1648720393.014665213,1,0.011000
1648720393.035482948,1,0.001000
1648720393.057606710,11,0.156000
1648720393.077220889,6,0.058000
1648720393.099300635,0,0.014000
1648720393.120215290,1,0.000000
1648720393.142157340,0,0.000000
1648720393.163438451,0,0.001000
1648720393.184838287,8,0.088000
1648720393.204978580,0,0.000000
1648720393.226695606,0,0.000000
1648720393.250036443,0,0.000000
1648720393.273121999,2,0.000000
1648720393.294370378,2,0.004000
1648720393.314873548,11,0.223000
1648720393.335751618,12,0.129000
1648720393.357636492,6,0.049000
1648720393.379805415,1,0.012000
1648720393.402046684,0,0.000000
1648720393.424312103,0,0.010000
1648720393.447047662,0,0.000000
1648720393.470094919,1,0.001000
1648720393.493710056,1,0.001000
1648720393.516082814,8,0.084000
1648720393.536175422,2,0.022000
1648720393.558114090,0,0.000000
1648720393.581464950,0,0.000000
1648720393.602994193,0,0.000000
1648720393.624756730,0,0.000000
1648720393.647929147,0,0.000000
1648720393.670632770,0,0.014000
1648720393.693766589,0,0.013000
1648720393.716146600,10,0.108000
1648720393.737610945,2,0.000000
1648720393.759729387,0,0.000000
1648720393.780467109,0,0.000000
1648720393.802061532,2,0.001000
1648720393.822493389,1,0.019000
1648720393.846472776,2,0.014000
1648720393.868864131,0,0.018000
1648720393.891206850,15,0.185000
1648720393.912599509,12,0.088000
1648720393.934721779,6,0.084000
1648720393.956527419,1,0.004000
1648720393.979332845,2,0.031000
1648720394.001355331,0,0.000000
1648720394.025215630,0,0.011000
1648720394.046506046,0,0.000000
1648720394.068390536,1,0.007000
1648720394.088932659,16,0.178000
1648720394.110343835,7,0.050000
1648720394.131792100,0,0.000000
1648720394.151748422,17,0.220000
1648720394.173329176,14,0.166000
1648720394.195532310,3,0.024000
1648720394.217434637,5,0.066000
1648720394.239015701,1,0.011000
1648720394.260321804,2,0.026000
1648720394.282954267,0,0.000000
1648720394.305201132,0,0.000000
1648720394.329166510,0,0.000000
1648720394.349615367,6,0.071000
1648720394.372652450,12,0.160000
1648720394.392705895,0,0.000000
1648720394.413511054,0,0.000000
1648720394.435905547,0,0.000000
1648720394.458152196,0,0.007000
1648720394.479931472,15,0.142000
1648720394.502385597,8,0.071000
1648720394.525235563,6,0.060000
1648720394.545810170,0,0.000000
1648720394.568311852,0,0.000000
1648720394.589416923,0,0.000000
1648720394.611510954,1,0.026000
1648720394.633970090,14,0.169000
1648720394.656224091,18,0.152000
1648720394.679663737,9,0.098000
1648720394.700423051,7,0.054000
1648720394.722941100,1,0.013000
1648720394.744667334,0,0.019000
1648720394.767088076,0,0.004000
1648720394.790196422,0,0.000000
1648720394.812505931,2,0.000000
1648720394.834526659,0,0.000000
1648720394.856320429,5,0.059000
1648720394.878382742,14,0.171000
1648720394.900610620,18,0.165000
1648720394.923462024,15,0.148000
1648720394.944875940,3,0.054000
1648720394.967739203,5,0.030000
1648720394.990702776,3,0.046000
1648720395.013510450,0,0.000000
1648720395.034203527,0,0.019000
1648720395.055920585,8,0.103000
1648720395.077037922,9,0.156000
1648720395.099564094,14,0.153000
1648720395.123152184,5,0.059000
1648720395.144455564,2,0.035000
1648720395.168229504,5,0.034000
1648720395.191783788,4,0.068000
1648720395.213701875,0,0.000000
1648720395.235498962,0,0.000000
1648720395.257971852,1,0.005000
1648720395.280038289,7,0.082000
1648720395.301749627,2,0.012000
1648720395.322049575,0,0.000000
1648720395.345447491,0,0.001000
1648720395.368075110,0,0.000000
1648720395.390210159,0,0.000000
1648720395.413055405,11,0.131000
1648720395.435142371,15,0.176000
1648720395.457924946,7,0.069000
1648720395.478744992,5,0.066000
1648720395.501351307,0,0.000000
1648720395.523737765,2,0.022000
1648720395.547298206,0,0.000000
1648720395.568281929,1,0.019000
1648720395.589455133,5,0.041000
1648720395.612197498,1,0.018000
1648720395.632010965,3,0.050000
1648720395.652868074,3,0.000000
1648720395.674162785,0,0.000000
1648720395.697053111,5,0.037000
1648720395.718360058,14,0.160000
1648720395.741194641,6,0.049000
1648720395.762491144,10,0.085000
1648720395.785156102,1,0.001000
1648720395.807442040,1,0.006000
1648720395.829131168,1,0.008000
1648720395.852027266,0,0.010000
1648720395.873343458,11,0.124000
1648720395.895402594,9,0.052000
1648720395.918103309,0,0.001000
1648720395.940521572,2,0.012000
1648720395.961097001,3,0.059000
1648720395.984124174,6,0.101000
1648720396.005870100,6,0.060000
1648720396.027315598,0,0.001000
1648720396.049199283,0,0.001000
1648720396.070968858,0,0.004000
1648720396.091927890,0,0.008000
1648720396.113643685,2,0.058000
1648720396.134187360,1,0.011000
1648720396.155598623,0,0.000000
1648720396.176528686,0,0.007000
1648720396.198856816,0,0.019000
1648720396.221662510,11,0.105000
1648720396.242239128,2,0.023000
1648720396.263992526,0,0.000000
1648720396.284212926,0,0.000000
1648720396.306498293,11,0.120000
1648720396.328478179,12,0.111000
1648720396.350821633,8,0.064000
1648720396.372954000,0,0.008000
1648720396.395222698,1,0.004000
1648720396.417948019,0,0.000000
1648720396.438897891,7,0.058000
1648720396.459430204,5,0.028000
1648720396.480906776,0,0.000000
1648720396.502100367,4,0.012000
1648720396.524901499,1,0.031000
1648720396.546745846,15,0.161000
1648720396.568811904,6,0.048000
1648720396.591739809,0,0.000000
1648720396.613654598,0,0.014000
1648720396.636000831,0,0.013000
1648720396.658461534,0,0.002000
1648720396.680635521,1,0.010000
1648720396.703999222,5,0.028000
1648720396.727224034,1,0.006000
1648720396.749865826,0,0.000000
1648720396.770979413,0,0.000000
1648720396.791833473,8,0.168000
1648720396.813056379,8,0.070000
1648720396.835935487,0,0.027000
1648720396.858498736,0,0.001000
1648720396.879703013,0,0.000000
1648720396.900475318,0,0.000000
1648720396.922355545,1,0.007000
1648720396.945080076,18,0.190000
1648720396.966944701,9,0.111000
1648720396.988022424,6,0.066000
1648720397.009856280,0,0.013000
1648720397.031236529,2,0.015000
1648720397.050759518,4,0.059000
1648720397.070798102,10,0.129000
1648720397.092901154,0,0.000000
1648720397.114114467,0,0.000000
1648720397.135492935,0,0.000000
1648720397.157794168,9,0.112000
1648720397.179324820,19,0.194000
1648720397.202354470,6,0.082000
1648720397.225843471,3,0.022000
1648720397.246336137,0,0.013000
1648720397.266675012,0,0.000000
1648720397.286994679,3,0.025000
1648720397.308211834,0,0.021000
1648720397.330170689,0,0.000000
1648720397.350890926,0,0.000000
1648720397.372744053,3,0.067000
1648720397.396415072,1,0.023000
1648720397.417355736,0,0.000000
1648720397.439329585,0,0.000000
1648720397.461725035,0,0.000000
1648720397.483702032,6,0.086000
1648720397.507339913,10,0.113000
1648720397.528667070,12,0.135000
1648720397.550938781,14,0.113000
1648720397.573135407,0,0.001000
1648720397.593911710,0,0.000000
1648720397.615010680,0,0.000000
1648720397.637725065,0,0.002000
1648720397.659533292,4,0.030000
1648720397.681257870,5,0.049000
1648720397.702984483,0,0.000000
1648720397.723296973,7,0.132000
1648720397.745480339,3,0.068000
1648720397.765105158,0,0.000000
1648720397.787727976,0,0.003000
1648720397.809157177,0,0.040000
1648720397.831961253,6,0.079000
1648720397.852348479,14,0.119000
1648720397.875701498,8,0.077000
1648720397.896839150,0,0.000000
1648720397.919071353,0,0.000000
1648720397.941129577,0,0.000000
1648720397.964035407,2,0.010000
1648720397.986726029,0,0.000000
1648720398.009415280,0,0.000000
1648720398.032630283,17,0.156000
1648720398.053946332,2,0.001000
1648720398.076222852,2,0.011000
1648720398.095097026,11,0.100000
1648720398.117889472,0,0.028000
1648720398.140499886,0,0.008000
1648720398.163002798,0,0.000000
1648720398.186294568,2,0.014000
1648720398.208848525,0,0.000000
1648720398.230239191,0,0.010000
1648720398.254553740,0,0.000000
1648720398.277859073,1,0.001000
1648720398.301436571,0,0.000000
1648720398.323886751,15,0.234000
1648720398.345263025,5,0.085000
1648720398.367483614,15,0.154000
1648720398.390804658,4,0.038000
1648720398.411468905,0,0.001000
1648720398.434841215,0,0.000000
1648720398.457262875,1,0.000000
1648720398.478177191,0,0.001000
1648720398.501159962,6,0.109000
1648720398.523087234,0,0.010000
1648720398.544331518,0,0.028000
1648720398.566102968,1,0.007000
1648720398.587808815,0,0.008000
1648720398.610453088,1,0.007000
1648720398.633147184,0,0.000000
1648720398.656741323,0,0.004000
1648720398.679509776,0,0.000000
1648720398.699895113,1,0.012000
1648720398.722471272,1,0.005000
1648720398.743895757,0,0.001000
1648720398.766396907,8,0.084000
1648720398.789068743,10,0.092000
1648720398.810313914,0,0.000000
1648720398.832657736,2,0.018000
1648720398.856040978,1,0.000000
1648720398.877998655,0,0.000000
1648720398.900415703,6,0.087000
1648720398.923604973,12,0.154000
1648720398.943576302,2,0.055000
1648720398.965975419,0,0.011000
1648720398.987768947,0,0.000000
1648720399.009510150,0,0.009000
1648720399.031482590,2,0.037000
1648720399.051185554,0,0.000000
1648720399.072485262,0,0.006000
1648720399.094114977,0,0.000000
1648720399.116033003,7,0.091000
1648720399.137283406,8,0.092000
1648720399.160973398,4,0.012000
1648720399.182825002,0,0.000000
1648720399.205713704,0,0.010000
1648720399.227424260,0,0.000000
1648720399.249142037,0,0.014000
1648720399.271749233,7,0.072000
1648720399.293830786,7,0.070000
1648720399.315494664,3,0.023000
1648720399.339762769,1,0.005000
1648720399.363165075,1,0.008000
1648720399.385961409,0,0.001000
1648720399.409104039,0,0.000000
1648720399.432148018,0,0.000000
1648720399.455416548,2,0.001000
1648720399.476718268,8,0.112000
1648720399.498034481,10,0.056000
1648720399.520799857,2,0.032000
1648720399.542291608,0,0.000000
1648720399.564522975,0,0.000000
1648720399.587168889,0,0.008000
1648720399.610721159,0,0.000000
1648720399.632591129,2,0.014000
1648720399.653858869,15,0.179000
1648720399.675114976,8,0.091000
1648720399.698143079,13,0.128000
1648720399.721451832,1,0.023000
1648720399.743931748,0,0.000000
1648720399.765987728,0,0.000000
1648720399.786888089,0,0.008000
1648720399.810343935,2,0.012000
1648720399.833449778,0,0.000000
1648720399.855595629,4,0.105000
1648720399.878282809,1,0.002000
1648720399.901416835,16,0.153000
1648720399.923502469,3,0.061000
1648720399.945446523,8,0.050000
1648720399.968652231,1,0.000000
1648720399.991735864,2,0.021000
1648720400.014213306,0,0.000000
1648720400.036351538,0,0.005000
1648720400.058996225,0,0.000000
1648720400.082157233,10,0.084000
1648720400.105470608,1,0.005000
1648720400.130025855,15,0.182000
1648720400.150043415,3,0.025000
1648720400.172939712,1,0.022000
1648720400.194320677,0,0.000000
1648720400.218001123,0,0.000000
1648720400.240452183,0,0.000000
1648720400.261329027,13,0.149000
1648720400.284728328,13,0.193000
1648720400.307157061,8,0.125000
1648720400.328771427,1,0.013000
1648720400.352102970,4,0.048000
1648720400.374482488,0,0.000000
1648720400.394860289,0,0.000000
1648720400.417616813,0,0.000000
1648720400.439505995,8,0.180000
1648720400.461272326,10,0.093000
1648720400.484120798,4,0.038000
1648720400.506782408,0,0.000000
1648720400.529846736,0,0.007000
1648720400.552426534,0,0.001000
1648720400.575033824,13,0.179000
1648720400.597869989,12,0.205000
1648720400.618747084,8,0.113000
1648720400.641934228,1,0.007000
1648720400.664340218,0,0.000000
1648720400.684961068,11,0.132000
1648720400.706547579,0,0.011000
1648720400.727056994,0,0.000000
1648720400.750809773,1,0.000000
1648720400.772204699,3,0.002000
1648720400.795280097,10,0.124000
1648720400.815699410,1,0.005000
1648720400.838812424,1,0.001000
1648720400.862203672,0,0.000000
1648720400.883817911,7,0.139000
1648720400.905455572,1,0.000000
1648720400.926568321,3,0.023000
1648720400.950846865,3,0.023000
1648720400.974607496,2,0.004000
1648720400.997811329,0,0.010000
1648720401.020765486,0,0.000000
1648720401.044402220,0,0.005000
1648720401.067404131,0,0.000000
1648720401.090985690,0,0.000000
1648720401.114300896,0,0.000000
1648720401.136625196,8,0.111000
1648720401.158910244,12,0.137000
1648720401.180674903,0,0.006000
1648720401.202378464,0,0.000000
1648720401.223047731,3,0.006000
1648720401.247219787,0,0.006000
1648720401.269481271,1,0.002000
1648720401.293637798,10,0.104000
1648720401.317244499,15,0.165000
1648720401.340227703,10,0.109000
1648720401.362364914,7,0.101000
1648720401.385625926,4,0.036000
1648720401.406215251,0,0.000000
1648720401.427612741,0,0.004000
1648720401.451009849,6,0.115000
1648720401.473488453,10,0.102000
1648720401.497052127,15,0.153000
1648720401.518212159,6,0.057000
1648720401.540916256,1,0.001000
1648720401.561546070,0,0.012000
1648720401.584788596,1,0.002000
1648720401.607708814,0,0.000000
1648720401.629849158,17,0.203000
1648720401.652019565,7,0.102000
1648720401.676721119,0,0.000000
1648720401.699808975,13,0.130000
1648720401.721940018,15,0.173000
1648720401.745109806,10,0.097000
1648720401.767258148,0,0.000000
1648720401.788152684,0,0.001000
1648720401.809627526,1,0.000000
1648720401.831752742,15,0.226000
1648720401.852895557,6,0.090000
1648720401.875141532,17,0.175000
1648720401.899250427,16,0.130000
1648720401.921999510,4,0.048000
1648720401.943403760,0,0.000000
1648720401.963097529,7,0.045000
1648720401.985427698,10,0.164000
1648720402.007834725,2,0.058000
1648720402.030490405,2,0.023000
1648720402.052099565,2,0.019000
1648720402.076799368,2,0.022000
1648720402.100728243,2,0.017000
1648720402.124591795,2,0.016000
1648720402.144042055,0,0.014000
1648720402.167093429,3,0.023000
1648720402.189042812,11,0.104000
1648720402.210298119,6,0.050000
1648720402.232912140,0,0.011000
1648720402.256082496,0,0.003000
1648720402.280172975,0,0.000000
1648720402.304296492,1,0.005000
1648720402.326954857,0,0.000000
1648720402.349534740,0,0.000000
1648720402.373340014,0,0.000000
1648720402.396304214,5,0.115000
1648720402.418612198,4,0.074000
1648720402.441149891,3,0.017000
1648720402.463994862,0,0.000000
1648720402.484540986,0,0.000000
1648720402.507413663,3,0.025000
1648720402.530160863,6,0.073000
1648720402.552500418,4,0.018000
1648720402.576225013,7,0.088000
1648720402.599997830,8,0.060000
1648720402.623445251,1,0.000000
1648720402.645709602,0,0.000000
1648720402.666250230,1,0.000000
1648720402.687239561,11,0.131000
1648720402.708212596,0,0.000000
1648720402.730591185,0,0.000000
1648720402.753610131,3,0.036000
1648720402.778364720,1,0.009000
1648720402.800933933,0,0.000000
1648720402.823188034,1,0.000000
1648720402.846312802,0,0.001000
1648720402.868208995,0,0.000000
1648720402.892772451,0,0.013000
1648720402.914668206,9,0.123000
1648720402.934593697,2,0.005000
1648720402.956675164,1,0.020000
1648720402.979486403,0,0.000000
1648720403.002182259,0,0.000000
1648720403.023678581,0,0.000000
1648720403.047039947,0,0.004000
1648720403.070898066,0,0.006000
1648720403.094241336,5,0.121000
1648720403.116488933,0,0.000000
1648720403.139947131,10,0.134000
1648720403.161857391,8,0.107000
1648720403.184596934,2,0.039000
1648720403.207350466,1,0.001000
1648720403.229544667,1,0.000000
1648720403.252651441,4,0.020000
1648720403.274284382,10,0.091000
1648720403.296370169,18,0.167000
1648720403.318825265,18,0.163000
1648720403.342549711,10,0.092000
1648720403.365460563,13,0.139000
1648720403.387670041,2,0.030000
1648720403.410801124,6,0.040000
1648720403.433830988,0,0.000000
1648720403.457274896,0,0.000000
1648720403.479858088,1,0.000000
1648720403.502110684,0,0.001000
1648720403.523370746,0,0.000000
1648720403.545181121,0,0.011000
1648720403.569045986,0,0.000000
1648720403.592452833,0,0.010000
1648720403.614762326,0,0.000000
1648720403.638102787,2,0.045000
1648720403.661604515,11,0.110000
1648720403.684618197,7,0.122000
1648720403.708198408,6,0.061000
1648720403.732105388,13,0.135000
1648720403.754720927,0,0.000000
1648720403.777593491,0,0.000000
1648720403.799999149,0,0.003000
1648720403.820303286,0,0.000000
1648720403.842057169,0,0.000000
1648720403.864405279,0,0.010000
1648720403.886556518,17,0.196000
1648720403.909669099,19,0.192000
1648720403.931509216,5,0.084000
1648720403.953210901,2,0.000000
1648720403.974912571,2,0.035000
1648720403.996609485,0,0.000000
1648720404.017974413,0,0.000000
1648720404.040988482,0,0.012000
1648720404.061654243,12,0.163000
1648720404.083374495,0,0.011000
1648720404.103505430,0,0.001000
1648720404.124740780,0,0.000000
1648720404.147411224,0,0.000000
1648720404.170329486,1,0.001000
1648720404.192588739,4,0.086000
1648720404.215923098,6,0.104000
1648720404.237695482,9,0.097000
1648720404.260877879,9,0.103000
1648720404.282271513,1,0.035000
1648720404.305180069,1,0.000000
1648720404.329303301,3,0.017000
1648720404.351862311,2,0.012000
1648720404.375552677,0,0.000000
1648720404.397402710,1,0.001000
1648720404.420668926,1,0.006000
1648720404.442446114,3,0.029000
1648720404.461858813,0,0.000000
1648720404.481466828,0,0.011000
1648720404.504343629,0,0.000000
1648720404.528585093,8,0.103000
1648720404.549397205,10,0.126000
1648720404.571473241,8,0.093000
1648720404.594278957,0,0.011000
1648720404.616830044,1,0.000000
1648720404.638976329,1,0.000000
1648720404.660882110,0,0.000000
1648720404.683382461,1,0.006000
1648720404.706597154,6,0.128000
1648720404.728470835,7,0.129000
1648720404.751490851,11,0.129000
1648720404.772547936,7,0.065000
1648720404.795783690,6,0.055000
1648720404.818499918,1,0.018000
1648720404.841325233,6,0.051000
1648720404.862615737,1,0.027000
1648720404.882680953,3,0.035000
1648720404.904492477,6,0.074000
1648720404.925673420,0,0.000000
1648720404.947805038,3,0.046000
1648720404.968392270,4,0.051000
1648720404.990416791,4,0.054000
1648720405.012077121,2,0.034000
1648720405.036289025,3,0.018000
1648720405.058313584,2,0.021000
1648720405.080211779,3,0.006000
1648720405.103490237,0,0.005000
1648720405.127042525,0,0.000000
1648720405.148759381,3,0.014000
1648720405.171351503,6,0.081000
1648720405.191971845,9,0.128000
1648720405.214411845,9,0.079000
1648720405.233907021,0,0.000000
1648720405.254823327,0,0.000000
1648720405.278507242,9,0.076000
1648720405.300753277,0,0.000000
1648720405.322489278,9,0.083000
1648720405.343380941,4,0.023000
1648720405.366570501,2,0.006000
1648720405.387836524,0,0.000000
1648720405.410311172,0,0.002000
1648720405.432381780,17,0.175000
1648720405.454673296,14,0.095000
1648720405.479064936,3,0.032000
1648720405.500295497,3,0.001000
1648720405.523143832,1,0.021000
1648720405.545899944,0,0.004000
1648720405.569381312,1,0.016000
1648720405.589918412,0,0.000000
1648720405.612280956,0,0.000000
1648720405.633802561,8,0.109000
1648720405.655689741,2,0.012000
1648720405.677221279,3,0.059000
1648720405.700153377,1,0.034000
1648720405.722079618,0,0.000000
1648720405.743711173,0,0.000000
1648720405.766356959,1,0.004000
1648720405.786066803,2,0.000000
1648720405.809731750,8,0.067000
1648720405.830708714,5,0.064000
1648720405.852539943,3,0.045000
1648720405.875143933,0,0.014000
1648720405.896931195,0,0.000000
1648720405.919809912,0,0.000000
1648720405.943346138,4,0.077000
1648720405.964771233,15,0.150000
1648720405.985158785,2,0.060000
1648720406.007333408,4,0.086000
1648720406.030050905,0,0.000000
1648720406.052227636,2,0.028000
1648720406.073588116,0,0.001000
1648720406.096231577,0,0.000000
1648720406.117700125,14,0.169000
1648720406.140347695,14,0.160000
1648720406.161913290,1,0.000000
1648720406.184197547,0,0.000000
1648720406.206927858,0,0.000000
1648720406.229547699,0,0.000000
1648720406.251454928,2,0.029000
1648720406.274049278,2,0.014000
1648720406.295700087,8,0.109000
1648720406.317774003,9,0.117000
1648720406.341173309,10,0.119000
1648720406.364667662,15,0.152000
1648720406.387251663,3,0.022000
1648720406.409041612,0,0.000000
1648720406.432821852,0,0.000000
1648720406.453489475,9,0.086000
1648720406.474933155,11,0.105000
1648720406.496844732,9,0.069000
1648720406.518967686,4,0.051000
1648720406.542069320,7,0.062000
1648720406.564508963,0,0.018000
1648720406.585654517,0,0.028000
1648720406.607527472,0,0.000000
1648720406.629357204,15,0.250000
1648720406.650388822,3,0.063000
1648720406.674151454,2,0.030000
1648720406.697750823,2,0.031000
1648720406.719962849,0,0.013000
1648720406.739791921,2,0.003000
1648720406.762581063,0,0.000000
1648720406.786962628,0,0.000000
1648720406.808001491,9,0.091000
1648720406.830654432,13,0.127000
1648720406.851986245,1,0.016000
1648720406.873644174,0,0.013000
1648720406.897845325,0,0.000000
1648720406.919925111,0,0.015000
1648720406.942951746,0,0.000000
1648720406.966030644,10,0.227000
1648720406.987542304,0,0.001000
1648720407.007848932,2,0.023000
1648720407.030013280,0,0.013000
1648720407.050633349,0,0.000000
1648720407.074092037,8,0.081000
1648720407.093710593,7,0.054000
1648720407.114359702,4,0.050000
1648720407.135831559,1,0.014000
1648720407.157845943,1,0.001000
1648720407.179621981,0,0.000000
1648720407.201496528,0,0.000000
1648720407.224729630,0,0.000000
1648720407.245482330,11,0.100000
1648720407.267545060,1,0.024000
1648720407.290669295,0,0.001000
1648720407.312403748,1,0.018000
1648720407.334134451,1,0.005000
1648720407.356087132,1,0.022000
1648720407.378787407,12,0.235000
1648720407.401087896,9,0.076000
1648720407.422809224,0,0.000000
1648720407.443316870,0,0.000000
1648720407.465213977,5,0.106000
1648720407.488193983,5,0.049000
1648720407.509702226,0,0.000000
1648720407.531894854,0,0.007000
1648720407.554079998,0,0.000000
1648720407.575911882,0,0.000000
1648720407.598729311,1,0.000000
1648720407.621973199,15,0.163000
1648720407.644929267,4,0.057000
1648720407.667424656,0,0.025000
1648720407.688683153,0,0.010000
1648720407.710989954,6,0.125000
1648720407.731034384,2,0.033000
1648720407.753729900,0,0.033000
1648720407.776340932,1,0.033000
1648720407.800167938,0,0.000000
1648720407.822664792,0,0.011000
1648720407.844531625,1,0.000000
1648720407.866277293,1,0.005000
1648720407.887218813,7,0.068000
1648720407.909307993,18,0.202000
1648720407.932609073,8,0.072000
1648720407.955166168,5,0.080000
1648720407.978256352,2,0.030000
1648720408.001423604,3,0.023000
1648720408.024560641,0,0.001000
1648720408.047437537,1,0.000000
1648720408.071303203,0,0.011000
1648720408.093333015,10,0.116000
1648720408.114280628,1,0.024000
1648720408.136977782,4,0.030000
1648720408.160571647,3,0.019000
1648720408.182030525,0,0.004000
1648720408.205566314,0,0.007000
1648720408.227303684,1,0.007000
1648720408.249373863,0,0.000000
1648720408.271763663,0,0.004000
1648720408.292044694,16,0.173000
1648720408.312226881,6,0.072000
1648720408.334724979,0,0.021000
1648720408.355333220,0,0.000000
1648720408.377630801,1,0.016000
1648720408.401109814,0,0.000000
1648720408.422872714,0,0.000000
1648720408.445453459,0,0.000000
1648720408.469066731,0,0.005000
1648720408.492425478,16,0.176000
1648720408.513508970,10,0.109000
1648720408.535953672,7,0.062000
1648720408.557348163,0,0.000000
1648720408.578918531,0,0.000000
1648720408.601705991,1,0.000000
1648720408.624343609,0,0.001000
1648720408.645574337,7,0.083000
1648720408.667365793,13,0.160000
1648720408.689386280,0,0.000000
1648720408.708463795,0,0.001000
1648720408.729926881,0,0.000000
1648720408.751767606,0,0.014000
1648720408.774644878,2,0.016000
1648720408.797996659,7,0.138000
1648720408.818980595,9,0.178000
1648720408.842146244,9,0.208000
1648720408.864088397,2,0.035000
1648720408.886142668,6,0.057000
1648720408.909475966,0,0.000000
1648720408.930525293,0,0.000000
1648720408.952780047,0,0.000000
1648720408.973850309,1,0.012000
1648720408.996143699,18,0.166000
1648720409.017285285,2,0.009000
1648720409.038996006,0,0.001000
1648720409.061754788,1,0.009000
1648720409.084117950,0,0.000000
1648720409.106662393,1,0.003000
1648720409.128916017,8,0.096000
1648720409.149944802,2,0.027000
1648720409.169827922,3,0.004000
1648720409.192780084,1,0.001000
1648720409.213539701,13,0.150000
1648720409.233331959,0,0.001000
1648720409.253104666,0,0.000000
1648720409.274361283,9,0.115000
1648720409.295202745,7,0.076000
1648720409.316012914,2,0.004000
1648720409.338311822,1,0.004000
1648720409.360331103,1,0.001000
1648720409.382700299,1,0.023000
1648720409.405332995,2,0.025000
1648720409.427979291,7,0.090000
1648720409.447427773,0,0.000000
1648720409.468848731,0,0.000000
1648720409.490887766,0,0.003000
1648720409.511158428,0,0.008000
1648720409.532325267,11,0.129000
1648720409.554996966,3,0.016000
1648720409.577617519,2,0.019000
1648720409.598453284,0,0.000000
1648720409.618231082,9,0.074000
1648720409.640934510,8,0.080000
1648720409.664220909,4,0.048000
1648720409.686340910,8,0.059000
1648720409.709120724,2,0.014000
1648720409.730913590,1,0.011000
1648720409.753504925,0,0.000000
1648720409.775106512,0,0.000000
1648720409.796730260,0,0.012000
1648720409.818546902,19,0.164000
1648720409.840146814,0,0.009000
1648720409.861670808,0,0.000000
1648720409.884064417,0,0.000000
1648720409.906694573,0,0.013000
1648720409.928805214,1,0.000000
1648720409.951895402,0,0.000000
1648720409.974404346,1,0.003000
1648720409.995201616,8,0.076000
1648720410.014930618,4,0.044000
1648720410.038394169,0,0.016000
1648720410.059403392,0,0.010000
1648720410.078715683,14,0.235000
1648720410.099089560,1,0.000000
1648720410.120041732,0,0.000000
1648720410.141942718,0,0.000000
1648720410.165027032,2,0.021000
1648720410.186457053,15,0.164000
1648720410.208426071,9,0.093000
1648720410.230154210,6,0.079000
1648720410.254287094,13,0.152000
1648720410.277984978,16,0.148000
1648720410.300939181,6,0.084000
1648720410.322822542,2,0.032000
1648720410.345533577,1,0.022000
1648720410.366890148,0,0.000000
1648720410.389256270,1,0.000000
1648720410.410007841,0,0.000000
1648720410.432207407,12,0.095000
1648720410.454236870,3,0.018000
1648720410.474535919,0,0.000000
1648720410.495106152,2,0.023000
1648720410.516906752,3,0.036000
1648720410.538555572,17,0.166000
1648720410.560625741,1,0.033000
1648720410.583534853,0,0.000000
1648720410.604384079,0,0.000000
1648720410.626419562,2,0.048000
1648720410.649129275,1,0.001000
1648720410.671853776,18,0.170000
1648720410.693679966,0,0.000000
1648720410.715577349,0,0.005000
1648720410.737007975,0,0.017000
1648720410.758037602,0,0.008000
1648720410.781069281,1,0.007000
1648720410.804498903,2,0.014000
1648720410.827149003,1,0.027000
1648720410.849387671,15,0.170000
1648720410.870493337,9,0.116000
1648720410.893069354,0,0.000000
1648720410.914333381,0,0.000000
1648720410.936804250,0,0.000000
1648720410.957890712,0,0.000000
1648720410.979114738,2,0.000000
1648720411.000586849,9,0.117000
1648720411.021201778,6,0.058000
1648720411.042776244,0,0.008000
1648720411.065097195,0,0.000000
1648720411.087162526,0,0.000000
1648720411.109881800,0,0.000000
1648720411.131724033,5,0.092000
1648720411.154631337,11,0.092000
1648720411.176087706,6,0.057000
1648720411.198391454,2,0.006000
1648720411.220488628,0,0.009000
1648720411.242869215,2,0.030000
1648720411.263406830,10,0.114000
1648720411.284790358,7,0.085000
1648720411.305246229,0,0.000000
1648720411.327166121,0,0.000000
1648720411.348318286,0,0.000000
1648720411.370384298,1,0.013000
1648720411.393614228,1,0.013000
1648720411.416299927,7,0.128000
1648720411.437849909,2,0.032000
1648720411.459662086,0,0.000000
1648720411.481962105,1,0.007000
1648720411.504455340,1,0.000000
1648720411.526847755,0,0.000000
1648720411.549153131,0,0.000000
1648720411.571958306,20,0.178000
1648720411.592961241,11,0.082000
1648720411.615113213,6,0.062000
1648720411.637120545,0,0.014000
1648720411.658256695,0,0.000000
