1648716320.960561820,2,0.043000
1648716320.983911181,5,0.062000
1648716321.006335922,2,0.018000
1648716321.027771917,3,0.042000
1648716321.051709669,1,0.027000
1648716321.076337628,2,0.031000
1648716321.097494153,0,0.000000
1648716321.120214043,4,0.080000
1648716321.140545950,4,0.061000
1648716321.164144499,2,0.044000
1648716321.186447110,0,0.000000
1648716321.208729201,4,0.044000
1648716321.230716687,1,0.022000
1648716321.253834914,1,0.027000
1648716321.276159042,0,0.000000
1648716321.298796381,2,0.039000
1648716321.321053736,0,0.000000
1648716321.341960092,3,0.038000
1648716321.363755974,5,0.059000
1648716321.384619440,4,0.030000
1648716321.408022327,4,0.046000
1648716321.429958781,0,0.000000
1648716321.449327539,4,0.000000
1648716321.471557916,0,0.002000
1648716321.492913984,3,0.042000
1648716321.515140645,7,0.098000
1648716321.535689588,2,0.050000
1648716321.557323768,5,0.075000
1648716321.581473138,4,0.028000
1648716321.605629276,3,0.067000
1648716321.628212838,0,0.019000
1648716321.651110272,2,0.041000
1648716321.673191794,3,0.026000
1648716321.696144766,10,0.129000
1648716321.716548307,0,0.000000
1648716321.738175977,2,0.055000
1648716321.759090078,5,0.067000
1648716321.781258754,0,0.017000
1648716321.804285593,1,0.031000
1648716321.827500454,6,0.041000
1648716321.850031666,4,0.078000
1648716321.873447322,2,0.044000
1648716321.894597753,1,0.000000
1648716321.916243284,6,0.063000
1648716321.938174662,0,0.000000
1648716321.961460267,1,0.024000
1648716321.984887996,0,0.003000
1648716322.007364182,4,0.041000
1648716322.030691643,1,0.000000
1648716322.054537134,0,0.000000
1648716322.076601809,3,0.036000
1648716322.100147388,5,0.033000
1648716322.124230177,3,0.072000
1648716322.145916371,0,0.000000
1648716322.168397881,0,0.000000
1648716322.191467259,0,0.000000
1648716322.214994404,0,0.000000
1648716322.237127965,2,0.060000
1648716322.260786050,3,0.015000
1648716322.286208848,1,0.038000
1648716322.308809671,5,0.086000
1648716322.332097815,0,0.007000
1648716322.354424491,0,0.000000
1648716322.377309413,0,0.001000
1648716322.400507998,0,0.020000
1648716322.422371641,0,0.000000
1648716322.444818489,0,0.000000
1648716322.468140665,7,0.106000
1648716322.491614862,0,0.000000
1648716322.513733989,0,0.000000
1648716322.537355973,3,0.043000
1648716322.558701188,0,0.000000
1648716322.579782941,0,0.000000
1648716322.602257740,0,0.019000
1648716322.626851251,1,0.017000
1648716322.646395257,3,0.030000
1648716322.668956120,3,0.082000
1648716322.688467826,7,0.085000
1648716322.711370235,0,0.000000
1648716322.731449985,2,0.042000
1648716322.753547963,5,0.039000
1648716322.775121372,3,0.091000
1648716322.798541059,2,0.081000
1648716322.819061269,3,0.024000
1648716322.841238447,0,0.000000
1648716322.864941754,0,0.001000
1648716322.888337724,1,0.000000
1648716322.910180657,0,0.000000
1648716322.932387603,6,0.106000
1648716322.955846839,0,0.015000
1648716322.979269422,5,0.074000
1648716323.002047226,4,0.052000
1648716323.024568530,4,0.020000
1648716323.048326524,3,0.027000
1648716323.071482345,4,0.047000
1648716323.094747916,0,0.000000
1648716323.117202935,0,0.000000
1648716323.140138025,1,0.000000
1648716323.161844740,9,0.099000
1648716323.183042224,0,0.000000
1648716323.204199764,5,0.101000
1648716323.225919710,0,0.000000
1648716323.247987865,0,0.000000
1648716323.270020714,0,0.000000
1648716323.291277445,2,0.029000
1648716323.315696422,0,0.000000
1648716323.338315532,4,0.065000
1648716323.361063718,0,0.000000
1648716323.381338891,4,0.046000
1648716323.405091438,2,0.005000
1648716323.429138335,1,0.108000
1648716323.452635735,0,0.000000
1648716323.473944252,2,0.010000
1648716323.496292478,2,0.013000
1648716323.519898038,1,0.022000
1648716323.541036869,2,0.040000
1648716323.561269027,7,0.066000
1648716323.586011032,3,0.045000
1648716323.608215742,0,0.000000
1648716323.630077096,0,0.000000
1648716323.654267667,0,0.000000
1648716323.676913648,5,0.058000
1648716323.697977716,1,0.010000
1648716323.719653584,0,0.001000
1648716323.743463276,0,0.000000
1648716323.765134979,0,0.000000
1648716323.788577420,0,0.000000
1648716323.812419480,2,0.021000
1648716323.836024414,1,0.013000
1648716323.858153553,1,0.017000
1648716323.882818967,1,0.011000
1648716323.903356932,0,0.000000
1648716323.926480639,0,0.000000
1648716323.948766356,0,0.000000
1648716323.971585915,0,0.000000
1648716323.995813240,5,0.064000
1648716324.019289416,0,0.005000
1648716324.042101518,1,0.014000
1648716324.067225690,1,0.017000
1648716324.087938372,3,0.060000
1648716324.111415285,5,0.048000
1648716324.135540361,3,0.042000
1648716324.153428074,2,0.001000
1648716324.175841632,0,0.000000
1648716324.197321919,6,0.073000
1648716324.221793198,4,0.060000
1648716324.243476476,0,0.019000
1648716324.264140702,0,0.000000
1648716324.287169690,0,0.000000
1648716324.309779402,0,0.000000
1648716324.331495967,4,0.050000
1648716324.355956964,0,0.000000
1648716324.378658212,0,0.000000
1648716324.400796483,1,0.041000
1648716324.423954289,0,0.000000
1648716324.447826757,1,0.018000
1648716324.471639448,4,0.043000
1648716324.492994729,0,0.000000
1648716324.516344609,5,0.075000
1648716324.537296349,3,0.049000
1648716324.558946818,0,0.000000
1648716324.581943281,6,0.082000
1648716324.606458083,2,0.000000
1648716324.629392843,0,0.000000
1648716324.651098322,5,0.058000
1648716324.671789244,3,0.025000
1648716324.695591286,2,0.014000
1648716324.716873371,5,0.080000
1648716324.740488370,8,0.093000
1648716324.763927716,1,0.032000
1648716324.786573602,0,0.000000
1648716324.810307233,0,0.000000
1648716324.832328415,0,0.000000
1648716324.854428511,8,0.099000
1648716324.875908754,0,0.000000
1648716324.898941664,0,0.000000
1648716324.922890316,0,0.000000
1648716324.947232811,7,0.076000
1648716324.968561861,2,0.022000
1648716324.991026456,2,0.028000
1648716325.014141249,5,0.067000
1648716325.040089671,5,0.079000
1648716325.061920713,3,0.044000
1648716325.084277358,1,0.000000
1648716325.106405212,0,0.000000
1648716325.131080769,2,0.018000
1648716325.153572387,0,0.000000
1648716325.175154314,3,0.044000
1648716325.197275351,0,0.017000
1648716325.219174683,0,0.000000
1648716325.243798607,2,0.012000
1648716325.265664883,4,0.057000
1648716325.286623815,3,0.058000
1648716325.310967168,2,0.045000
1648716325.332854965,0,0.000000
1648716325.355043700,0,0.000000
1648716325.378542107,1,0.013000
1648716325.401904431,2,0.044000
1648716325.424364722,9,0.140000
1648716325.447787079,1,0.012000
1648716325.471062214,1,0.014000
1648716325.492755424,1,0.000000
1648716325.514037524,0,0.000000
1648716325.537673297,0,0.000000
1648716325.560753627,0,0.000000
1648716325.585678766,0,0.000000
1648716325.607602850,8,0.098000
1648716325.630025174,8,0.097000
1648716325.653591970,3,0.017000
1648716325.674940426,2,0.044000
1648716325.695047685,4,0.028000
1648716325.718451290,2,0.025000
1648716325.740595196,4,0.037000
1648716325.764199014,7,0.059000
1648716325.787491355,5,0.052000
1648716325.810459821,0,0.000000
1648716325.834628073,0,0.000000
1648716325.856503565,5,0.080000
1648716325.881387914,5,0.074000
1648716325.902876941,3,0.048000
1648716325.925879830,2,0.057000
1648716325.947901438,1,0.010000
1648716325.969402861,1,0.000000
1648716325.994549397,1,0.035000
1648716326.018049958,0,0.000000
1648716326.039752917,0,0.007000
1648716326.062109384,4,0.039000
1648716326.086406118,6,0.070000
1648716326.108972964,0,0.000000
1648716326.133206612,1,0.005000
1648716326.156233655,1,0.031000
1648716326.175669481,3,0.031000
1648716326.197403938,2,0.010000
1648716326.219307479,6,0.111000
1648716326.242037978,6,0.053000
1648716326.267586144,2,0.036000
1648716326.289551394,0,0.013000
1648716326.313070579,0,0.000000
1648716326.336479895,0,0.000000
1648716326.359176739,0,0.000000
1648716326.382949787,5,0.072000
1648716326.406043926,3,0.071000
1648716326.428722304,2,0.033000
1648716326.451655194,0,0.001000
1648716326.474922706,0,0.001000
1648716326.497756584,1,0.024000
1648716326.521740671,6,0.076000
1648716326.546070404,7,0.072000
1648716326.568884393,1,0.037000
1648716326.592200901,0,0.000000
1648716326.614928576,0,0.000000
1648716326.637073526,3,0.040000
1648716326.662636388,3,0.063000
1648716326.683928258,2,0.018000
1648716326.706483666,0,0.005000
1648716326.726938359,4,0.063000
1648716326.749911456,0,0.006000
1648716326.772850289,0,0.000000
1648716326.794181054,6,0.072000
1648716326.816256342,6,0.089000
1648716326.840567518,4,0.049000
1648716326.863206779,6,0.050000
1648716326.886838785,0,0.005000
1648716326.910079069,0,0.001000
1648716326.935236279,2,0.019000
1648716326.957015335,0,0.012000
1648716326.976883505,4,0.029000
1648716326.997842443,0,0.001000
1648716327.021179019,1,0.051000
1648716327.042770813,1,0.021000
1648716327.067927913,0,0.005000
1648716327.089357942,0,0.022000
1648716327.113259336,6,0.091000
1648716327.136130043,2,0.082000
1648716327.160556821,2,0.000000
1648716327.183050801,1,0.051000
1648716327.204637944,3,0.033000
1648716327.227402735,5,0.074000
1648716327.251229232,7,0.089000
1648716327.272184496,4,0.030000
1648716327.294734831,0,0.000000
1648716327.318334060,2,0.026000
1648716327.339910511,4,0.082000
1648716327.364209562,0,0.001000
1648716327.388405133,0,0.000000
1648716327.413284087,5,0.075000
1648716327.437253357,3,0.034000
1648716327.460215083,0,0.001000
1648716327.482976042,3,0.023000
1648716327.505155825,0,0.000000
1648716327.527369845,4,0.024000
1648716327.549181994,6,0.077000
1648716327.571236117,0,0.016000
1648716327.594895266,1,0.028000
1648716327.618017807,0,0.000000
1648716327.640121299,0,0.000000
1648716327.663993191,0,0.004000
1648716327.686774448,1,0.027000
1648716327.709137282,1,0.025000
1648716327.729401875,2,0.028000
1648716327.751781226,0,0.001000
1648716327.774457091,0,0.000000
1648716327.795668843,0,0.000000
1648716327.816143326,2,0.020000
1648716327.838256908,0,0.012000
1648716327.864087960,0,0.001000
1648716327.887134877,1,0.001000
1648716327.907789739,8,0.117000
1648716327.927735480,5,0.064000
1648716327.949199451,4,0.035000
1648716327.971033788,0,0.000000
1648716327.992066408,0,0.005000
1648716328.013317785,0,0.007000
1648716328.036506991,2,0.008000
1648716328.059566063,2,0.030000
1648716328.081712355,2,0.057000
1648716328.105290395,0,0.000000
1648716328.126988971,0,0.002000
1648716328.150104774,0,0.000000
1648716328.173865383,0,0.000000
1648716328.197604727,2,0.037000
1648716328.221613692,0,0.000000
1648716328.244312774,5,0.065000
1648716328.267016189,0,0.000000
1648716328.290234490,1,0.008000
1648716328.311673424,0,0.000000
1648716328.335663300,0,0.038000
1648716328.356033484,0,0.000000
1648716328.379169586,5,0.070000
1648716328.400282450,2,0.069000
1648716328.423871882,2,0.034000
1648716328.444716891,2,0.031000
1648716328.466782766,1,0.004000
1648716328.489313010,0,0.000000
1648716328.513745829,0,0.000000
1648716328.535547572,2,0.016000
1648716328.557773814,0,0.000000
1648716328.579913815,0,0.000000
1648716328.601895565,1,0.000000
1648716328.623560030,0,0.000000
1648716328.647787854,0,0.000000
1648716328.671403280,0,0.000000
1648716328.694204603,0,0.000000
1648716328.716256147,6,0.074000
1648716328.740542764,6,0.029000
1648716328.763316989,1,0.017000
1648716328.786470709,2,0.008000
1648716328.808264455,1,0.012000
1648716328.828897334,3,0.032000
1648716328.849924148,5,0.087000
1648716328.872815209,1,0.014000
1648716328.896170081,6,0.096000
1648716328.919795623,2,0.032000
1648716328.941890959,1,0.014000
1648716328.965892512,9,0.106000
1648716328.987586388,0,0.021000
1648716329.010308604,0,0.000000
1648716329.033071674,0,0.015000
1648716329.057578420,5,0.095000
1648716329.081308530,0,0.000000
1648716329.103439929,2,0.021000
1648716329.126950799,0,0.000000
1648716329.150427664,1,0.000000
1648716329.172905653,1,0.003000
1648716329.195872498,0,0.000000
1648716329.218380100,6,0.081000
1648716329.241312717,0,0.000000
1648716329.262503260,1,0.000000
1648716329.284699145,2,0.014000
1648716329.306199346,6,0.087000
1648716329.329863832,0,0.000000
1648716329.351845714,0,0.012000
1648716329.373312305,0,0.000000
1648716329.396921868,3,0.059000
1648716329.419213956,5,0.036000
1648716329.442873995,4,0.026000
1648716329.466083353,1,0.009000
1648716329.486452672,0,0.003000
1648716329.511887990,0,0.000000
1648716329.534202998,4,0.036000
1648716329.556237726,0,0.000000
1648716329.578163578,8,0.105000
1648716329.600083402,5,0.076000
1648716329.623006085,4,0.065000
1648716329.646467320,0,0.000000
1648716329.667661462,0,0.000000
1648716329.689565991,0,0.000000
1648716329.711796572,1,0.031000
1648716329.734754405,0,0.000000
1648716329.756364605,2,0.022000
1648716329.776146128,1,0.025000
1648716329.796790300,0,0.000000
1648716329.817158895,3,0.036000
1648716329.839657146,0,0.000000
1648716329.861922295,0,0.000000
1648716329.884838482,2,0.036000
1648716329.907888422,0,0.000000
1648716329.930628845,0,0.000000
1648716329.954281788,2,0.035000
1648716329.974362178,4,0.051000
1648716329.997510284,0,0.000000
1648716330.018146535,0,0.000000
1648716330.041130053,0,0.000000
1648716330.064728051,0,0.000000
1648716330.085991517,3,0.112000
1648716330.109115713,0,0.000000
1648716330.130682906,3,0.036000
1648716330.153378568,0,0.004000
1648716330.175630147,0,0.000000
1648716330.196098823,3,0.018000
1648716330.217928047,1,0.022000
1648716330.239325873,5,0.073000
1648716330.261073114,0,0.000000
1648716330.284922737,0,0.000000
1648716330.305859215,5,0.066000
1648716330.329658701,0,0.000000
1648716330.354595195,5,0.072000
1648716330.376333534,0,0.000000
1648716330.400305950,2,0.000000
1648716330.423903518,5,0.058000
1648716330.447749269,0,0.000000
1648716330.470952472,2,0.000000
1648716330.494246559,1,0.011000
1648716330.518977784,2,0.014000
1648716330.543749611,5,0.077000
1648716330.570286424,0,0.000000
1648716330.593833336,1,0.027000
1648716330.617796592,1,0.000000
1648716330.642289571,0,0.000000
1648716330.666313615,4,0.036000
1648716330.687324560,3,0.071000
1648716330.711744519,5,0.088000
1648716330.733090411,2,0.033000
1648716330.755007184,4,0.045000
1648716330.776970150,4,0.062000
1648716330.798365953,0,0.000000
1648716330.822772229,0,0.001000
1648716330.845577475,0,0.000000
1648716330.866752544,0,0.003000
1648716330.887800062,0,0.000000
1648716330.908269959,6,0.088000
1648716330.931120867,0,0.000000
1648716330.953199366,0,0.000000
1648716330.976502831,6,0.081000
1648716330.999113302,2,0.047000
1648716331.020667222,2,0.034000
1648716331.044148931,3,0.040000
1648716331.067797115,0,0.000000
1648716331.090870561,0,0.000000
1648716331.112234661,0,0.001000
1648716331.135068870,4,0.022000
1648716331.156921386,0,0.000000
1648716331.179877990,1,0.019000
1648716331.201503151,3,0.047000
1648716331.222352087,1,0.000000
1648716331.244801376,1,0.001000
1648716331.268363752,0,0.002000
1648716331.290097112,5,0.093000
1648716331.310635624,1,0.019000
1648716331.334493081,0,0.000000
1648716331.356580968,0,0.000000
1648716331.378461975,0,0.000000
1648716331.402083719,8,0.092000
1648716331.424306045,0,0.000000
1648716331.446559689,1,0.000000
1648716331.467385668,6,0.093000
1648716331.489997047,1,0.014000
1648716331.513545557,2,0.031000
1648716331.535865783,2,0.035000
1648716331.558876055,2,0.042000
1648716331.578415371,6,0.094000
1648716331.600276206,5,0.078000
1648716331.620947725,3,0.021000
1648716331.643696508,0,0.000000
1648716331.665085398,0,0.000000
1648716331.686972244,6,0.101000
1648716331.709415658,5,0.077000
1648716331.733944462,4,0.072000
1648716331.758451267,0,0.000000
1648716331.779374022,0,0.020000
1648716331.800410713,4,0.065000
1648716331.822395257,0,0.000000
1648716331.845563583,5,0.063000
1648716331.866012868,0,0.001000
1648716331.887362895,0,0.026000
1648716331.907841895,6,0.074000
1648716331.932119975,2,0.019000
1648716331.952739813,2,0.030000
1648716331.973939178,4,0.048000
1648716331.997339973,0,0.000000
1648716332.017933206,0,0.005000
1648716332.039547876,0,0.008000
1648716332.062472387,3,0.033000
1648716332.082814631,3,0.039000
1648716332.104828902,2,0.033000
1648716332.128946131,3,0.023000
1648716332.152072988,0,0.000000
1648716332.172872920,5,0.068000
1648716332.196478832,4,0.030000
1648716332.220867187,0,0.000000
1648716332.244093411,3,0.045000
1648716332.265388909,0,0.000000
1648716332.287394334,2,0.004000
1648716332.311023468,1,0.016000
1648716332.332861019,0,0.000000
1648716332.352880566,2,0.043000
1648716332.374569702,0,0.000000
1648716332.395537780,0,0.000000
1648716332.419126695,1,0.012000
1648716332.441009702,2,0.064000
1648716332.464266946,7,0.107000
1648716332.486736912,0,0.000000
1648716332.508839784,2,0.033000
1648716332.533016249,6,0.112000
1648716332.556806108,3,0.053000
1648716332.579644219,0,0.000000
1648716332.602560115,2,0.055000
1648716332.623360524,3,0.034000
1648716332.645616330,2,0.000000
1648716332.664979696,0,0.000000
1648716332.685670382,8,0.084000
1648716332.709196760,0,0.000000
1648716332.730151123,0,0.000000
1648716332.751673895,0,0.005000
1648716332.775457841,5,0.062000
1648716332.798014758,0,0.000000
1648716332.820102753,6,0.104000
1648716332.841849804,6,0.088000
1648716332.862013124,0,0.000000
1648716332.884106035,1,0.003000
1648716332.908874335,2,0.019000
1648716332.930226335,6,0.086000
1648716332.952081276,0,0.000000
1648716332.974698552,2,0.036000
1648716332.996859184,0,0.000000
1648716333.020156365,0,0.000000
1648716333.042376489,0,0.000000
1648716333.064358823,3,0.034000
1648716333.085408996,0,0.000000
1648716333.108690165,5,0.063000
1648716333.131026734,0,0.000000
1648716333.154683762,3,0.041000
1648716333.176284368,1,0.000000
1648716333.199910383,0,0.000000
1648716333.223898501,0,0.000000
1648716333.245646115,0,0.000000
1648716333.266376453,0,0.000000
1648716333.287152600,3,0.032000
1648716333.311779425,0,0.000000
1648716333.334648654,0,0.000000
1648716333.354838634,0,0.000000
1648716333.378638261,7,0.118000
1648716333.401281304,0,0.000000
1648716333.424486937,1,0.065000
1648716333.447314056,4,0.058000
1648716333.469505051,3,0.049000
1648716333.493351788,0,0.000000
1648716333.516864131,5,0.067000
1648716333.541663012,1,0.068000
1648716333.565653187,4,0.062000
1648716333.588421671,4,0.053000
1648716333.611488753,3,0.046000
1648716333.635505349,0,0.000000
1648716333.659480364,2,0.042000
1648716333.682351573,3,0.060000
1648716333.704476760,3,0.037000
1648716333.726500806,6,0.091000
1648716333.750473840,0,0.000000
1648716333.774321333,2,0.040000
1648716333.796051644,1,0.010000
1648716333.819390799,1,0.000000
1648716333.843450930,1,0.028000
1648716333.866739586,0,0.001000
1648716333.886965256,0,0.006000
1648716333.909886039,7,0.090000
1648716333.931207175,0,0.000000
1648716333.954728438,3,0.046000
1648716333.977101901,0,0.000000
1648716333.999938188,0,0.000000
1648716334.022607326,0,0.000000
1648716334.046218064,1,0.000000
1648716334.068385430,0,0.000000
1648716334.090283852,1,0.019000
1648716334.112467188,4,0.047000
1648716334.133509303,1,0.024000
1648716334.156954220,4,0.035000
1648716334.180919356,6,0.087000
1648716334.201011349,0,0.000000
1648716334.223803213,2,0.047000
1648716334.246802138,0,0.008000
1648716334.270587369,1,0.012000
1648716334.291809634,0,0.000000
1648716334.314511342,6,0.092000
1648716334.337148460,2,0.000000
1648716334.359458884,0,0.008000
1648716334.379865092,8,0.102000
1648716334.403337515,0,0.000000
1648716334.425647553,0,0.000000
1648716334.449129569,1,0.001000
1648716334.470132049,1,0.014000
1648716334.491365370,6,0.080000
1648716334.513154444,3,0.041000
1648716334.535796762,0,0.000000
1648716334.557745060,0,0.012000
1648716334.580307556,0,0.000000
1648716334.600388029,3,0.067000
1648716334.621426519,2,0.030000
1648716334.643159586,0,0.010000
1648716334.664946332,0,0.000000
1648716334.686125481,0,0.000000
1648716334.708927119,7,0.068000
1648716334.730339109,6,0.080000
1648716334.754235149,0,0.009000
1648716334.776432898,0,0.000000
1648716334.799228693,4,0.031000
1648716334.822990155,10,0.117000
1648716334.844484785,0,0.000000
1648716334.866941056,0,0.000000
1648716334.890270780,0,0.000000
1648716334.913251028,0,0.000000
1648716334.934453339,7,0.080000
1648716334.955961567,1,0.018000
1648716334.980128336,0,0.011000
1648716335.001205895,2,0.016000
1648716335.023279288,0,0.000000
1648716335.045285554,1,0.000000
1648716335.069669881,0,0.000000
1648716335.089464320,0,0.000000
1648716335.112021479,3,0.050000
1648716335.133469394,4,0.073000
1648716335.154269934,0,0.000000
1648716335.178142038,0,0.000000
1648716335.200240067,2,0.034000
1648716335.221546278,0,0.001000
1648716335.245518938,6,0.075000
1648716335.268956613,0,0.000000
1648716335.291605130,8,0.071000
1648716335.314999819,1,0.000000
1648716335.338673045,0,0.000000
1648716335.362315740,2,0.007000
1648716335.386036923,2,0.010000
1648716335.409510701,4,0.080000
1648716335.432910842,8,0.046000
1648716335.455956189,0,0.001000
1648716335.478440346,3,0.039000
1648716335.501154739,5,0.040000
1648716335.524467085,0,0.000000
1648716335.544901032,0,0.000000
1648716335.566853103,4,0.049000
1648716335.587315487,1,0.002000
1648716335.609630255,7,0.092000
1648716335.629931061,3,0.042000
1648716335.653056469,5,0.077000
1648716335.675839120,1,0.016000
1648716335.696304439,0,0.000000
1648716335.717100832,0,0.000000
1648716335.739690489,2,0.018000
1648716335.763061269,0,0.000000
1648716335.786081384,0,0.000000
1648716335.808412193,1,0.000000
1648716335.828680239,0,0.000000
1648716335.850494587,0,0.000000
1648716335.874967238,0,0.001000
1648716335.896624474,1,0.017000
1648716335.920161719,7,0.070000
1648716335.942751285,2,0.021000
1648716335.964394048,3,0.035000
1648716335.986162632,4,0.016000
1648716336.010265258,2,0.021000
1648716336.033505515,3,0.047000
1648716336.057381241,0,0.000000
1648716336.080102725,0,0.000000
1648716336.102230466,6,0.069000
1648716336.125187311,3,0.059000
1648716336.149969291,2,0.025000
1648716336.171856277,0,0.000000
1648716336.193625564,0,0.013000
1648716336.215503473,1,0.006000
1648716336.239295544,0,0.000000
1648716336.261183052,0,0.000000
1648716336.283887440,5,0.075000
1648716336.304305757,6,0.090000
1648716336.326892886,0,0.000000
1648716336.349788993,1,0.028000
1648716336.368556309,2,0.032000
1648716336.390999619,2,0.045000
1648716336.414597225,2,0.049000
1648716336.438233725,6,0.080000
1648716336.459153918,9,0.071000
1648716336.480508904,1,0.020000
1648716336.502036039,0,0.000000
1648716336.525270316,1,0.002000
1648716336.547317038,0,0.002000
1648716336.569104628,9,0.117000
1648716336.592400406,2,0.013000
1648716336.617209110,3,0.000000
1648716336.639139870,5,0.060000
1648716336.660962790,0,0.000000
1648716336.685747442,0,0.001000
1648716336.708166738,2,0.015000
1648716336.731021877,0,0.000000
1648716336.755107008,1,0.018000
1648716336.777869925,0,0.000000
1648716336.799869642,5,0.044000
1648716336.820452109,0,0.003000
1648716336.839688586,0,0.003000
1648716336.862487514,0,0.000000
1648716336.886956701,1,0.000000
1648716336.911035810,0,0.005000
1648716336.934465437,2,0.015000
1648716336.957421771,1,0.000000
1648716336.978947465,0,0.000000
1648716337.001385534,1,0.026000
1648716337.024268365,0,0.000000
1648716337.048008313,0,0.001000
1648716337.072126056,0,0.023000
1648716337.094994208,0,0.000000
1648716337.118753852,1,0.029000
1648716337.142242574,2,0.000000
1648716337.167032353,6,0.082000
1648716337.190090070,0,0.000000
1648716337.214747472,0,0.023000
1648716337.237453047,1,0.008000
1648716337.260198608,0,0.000000
1648716337.284465827,2,0.024000
1648716337.306018836,2,0.009000
1648716337.330015917,0,0.001000
1648716337.354677464,0,0.000000
1648716337.378556743,0,0.000000
1648716337.399165017,1,0.016000
1648716337.422252744,2,0.024000
1648716337.443494742,3,0.022000
1648716337.465245921,1,0.012000
1648716337.489183308,3,0.047000
1648716337.510809998,4,0.046000
1648716337.534399486,0,0.000000
1648716337.555622723,1,0.000000
1648716337.579585071,0,0.000000
1648716337.600668955,2,0.013000
1648716337.622550483,1,0.019000
1648716337.643643270,5,0.054000
1648716337.665382062,4,0.051000
1648716337.687792351,2,0.046000
1648716337.711482199,2,0.028000
1648716337.733781900,5,0.056000
1648716337.756727403,2,0.014000
1648716337.779287515,0,0.002000
1648716337.801756177,4,0.052000
1648716337.823860179,1,0.010000
1648716337.849565461,0,0.019000
1648716337.871217386,0,0.019000
1648716337.890315260,0,0.009000
1648716337.913681728,3,0.032000
1648716337.935398992,5,0.120000
1648716337.957312712,0,0.039000
1648716337.981444625,0,0.000000
1648716338.003754491,0,0.015000
1648716338.027780877,3,0.027000
1648716338.050617829,1,0.022000
1648716338.074719708,0,0.000000
1648716338.094887765,0,0.001000
1648716338.115737063,0,0.000000
1648716338.138791436,4,0.035000
1648716338.160675235,0,0.000000
1648716338.181879492,5,0.045000
1648716338.204636290,0,0.000000
1648716338.228057896,0,0.000000
1648716338.249775106,4,0.004000
1648716338.273274381,3,0.042000
1648716338.296363414,0,0.000000
1648716338.316656069,9,0.122000
1648716338.338183380,0,0.000000
1648716338.360444191,0,0.000000
1648716338.384018123,0,0.000000
1648716338.405684248,3,0.051000
1648716338.427921819,8,0.109000
1648716338.450980427,1,0.018000
1648716338.475748084,0,0.000000
1648716338.497251167,0,0.023000
1648716338.519666413,4,0.034000
1648716338.541480532,3,0.051000
1648716338.564320595,2,0.068000
1648716338.587993809,3,0.054000
1648716338.608962836,7,0.143000
1648716338.630784921,9,0.104000
1648716338.653079526,5,0.069000
1648716338.678150937,3,0.102000
1648716338.700142291,3,0.047000
1648716338.722884066,0,0.000000
1648716338.746712685,2,0.022000
1648716338.769833953,1,0.006000
1648716338.791914227,0,0.000000
1648716338.813963078,3,0.030000
1648716338.836170541,6,0.073000
1648716338.858565084,0,0.000000
1648716338.882335173,5,0.047000
1648716338.906440848,2,0.043000
1648716338.927866474,5,0.050000
1648716338.949455428,1,0.009000
1648716338.971912332,2,0.025000
1648716338.995430556,2,0.049000
1648716339.018707802,0,0.000000
1648716339.041483390,1,0.063000
1648716339.063934772,0,0.002000
1648716339.086917221,5,0.047000
1648716339.108999558,5,0.064000
1648716339.130379744,1,0.007000
1648716339.154839800,0,0.000000
1648716339.177441294,2,0.058000
1648716339.199489443,4,0.046000
1648716339.220133159,2,0.055000
1648716339.241611176,3,0.077000
1648716339.263236196,2,0.028000
1648716339.287179741,1,0.000000
1648716339.310574995,0,0.000000
1648716339.333122845,5,0.073000
1648716339.355803308,4,0.096000
1648716339.379221237,0,0.011000
1648716339.402718670,1,0.027000
1648716339.424683127,2,0.041000
1648716339.449317197,0,0.001000
1648716339.471769112,0,0.000000
1648716339.493963240,0,0.000000
1648716339.514638423,1,0.003000
1648716339.537395859,1,0.019000
1648716339.559251668,6,0.064000
1648716339.581974307,2,0.028000
1648716339.606290558,0,0.000000
1648716339.627956023,7,0.092000
1648716339.652581089,0,0.000000
1648716339.674938875,6,0.121000
1648716339.697238733,2,0.031000
1648716339.720292763,2,0.047000
1648716339.741434257,7,0.088000
1648716339.763246059,0,0.000000
1648716339.787251226,5,0.068000
1648716339.809783363,4,0.046000
1648716339.833791295,5,0.051000
1648716339.853938753,1,0.007000
1648716339.876431162,0,0.000000
1648716339.898655867,4,0.017000
1648716339.922005905,4,0.056000
1648716339.944434583,3,0.010000
1648716339.967048652,6,0.071000
1648716339.990740089,0,0.006000
1648716340.014202617,0,0.002000
1648716340.038225071,0,0.000000
1648716340.061335440,2,0.009000
1648716340.084839393,5,0.059000
1648716340.106467105,0,0.000000
1648716340.128184733,0,0.000000
1648716340.150233282,0,0.000000
1648716340.174371926,0,0.000000
1648716340.195423956,1,0.053000
1648716340.215713124,0,0.026000
1648716340.239163300,5,0.077000
1648716340.262639638,0,0.000000
1648716340.286791578,0,0.000000
1648716340.308562975,2,0.035000
1648716340.330537491,5,0.083000
1648716340.353922137,0,0.011000
1648716340.377451741,0,0.002000
1648716340.399830045,1,0.020000
1648716340.421556189,0,0.000000
1648716340.444252831,3,0.040000
1648716340.465906312,0,0.013000
1648716340.488610257,0,0.001000
1648716340.511353596,0,0.000000
1648716340.532537958,1,0.008000
1648716340.556412696,0,0.000000
1648716340.577158525,0,0.000000
1648716340.600243284,0,0.016000
1648716340.623286016,2,0.022000
1648716340.647547012,0,0.000000
1648716340.668565624,0,0.023000
1648716340.691372998,1,0.043000
1648716340.713364020,6,0.087000
1648716340.735682186,0,0.000000
1648716340.757220686,0,0.000000
1648716340.779556763,0,0.000000
1648716340.803187545,6,0.061000
1648716340.823762122,1,0.003000
1648716340.847060601,5,0.078000
1648716340.869982599,0,0.000000
1648716340.893164885,0,0.000000
1648716340.915634127,5,0.068000
1648716340.938330475,1,0.000000
1648716340.962982389,8,0.082000
1648716340.987616416,1,0.000000
1648716341.008483816,0,0.000000
1648716341.031369146,3,0.061000
1648716341.054188664,0,0.000000
1648716341.076990674,1,0.023000
1648716341.101212546,4,0.079000
1648716341.123458672,2,0.014000
1648716341.145134287,0,0.000000
1648716341.168564262,0,0.000000
1648716341.190449722,0,0.000000
1648716341.214876756,3,0.048000
1648716341.236508581,0,0.000000
1648716341.257296709,1,0.028000
1648716341.280211268,1,0.005000
1648716341.304070368,0,0.000000
1648716341.327047361,0,0.000000
1648716341.345965808,6,0.074000
1648716341.367093839,2,0.035000
1648716341.389221912,0,0.008000
1648716341.411892200,0,0.000000
1648716341.433371686,2,0.020000
1648716341.454960396,0,0.000000
1648716341.476464207,0,0.000000
1648716341.500406829,0,0.000000
1648716341.520379483,1,0.013000
1648716341.542495588,0,0.004000
1648716341.567099207,4,0.040000
1648716341.588798780,5,0.071000
1648716341.609232107,1,0.042000
1648716341.632967429,7,0.085000
1648716341.653626559,2,0.041000
1648716341.674337263,6,0.053000
1648716341.696553477,0,0.000000
1648716341.718696939,0,0.000000
1648716341.740326774,0,0.000000
1648716341.761624103,2,0.030000
1648716341.781717918,0,0.000000
1648716341.802130033,0,0.000000
1648716341.824236650,0,0.019000
1648716341.847228509,0,0.001000
1648716341.867277594,4,0.046000
1648716341.888364960,5,0.084000
1648716341.911079259,2,0.014000
1648716341.934945799,3,0.042000
1648716341.958376586,2,0.001000
1648716341.980739074,5,0.050000
1648716342.002390469,4,0.053000
1648716342.023399191,0,0.000000
1648716342.047501528,0,0.007000
1648716342.068983880,0,0.000000
1648716342.092507344,1,0.011000
1648716342.114887667,0,0.000000
1648716342.138607975,4,0.021000
1648716342.160835699,5,0.080000
1648716342.181598425,0,0.000000
1648716342.202682717,0,0.000000
1648716342.225450089,2,0.034000
1648716342.245275268,0,0.000000
1648716342.269278824,4,0.040000
1648716342.290564006,2,0.005000
1648716342.310831712,7,0.109000
1648716342.333979783,4,0.085000
1648716342.355144159,1,0.049000
1648716342.377704351,1,0.031000
1648716342.400270537,0,0.000000
1648716342.424339459,4,0.063000
1648716342.446941030,0,0.000000
1648716342.468950305,4,0.058000
1648716342.493269209,1,0.012000
1648716342.513895401,3,0.049000
1648716342.537304933,3,0.046000
1648716342.559787197,7,0.094000
1648716342.581449520,0,0.001000
1648716342.603782795,4,0.034000
1648716342.628312268,0,0.000000
1648716342.649175317,0,0.001000
1648716342.670875030,2,0.031000
1648716342.693749084,1,0.021000
1648716342.716206121,5,0.047000
1648716342.738360198,0,0.000000
1648716342.759975316,0,0.017000
1648716342.781991726,10,0.107000
1648716342.803616335,2,0.001000
1648716342.824189204,3,0.061000
1648716342.845434121,5,0.053000
1648716342.868725293,2,0.013000
1648716342.891640898,1,0.015000
1648716342.915580275,1,0.028000
1648716342.937873091,2,0.027000
1648716342.959093082,2,0.037000
1648716342.981765071,0,0.000000
1648716343.004735542,0,0.000000
1648716343.026500114,0,0.000000
1648716343.049699660,5,0.058000
1648716343.070232056,9,0.105000
1648716343.091829792,6,0.064000
1648716343.115589594,4,0.083000
1648716343.138892057,0,0.005000
1648716343.160454873,0,0.003000
1648716343.180987944,2,0.051000
1648716343.201308053,7,0.117000
1648716343.221908912,0,0.000000
1648716343.244587641,2,0.044000
1648716343.267508896,1,0.023000
1648716343.290532429,4,0.067000
1648716343.315305294,0,0.003000
1648716343.339360160,3,0.063000
1648716343.361932764,1,0.021000
1648716343.382371796,5,0.083000
1648716343.404932463,1,0.025000
1648716343.428110594,0,0.000000
1648716343.449284310,3,0.055000
1648716343.472363164,0,0.000000
1648716343.493839494,1,0.020000
1648716343.515620358,2,0.020000
1648716343.538184045,4,0.088000
1648716343.560987964,6,0.112000
1648716343.587178866,0,0.000000
1648716343.609460369,3,0.049000
1648716343.630477299,0,0.000000
1648716343.654055814,4,0.025000
1648716343.676561563,5,0.054000
1648716343.699228964,5,0.045000
1648716343.721170346,0,0.000000
1648716343.743959787,1,0.006000
1648716343.767436594,3,0.051000
1648716343.788697835,2,0.076000
1648716343.812846293,1,0.000000
1648716343.837349680,1,0.000000
1648716343.860303836,0,0.019000
1648716343.884450195,2,0.035000
1648716343.905629917,5,0.045000
1648716343.930136917,1,0.031000
1648716343.951178953,2,0.027000
1648716343.973605062,1,0.018000
1648716343.994193584,2,0.053000
1648716344.017664186,1,0.013000
1648716344.039145912,0,0.000000
1648716344.060688775,0,0.014000
1648716344.083134083,5,0.065000
1648716344.105073743,0,0.000000
1648716344.126456242,0,0.000000
1648716344.149893463,0,0.009000
1648716344.172342121,0,0.000000
1648716344.194709438,2,0.000000
1648716344.218851233,0,0.000000
1648716344.240895589,0,0.000000
1648716344.262800145,4,0.042000
1648716344.286324737,0,0.000000
1648716344.309287905,6,0.105000
1648716344.332197721,5,0.048000
1648716344.353323671,0,0.000000
1648716344.376209183,0,0.000000
1648716344.399324591,1,0.009000
1648716344.420960092,3,0.083000
1648716344.443202117,0,0.000000
1648716344.465573314,0,0.000000
1648716344.487071742,2,0.000000
1648716344.510110654,4,0.072000
1648716344.530400816,0,0.027000
1648716344.550678319,0,0.000000
1648716344.575482132,1,0.001000
1648716344.596967025,0,0.000000
1648716344.620262633,2,0.058000
1648716344.641971148,0,0.000000
1648716344.665092165,1,0.038000
1648716344.685642277,0,0.000000
1648716344.709268896,0,0.009000
1648716344.731391667,2,0.033000
1648716344.753664799,1,0.001000
1648716344.776005917,1,0.000000
1648716344.798392431,2,0.000000
1648716344.821159916,3,0.046000
1648716344.843116675,0,0.012000
1648716344.864770682,2,0.020000
1648716344.889731211,3,0.029000
1648716344.912337132,0,0.000000
1648716344.936967299,0,0.017000
1648716344.962504549,2,0.031000
1648716344.983491148,7,0.077000
1648716345.007551447,7,0.103000
1648716345.030299495,1,0.000000
1648716345.051065897,1,0.034000
1648716345.073712541,0,0.005000
1648716345.096850249,7,0.093000
1648716345.118936803,0,0.009000
1648716345.141561548,0,0.000000
1648716345.163628347,0,0.000000
1648716345.185209054,2,0.013000
1648716345.206621482,7,0.076000
1648716345.229615084,0,0.000000
1648716345.253589172,6,0.077000
1648716345.272620259,1,0.020000
1648716345.297251185,0,0.000000
1648716345.319795264,0,0.001000
1648716345.344261402,0,0.000000
1648716345.364699464,4,0.058000
1648716345.384902696,2,0.012000
1648716345.406199570,3,0.099000
1648716345.429711849,3,0.018000
1648716345.453538086,0,0.000000
1648716345.475497722,5,0.049000
1648716345.498489311,0,0.001000
1648716345.521907596,3,0.023000
1648716345.545914323,0,0.006000
1648716345.569573843,4,0.060000
1648716345.591535796,1,0.000000
1648716345.614138882,1,0.016000
1648716345.635899568,1,0.025000
1648716345.659327053,0,0.000000
1648716345.681352087,4,0.048000
1648716345.703566514,2,0.015000
1648716345.724928439,0,0.000000
1648716345.747630601,5,0.084000
1648716345.771346904,5,0.065000
1648716345.794568977,1,0.015000
1648716345.815431735,0,0.000000
1648716345.836818126,2,0.020000
1648716345.860664525,3,0.028000
1648716345.881088790,3,0.066000
1648716345.904382056,0,0.000000
1648716345.926631872,4,0.062000
1648716345.949325280,0,0.011000
1648716345.969786926,2,0.026000
1648716345.994555017,0,0.000000
1648716346.018554019,4,0.089000
1648716346.038953881,5,0.067000
1648716346.062601517,0,0.000000
1648716346.085454558,0,0.000000
1648716346.107917180,4,0.036000
1648716346.131616033,2,0.007000
1648716346.155465446,5,0.044000
1648716346.176987748,1,0.000000
1648716346.201002354,9,0.095000
1648716346.223434418,0,0.000000
1648716346.245182269,4,0.031000
1648716346.267760873,0,0.000000
1648716346.288940662,1,0.001000
1648716346.310241004,1,0.011000
1648716346.332602792,3,0.032000
1648716346.352046213,0,0.014000
1648716346.373481759,0,0.000000
1648716346.396283285,0,0.009000
1648716346.419123323,7,0.082000
1648716346.441498343,1,0.050000
1648716346.462113358,5,0.072000
1648716346.484733696,4,0.098000
1648716346.507178290,0,0.000000
1648716346.528986959,3,0.023000
1648716346.552286979,1,0.036000
1648716346.572828347,4,0.085000
1648716346.596196527,4,0.066000
1648716346.617254876,0,0.000000
1648716346.637266527,2,0.041000
1648716346.658196608,4,0.065000
1648716346.680024733,3,0.015000
1648716346.701904023,0,0.000000
1648716346.723810946,1,0.014000
1648716346.749092333,0,0.006000
1648716346.773225405,4,0.045000
1648716346.795672682,2,0.062000
1648716346.819302788,3,0.051000
1648716346.841749023,4,0.046000
1648716346.862892668,0,0.000000
1648716346.883491375,0,0.004000
1648716346.907635917,1,0.006000
1648716346.930939240,1,0.027000
1648716346.952444763,0,0.000000
1648716346.975712916,2,0.029000
1648716347.000079163,1,0.017000
1648716347.021927035,0,0.000000
1648716347.045306349,0,0.001000
1648716347.067975205,0,0.000000
1648716347.091904216,6,0.117000
1648716347.114293733,0,0.000000
1648716347.135552481,0,0.000000
1648716347.157541504,4,0.013000
1648716347.179857372,1,0.021000
1648716347.203287782,5,0.047000
1648716347.225874902,3,0.000000
1648716347.247971092,1,0.000000
1648716347.272129840,1,0.017000
1648716347.294484595,2,0.038000
1648716347.316419376,3,0.088000
1648716347.338600282,0,0.000000
1648716347.360273810,0,0.000000
1648716347.382203256,0,0.007000
1648716347.403939863,0,0.000000
1648716347.427809078,7,0.064000
1648716347.447938576,0,0.001000
1648716347.473105328,6,0.087000
1648716347.494101910,5,0.073000
1648716347.516119241,1,0.000000
1648716347.538003700,0,0.000000
1648716347.560463809,3,0.004000
1648716347.584293291,2,0.068000
1648716347.605160688,0,0.000000
1648716347.628315485,0,0.006000
1648716347.651648167,4,0.034000
1648716347.674522088,0,0.000000
1648716347.698924719,1,0.000000
1648716347.723887577,3,0.075000
1648716347.747275429,0,0.000000
1648716347.769762186,0,0.000000
1648716347.791557290,2,0.032000
1648716347.812234983,0,0.000000
1648716347.835619682,0,0.000000
1648716347.856903274,1,0.000000
1648716347.877465599,3,0.026000
1648716347.899061856,4,0.053000
1648716347.924134076,3,0.052000
1648716347.945832424,5,0.054000
1648716347.969570584,0,0.000000
1648716347.993203209,2,0.021000
1648716348.015528073,0,0.000000
1648716348.037301708,0,0.000000
1648716348.060229475,0,0.000000
1648716348.082696843,0,0.000000
1648716348.104473592,0,0.000000
1648716348.127704744,0,0.000000
1648716348.147291478,0,0.014000
1648716348.168596761,0,0.000000
1648716348.190791129,0,0.000000
1648716348.213626884,4,0.100000
1648716348.234338385,2,0.023000
1648716348.258045905,3,0.054000
1648716348.280048232,5,0.056000
1648716348.302074760,0,0.000000
1648716348.324103765,0,0.001000
1648716348.347458063,0,0.000000
1648716348.369280856,0,0.000000
1648716348.391121143,0,0.000000
1648716348.412611908,5,0.082000
1648716348.435472072,0,0.000000
1648716348.457031304,0,0.000000
1648716348.481092004,1,0.001000
1648716348.503464997,2,0.063000
1648716348.525751273,1,0.022000
1648716348.550072610,0,0.000000
1648716348.571891107,0,0.000000
1648716348.593987359,0,0.000000
1648716348.616548886,1,0.036000
1648716348.640025419,0,0.000000
1648716348.660762387,2,0.000000
1648716348.682241412,0,0.003000
1648716348.705109464,0,0.000000
1648716348.728472902,0,0.000000
1648716348.750786107,7,0.085000
1648716348.774647513,0,0.022000
1648716348.797633402,1,0.027000
1648716348.819996371,1,0.030000
1648716348.841945928,2,0.000000
1648716348.864348651,0,0.000000
1648716348.887874405,2,0.097000
1648716348.910811513,3,0.000000
1648716348.931132006,8,0.086000
1648716348.953928652,8,0.117000
1648716348.976113808,0,0.000000
1648716349.001654735,0,0.000000
1648716349.022505774,5,0.081000
1648716349.045159731,5,0.014000
1648716349.067203970,3,0.035000
1648716349.089024081,0,0.000000
1648716349.111870444,4,0.056000
1648716349.133996918,7,0.088000
1648716349.156920635,8,0.101000
1648716349.179152886,0,0.004000
1648716349.200276210,5,0.088000
1648716349.222957203,0,0.000000
1648716349.246145146,0,0.000000
1648716349.265961553,0,0.000000
1648716349.288136769,7,0.058000
1648716349.310411101,3,0.065000
1648716349.330425774,2,0.037000
1648716349.352737983,4,0.057000
1648716349.375064372,0,0.014000
1648716349.396286868,0,0.000000
1648716349.417349035,0,0.000000
1648716349.439264905,0,0.000000
1648716349.462312058,0,0.000000
1648716349.485884277,9,0.123000
1648716349.507034263,0,0.001000
1648716349.526928824,0,0.002000
1648716349.550194352,0,0.000000
1648716349.573609466,0,0.000000
1648716349.595165393,0,0.000000
1648716349.616264153,1,0.001000
1648716349.638388022,0,0.007000
1648716349.659142671,5,0.057000
1648716349.682409669,6,0.084000
1648716349.703428757,5,0.102000
1648716349.725700835,5,0.048000
1648716349.746072195,0,0.000000
1648716349.770224725,0,0.000000
1648716349.790423982,0,0.000000
1648716349.811867418,6,0.080000
1648716349.832034478,0,0.029000
1648716349.855063932,4,0.067000
1648716349.876598486,5,0.048000
1648716349.898980427,0,0.007000
1648716349.920495061,0,0.001000
1648716349.942987636,1,0.033000
1648716349.966875305,1,0.036000
1648716349.989961647,4,0.037000
1648716350.012996324,1,0.005000
1648716350.034991429,3,0.019000
1648716350.059788196,3,0.035000
1648716350.083486458,5,0.075000
1648716350.104451420,3,0.047000
1648716350.123887915,0,0.000000
1648716350.145903220,0,0.000000
1648716350.168739735,0,0.017000
1648716350.190126084,5,0.057000
1648716350.211146830,2,0.049000
1648716350.232736639,4,0.055000
1648716350.254222585,2,0.028000
1648716350.275684445,4,0.048000
1648716350.299704994,0,0.000000
1648716350.322782150,1,0.003000
1648716350.345161318,2,0.037000
1648716350.367309398,4,0.087000
1648716350.390171288,0,0.000000
1648716350.410536872,0,0.000000
1648716350.432106894,2,0.032000
1648716350.453192874,0,0.000000
1648716350.475909845,1,0.026000
1648716350.496506107,0,0.002000
1648716350.518869004,0,0.005000
1648716350.541899162,5,0.067000
1648716350.564768977,2,0.028000
1648716350.583869549,5,0.041000
1648716350.604419228,4,0.076000
1648716350.626627841,2,0.007000
1648716350.649462716,4,0.085000
1648716350.668291995,3,0.035000
1648716350.688463670,4,0.076000
1648716350.708756156,2,0.026000
1648716350.729327048,1,0.015000
1648716350.751564810,3,0.046000
1648716350.774268690,0,0.001000
1648716350.797761708,0,0.018000
1648716350.820865286,0,0.000000
1648716350.842803582,6,0.101000
1648716350.863376572,0,0.000000
1648716350.885358414,0,0.000000
1648716350.909226913,1,0.030000
1648716350.931923090,0,0.000000
1648716350.953280465,0,0.030000
1648716350.973411891,6,0.083000
1648716350.996725385,3,0.073000
1648716351.016084003,8,0.113000
1648716351.038406585,1,0.022000
1648716351.059124542,1,0.012000
1648716351.079766581,0,0.000000
1648716351.100536902,0,0.001000
1648716351.122152908,6,0.096000
1648716351.144100618,2,0.040000
1648716351.165521167,2,0.021000
1648716351.187603804,0,0.000000
1648716351.210378761,4,0.038000
1648716351.231935280,3,0.057000
1648716351.251817945,5,0.074000
1648716351.275111538,0,0.001000
1648716351.296953918,0,0.004000
1648716351.317249740,0,0.000000
1648716351.339874704,6,0.087000
1648716351.361720919,0,0.000000
1648716351.385333203,2,0.039000
1648716351.404641034,0,0.000000
1648716351.425306634,1,0.000000
1648716351.446669099,4,0.050000
1648716351.466806837,1,0.043000
1648716351.488425141,6,0.081000
1648716351.510298902,4,0.094000
1648716351.533194607,3,0.026000
1648716351.553819215,0,0.013000
1648716351.578157810,2,0.028000
1648716351.600608884,0,0.009000
1648716351.621037404,1,0.015000
1648716351.643086010,0,0.006000
1648716351.665541210,0,0.001000
1648716351.686146115,0,0.000000
1648716351.707117941,7,0.065000
1648716351.728839417,0,0.004000
1648716351.751998820,0,0.000000
1648716351.774200654,3,0.019000
1648716351.793124886,4,0.036000
1648716351.812153166,2,0.021000
1648716351.835111184,0,0.000000
1648716351.856414288,0,0.000000
1648716351.876841165,4,0.042000
1648716351.900066461,1,0.032000
1648716351.919920786,7,0.090000
1648716351.940707568,6,0.042000
1648716351.960579555,0,0.000000
1648716351.982585353,0,0.001000
1648716352.006183484,2,0.000000
1648716352.025716272,1,0.005000
1648716352.047348839,0,0.000000
1648716352.069750881,0,0.004000
1648716352.092163819,0,0.000000
1648716352.114049294,0,0.004000
1648716352.135832095,1,0.016000
1648716352.155355943,2,0.017000
1648716352.174680992,1,0.000000
1648716352.196157681,1,0.000000
1648716352.216359094,0,0.000000
1648716352.236401720,2,0.021000
1648716352.259479714,4,0.047000
1648716352.281297572,4,0.091000
1648716352.303031238,1,0.020000
1648716352.324070947,7,0.090000
1648716352.347253956,1,0.008000
1648716352.368583652,0,0.001000
1648716352.391192193,6,0.088000
1648716352.413068968,2,0.049000
1648716352.434916109,0,0.001000
1648716352.457931610,0,0.000000
1648716352.478890021,0,0.000000
1648716352.501344042,6,0.075000
1648716352.522750644,1,0.000000
1648716352.543622448,0,0.000000
1648716352.566339954,0,0.014000
1648716352.587914641,3,0.036000
1648716352.609094352,2,0.054000
1648716352.631150022,0,0.000000
1648716352.653246886,5,0.062000
1648716352.675302984,0,0.000000
1648716352.698295040,1,0.042000
1648716352.720172954,3,0.043000
1648716352.743403089,0,0.000000
1648716352.763318229,0,0.000000
1648716352.786083626,0,0.000000
1648716352.805905318,2,0.028000
1648716352.829796135,4,0.070000
1648716352.851402132,5,0.061000
1648716352.871364016,4,0.077000
1648716352.893566923,0,0.001000
1648716352.914602100,0,0.000000
1648716352.936763435,2,0.031000
1648716352.958650821,0,0.000000
1648716352.979666372,1,0.017000
1648716352.999442188,4,0.074000
1648716353.020922545,0,0.000000
1648716353.042853432,1,0.014000
1648716353.064198212,0,0.014000
1648716353.083411997,5,0.076000
1648716353.106341372,1,0.028000
1648716353.128653144,1,0.000000
1648716353.149543528,0,0.000000
1648716353.173707134,0,0.011000
1648716353.194861499,7,0.028000
1648716353.215039388,5,0.076000
1648716353.236058394,5,0.078000
1648716353.257375224,1,0.024000
1648716353.277548100,1,0.031000
1648716353.298748245,7,0.087000
1648716353.320170089,3,0.065000
1648716353.343129807,0,0.000000
1648716353.363362537,0,0.000000
1648716353.386178027,2,0.028000
1648716353.407261439,5,0.072000
1648716353.428378456,4,0.054000
1648716353.449685073,5,0.057000
1648716353.471036204,7,0.077000
1648716353.492059651,4,0.069000
1648716353.513594337,0,0.000000
1648716353.537592613,5,0.107000
1648716353.558906293,2,0.033000
1648716353.582941925,3,0.029000
1648716353.603825244,3,0.039000
1648716353.626163284,1,0.007000
1648716353.647721386,0,0.003000
1648716353.671443483,2,0.038000
1648716353.692431633,5,0.077000
1648716353.713864431,0,0.000000
1648716353.735114205,1,0.050000
1648716353.757725377,5,0.053000
1648716353.780265918,0,0.000000
1648716353.802074117,1,0.007000
1648716353.825500204,1,0.015000
1648716353.847834826,0,0.000000
1648716353.869023402,0,0.000000
1648716353.891178367,0,0.001000
1648716353.913250473,0,0.001000
1648716353.936573843,0,0.016000
1648716353.959181985,0,0.000000
1648716353.979195862,1,0.000000
1648716353.998984385,3,0.043000
1648716354.020261132,0,0.000000
1648716354.043489149,3,0.043000
1648716354.062951674,4,0.049000
1648716354.085426292,1,0.013000
1648716354.108738032,7,0.087000
1648716354.130798513,2,0.030000
1648716354.150903179,0,0.000000
1648716354.173772844,1,0.043000
1648716354.193641774,0,0.000000
1648716354.214373383,4,0.066000
1648716354.236123623,6,0.116000
1648716354.259455182,7,0.109000
1648716354.280879123,6,0.061000
1648716354.303225903,0,0.000000
1648716354.325707743,0,0.000000
1648716354.347117397,0,0.000000
1648716354.371600584,0,0.000000
1648716354.392770985,0,0.000000
1648716354.414645630,6,0.115000
1648716354.436560691,2,0.004000
1648716354.458571284,0,0.000000
1648716354.480433943,1,0.019000
1648716354.503646023,0,0.000000
1648716354.525476763,8,0.103000
1648716354.548299124,4,0.072000
1648716354.569721876,0,0.000000
1648716354.593893299,0,0.000000
1648716354.616932768,1,0.000000
1648716354.638218738,1,0.042000
1648716354.661670997,2,0.005000
1648716354.684670652,5,0.022000
1648716354.706731046,0,0.006000
1648716354.729195908,3,0.038000
1648716354.748944168,1,0.000000
1648716354.771744019,2,0.028000
1648716354.793585896,3,0.035000
1648716354.818276276,6,0.042000
1648716354.838848643,2,0.045000
1648716354.861090308,0,0.017000
1648716354.884092435,2,0.025000
1648716354.904618478,6,0.103000
1648716354.925375130,6,0.085000
1648716354.947700984,0,0.010000
1648716354.971997330,0,0.001000
1648716354.993326460,0,0.000000
1648716355.015748881,1,0.012000
1648716355.038739671,6,0.063000
1648716355.061303216,3,0.031000
1648716355.083163315,2,0.018000
1648716355.106337537,0,0.000000
1648716355.129323204,3,0.043000
1648716355.148113103,0,0.000000
1648716355.170068244,5,0.062000
1648716355.191767640,0,0.000000
1648716355.214791101,2,0.031000
1648716355.236732184,7,0.121000
1648716355.258352834,1,0.001000
1648716355.280028893,0,0.000000
1648716355.299376087,4,0.046000
1648716355.319887858,0,0.000000
1648716355.339767677,4,0.064000
1648716355.362148674,4,0.088000
1648716355.382370832,1,0.004000
1648716355.405157344,7,0.108000
1648716355.425674068,0,0.006000
1648716355.447905414,1,0.011000
1648716355.467920216,0,0.000000
1648716355.488961358,4,0.059000
1648716355.509789562,0,0.000000
1648716355.528918044,4,0.071000
1648716355.551562729,5,0.082000
1648716355.574103382,3,0.033000
1648716355.596706571,0,0.000000
1648716355.617650463,1,0.028000
1648716355.639486404,8,0.099000
1648716355.663631365,0,0.000000
1648716355.684701371,3,0.063000
1648716355.707203816,4,0.063000
1648716355.726557077,4,0.062000
1648716355.746556094,0,0.000000
1648716355.771718836,0,0.000000
1648716355.791785223,3,0.034000
1648716355.813828892,2,0.044000
1648716355.835860974,0,0.000000
1648716355.858279528,0,0.016000
1648716355.879412969,0,0.000000
1648716355.902214213,1,0.026000
1648716355.922652975,0,0.000000
1648716355.944596660,1,0.000000
1648716355.967050164,4,0.049000
1648716355.988491276,2,0.071000
1648716356.008952023,0,0.023000
1648716356.029952510,2,0.024000
1648716356.051883839,0,0.001000
1648716356.073343873,3,0.068000
1648716356.094533354,8,0.104000
1648716356.115552241,0,0.010000
1648716356.137689812,1,0.000000
1648716356.160952039,0,0.000000
1648716356.181738367,2,0.100000
1648716356.204658483,0,0.000000
1648716356.223882835,0,0.000000
1648716356.246047530,1,0.017000
1648716356.269089780,1,0.014000
1648716356.290707011,9,0.128000
1648716356.310342667,3,0.052000
1648716356.331632940,3,0.048000
1648716356.355292622,6,0.065000
1648716356.378151640,6,0.086000
1648716356.401001541,1,0.020000
1648716356.422078372,0,0.000000
1648716356.445369339,0,0.021000
1648716356.467734550,10,0.114000
1648716356.489763164,0,0.007000
1648716356.511317663,0,0.000000
1648716356.535009548,2,0.027000
1648716356.556307820,0,0.000000
1648716356.577908180,0,0.001000
1648716356.598482610,1,0.013000
1648716356.621214226,3,0.084000
1648716356.644134119,5,0.041000
1648716356.666264294,0,0.000000
1648716356.688482985,4,0.018000
1648716356.708490895,0,0.007000
1648716356.727484298,6,0.070000
1648716356.748435796,0,0.013000
1648716356.770905169,4,0.041000
1648716356.792464148,0,0.000000
1648716356.813930398,5,0.049000
1648716356.834929788,0,0.000000
1648716356.855279250,1,0.010000
1648716356.877560831,3,0.096000
1648716356.897233002,5,0.038000
1648716356.917560405,2,0.037000
1648716356.939749704,3,0.052000
1648716356.962446475,1,0.022000
1648716356.984743529,2,0.029000
1648716357.006344777,0,0.000000
1648716357.029006765,4,0.076000
1648716357.052739742,2,0.041000
1648716357.075766516,0,0.015000
1648716357.097986215,0,0.001000
1648716357.118466666,5,0.075000
1648716357.138171987,1,0.009000
1648716357.159401137,7,0.113000
1648716357.183210672,0,0.000000
1648716357.205909538,0,0.000000
1648716357.225971714,5,0.071000
1648716357.247091947,7,0.089000
1648716357.268981050,0,0.000000
1648716357.290392493,5,0.078000
1648716357.311819101,0,0.000000
1648716357.334865898,2,0.080000
1648716357.357092070,0,0.000000
1648716357.380416683,1,0.030000
1648716357.402471344,2,0.091000
1648716357.423090177,0,0.000000
1648716357.444368525,0,0.000000
1648716357.465778172,4,0.033000
1648716357.488070103,1,0.025000
1648716357.510696166,3,0.033000
1648716357.534009981,0,0.000000
1648716357.555352971,0,0.000000
1648716357.578992818,2,0.034000
1648716357.601304397,0,0.026000
1648716357.622548723,3,0.034000
1648716357.643027220,0,0.000000
1648716357.666605680,1,0.000000
1648716357.687029270,0,0.000000
1648716357.709035492,0,0.000000
1648716357.731262376,7,0.076000
1648716357.751006082,0,0.000000
1648716357.773791300,0,0.000000
1648716357.795180116,3,0.041000
1648716357.814622735,6,0.083000
1648716357.835692789,0,0.001000
1648716357.857062320,0,0.011000
1648716357.878637377,0,0.002000
1648716357.901173878,5,0.103000
1648716357.923497612,0,0.000000
1648716357.943665981,3,0.032000
1648716357.964304317,3,0.028000
1648716357.984926978,7,0.105000
1648716358.006005632,2,0.077000
1648716358.028810122,0,0.000000
1648716358.053235519,7,0.102000
1648716358.077349961,6,0.085000
1648716358.099899438,0,0.000000
1648716358.121737324,2,0.035000
1648716358.143222792,1,0.000000
1648716358.165267240,3,0.023000
1648716358.187681520,1,0.020000
1648716358.209877840,0,0.000000
1648716358.230189868,3,0.052000
1648716358.251232990,3,0.043000
1648716358.272810070,0,0.001000
1648716358.293634054,8,0.108000
1648716358.317285768,0,0.000000
1648716358.340102328,1,0.022000
1648716358.363030814,9,0.129000
1648716358.384186655,0,0.000000
1648716358.408728882,0,0.000000
1648716358.430320592,2,0.037000
1648716358.452103082,0,0.000000
1648716358.473935843,7,0.108000
1648716358.495873559,1,0.002000
1648716358.519171019,0,0.033000
1648716358.540302637,4,0.027000
1648716358.561738406,2,0.038000
1648716358.582011371,4,0.044000
1648716358.603550275,5,0.073000
1648716358.627108493,0,0.000000
1648716358.652192248,0,0.000000
1648716358.675246422,8,0.098000
1648716358.698944364,3,0.057000
1648716358.722550989,2,0.003000
1648716358.746158747,4,0.059000
1648716358.767776833,7,0.086000
1648716358.790362668,0,0.001000
1648716358.809499010,0,0.000000
1648716358.831742259,0,0.000000
1648716358.856277432,0,0.000000
1648716358.879154962,0,0.000000
1648716358.902612718,1,0.042000
1648716358.925658335,6,0.088000
1648716358.948698003,0,0.003000
1648716358.970595336,1,0.000000
1648716358.992649608,2,0.046000
1648716359.015294873,3,0.019000
1648716359.039028186,3,0.035000
1648716359.059834155,3,0.053000
1648716359.083118186,4,0.061000
1648716359.105212809,4,0.056000
1648716359.128237814,0,0.000000
1648716359.150625494,0,0.000000
1648716359.171979333,0,0.000000
1648716359.192743199,0,0.000000
1648716359.213791237,1,0.000000
1648716359.236336555,0,0.007000
1648716359.256659046,1,0.003000
1648716359.277719084,0,0.000000
1648716359.299966741,5,0.062000
1648716359.323048482,2,0.028000
1648716359.347716708,1,0.000000
1648716359.373524454,5,0.073000
1648716359.396454520,3,0.061000
1648716359.416053871,0,0.000000
1648716359.438808629,0,0.000000
1648716359.462329666,7,0.088000
1648716359.486719570,0,0.000000
1648716359.509914958,0,0.000000
1648716359.530348715,0,0.000000
1648716359.552129970,5,0.058000
1648716359.576616107,3,0.051000
1648716359.598536642,0,0.000000
1648716359.620692492,4,0.078000
1648716359.642995855,2,0.046000
1648716359.664641354,0,0.000000
1648716359.686979864,1,0.026000
1648716359.709174495,2,0.053000
1648716359.729322077,0,0.029000
1648716359.751060662,1,0.031000
1648716359.774322381,1,0.017000
1648716359.795798406,3,0.054000
1648716359.816136768,1,0.038000
1648716359.837018566,0,0.000000
1648716359.861292497,0,0.000000
1648716359.882681801,0,0.000000
1648716359.906665017,0,0.000000
1648716359.927552467,1,0.022000
1648716359.950918451,4,0.010000
1648716359.974041228,0,0.000000
1648716359.992779955,1,0.003000
1648716360.014916688,1,0.007000
1648716360.036905382,0,0.000000
1648716360.058915664,7,0.081000
1648716360.079332742,7,0.102000
1648716360.101925659,4,0.059000
1648716360.122304982,3,0.065000
1648716360.145299282,0,0.000000
1648716360.167832350,2,0.035000
1648716360.188354023,0,0.000000
1648716360.209259550,5,0.053000
1648716360.232393370,2,0.038000
1648716360.254224353,4,0.061000
1648716360.274430500,2,0.000000
1648716360.295490252,1,0.012000
1648716360.316601308,2,0.039000
1648716360.342025577,2,0.037000
1648716360.362140095,4,0.028000
1648716360.385072536,6,0.075000
1648716360.407284384,2,0.064000
1648716360.429401879,0,0.000000
1648716360.449773202,4,0.063000
1648716360.472587433,0,0.000000
1648716360.496510037,2,0.059000
1648716360.518307655,7,0.077000
1648716360.541397249,2,0.060000
1648716360.562168599,2,0.024000
1648716360.584135682,1,0.000000
1648716360.608423347,4,0.051000
1648716360.630766165,3,0.045000
1648716360.651318899,0,0.000000
1648716360.671737604,0,0.004000
1648716360.694661436,2,0.016000
1648716360.717284303,0,0.000000
1648716360.738030125,0,0.010000
1648716360.759482229,5,0.062000
1648716360.779413399,0,0.000000
1648716360.801781694,6,0.066000
1648716360.821552028,0,0.003000
1648716360.843025503,0,0.018000
1648716360.862024775,4,0.074000
1648716360.883141271,4,0.054000
1648716360.903192567,5,0.012000
1648716360.925066727,3,0.039000
1648716360.947029648,0,0.000000
1648716360.969558698,4,0.050000
1648716360.991027024,0,0.001000
1648716361.013338878,0,0.001000
1648716361.034785137,7,0.095000
1648716361.057091391,0,0.027000
1648716361.080181044,5,0.036000
1648716361.101893024,4,0.062000
1648716361.125358745,0,0.000000
1648716361.146277864,0,0.000000
1648716361.169457716,0,0.000000
1648716361.190909525,2,0.030000
1648716361.212677390,1,0.002000
1648716361.236198033,0,0.000000
1648716361.258612486,0,0.000000
1648716361.280224008,5,0.059000
1648716361.303051368,0,0.000000
1648716361.326732818,0,0.000000
1648716361.349130071,1,0.000000
1648716361.373406923,2,0.056000
1648716361.394868446,4,0.064000
1648716361.417257654,4,0.031000
1648716361.438733697,5,0.082000
1648716361.460694533,2,0.036000
1648716361.482396140,3,0.041000
1648716361.504381991,0,0.000000
1648716361.525077481,6,0.096000
1648716361.548663008,0,0.000000
1648716361.570815765,5,0.084000
1648716361.592317499,4,0.037000
1648716361.614102966,1,0.045000
1648716361.635627841,0,0.005000
1648716361.657802079,1,0.027000
1648716361.680067441,2,0.038000
1648716361.704179566,3,0.046000
1648716361.728319783,0,0.000000
1648716361.751439889,6,0.104000
1648716361.773156038,1,0.007000
1648716361.794277622,0,0.000000
1648716361.817012265,0,0.000000
1648716361.837378229,5,0.081000
1648716361.860550412,3,0.048000
1648716361.880674074,4,0.068000
1648716361.900767994,0,0.000000
1648716361.923813995,3,0.054000
1648716361.945668208,7,0.076000
1648716361.966615374,2,0.036000
1648716361.986724113,2,0.082000
1648716362.007934436,1,0.012000
1648716362.033596586,0,0.002000
1648716362.056623179,0,0.000000
1648716362.078930422,5,0.099000
1648716362.102469702,0,0.000000
1648716362.124214269,0,0.000000
1648716362.146293854,6,0.073000
1648716362.166479496,1,0.022000
1648716362.188458623,0,0.006000
1648716362.210373864,5,0.076000
1648716362.231484776,2,0.035000
1648716362.251771293,0,0.000000
1648716362.274814987,0,0.000000
1648716362.297741202,1,0.010000
1648716362.320170949,0,0.012000
1648716362.339158851,1,0.024000
1648716362.360854747,1,0.071000
1648716362.383704613,5,0.074000
1648716362.403897077,0,0.000000
1648716362.427031556,0,0.000000
1648716362.450079781,2,0.058000
1648716362.471208952,4,0.000000
1648716362.492655651,5,0.064000
1648716362.512917802,0,0.003000
1648716362.535635500,0,0.005000
1648716362.556503292,0,0.000000
1648716362.576348356,6,0.080000
1648716362.600158873,0,0.012000
1648716362.620728359,0,0.000000
1648716362.641294909,0,0.000000
1648716362.665147766,2,0.033000
1648716362.685420215,6,0.076000
1648716362.708294105,0,0.000000
1648716362.728353633,0,0.000000
1648716362.751538697,0,0.000000
1648716362.773470129,5,0.061000
1648716362.796624963,0,0.010000
1648716362.819013417,0,0.000000
1648716362.839664962,5,0.046000
1648716362.861240308,4,0.099000
1648716362.883318025,0,0.013000
1648716362.907043152,4,0.083000
1648716362.926891395,2,0.033000
1648716362.949239799,3,0.044000
1648716362.975046820,0,0.002000
1648716362.996118085,6,0.057000
1648716363.016757013,0,0.000000
1648716363.036100200,1,0.016000
1648716363.058018030,0,0.011000
1648716363.079210729,4,0.059000
1648716363.101995514,0,0.003000
1648716363.123620960,1,0.007000
1648716363.144379768,1,0.020000
1648716363.166594160,5,0.033000
1648716363.189350210,6,0.092000
1648716363.209044332,7,0.121000
1648716363.230877902,8,0.104000
1648716363.251294960,3,0.031000
1648716363.273604097,0,0.000000
1648716363.295171486,1,0.023000
1648716363.316979385,2,0.018000
1648716363.337724400,3,0.037000
1648716363.358842393,4,0.013000
1648716363.382041816,0,0.000000
1648716363.406550379,0,0.000000
1648716363.427072848,1,0.000000
1648716363.447765726,0,0.000000
1648716363.470913784,0,0.000000
1648716363.493405845,0,0.001000
1648716363.513882658,4,0.034000
1648716363.535173881,1,0.000000
1648716363.557806988,2,0.047000
1648716363.578876031,4,0.051000
1648716363.600419892,0,0.005000
1648716363.620337291,0,0.000000
1648716363.643075541,3,0.054000
1648716363.665068158,0,0.000000
1648716363.688152530,0,0.000000
1648716363.711006656,0,0.000000
1648716363.731332196,4,0.071000
1648716363.754357916,0,0.000000
1648716363.773922962,0,0.000000
1648716363.795035411,0,0.000000
1648716363.815907493,1,0.010000
1648716363.838965874,0,0.002000
1648716363.858773127,3,0.038000
1648716363.879379130,6,0.072000
1648716363.900411276,3,0.032000
1648716363.922099988,3,0.042000
1648716363.943059561,3,0.035000
1648716363.965915977,2,0.000000
1648716363.987404944,0,0.006000
1648716364.009478528,1,0.000000
1648716364.028874265,0,0.000000
1648716364.051297383,3,0.049000
1648716364.075187533,0,0.000000
1648716364.096656287,2,0.042000
1648716364.118200271,4,0.067000
1648716364.138780717,2,0.015000
1648716364.160684902,1,0.041000
1648716364.182409023,0,0.000000
1648716364.205713399,0,0.000000
1648716364.228443356,0,0.000000
1648716364.247464448,1,0.008000
1648716364.267201047,1,0.005000
1648716364.285555611,0,0.000000
1648716364.307732682,0,0.000000
1648716364.330903063,2,0.018000
1648716364.350154138,4,0.091000
1648716364.371377023,5,0.095000
1648716364.391380742,2,0.065000
1648716364.411601860,1,0.017000
1648716364.434054225,4,0.051000
1648716364.454440900,6,0.066000
1648716364.476639115,0,0.000000
1648716364.501571698,1,0.020000
1648716364.524050335,0,0.000000
1648716364.545089425,1,0.006000
1648716364.565363387,8,0.118000
1648716364.588068860,1,0.015000
1648716364.610111302,1,0.033000
1648716364.629398943,0,0.000000
1648716364.649947695,0,0.000000
1648716364.672474947,2,0.055000
1648716364.695369334,2,0.027000
1648716364.717909360,0,0.010000
1648716364.740397118,0,0.000000
1648716364.764726248,2,0.022000
1648716364.784614514,4,0.059000
1648716364.807673920,2,0.019000
1648716364.830271340,0,0.029000
1648716364.850374192,1,0.002000
1648716364.870327548,3,0.037000
1648716364.891073509,0,0.000000
1648716364.912141337,0,0.001000
1648716364.933844221,3,0.062000
1648716364.955977119,2,0.025000
1648716364.977130675,4,0.077000
1648716365.000432417,1,0.000000
1648716365.022984876,4,0.037000
1648716365.043535014,2,0.023000
1648716365.066991523,0,0.000000
1648716365.088634250,0,0.000000
1648716365.111501939,0,0.001000
1648716365.134430585,5,0.054000
1648716365.155918672,4,0.053000
1648716365.177953900,0,0.000000
1648716365.200949890,3,0.045000
1648716365.222416394,1,0.001000
1648716365.243890655,3,0.045000
1648716365.266542449,4,0.059000
1648716365.286775746,7,0.066000
1648716365.309295048,0,0.000000
1648716365.331253176,0,0.000000
1648716365.353697467,0,0.000000
1648716365.375765890,0,0.000000
1648716365.399093827,0,0.000000
1648716365.422254321,5,0.044000
1648716365.446642638,0,0.000000
1648716365.468884884,0,0.000000
1648716365.491093555,0,0.003000
1648716365.513590350,1,0.011000
1648716365.534698739,3,0.069000
1648716365.558147924,0,0.000000
1648716365.581023661,3,0.082000
1648716365.603258972,0,0.000000
1648716365.625163522,3,0.057000
1648716365.647572325,0,0.000000
1648716365.666900365,1,0.039000
1648716365.686280619,6,0.061000
1648716365.709238986,4,0.066000
1648716365.732149267,2,0.000000
1648716365.755972736,2,0.022000
1648716365.777772694,2,0.022000
1648716365.796311521,7,0.046000
1648716365.817926506,5,0.089000
1648716365.840937489,0,0.006000
1648716365.863727820,0,0.001000
1648716365.887232256,0,0.000000
1648716365.908995647,0,0.013000
1648716365.931070622,0,0.004000
1648716365.953586226,7,0.091000
1648716365.975261694,2,0.038000
1648716365.996481420,3,0.035000
1648716366.018349719,0,0.000000
1648716366.038618349,2,0.021000
1648716366.060143956,5,0.042000
1648716366.082306334,2,0.028000
1648716366.104806059,3,0.026000
1648716366.127852473,0,0.000000
1648716366.148246547,2,0.034000
1648716366.170267802,9,0.111000
1648716366.190390980,1,0.000000
1648716366.210093168,5,0.074000
1648716366.231253068,0,0.000000
1648716366.252479677,2,0.017000
1648716366.272175191,1,0.033000
1648716366.295343891,0,0.020000
1648716366.319136734,4,0.059000
1648716366.340868499,0,0.000000
1648716366.363222419,2,0.043000
1648716366.384152053,5,0.042000
1648716366.404562996,9,0.131000
1648716366.425680399,3,0.104000
1648716366.446130077,4,0.089000
1648716366.468048883,5,0.062000
1648716366.490142193,9,0.133000
1648716366.510451311,5,0.075000
1648716366.532816492,1,0.023000
1648716366.554417800,0,0.000000
1648716366.575685799,5,0.080000
1648716366.595793473,0,0.000000
1648716366.615779201,5,0.090000
1648716366.638736204,2,0.014000
1648716366.658772748,7,0.098000
1648716366.682962236,0,0.000000
1648716366.702422008,0,0.008000
1648716366.724549731,7,0.075000
1648716366.745176675,3,0.037000
1648716366.767777368,0,0.000000
1648716366.788357228,3,0.041000
1648716366.807330395,6,0.050000
1648716366.828990257,4,0.047000
1648716366.848434687,6,0.090000
1648716366.869873017,4,0.067000
1648716366.892473593,0,0.000000
1648716366.913155184,0,0.000000
1648716366.935921910,2,0.033000
1648716366.957624499,4,0.083000
1648716366.978109951,0,0.000000
1648716367.000535311,3,0.055000
1648716367.023915655,4,0.041000
1648716367.047082970,2,0.014000
1648716367.071364355,0,0.000000
1648716367.092109493,0,0.013000
1648716367.114330041,6,0.094000
1648716367.137223502,0,0.000000
1648716367.158971622,2,0.017000
1648716367.181974255,0,0.000000
1648716367.202087121,1,0.020000
1648716367.223890705,0,0.000000
1648716367.246655036,3,0.055000
1648716367.268895194,2,0.034000
1648716367.290327691,3,0.055000
1648716367.311850311,0,0.012000
1648716367.333374915,0,0.000000
1648716367.355999502,0,0.000000
1648716367.375225394,0,0.000000
1648716367.398552668,0,0.000000
1648716367.421646471,0,0.000000
1648716367.441809057,0,0.000000
1648716367.463364108,2,0.016000
1648716367.486229497,7,0.075000
1648716367.506193607,1,0.000000
1648716367.528177840,3,0.066000
1648716367.551003119,0,0.000000
1648716367.574408573,0,0.000000
1648716367.596161623,0,0.000000
1648716367.617370389,4,0.065000
1648716367.640033369,3,0.046000
1648716367.661831404,0,0.002000
1648716367.685637043,0,0.000000
1648716367.707604865,2,0.042000
1648716367.732278836,0,0.000000
1648716367.752200645,6,0.094000
1648716367.772878419,3,0.073000
1648716367.792769672,2,0.000000
1648716367.815284434,2,0.047000
1648716367.837519217,4,0.069000
1648716367.858208676,0,0.000000
1648716367.882566214,1,0.019000
1648716367.903489270,0,0.000000
1648716367.923635439,0,0.011000
1648716367.944126268,2,0.031000
1648716367.967176403,0,0.000000
1648716367.990515895,5,0.066000
1648716368.012585347,5,0.070000
1648716368.037039505,3,0.036000
1648716368.058987331,3,0.025000
1648716368.082114336,0,0.000000
1648716368.104788923,0,0.014000
1648716368.128004817,5,0.056000
1648716368.151206230,0,0.000000
1648716368.173058700,0,0.001000
1648716368.195344933,0,0.000000
1648716368.215352271,6,0.046000
1648716368.235152075,3,0.039000
1648716368.258034386,0,0.004000
1648716368.280588504,0,0.000000
1648716368.302595480,4,0.048000
1648716368.324565259,4,0.060000
1648716368.348995571,7,0.113000
1648716368.371941607,3,0.071000
1648716368.394939264,0,0.000000
1648716368.415429459,3,0.067000
1648716368.437684987,6,0.114000
1648716368.460606635,1,0.029000
1648716368.482792569,1,0.023000
1648716368.504923450,5,0.070000
1648716368.526955979,2,0.042000
1648716368.549883437,0,0.000000
1648716368.570763015,6,0.065000
1648716368.592633384,0,0.000000
1648716368.615671835,3,0.043000
1648716368.636913331,3,0.054000
1648716368.660256971,6,0.104000
1648716368.682616159,1,0.023000
1648716368.703456303,6,0.087000
1648716368.724134023,7,0.081000
1648716368.745553176,1,0.027000
1648716368.768478657,0,0.000000
1648716368.790584562,8,0.115000
1648716368.814468371,1,0.008000
1648716368.835989070,1,0.006000
1648716368.858894958,0,0.000000
1648716368.880978434,0,0.000000
1648716368.901852385,0,0.000000
1648716368.921999176,4,0.049000
1648716368.942742803,3,0.037000
1648716368.964489620,1,0.000000
1648716368.988183751,0,0.000000
1648716369.010410157,0,0.007000
1648716369.033718345,0,0.003000
1648716369.056172585,4,0.093000
1648716369.076311520,0,0.004000
1648716369.100001839,0,0.000000
1648716369.120400068,5,0.066000
1648716369.143121909,1,0.035000
1648716369.165372752,6,0.075000
1648716369.188351405,0,0.000000
1648716369.211585153,0,0.000000
1648716369.233200126,4,0.062000
1648716369.257081939,0,0.055000
1648716369.280900159,0,0.000000
1648716369.301691419,0,0.000000
1648716369.321067653,1,0.013000
1648716369.341904105,7,0.071000
1648716369.363495639,0,0.008000
1648716369.384004617,0,0.008000
1648716369.404499014,0,0.000000
1648716369.426468662,2,0.032000
1648716369.447271368,0,0.000000
1648716369.468360304,3,0.032000
1648716369.491918917,3,0.074000
1648716369.516339079,0,0.000000
1648716369.536160228,0,0.000000
1648716369.558377215,0,0.000000
1648716369.579783522,1,0.069000
1648716369.601872350,1,0.004000
1648716369.622689286,2,0.001000
1648716369.643100688,7,0.099000
1648716369.662284238,4,0.060000
1648716369.684022020,0,0.000000
1648716369.704879954,2,0.020000
1648716369.726206512,0,0.000000
1648716369.748593531,5,0.030000
1648716369.769545193,0,0.000000
1648716369.790704178,6,0.090000
1648716369.812090195,2,0.087000
1648716369.835754376,0,0.000000
1648716369.858187343,3,0.041000
1648716369.880569248,0,0.000000
1648716369.903030945,0,0.000000
1648716369.925402494,0,0.000000
1648716369.948679758,1,0.006000
1648716369.970334593,4,0.040000
1648716369.991472253,0,0.000000
1648716370.011274637,3,0.043000
1648716370.033300228,5,0.093000
1648716370.054732765,1,0.020000
1648716370.076696458,4,0.061000
1648716370.100937203,5,0.030000
1648716370.120734525,3,0.048000
1648716370.142464428,1,0.000000
1648716370.165496300,8,0.073000
1648716370.187446541,0,0.001000
1648716370.209826417,0,0.001000
1648716370.231434692,2,0.044000
1648716370.255071646,2,0.006000
1648716370.276614660,2,0.019000
1648716370.298536064,0,0.000000
1648716370.318553562,1,0.007000
1648716370.339117244,3,0.060000
1648716370.362277662,0,0.001000
1648716370.382948272,3,0.026000
1648716370.404580413,2,0.035000
1648716370.427172045,5,0.082000
1648716370.449986838,5,0.050000
1648716370.472890038,3,0.010000
1648716370.493228505,0,0.000000
1648716370.514031320,1,0.016000
1648716370.536572202,2,0.038000
1648716370.558162210,7,0.069000
1648716370.579022454,5,0.073000
1648716370.601030178,0,0.000000
1648716370.624285801,1,0.030000
1648716370.647185768,2,0.019000
1648716370.668488333,3,0.057000
1648716370.691350687,2,0.029000
1648716370.712986409,0,0.005000
1648716370.734462948,0,0.000000
1648716370.754055819,0,0.000000
1648716370.777982435,5,0.055000
1648716370.798983698,0,0.011000
1648716370.822102080,0,0.000000
1648716370.843917909,3,0.036000
1648716370.865349168,3,0.032000
1648716370.886696954,6,0.130000
1648716370.907261683,3,0.082000
1648716370.929288829,3,0.000000
1648716370.948649178,6,0.070000
1648716370.972053179,1,0.033000
1648716370.993032313,1,0.016000
1648716371.014368510,0,0.000000
1648716371.037609597,0,0.000000
1648716371.060456171,5,0.094000
1648716371.083122747,0,0.000000
1648716371.103848801,0,0.000000
1648716371.123841571,0,0.014000
1648716371.145535764,4,0.095000
1648716371.167061349,1,0.006000
1648716371.190299388,0,0.000000
1648716371.212859707,0,0.001000
1648716371.235116699,2,0.032000
1648716371.253455811,0,0.001000
1648716371.274036392,4,0.052000
1648716371.297296460,7,0.089000
1648716371.318505795,0,0.004000
1648716371.339868753,0,0.000000
1648716371.363303904,4,0.061000
1648716371.387042097,0,0.000000
1648716371.409161040,3,0.055000
1648716371.431623495,8,0.075000
1648716371.452062224,4,0.072000
1648716371.474268995,0,0.000000
1648716371.496747040,3,0.039000
1648716371.517560851,2,0.015000
1648716371.539455923,0,0.000000
1648716371.560244157,5,0.071000
1648716371.581883953,0,0.000000
1648716371.603984048,4,0.036000
1648716371.625316668,3,0.059000
1648716371.649148186,5,0.067000
1648716371.669916299,0,0.000000
1648716371.694162618,0,0.000000
1648716371.717698627,0,0.000000
1648716371.738425550,1,0.016000
1648716371.762591148,0,0.000000
1648716371.782257246,0,0.000000
1648716371.804583444,3,0.044000
1648716371.826596843,2,0.022000
1648716371.849734484,6,0.043000
1648716371.872748052,9,0.117000
1648716371.895316041,4,0.092000
1648716371.918288666,0,0.010000
1648716371.940318110,5,0.099000
1648716371.964009882,0,0.000000
1648716371.986916975,3,0.044000
1648716372.008711137,3,0.049000
1648716372.029520585,2,0.036000
1648716372.051665790,2,0.000000
1648716372.073486551,0,0.000000
1648716372.096133215,0,0.000000
1648716372.120753555,0,0.000000
1648716372.142124474,3,0.037000
1648716372.164327575,0,0.015000
1648716372.185989250,7,0.121000
1648716372.209941437,1,0.007000
1648716372.232395159,0,0.000000
1648716372.253452704,0,0.000000
1648716372.278820462,3,0.045000
1648716372.300179074,0,0.011000
1648716372.324568736,0,0.018000
1648716372.344234002,0,0.000000
1648716372.364655759,3,0.050000
1648716372.387600446,3,0.047000
1648716372.408865611,0,0.013000
1648716372.431295690,0,0.000000
1648716372.454966180,6,0.088000
1648716372.475916944,0,0.001000
1648716372.499339449,0,0.000000
1648716372.518104413,3,0.026000
1648716372.538076763,0,0.009000
1648716372.558978771,7,0.107000
1648716372.579987733,0,0.000000
1648716372.603066681,1,0.015000
1648716372.624260193,6,0.063000
1648716372.647850260,3,0.031000
1648716372.671241533,0,0.003000
1648716372.695278339,4,0.056000
1648716372.717492468,0,0.001000
1648716372.738856140,1,0.014000
1648716372.760758424,5,0.070000
1648716372.781968876,1,0.000000
1648716372.803986175,3,0.065000
1648716372.825338216,4,0.063000
1648716372.847991797,3,0.063000
1648716372.867691906,0,0.000000
1648716372.890445398,0,0.002000
1648716372.912069983,2,0.032000
1648716372.935369064,1,0.038000
1648716372.957620881,4,0.084000
1648716372.979637445,0,0.000000
1648716373.001670147,0,0.000000
1648716373.023772501,1,0.013000
1648716373.046193048,0,0.000000
1648716373.070444339,4,0.059000
1648716373.090926215,7,0.120000
1648716373.114412022,2,0.011000
1648716373.138943919,4,0.089000
1648716373.161385179,3,0.033000
1648716373.183411659,5,0.068000
1648716373.204925711,3,0.046000
1648716373.226969366,0,0.000000
1648716373.248761544,0,0.000000
1648716373.270571316,0,0.000000
1648716373.290744985,1,0.005000
1648716373.312000176,0,0.000000
1648716373.335489394,6,0.081000
1648716373.356297840,8,0.127000
1648716373.379611945,2,0.045000
1648716373.403738883,2,0.040000
1648716373.425986826,3,0.067000
1648716373.448763124,0,0.000000
1648716373.471163014,1,0.026000
1648716373.493091769,0,0.000000
1648716373.516264438,4,0.058000
1648716373.540763801,0,0.014000
1648716373.563126788,4,0.081000
1648716373.583944231,1,0.001000
1648716373.603706793,6,0.091000
1648716373.621913460,2,0.017000
1648716373.642346127,2,0.032000
1648716373.663612149,5,0.082000
1648716373.686944033,0,0.000000
1648716373.708713218,5,0.054000
1648716373.731122073,0,0.000000
1648716373.755105800,0,0.000000
1648716373.778100596,6,0.089000
1648716373.800371357,5,0.051000
1648716373.822382891,7,0.088000
1648716373.842615057,2,0.014000
1648716373.866895869,0,0.000000
1648716373.890129742,0,0.000000
1648716373.911931788,3,0.046000
1648716373.934448477,0,0.000000
1648716373.956074477,0,0.000000
1648716373.977076884,0,0.000000
1648716373.998309989,0,0.014000
1648716374.019908525,4,0.082000
1648716374.044504126,10,0.134000
1648716374.067510590,0,0.000000
1648716374.088878416,0,0.000000
1648716374.112756758,2,0.025000
1648716374.134372713,5,0.069000
1648716374.154975027,0,0.000000
1648716374.177756211,4,0.065000
1648716374.200570607,4,0.087000
1648716374.223448139,3,0.044000
1648716374.243436171,7,0.095000
1648716374.264946555,0,0.000000
1648716374.284477168,0,0.000000
1648716374.308255028,2,0.020000
1648716374.328563076,0,0.000000
1648716374.348499350,5,0.093000
1648716374.370186458,0,0.000000
1648716374.393630507,2,0.000000
1648716374.415284927,0,0.000000
1648716374.438914209,6,0.075000
1648716374.461741664,1,0.015000
1648716374.481826889,2,0.019000
1648716374.504431756,0,0.002000
1648716374.526136550,7,0.105000
1648716374.548536852,1,0.008000
1648716374.569605925,0,0.000000
1648716374.591528779,0,0.000000
1648716374.613335730,4,0.061000
1648716374.635845791,0,0.003000
1648716374.659853441,3,0.010000
1648716374.682162184,4,0.055000
1648716374.702917980,0,0.000000
1648716374.726157307,1,0.027000
1648716374.747655868,0,0.000000
1648716374.769051192,7,0.068000
1648716374.791674245,0,0.000000
1648716374.812915847,3,0.053000
1648716374.836501059,8,0.093000
1648716374.858961795,0,0.000000
1648716374.880081699,3,0.030000
1648716374.900938705,0,0.000000
1648716374.923540360,0,0.008000
1648716374.945562601,0,0.007000
1648716374.967339158,5,0.047000
1648716374.988771207,0,0.000000
1648716375.010125032,4,0.034000
1648716375.032202528,3,0.026000
1648716375.053461742,1,0.000000
1648716375.076984446,4,0.046000
1648716375.100139405,0,0.000000
1648716375.122376942,1,0.017000
1648716375.145184954,0,0.000000
1648716375.168953725,4,0.052000
1648716375.190282389,8,0.101000
1648716375.213000778,0,0.000000
1648716375.236936384,0,0.000000
1648716375.260597401,0,0.000000
1648716375.281481124,1,0.053000
1648716375.303984803,2,0.017000
1648716375.328496717,5,0.065000
1648716375.348850559,2,0.014000
1648716375.369905556,0,0.000000
1648716375.391773940,5,0.069000
1648716375.415099345,1,0.021000
1648716375.436889321,1,0.013000
1648716375.457676609,0,0.000000
1648716375.480320553,0,0.001000
1648716375.501378037,7,0.083000
1648716375.522654547,2,0.006000
1648716375.543054875,8,0.106000
1648716375.565568182,0,0.030000
1648716375.590212040,0,0.009000
1648716375.612901023,2,0.035000
1648716375.634065207,7,0.056000
1648716375.654838630,2,0.014000
1648716375.676097238,1,0.044000
1648716375.696720790,5,0.057000
1648716375.718532738,0,0.000000
1648716375.741233074,4,0.041000
1648716375.763204202,5,0.060000
1648716375.785838099,7,0.106000
1648716375.808453009,0,0.000000
1648716375.828575232,0,0.000000
1648716375.849433632,2,0.061000
1648716375.870420362,3,0.048000
1648716375.895115957,0,0.000000
1648716375.917013758,3,0.045000
1648716375.940432631,4,0.034000
1648716375.963723030,5,0.080000
1648716375.987327876,6,0.094000
1648716376.009126599,0,0.000000
1648716376.031671224,0,0.000000
1648716376.051862346,3,0.021000
1648716376.072969437,0,0.000000
1648716376.095348807,7,0.080000
1648716376.116859318,2,0.040000
1648716376.138707967,5,0.076000
1648716376.160374052,1,0.031000
1648716376.181634912,2,0.001000
1648716376.204334600,3,0.038000
1648716376.226409120,0,0.000000
1648716376.249320632,3,0.034000
1648716376.273346085,0,0.010000
1648716376.297489795,5,0.069000
1648716376.319654915,4,0.047000
1648716376.341544432,6,0.100000
1648716376.363923986,2,0.052000
1648716376.384053894,0,0.000000
1648716376.407980235,0,0.001000
1648716376.431290257,1,0.022000
1648716376.453181314,2,0.057000
1648716376.475659338,1,0.000000
1648716376.497947732,8,0.095000
1648716376.520520658,2,0.023000
1648716376.542484835,6,0.062000
1648716376.563088745,3,0.040000
1648716376.583397532,4,0.069000
1648716376.604324665,0,0.000000
1648716376.627797841,2,0.029000
1648716376.647831135,6,0.078000
1648716376.669691272,0,0.000000
1648716376.690755931,3,0.037000
1648716376.713495107,5,0.059000
1648716376.735887053,0,0.014000
1648716376.757366316,2,0.042000
1648716376.777224342,2,0.003000
1648716376.801837755,0,0.000000
1648716376.826269428,1,0.000000
1648716376.847557959,7,0.079000
1648716376.870885500,8,0.095000
1648716376.893369138,5,0.033000
1648716376.916968929,0,0.000000
1648716376.941200338,1,0.022000
1648716376.962102838,1,0.000000
1648716376.984857856,5,0.050000
1648716377.005756016,2,0.042000
1648716377.028605716,1,0.021000
1648716377.050114877,4,0.068000
1648716377.072847410,2,0.056000
1648716377.093037018,0,0.000000
1648716377.114161963,0,0.000000
1648716377.136372243,3,0.042000
1648716377.156891203,3,0.044000
1648716377.178976343,4,0.029000
1648716377.200058271,4,0.060000
1648716377.221340236,1,0.000000
1648716377.246317837,1,0.017000
1648716377.266987362,0,0.000000
1648716377.287272750,2,0.016000
1648716377.309945730,0,0.000000
1648716377.332336475,0,0.000000
1648716377.353264402,0,0.000000
1648716377.372906277,3,0.032000
1648716377.395884007,2,0.046000
1648716377.418422551,0,0.000000
1648716377.439771277,1,0.000000
1648716377.460178925,3,0.056000
1648716377.483011601,0,0.000000
1648716377.506370610,2,0.013000
1648716377.527159903,1,0.000000
1648716377.549829705,0,0.000000
1648716377.572343975,5,0.076000
1648716377.592383842,4,0.073000
1648716377.615259772,2,0.025000
1648716377.636458876,4,0.066000
1648716377.658132127,1,0.016000
1648716377.679546542,3,0.055000
1648716377.700625615,2,0.029000
1648716377.721404981,5,0.049000
1648716377.744043181,4,0.031000
1648716377.765457248,0,0.000000
1648716377.785562587,0,0.000000
1648716377.805499295,0,0.000000
1648716377.826393165,0,0.000000
1648716377.848933874,0,0.000000
1648716377.871296749,7,0.047000
1648716377.894900362,7,0.104000
1648716377.917176238,0,0.000000
1648716377.940619956,0,0.000000
1648716377.964420412,0,0.000000
1648716377.987461182,0,0.005000
1648716378.009462227,0,0.000000
1648716378.028954494,0,0.000000
1648716378.049866910,4,0.048000
1648716378.071757729,5,0.074000
1648716378.094884594,0,0.002000
1648716378.117630173,0,0.006000
1648716378.136858020,0,0.000000
1648716378.158172364,1,0.059000
1648716378.181201367,2,0.033000
1648716378.204834895,1,0.000000
1648716378.224658128,0,0.000000
1648716378.245612775,6,0.059000
1648716378.267480322,3,0.035000
1648716378.291351453,4,0.059000
1648716378.312295040,0,0.000000
1648716378.336722752,5,0.037000
1648716378.360150276,8,0.099000
1648716378.380956632,6,0.083000
1648716378.402966616,0,0.000000
1648716378.423983042,0,0.001000
1648716378.444886369,0,0.000000
1648716378.465765563,1,0.020000
1648716378.488854605,2,0.023000
1648716378.509901794,7,0.092000
1648716378.534405054,4,0.053000
1648716378.556509831,0,0.000000
1648716378.578461235,3,0.045000
1648716378.599169355,3,0.039000
1648716378.624174276,3,0.039000
1648716378.645094368,0,0.010000
1648716378.666321518,0,0.012000
1648716378.688694999,0,0.000000
1648716378.710664292,0,0.000000
1648716378.732335286,4,0.060000
1648716378.755651613,2,0.029000
1648716378.776703719,0,0.000000
1648716378.799498542,5,0.064000
1648716378.822365897,4,0.048000
1648716378.845659920,0,0.000000
1648716378.866985704,2,0.031000
1648716378.888182165,5,0.043000
1648716378.911413665,7,0.062000
1648716378.933163787,1,0.000000
1648716378.956824104,0,0.000000
1648716378.979259902,3,0.041000
1648716379.001040626,2,0.028000
1648716379.022802387,4,0.052000
1648716379.044706785,2,0.058000
1648716379.065662308,0,0.000000
1648716379.087997558,1,0.000000
1648716379.110703278,1,0.006000
1648716379.132372698,2,0.059000
1648716379.153469194,3,0.000000
1648716379.175214793,5,0.079000
1648716379.200060879,0,0.000000
1648716379.222751952,7,0.094000
1648716379.243799061,0,0.000000
1648716379.264992758,0,0.000000
1648716379.287770109,1,0.000000
1648716379.310000065,3,0.000000
1648716379.330881897,0,0.000000
1648716379.353938006,0,0.023000
1648716379.375096664,4,0.058000
1648716379.395596721,4,0.061000
1648716379.417145495,3,0.035000
1648716379.437774097,4,0.022000
1648716379.460334294,0,0.000000
1648716379.481583421,4,0.035000
1648716379.506543796,0,0.008000
1648716379.530401767,3,0.057000
1648716379.553774143,3,0.000000
1648716379.575423441,7,0.084000
1648716379.598005600,3,0.037000
1648716379.621343613,0,0.000000
1648716379.641838167,1,0.013000
1648716379.663233018,3,0.045000
1648716379.685928711,0,0.000000
1648716379.706150145,3,0.041000
1648716379.728255012,7,0.069000
1648716379.751559490,4,0.031000
1648716379.772874667,5,0.078000
1648716379.793667877,1,0.001000
1648716379.814655167,0,0.000000
1648716379.837414250,0,0.000000
1648716379.858241953,5,0.044000
1648716379.879624828,0,0.000000
1648716379.902474771,5,0.050000
1648716379.923561754,0,0.000000
1648716379.947182259,1,0.028000
1648716379.969595957,2,0.080000
1648716379.990686531,1,0.014000
1648716380.012740205,0,0.000000
1648716380.036256699,6,0.066000
1648716380.057095453,4,0.033000
1648716380.078443017,0,0.000000
1648716380.100225747,0,0.008000
1648716380.121695860,1,0.023000
1648716380.144092500,8,0.109000
1648716380.165407323,0,0.007000
1648716380.186747433,0,0.000000
1648716380.208220591,0,0.000000
1648716380.230401265,1,0.015000
1648716380.254376259,0,0.000000
1648716380.276222683,0,0.000000
1648716380.296243602,5,0.039000
1648716380.318055290,9,0.120000
1648716380.340129683,0,0.000000
1648716380.361152101,1,0.025000
1648716380.383700004,3,0.024000
1648716380.406816448,0,0.025000
1648716380.429635313,0,0.000000
1648716380.451573136,5,0.072000
1648716380.474413387,1,0.012000
1648716380.495702792,0,0.000000
1648716380.517507467,0,0.000000
1648716380.540001465,0,0.001000
1648716380.560863576,0,0.001000
1648716380.582813191,0,0.001000
1648716380.604423850,0,0.001000
1648716380.627111064,0,0.001000
1648716380.650422745,0,0.001000
1648716380.673715203,0,0.001000
1648716380.696741011,0,0.001000
