1650411737.982056975,0,0.000000
1650411738.006875535,0,0.000000
1650411738.029221163,0,0.000000
1650411738.049808435,0,0.000000
1650411738.072064735,0,0.000000
1650411738.094411709,0,0.000000
1650411738.117361438,0,0.000000
1650411738.140595443,0,0.000000
1650411738.160426171,0,0.000000
1650411738.182130576,0,0.000000
1650411738.204462783,0,0.000000
1650411738.226427975,0,0.000000
1650411738.249339516,0,0.000000
1650411738.270398965,0,0.000000
1650411738.292135019,0,0.000000
1650411738.315644512,0,0.000000
1650411738.336532421,0,0.000000
1650411738.359196375,0,0.000000
1650411738.381636174,0,0.000000
1650411738.404095862,0,0.000000
1650411738.425709112,0,0.000000
1650411738.448148318,0,0.000000
1650411738.470943690,0,0.000000
1650411738.493826635,0,0.000000
1650411738.514875888,0,0.000000
1650411738.537877798,0,0.000000
1650411738.560478429,0,0.000000
1650411738.582364552,0,0.000000
1650411738.604392336,0,0.000000
1650411738.626892597,0,0.000000
1650411738.648367515,0,0.000000
1650411738.672111683,0,0.000000
1650411738.694531796,0,0.002000
1650411738.716529949,0,0.000000
1650411738.738490585,0,0.000000
1650411738.761430249,0,0.000000
1650411738.785135231,0,0.000000
1650411738.808156003,0,0.000000
1650411738.831225639,0,0.000000
1650411738.853664541,0,0.000000
1650411738.876111509,0,0.000000
1650411738.898613443,0,0.000000
1650411738.920991253,0,0.000000
1650411738.944075915,0,0.000000
1650411738.966374561,0,0.000000
1650411738.987410429,0,0.000000
1650411739.010187434,0,0.000000
1650411739.032438871,0,0.000000
1650411739.054823894,0,0.000000
1650411739.077411125,0,0.000000
1650411739.100222303,0,0.000000
1650411739.122395056,0,0.000000
1650411739.145211626,0,0.000000
1650411739.167236740,0,0.000000
1650411739.189240063,0,0.000000
1650411739.210025015,0,0.000000
1650411739.232067338,0,0.000000
1650411739.254398730,0,0.000000
1650411739.275459317,0,0.000000
1650411739.298670736,0,0.000000
1650411739.321663476,0,0.000000
1650411739.343599071,0,0.000000
1650411739.364025605,0,0.000000
1650411739.386769089,0,0.000000
1650411739.410284867,0,0.000000
1650411739.433657046,0,0.000000
1650411739.456840014,0,0.003000
1650411739.480045222,0,0.000000
1650411739.502401180,0,0.000000
1650411739.523667154,0,0.000000
1650411739.546811821,0,0.000000
1650411739.567545747,0,0.000000
1650411739.587900857,0,0.000000
1650411739.609077005,0,0.000000
1650411739.630647045,0,0.000000
1650411739.651608598,0,0.000000
1650411739.673082394,0,0.000000
1650411739.695842384,0,0.000000
1650411739.717465846,0,0.000000
1650411739.738441455,0,0.000000
1650411739.760800256,0,0.000000
1650411739.782372161,0,0.000000
1650411739.804573586,0,0.000000
1650411739.827049237,0,0.000000
1650411739.849005755,0,0.000000
1650411739.871170528,0,0.000000
1650411739.894688056,0,0.000000
1650411739.916892781,0,0.000000
1650411739.938336576,0,0.000000
1650411739.960415397,0,0.000000
1650411739.983730924,0,0.000000
1650411740.004342146,0,0.000000
1650411740.027289075,0,0.000000
1650411740.048081976,0,0.000000
1650411740.070071547,0,0.000000
1650411740.092283847,0,0.000000
1650411740.115556159,0,0.000000
1650411740.138699007,0,0.000000
1650411740.160177216,0,0.000000
1650411740.183119092,0,0.000000
1650411740.206285208,0,0.000000
1650411740.228685374,0,0.000000
1650411740.251911774,0,0.000000
1650411740.275048461,0,0.000000
1650411740.299146987,0,0.000000
1650411740.321187244,0,0.000000
1650411740.342508277,0,0.000000
1650411740.364860301,0,0.003000
1650411740.387547947,0,0.000000
1650411740.410164823,0,0.000000
1650411740.432495966,0,0.000000
1650411740.455723078,0,0.000000
1650411740.477144264,0,0.000000
1650411740.500410844,0,0.000000
1650411740.522097821,0,0.000000
1650411740.545072211,0,0.000000
1650411740.567093366,0,0.000000
1650411740.588332410,0,0.000000
1650411740.610475423,0,0.000000
1650411740.633311389,0,0.000000
1650411740.655917475,0,0.000000
1650411740.676190525,0,0.000000
1650411740.698480094,0,0.000000
1650411740.720807559,0,0.000000
1650411740.743583301,0,0.000000
1650411740.765950980,0,0.000000
1650411740.789063289,0,0.000000
1650411740.812207979,0,0.000000
1650411740.834814167,0,0.000000
1650411740.857136573,0,0.000000
1650411740.880176786,0,0.000000
1650411740.903438231,0,0.000000
1650411740.925560138,0,0.000000
1650411740.947837829,0,0.000000
1650411740.971109731,0,0.000000
1650411740.994525225,0,0.000000
1650411741.017631336,0,0.000000
1650411741.039535253,0,0.000000
1650411741.063123061,0,0.000000
1650411741.085056213,0,0.000000
1650411741.108090639,0,0.000000
1650411741.131037576,0,0.000000
1650411741.154057476,0,0.000000
1650411741.176722329,0,0.000000
1650411741.200019314,0,0.000000
1650411741.223891608,0,0.000000
1650411741.244808801,0,0.000000
1650411741.266497252,0,0.000000
1650411741.289980544,0,0.000000
1650411741.312124379,0,0.001000
1650411741.335703880,0,0.042000
1650411741.361208900,0,0.000000
1650411741.385178441,0,0.000000
1650411741.406881296,0,0.000000
1650411741.428357365,0,0.000000
1650411741.450923094,0,0.000000
1650411741.471422020,0,0.001000
1650411741.495133272,0,0.000000
1650411741.517542119,0,0.000000
1650411741.539748576,0,0.000000
1650411741.560364386,0,0.000000
1650411741.584951520,0,0.000000
1650411741.606904441,0,0.000000
1650411741.627711541,0,0.000000
1650411741.652089797,0,0.000000
1650411741.674463025,0,0.000000
1650411741.696992141,0,0.000000
1650411741.720617928,0,0.000000
1650411741.744625080,0,0.000000
1650411741.769034622,0,0.000000
1650411741.790425269,0,0.000000
1650411741.812042563,0,0.000000
1650411741.834196402,0,0.000000
1650411741.857481753,0,0.000000
1650411741.880111522,0,0.000000
1650411741.903080912,0,0.000000
1650411741.924892136,0,0.001000
1650411741.948470536,0,0.001000
1650411741.970132643,0,0.000000
1650411741.993180263,0,0.000000
1650411742.016138996,0,0.000000
1650411742.039906878,0,0.000000
1650411742.060836789,0,0.000000
1650411742.084070196,0,0.000000
1650411742.106303805,0,0.000000
1650411742.128896129,0,0.000000
1650411742.149222542,0,0.000000
1650411742.172201132,0,0.000000
1650411742.195272653,0,0.000000
1650411742.219088016,0,0.000000
1650411742.241038935,0,0.000000
1650411742.261699855,0,0.000000
1650411742.282715751,0,0.000000
1650411742.304251460,0,0.000000
1650411742.327319518,0,0.000000
1650411742.349910134,0,0.000000
1650411742.371954319,0,0.000000
1650411742.392361038,0,0.000000
1650411742.414628005,0,0.001000
1650411742.438189976,0,0.000000
1650411742.461238928,0,0.000000
1650411742.484274662,0,0.000000
1650411742.506863681,0,0.000000
1650411742.528785767,0,0.000000
1650411742.551303230,0,0.000000
1650411742.573130700,0,0.000000
1650411742.595534241,0,0.000000
1650411742.620750406,0,0.000000
1650411742.645416224,0,0.000000
1650411742.668878906,0,0.000000
1650411742.691090552,0,0.000000
1650411742.713486116,0,0.000000
1650411742.736428147,0,0.000000
1650411742.759294191,0,0.000000
1650411742.782194707,0,0.000000
1650411742.805140813,0,0.000000
1650411742.828985959,0,0.000000
1650411742.852704647,0,0.000000
1650411742.874419800,0,0.000000
1650411742.896319031,0,0.000000
1650411742.919160450,0,0.000000
1650411742.941163309,0,0.000000
1650411742.963997863,0,0.000000
1650411742.986728703,0,0.000000
1650411743.009135965,0,0.000000
1650411743.032534303,0,0.000000
1650411743.055161547,0,0.000000
1650411743.074379714,0,0.000000
1650411743.096785674,0,0.000000
1650411743.118805232,0,0.000000
1650411743.141924743,0,0.000000
1650411743.163767574,0,0.000000
1650411743.184644738,0,0.000000
1650411743.207293038,0,0.000000
1650411743.228408690,0,0.000000
1650411743.251287806,0,0.000000
1650411743.274485685,0,0.000000
1650411743.297338791,0,0.000000
1650411743.319422014,0,0.000000
1650411743.341813724,0,0.000000
1650411743.364817086,0,0.001000
1650411743.389437044,0,0.000000
1650411743.411437281,0,0.000000
1650411743.432013754,0,0.000000
1650411743.454661171,0,0.000000
1650411743.476413450,0,0.000000
1650411743.500125443,0,0.000000
1650411743.521948800,0,0.000000
1650411743.544346436,0,0.001000
1650411743.566171237,0,0.000000
1650411743.589224706,0,0.000000
1650411743.611383124,0,0.000000
1650411743.632753764,0,0.000000
1650411743.654857033,0,0.000000
1650411743.676805325,0,0.000000
1650411743.699404678,0,0.000000
1650411743.722129431,0,0.000000
1650411743.743122321,0,0.000000
1650411743.764927961,0,0.000000
1650411743.789352120,0,0.000000
1650411743.811265094,0,0.000000
1650411743.832526870,0,0.000000
1650411743.855486861,0,0.000000
1650411743.878713120,0,0.000000
1650411743.900243015,0,0.000000
1650411743.923451887,0,0.000000
1650411743.944832365,0,0.000000
1650411743.967379274,0,0.000000
1650411743.989895709,0,0.000000
1650411744.013033565,0,0.000000
1650411744.034150658,0,0.000000
1650411744.057495890,0,0.000000
1650411744.079662747,0,0.000000
1650411744.102118615,0,0.000000
1650411744.125465452,0,0.000000
1650411744.147819598,0,0.000000
1650411744.169990738,0,0.000000
1650411744.192829142,0,0.000000
1650411744.215900434,0,0.000000
1650411744.237920579,0,0.000000
1650411744.260822306,0,0.000000
1650411744.284420502,0,0.000000
1650411744.307997740,0,0.000000
1650411744.330861450,0,0.000000
1650411744.352567122,0,0.000000
1650411744.374107197,0,0.000000
1650411744.394750804,0,0.000000
1650411744.417210466,0,0.000000
1650411744.440556218,0,0.000000
1650411744.462404254,0,0.000000
1650411744.484485322,0,0.000000
1650411744.506974693,0,0.000000
1650411744.529853873,0,0.000000
1650411744.550815518,0,0.000000
1650411744.573129871,0,0.000000
1650411744.595764721,0,0.000000
1650411744.619021294,0,0.001000
1650411744.641707818,0,0.000000
1650411744.662218779,0,0.000000
1650411744.685261586,0,0.000000
1650411744.708444947,0,0.000000
1650411744.731215162,0,0.001000
1650411744.753237480,0,0.000000
1650411744.775565081,0,0.000000
1650411744.798450309,0,0.000000
1650411744.820478931,0,0.000000
1650411744.843393759,0,0.000000
1650411744.864353984,0,0.000000
1650411744.884328810,0,0.000000
1650411744.906351247,0,0.000000
1650411744.928476098,0,0.000000
1650411744.949778385,0,0.000000
1650411744.972535789,0,0.000000
1650411744.994138367,0,0.000000
1650411745.015891285,0,0.000000
1650411745.035847950,0,0.000000
1650411745.058036970,0,0.000000
1650411745.080534514,0,0.000000
1650411745.101280590,0,0.000000
1650411745.123361092,0,0.000000
1650411745.143382197,0,0.000000
1650411745.165335300,0,0.000000
1650411745.186690080,0,0.000000
1650411745.207650284,0,0.000000
1650411745.229645328,0,0.000000
1650411745.252911293,0,0.000000
1650411745.275961012,0,0.000000
1650411745.295808514,0,0.000000
1650411745.318012940,0,0.000000
1650411745.340045950,0,0.000000
1650411745.361211707,0,0.000000
1650411745.384164700,0,0.000000
1650411745.407313812,0,0.000000
1650411745.430077607,0,0.000000
1650411745.452073812,0,0.000000
1650411745.474350467,0,0.000000
1650411745.496613294,0,0.000000
1650411745.518807079,0,0.000000
1650411745.539684212,0,0.000000
1650411745.561040892,0,0.000000
1650411745.583081735,0,0.000000
1650411745.605976541,0,0.000000
1650411745.628876237,0,0.000000
1650411745.651143562,0,0.000000
1650411745.673484099,0,0.000000
1650411745.696805469,0,0.000000
1650411745.717665869,0,0.000000
1650411745.739966305,0,0.000000
1650411745.762309235,0,0.000000
1650411745.783155243,0,0.000000
1650411745.805198488,0,0.000000
1650411745.828101893,0,0.000000
1650411745.850908691,0,0.000000
1650411745.871531811,0,0.000000
1650411745.892277173,0,0.000000
1650411745.914535692,0,0.000000
1650411745.937370893,0,0.000000
1650411745.959315123,0,0.000000
1650411745.981955230,0,0.000000
1650411746.004713090,0,0.000000
1650411746.027897368,0,0.000000
1650411746.049773355,0,0.000000
1650411746.072606715,0,0.000000
1650411746.093024895,0,0.011000
1650411746.115366870,0,0.000000
1650411746.137897946,0,0.000000
1650411746.160629794,0,0.000000
1650411746.182004644,0,0.000000
1650411746.203974129,0,0.001000
1650411746.225406331,0,0.000000
1650411746.248143075,0,0.000000
1650411746.271188094,0,0.000000
1650411746.293428437,0,0.000000
1650411746.315935225,0,0.000000
1650411746.337361223,0,0.000000
1650411746.360024526,0,0.000000
1650411746.381359464,0,0.000000
1650411746.403861808,0,0.000000
1650411746.425692974,0,0.000000
1650411746.447015050,0,0.000000
1650411746.469749123,0,0.000000
1650411746.492896994,0,0.000000
1650411746.514769291,0,0.000000
1650411746.536022591,0,0.000000
1650411746.557380605,0,0.000000
1650411746.580844214,0,0.000000
1650411746.603249050,0,0.000000
1650411746.626449308,0,0.000000
1650411746.648677233,0,0.000000
1650411746.671049222,0,0.000000
1650411746.692240854,0,0.000000
1650411746.715655280,0,0.000000
1650411746.736804457,0,0.000000
1650411746.757346986,0,0.000000
1650411746.778383258,0,0.008000
1650411746.801857958,0,0.000000
1650411746.824339196,0,0.000000
1650411746.845465819,0,0.000000
1650411746.866447823,0,0.000000
1650411746.886330150,0,0.000000
1650411746.909391659,0,0.000000
1650411746.932199780,0,0.000000
1650411746.954575691,0,0.000000
1650411746.978308562,0,0.000000
1650411746.999781972,0,0.000000
1650411747.019822688,0,0.000000
1650411747.041911801,0,0.000000
1650411747.064169644,0,0.000000
1650411747.086915888,0,0.000000
1650411747.109753964,0,0.000000
1650411747.132135495,0,0.000000
1650411747.155482112,0,0.000000
1650411747.177401052,0,0.001000
1650411747.200184464,0,0.000000
1650411747.223944549,0,0.000000
1650411747.247354590,0,0.000000
1650411747.269896356,0,0.000000
1650411747.292387437,0,0.000000
1650411747.313181491,0,0.000000
1650411747.336220010,0,0.000000
1650411747.357928286,0,0.000000
1650411747.381981416,0,0.000000
1650411747.405051674,0,0.000000
1650411747.427107458,0,0.000000
1650411747.449915895,0,0.000000
1650411747.472954499,0,0.000000
1650411747.494344824,0,0.000000
1650411747.516124542,0,0.000000
1650411747.538376562,0,0.000000
1650411747.560142000,0,0.000000
1650411747.581262618,0,0.000000
1650411747.603237109,0,0.000000
1650411747.624995685,0,0.000000
1650411747.646588683,0,0.000000
1650411747.668244623,0,0.000000
1650411747.689846500,0,0.000000
1650411747.711803936,0,0.000000
1650411747.734986777,0,0.000000
1650411747.756409317,0,0.000000
1650411747.778381701,0,0.001000
1650411747.800825444,0,0.000000
1650411747.823821999,0,0.000000
1650411747.846041198,0,0.000000
1650411747.868117406,0,0.000000
1650411747.890743263,0,0.000000
1650411747.914068744,0,0.000000
1650411747.937116116,0,0.000000
1650411747.959347605,0,0.000000
1650411747.981562494,0,0.000000
1650411748.005033802,0,0.000000
1650411748.027093905,0,0.000000
1650411748.048691803,0,0.000000
1650411748.070794596,0,0.000000
1650411748.092429406,0,0.000000
1650411748.114914297,0,0.000000
1650411748.137737832,0,0.000000
1650411748.160136159,0,0.000000
1650411748.182303648,0,0.000000
1650411748.202648356,0,0.000000
1650411748.224659950,0,0.001000
1650411748.246379458,0,0.000000
1650411748.266471574,0,0.000000
1650411748.287980161,0,0.000000
1650411748.309956002,0,0.000000
1650411748.332160730,0,0.000000
1650411748.354352521,0,0.000000
1650411748.376250074,0,0.000000
1650411748.397915740,0,0.000000
1650411748.420953828,0,0.000000
1650411748.442746363,0,0.000000
1650411748.465365698,0,0.000000
1650411748.487174747,0,0.000000
1650411748.509052180,0,0.000000
1650411748.531888600,0,0.000000
1650411748.553056950,0,0.000000
1650411748.575268022,0,0.000000
1650411748.597789577,0,0.000000
1650411748.620488973,0,0.000000
1650411748.642892387,0,0.001000
1650411748.665327682,0,0.000000
1650411748.688508237,0,0.000000
1650411748.711148381,0,0.000000
1650411748.733608090,0,0.000000
1650411748.756457282,0,0.000000
1650411748.779540300,0,0.000000
1650411748.802956778,0,0.000000
1650411748.826171443,0,0.000000
1650411748.848379218,0,0.000000
1650411748.870794800,0,0.000000
1650411748.893611937,0,0.000000
1650411748.913081481,0,0.000000
1650411748.935171684,0,0.000000
1650411748.955790851,0,0.000000
1650411748.978815621,0,0.000000
1650411749.000012641,0,0.000000
1650411749.021944919,0,0.000000
1650411749.044156643,0,0.000000
1650411749.066145703,0,0.000000
1650411749.087242970,0,0.000000
1650411749.109554593,0,0.000000
1650411749.131965806,0,0.000000
1650411749.153065933,0,0.000000
1650411749.175182965,0,0.000000
1650411749.198053909,0,0.000000
1650411749.221433720,0,0.000000
1650411749.243848199,0,0.000000
1650411749.264867064,0,0.000000
1650411749.287278960,0,0.000000
1650411749.309972152,0,0.000000
1650411749.333088586,0,0.000000
1650411749.355095546,0,0.000000
1650411749.378370696,0,0.000000
1650411749.400356540,0,0.000000
1650411749.423402246,0,0.000000
1650411749.443403212,0,0.000000
1650411749.465062956,0,0.000000
1650411749.484830051,0,0.000000
1650411749.506975645,0,0.000000
1650411749.530387562,0,0.000000
1650411749.553479752,0,0.000000
1650411749.576351389,0,0.000000
1650411749.598486303,0,0.000000
1650411749.621205171,0,0.000000
1650411749.643728460,0,0.000000
1650411749.665027823,0,0.000000
1650411749.683955122,0,0.000000
1650411749.705275891,0,0.000000
1650411749.727559849,0,0.002000
1650411749.750647762,0,0.000000
1650411749.774228703,0,0.000000
1650411749.797353633,0,0.001000
1650411749.820696725,0,0.000000
1650411749.842104470,0,0.000000
1650411749.863874911,0,0.000000
1650411749.885695225,0,0.004000
1650411749.907387565,0,0.000000
1650411749.929169915,0,0.000000
1650411749.952629904,0,0.000000
1650411749.974299383,0,0.000000
1650411749.996684111,0,0.000000
1650411750.019654885,0,0.000000
1650411750.039545535,0,0.000000
1650411750.061016796,0,0.000000
1650411750.083917788,0,0.000000
1650411750.105456711,0,0.000000
1650411750.129118476,0,0.000000
1650411750.151509278,0,0.000000
1650411750.174472613,0,0.000000
1650411750.196602560,0,0.000000
1650411750.219477066,0,0.000000
1650411750.241871189,0,0.000000
1650411750.264304962,0,0.000000
1650411750.286723707,0,0.000000
1650411750.308405419,0,0.001000
1650411750.330228474,0,0.000000
1650411750.352347839,0,0.000000
1650411750.374734066,0,0.000000
1650411750.397313822,0,0.000000
1650411750.420079003,0,0.000000
1650411750.442997265,0,0.000000
1650411750.466015063,0,0.000000
1650411750.486368644,0,0.000000
1650411750.509068902,0,0.000000
1650411750.530427558,0,0.000000
1650411750.551650408,0,0.000000
1650411750.573884062,0,0.000000
1650411750.596269491,0,0.000000
1650411750.618867330,0,0.000000
1650411750.640425773,0,0.000000
1650411750.662800176,0,0.000000
1650411750.685914391,0,0.000000
1650411750.708651887,0,0.000000
1650411750.728996716,0,0.000000
1650411750.751872739,0,0.000000
1650411750.772534487,0,0.000000
1650411750.793629114,0,0.000000
1650411750.814763768,0,0.000000
1650411750.837600238,0,0.000000
1650411750.859945290,0,0.000000
1650411750.883033260,0,0.000000
1650411750.906139806,0,0.000000
1650411750.929010940,0,0.000000
1650411750.951950062,0,0.000000
1650411750.974996092,0,0.000000
1650411750.997973853,0,0.001000
1650411751.021070354,0,0.000000
1650411751.044272965,0,0.000000
1650411751.066217960,0,0.000000
1650411751.089362756,0,0.000000
1650411751.111332033,0,0.000000
1650411751.132695113,0,0.001000
1650411751.153983404,0,0.000000
1650411751.176548267,0,0.001000
1650411751.199053583,0,0.000000
1650411751.221618753,0,0.000000
1650411751.242347200,0,0.000000
1650411751.265655760,0,0.000000
1650411751.287390065,0,0.000000
1650411751.310041395,0,0.000000
1650411751.332232334,0,0.000000
1650411751.355245831,0,0.000000
1650411751.377710107,0,0.000000
1650411751.399575073,0,0.000000
1650411751.421132542,0,0.000000
1650411751.443299983,0,0.000000
1650411751.464019261,0,0.000000
1650411751.485720242,0,0.000000
1650411751.507456578,0,0.000000
1650411751.530709268,0,0.000000
1650411751.553108546,0,0.000000
1650411751.576026899,0,0.000000
1650411751.597159374,0,0.000000
1650411751.619594478,0,0.000000
1650411751.642577262,0,0.032000
1650411751.666098586,0,0.000000
1650411751.688917866,0,0.000000
1650411751.711685936,0,0.000000
1650411751.732992864,0,0.000000
1650411751.755132750,0,0.000000
1650411751.775646098,0,0.000000
1650411751.797722997,0,0.000000
1650411751.821034385,0,0.001000
1650411751.843628035,0,0.000000
1650411751.866128622,0,0.000000
1650411751.887809594,0,0.000000
1650411751.910369261,0,0.000000
1650411751.933038783,0,0.000000
1650411751.955570964,0,0.000000
1650411751.978653161,0,0.002000
1650411751.999992427,0,0.000000
1650411752.023071219,0,0.000000
1650411752.045060176,0,0.000000
1650411752.068056694,0,0.000000
1650411752.091749141,0,0.000000
1650411752.114735786,0,0.000000
1650411752.137079627,0,0.000000
1650411752.158618629,0,0.000000
1650411752.180780296,0,0.000000
1650411752.203975013,0,0.000000
1650411752.226933786,0,0.000000
1650411752.249458289,0,0.000000
1650411752.270987283,0,0.000000
1650411752.294224932,0,0.000000
1650411752.316952622,0,0.000000
1650411752.340086145,0,0.000000
1650411752.361842503,0,0.000000
1650411752.385290868,0,0.000000
1650411752.408033575,0,0.000000
1650411752.429460514,0,0.000000
1650411752.452188187,0,0.000000
1650411752.474253425,0,0.000000
1650411752.497925562,0,0.000000
1650411752.521163768,0,0.000000
1650411752.543749014,0,0.000000
1650411752.565860437,0,0.000000
1650411752.587471418,0,0.000000
1650411752.609408608,0,0.000000
1650411752.632417061,0,0.000000
1650411752.654115304,0,0.004000
1650411752.676169920,0,0.000000
1650411752.699053865,0,0.000000
1650411752.722082920,0,0.000000
1650411752.743647840,0,0.000000
1650411752.766459401,1,0.000000
1650411752.787622632,0,0.000000
1650411752.809928093,0,0.000000
1650411752.833269755,0,0.000000
1650411752.855448554,0,0.000000
1650411752.877847041,0,0.000000
1650411752.900095447,0,0.000000
1650411752.922275102,0,0.001000
1650411752.944802968,0,0.000000
1650411752.967182414,0,0.000000
1650411752.990227895,0,0.000000
1650411753.013285467,0,0.000000
1650411753.033379794,0,0.001000
1650411753.054988863,0,0.000000
1650411753.076444196,0,0.000000
1650411753.099491979,0,0.000000
1650411753.122430448,0,0.000000
1650411753.144951676,0,0.000000
1650411753.165434235,0,0.001000
1650411753.189030069,0,0.000000
1650411753.210871129,0,0.000000
1650411753.231685044,0,0.000000
1650411753.253608994,0,0.000000
1650411753.275304704,0,0.029000
1650411753.299203035,0,0.002000
1650411753.320749924,0,0.000000
1650411753.343290828,0,0.000000
1650411753.365113424,0,0.000000
1650411753.386907794,0,0.000000
1650411753.408931556,0,0.000000
1650411753.432330503,0,0.001000
1650411753.456463839,0,0.000000
1650411753.479183476,0,0.000000
1650411753.499420764,0,0.000000
1650411753.522455549,0,0.000000
1650411753.543611839,0,0.000000
1650411753.564597011,0,0.000000
1650411753.585864057,0,0.000000
1650411753.609431825,0,0.000000
1650411753.631490319,0,0.000000
1650411753.653207021,0,0.000000
1650411753.676376402,0,0.000000
1650411753.700090101,0,0.000000
1650411753.720650610,0,0.000000
1650411753.741571964,0,0.000000
1650411753.764435290,0,0.000000
1650411753.786658693,0,0.001000
1650411753.809123041,0,0.000000
1650411753.829725571,0,0.001000
1650411753.852290868,0,0.000000
1650411753.874775842,0,0.000000
1650411753.896435808,0,0.000000
1650411753.917242306,0,0.002000
1650411753.938389792,0,0.000000
1650411753.960736903,0,0.000000
1650411753.985219507,0,0.000000
1650411754.007834760,0,0.000000
1650411754.029708725,0,0.000000
1650411754.051104377,0,0.000000
1650411754.071328877,0,0.000000
1650411754.094370614,0,0.000000
1650411754.117596766,0,0.000000
1650411754.140595436,0,0.000000
1650411754.162687350,0,0.000000
1650411754.184392798,0,0.000000
1650411754.206212298,0,0.000000
1650411754.227541803,0,0.000000
1650411754.250797199,0,0.000000
1650411754.273703080,0,0.000000
1650411754.295639461,0,0.000000
1650411754.318505279,0,0.000000
1650411754.340877576,0,0.000000
1650411754.364056365,0,0.000000
1650411754.386444245,0,0.000000
1650411754.408749801,0,0.000000
1650411754.432338207,0,0.000000
1650411754.454552316,0,0.000000
1650411754.475951658,0,0.000000
1650411754.497265506,0,0.000000
1650411754.521251006,0,0.000000
1650411754.542683238,0,0.000000
1650411754.565213504,0,0.000000
1650411754.588472446,0,0.000000
1650411754.610410867,0,0.000000
1650411754.633730649,0,0.000000
1650411754.656408614,0,0.000000
1650411754.679361814,0,0.000000
1650411754.702069289,0,0.000000
1650411754.724937132,0,0.000000
1650411754.746593002,0,0.000000
1650411754.768465415,0,0.000000
1650411754.791038464,0,0.000000
1650411754.813381073,0,0.000000
1650411754.836039277,0,0.000000
1650411754.857297687,0,0.000000
1650411754.879790909,0,0.000000
1650411754.902423737,0,0.000000
1650411754.925532172,0,0.000000
1650411754.948532790,0,0.000000
1650411754.969971186,0,0.000000
1650411754.991984327,0,0.000000
1650411755.014674358,0,0.001000
1650411755.036480031,0,0.000000
1650411755.059356694,0,0.000000
1650411755.083174138,0,0.000000
1650411755.105386438,0,0.000000
1650411755.127296495,0,0.000000
1650411755.147248906,0,0.000000
1650411755.168556660,0,0.004000
1650411755.189183941,0,0.000000
1650411755.208500941,0,0.000000
1650411755.230756068,0,0.000000
1650411755.251835534,0,0.000000
1650411755.275117505,1,0.000000
1650411755.295364254,0,0.000000
1650411755.316623377,0,0.000000
1650411755.339052107,0,0.000000
1650411755.360685778,0,0.001000
1650411755.383139814,0,0.000000
1650411755.406096402,0,0.000000
1650411755.427862046,0,0.001000
1650411755.451225568,0,0.000000
1650411755.474197083,0,0.000000
1650411755.497236290,0,0.000000
1650411755.520297556,0,0.001000
1650411755.542219036,0,0.000000
1650411755.564023176,0,0.000000
1650411755.586727238,0,0.000000
1650411755.610482532,0,0.000000
1650411755.632408928,0,0.001000
1650411755.655903928,0,0.000000
1650411755.677047450,0,0.000000
1650411755.699063807,0,0.000000
1650411755.722141248,0,0.031000
1650411755.745419368,0,0.000000
1650411755.768086753,0,0.000000
1650411755.788310932,0,0.000000
1650411755.810742994,0,0.000000
1650411755.834912155,0,0.000000
1650411755.857852610,0,0.000000
1650411755.878963997,0,0.000000
1650411755.901156449,0,0.000000
1650411755.923470119,0,0.000000
1650411755.946356651,0,0.000000
1650411755.969358259,0,0.000000
1650411755.991489837,0,0.000000
1650411756.014237358,0,0.000000
1650411756.038436769,0,0.000000
1650411756.061419103,0,0.000000
1650411756.084131278,0,0.000000
1650411756.106425335,0,0.000000
1650411756.128972065,0,0.000000
1650411756.150939899,0,0.000000
1650411756.173466559,0,0.000000
1650411756.194509104,0,0.000000
1650411756.217361756,0,0.000000
1650411756.240396334,0,0.001000
1650411756.263660777,0,0.000000
1650411756.286035177,0,0.000000
1650411756.308742827,0,0.000000
1650411756.329770392,0,0.001000
1650411756.351397459,0,0.000000
1650411756.373365787,0,0.000000
1650411756.396175018,0,0.000000
1650411756.419472607,0,0.000000
1650411756.442284228,0,0.000000
1650411756.465108921,0,0.000000
1650411756.487863431,0,0.000000
1650411756.509704725,0,0.000000
1650411756.533134582,0,0.000000
1650411756.555986951,0,0.000000
1650411756.578645586,0,0.000000
1650411756.601211593,0,0.000000
1650411756.622529254,0,0.000000
1650411756.645436894,0,0.000000
1650411756.667695496,0,0.000000
1650411756.689971327,0,0.000000
1650411756.712911358,0,0.000000
1650411756.735349336,0,0.000000
1650411756.757403768,0,0.000000
1650411756.779301644,0,0.000000
1650411756.801339363,0,0.001000
1650411756.823443003,0,0.000000
1650411756.846200818,0,0.000000
1650411756.868661789,0,0.000000
1650411756.890936241,0,0.000000
1650411756.913928261,0,0.001000
1650411756.936588506,0,0.000000
1650411756.958520542,0,0.000000
1650411756.980989471,0,0.000000
1650411757.004161226,0,0.000000
1650411757.027118823,0,0.000000
1650411757.050542524,0,0.000000
1650411757.073785857,0,0.000000
1650411757.098003213,0,0.000000
1650411757.118570998,0,0.000000
1650411757.140486101,0,0.000000
1650411757.161834735,0,0.000000
1650411757.184007163,0,0.000000
1650411757.205716871,0,0.000000
1650411757.227421034,0,0.000000
1650411757.246877704,0,0.000000
1650411757.268429967,0,0.000000
1650411757.291190918,0,0.000000
1650411757.312986161,0,0.000000
1650411757.336255523,0,0.000000
1650411757.359172424,0,0.000000
1650411757.382458470,0,0.000000
1650411757.404136526,0,0.000000
1650411757.425171720,0,0.000000
1650411757.447610522,0,0.000000
1650411757.470024949,0,0.000000
1650411757.491630255,0,0.000000
1650411757.514938130,0,0.000000
1650411757.538458410,0,0.000000
1650411757.561415507,0,0.000000
1650411757.584175912,0,0.000000
1650411757.607807441,0,0.000000
1650411757.629741179,0,0.000000
1650411757.651855675,0,0.000000
1650411757.673903897,0,0.000000
1650411757.696187961,0,0.000000
1650411757.717862433,0,0.000000
1650411757.739824124,0,0.000000
1650411757.762790105,0,0.000000
1650411757.785766218,0,0.000000
1650411757.806824176,0,0.000000
1650411757.827982431,0,0.000000
1650411757.850875497,0,0.000000
1650411757.873409533,0,0.000000
1650411757.895417712,0,0.001000
1650411757.919368831,0,0.000000
1650411757.940540231,0,0.000000
1650411757.961546015,0,0.001000
1650411757.982804293,0,0.000000
1650411758.005822327,0,0.000000
1650411758.028973077,0,0.000000
1650411758.052384361,0,0.000000
1650411758.075155178,0,0.000000
1650411758.100440707,0,0.000000
1650411758.123666188,0,0.000000
1650411758.144880182,0,0.000000
1650411758.168544363,0,0.040000
1650411758.191800437,0,0.000000
1650411758.212284824,0,0.000000
1650411758.234372809,0,0.000000
1650411758.256882770,0,0.000000
1650411758.279433500,0,0.000000
1650411758.300033542,0,0.000000
1650411758.321282156,0,0.000000
1650411758.344068128,0,0.000000
1650411758.366678810,0,0.000000
1650411758.388440049,0,0.000000
1650411758.410913131,0,0.000000
1650411758.432836464,0,0.001000
1650411758.455166088,0,0.000000
1650411758.477809529,0,0.001000
1650411758.500525231,0,0.000000
1650411758.522748137,0,0.000000
1650411758.544421161,0,0.000000
1650411758.564711668,0,0.000000
1650411758.587364411,0,0.000000
1650411758.610496715,0,0.000000
1650411758.632390254,0,0.000000
1650411758.654084318,0,0.000000
1650411758.677572315,0,0.001000
1650411758.699475128,0,0.001000
1650411758.721257596,0,0.000000
1650411758.743560806,0,0.000000
1650411758.767631422,0,0.000000
1650411758.790204891,0,0.001000
1650411758.814559646,0,0.000000
1650411758.836581140,0,0.000000
1650411758.859250688,0,0.000000
1650411758.882057753,0,0.000000
1650411758.904583054,0,0.000000
1650411758.927891147,0,0.000000
1650411758.949881285,0,0.000000
